30,221,413.25,13,26,0.57623
30,317.75,340.25,13.5,26.75,0.57549
30,501.25,406.25,13.25,26.75,0.55991
30,616,51.5,24.5,49.5,0.55646
30,476,424,13,25.75,0.55024
30,237.5,438,13.25,26.25,0.54447
30,458.75,336.25,13.25,26.5,0.54372
30,516,305.75,16,32,0.54366
30,292,306.5,13,26,0.54303
30,626.5,223.75,13.25,26.5,0.5424
30,446,408,12.5,25.25,0.54088
30,165,427.75,14.25,28.25,0.53964
30,229.25,398.75,13.5,27,0.53949
30,262,113.75,13.25,26.75,0.53925
30,411.75,384.75,12.5,24.75,0.53872
30,132,360.75,16.25,33,0.5379
30,508.5,50.75,12,23.75,0.53788
30,268.25,415.25,16,32,0.53773
30,568.5,64.25,16,31.75,0.53772
30,277.5,323.75,14.5,29,0.53771
30,380.5,431.5,12.5,25.25,0.53733
30,117,366,14.25,28.5,0.53716
30,572.25,371.25,15,29.75,0.53715
30,365.75,412,13.75,27.75,0.53706
30,580.25,424.75,15,30,0.53689
30,501.5,317.75,13.25,26.25,0.53688
30,464.25,146.75,12.5,24.5,0.53672
30,508.75,396.5,11.75,23.5,0.53642
30,414.75,397,13.75,27.75,0.53632
30,283.25,277,18,36.25,0.5359
30,150.25,419.75,13,25.75,0.53575
30,533,428,14.25,28.5,0.53562
30,373.25,411.75,14.5,29.25,0.53561
30,535.25,167.5,14,28,0.53551
30,213.25,393.25,14.75,29.25,0.53512
30,579.75,368.75,16,31.75,0.5351
30,245,331,13.75,27.75,0.5349
30,100,192,13,26.25,0.53458
30,220.5,445.5,14.25,28.25,0.53414
30,277.25,411.5,14.75,29.5,0.53412
30,532.5,387.25,14.75,29.75,0.53411
30,243.5,307.5,14.75,29.5,0.53404
30,166.5,377.75,12.75,25.25,0.53399
30,351.25,425.25,17,33.5,0.53385
30,324.75,400.25,16.5,33,0.5338
30,524.5,400.75,16,32.25,0.53327
30,595.5,147.75,16,31.75,0.53125
30,556,386,14.75,29.5,0.53077
30,604.25,423.5,15.75,31.75,0.5305
30,406,272.5,15.75,31.25,0.53031
60,285,385.5,15.75,31,0.56104
60,582.5,152.25,12.25,24.5,0.5556
60,243,151.25,42.75,85.5,0.55504
60,327.75,335.5,12.75,25.5,0.55475
60,261.75,389.5,14,27.75,0.5536
60,254.25,269.25,13.25,26.75,0.55337
60,310,260.5,14.75,29.25,0.55091
60,268.25,271.5,12.75,25.25,0.54937
60,276,387,15.25,30,0.54912
60,21,414,13.75,27.25,0.54823
60,386.75,204.25,14.75,29.25,0.54659
60,268.25,259.5,14.75,29.5,0.54589
60,133,382.75,15.25,30.5,0.54482
60,340.5,320.25,15.25,30.5,0.5442
60,293,384.25,16.25,32.5,0.54373
60,277.5,349.5,13.75,27.75,0.54093
60,498.75,140.25,23.5,46.75,0.54043
60,492,387.75,15,29.75,0.53977
60,118.5,428.25,11.75,23.5,0.5383
60,558.25,329,12,24,0.53812
60,148.25,401.75,15,30,0.53678
60,156.25,393,12.25,24.5,0.53664
60,258.75,328.25,12.25,24.75,0.53658
60,336.5,389.25,12.25,24.5,0.53584
60,539.75,427,14.75,29.25,0.5357
60,581.25,161.25,15.5,31,0.53558
60,122.5,385,16,31.5,0.53535
60,524,440.25,16.25,32.25,0.53534
60,340.5,400,12.25,24.75,0.53527
60,112.5,311,11.75,23.5,0.53497
60,395.75,401.75,16,32.25,0.53489
60,231.25,398.5,13.25,26.25,0.53397
60,298.75,193.25,30.75,61.75,0.53383
60,450.25,431.25,18.5,37.25,0.5338
60,274,23,15.5,31,0.53323
60,162,389.75,14,28,0.53297
60,76.25,423,13.5,26.75,0.53287
60,172.25,319.25,13,26,0.53271
60,613.5,449.5,14,28,0.53268
60,595.5,440.75,15.75,31.5,0.53258
60,130.75,400,12.25,24.25,0.53244
60,548.75,364.5,13,26.5,0.53212
60,487.75,375.5,12.5,25.5,0.53152
60,625.75,17.5,14,28.5,0.53144
60,542.75,19,13,26,0.53124
60,42.5,79.75,17.25,34,0.53123
60,292,202,15,30.25,0.5312
60,412.75,413,11.5,23,0.53116
60,8.5,390.5,13,26,0.53103
60,210,331.25,13,25.75,0.53083
60,174.5,353.25,12.75,25.25,0.53077
60,539.75,358.25,14.75,29.75,0.53058
60,353.75,433.75,23,45.5,0.53056
60,90.75,328.25,12.5,24.5,0.53056
60,332.5,410,16,32,0.53052
60,527.25,414.75,12.25,24.75,0.53048
60,76.5,394.5,12.25,24.5,0.53046
90,116.5,391.75,14,27.5,0.56275
90,118.25,251,12.75,25.5,0.55406
90,285,197.25,17,34,0.54821
90,237.5,149.75,41.75,83.5,0.54533
90,132.5,364,13.25,26.75,0.54216
90,611.5,401.5,15,30,0.54065
90,53.25,397.25,12.5,25,0.54012
90,53.75,405.5,13.75,27.5,0.54004
90,95.5,354.75,13.5,26.75,0.53992
90,429,395.5,12.25,24.5,0.53964
90,100,397,15.25,30.75,0.5395
90,403.5,154,24,48,0.53946
90,476.5,360.25,12.5,25,0.53945
90,67.5,381.75,14.5,29,0.53899
90,173,377.25,12,24,0.53787
90,540,192,13,26.25,0.53699
90,246.25,108.5,14,27.5,0.53567
90,86.5,392.5,12.5,25.25,0.53508
90,49,60.75,13,26,0.53472
90,330.75,156,20,40,0.5341
90,268.25,364,12.25,24.25,0.53405
90,472.75,57,12,24,0.53405
90,508.5,401.75,12,24.5,0.53311
90,274,400.75,16,32,0.53295
90,101.25,355,14.75,29.5,0.53223
90,181,430.75,16.5,32.75,0.53203
90,214.5,30.25,12,24,0.53195
90,380.5,432.5,12.25,24.25,0.53021
120,278.5,401,12.5,25,0.55376
120,477.25,30.25,13.75,27.5,0.55206
120,246.75,326.75,13,26,0.54338
120,579.5,100.75,34.75,69.5,0.53997
120,150.25,396.75,25,49.75,0.53859
120,180.75,362.75,13.5,27.25,0.53758
120,352.5,401.25,20.25,40.25,0.53683
120,-4.75,172.5,42.75,85.25,0.53641
120,261,48.25,15.75,31.5,0.53634
120,493,32,13.75,27.5,0.53627
120,524.75,402.75,13.5,27,0.53482
120,611.5,439.75,12.25,24.75,0.53481
120,456,22.75,12.75,25.75,0.53458
120,253,49,15.5,31,0.53431
120,500.25,34.25,13.75,27.25,0.53398
120,492.5,374.5,13.25,26.75,0.53393
120,504,438.75,12.75,25.5,0.53304
120,580.5,316,12,24,0.53285
120,187.5,328.75,12,24,0.53251
120,229,329.75,15,30,0.53198
120,388.25,389.75,15,30.25,0.53168
120,452,201,12.5,25,0.53117
120,434.5,88,21,42.25,0.5309
120,518.5,395,12.5,25.25,0.53061
150,269.25,388.75,14.25,28.25,0.57222
150,120,347.25,12.25,24.5,0.55275
150,196.25,386,15,30,0.55215
150,108.25,394.25,15.25,30.75,0.54787
150,226.75,385,18,36,0.54692
150,124.5,396.25,12.5,25,0.54382
150,181.5,412.5,13,26,0.5419
150,444.75,187.75,18,35.75,0.54188
150,314.75,411.75,18.5,37,0.54122
150,253.75,368.25,13,25.75,0.54074
150,139,89.5,26.5,52.5,0.54035
150,245,385.75,14.75,29.5,0.53811
150,582.25,453,12.75,25.25,0.53788
150,452.5,384,15.75,31.25,0.53654
150,572.5,402.5,13.75,27.75,0.53654
150,220.5,410.5,15,30,0.53638
150,374,270,13.25,26.75,0.53629
150,300,204,13.75,27.25,0.53531
150,293.5,284,17.5,34.75,0.53499
150,526.75,423,11.5,23,0.5342
150,396.25,406.75,13,26,0.53405
150,132.75,396.5,12.25,24.5,0.53395
150,326.5,347.75,13,26.5,0.53395
150,563.5,344.5,16.25,32.5,0.53367
150,52,389.75,13,26,0.53318
150,260.5,368,12.75,25.25,0.5329
150,454,413.25,13.5,27,0.53283
150,220.25,402.5,15.25,30.75,0.53273
150,174.5,181.25,13,26,0.53243
150,213,402.25,14.75,29.25,0.53222
150,46.75,184.5,12.25,24.5,0.53206
150,341,387.75,30,59.75,0.53158
150,492.5,392.5,11.75,23.5,0.53153
150,228.25,393.5,15.75,31.75,0.53094
150,285.75,356.75,14.25,28.75,0.53082
150,158.5,386.5,14.5,28.75,0.53071
150,280.5,262.75,12.75,25.5,0.53043
150,484.25,393.5,14.75,29.5,0.53019
180,252.75,351.25,15.5,31.25,0.5619
180,236.5,354.75,14.25,28.5,0.55764
180,436,27.75,14,28,0.55637
180,364.25,402.25,15.5,31,0.55522
180,245,353.75,14.5,29.25,0.55328
180,189.5,424.75,12.75,25.75,0.54716
180,469.75,354,15.25,30.5,0.54301
180,294.25,198.75,13.75,27.5,0.54213
180,196.5,359.5,15,29.75,0.54142
180,309.5,393.25,14.75,29.5,0.5413
180,542.5,218.75,14.5,29.25,0.53913
180,141,372,15,30.25,0.5387
180,284.75,362.25,14.75,29.5,0.53859
180,548.75,364,14.75,29.5,0.53783
180,584,361,12.75,25.25,0.53744
180,354.75,186.75,17.25,35,0.53684
180,551.5,6.25,35.25,70.75,0.53603
180,84.25,401.75,14.75,29.5,0.53586
180,556.25,368.75,14.5,29,0.53501
180,229.25,395,14.5,28.75,0.53472
180,212.75,390.25,15,30.25,0.5345
180,131.75,380.75,16,31.5,0.53424
180,294,400,12.75,25.5,0.53408
180,173.75,430,14,28,0.53374
180,371.75,332,13,25.75,0.53366
180,286.25,284.75,14.75,29,0.53351
180,362.75,322.5,14.75,29.25,0.5332
180,268.5,364.75,15.5,31.25,0.53319
180,557,138.75,14.75,29.5,0.53256
180,200.25,339.75,12.5,24.75,0.53225
180,566,369.25,13.25,26,0.53208
180,36.25,426,12.75,25.75,0.53204
180,236.75,408.75,15.5,31,0.53168
180,327.25,348.75,13.25,26.25,0.53147
180,479,56,13,26.25,0.53144
180,302,347.5,14.25,28.75,0.53137
180,126,297.75,13.5,26.75,0.53088
180,52,73.25,13,26.5,0.53068
180,360.25,286.25,12,24.25,0.53043
210,132.75,382,13.5,27,0.5714
210,28.75,397,14.75,29,0.56881
210,172.75,395,14.75,29.75,0.56735
210,230,389.75,14,28.25,0.56584
210,183.5,376,13,25.75,0.564
210,124.75,380,14.75,29.5,0.55546
210,36.75,395.5,14.75,29.25,0.55346
210,140.25,394.75,14.75,29.5,0.55272
210,21.25,404.75,13.5,27,0.55187
210,194.5,381,14.5,29.25,0.55185
210,244,28.5,14,28,0.54427
210,333.75,388.75,13.25,26.25,0.5434
210,83.25,185.5,14.5,28.75,0.54305
210,625.75,219.75,14.75,29.25,0.54254
210,192,448.5,12.25,24.5,0.54138
210,555,223.75,15.5,30.75,0.54124
210,108.25,377.75,13,26.25,0.54118
210,333.75,415.5,13,26.25,0.54078
210,68.75,399.75,15.25,30.5,0.54048
210,156.75,398.75,13,26,0.54034
210,475.25,407.75,13,25.75,0.5403
210,255.5,102.25,14.5,29,0.53962
210,199.5,182.75,13.5,27.25,0.53889
210,515.25,378.75,17.5,35.25,0.53868
210,595.5,393,15.5,31.25,0.53789
210,309,205.5,14.75,29.5,0.53687
210,549.5,419.75,13.25,26.5,0.53631
210,491.25,384.25,16.5,32.75,0.53629
210,380.5,359.25,12.5,24.75,0.53558
210,486.5,384.75,14,27.75,0.53542
210,499,382.5,18.75,37.5,0.53538
210,309,373.25,12.75,25.75,0.53516
210,299.5,362.5,19.25,38,0.53508
210,244.25,395,14.5,29,0.5348
210,356.75,386.25,14.25,28.25,0.53467
210,221.25,390.75,13.25,26.5,0.53447
210,252.75,7.25,14,28,0.53411
210,516,357.5,55.5,111.5,0.53409
210,160.25,202,17.75,35.5,0.53405
210,100.75,384,14,27.75,0.53398
210,27.5,362.75,12.75,25,0.53389
210,119.5,379.25,12.75,25.5,0.53355
210,509,374.5,14,27.75,0.53133
210,227.5,379,12,24.25,0.53107
210,19.25,368,15,30.25,0.53073
210,91.25,384,16.5,32.75,0.53019
210,365.5,319.25,13.25,26.5,0.53013
240,86,422.75,13.5,27.25,0.56429
240,180.25,356.5,14.5,29,0.55524
240,270,371.75,14.5,29,0.55472
240,300,385.75,13.75,27.5,0.55248
240,364,367,13,25.5,0.55157
240,230.75,376.5,13.5,27,0.55079
240,486.75,45.25,13.5,26.75,0.5498
240,278,332.25,12.5,25,0.5484
240,201.75,320,15.5,31,0.54602
240,468,432.75,14,27.75,0.54558
240,218.75,315.5,13,26,0.54551
240,244,379.5,14,27.75,0.5428
240,507.75,36.25,13.5,27,0.54278
240,86.25,445.5,12.75,25.75,0.5427
240,269.25,391.25,13.5,26.5,0.54241
240,343.25,359.5,13.75,27.25,0.54042
240,140.25,384.75,12.5,24.75,0.5401
240,181.5,367.75,12.25,24.5,0.53954
240,452.5,444.75,14.5,29,0.53685
240,515.5,432.25,17.5,34.75,0.53604
240,7.25,444.75,13.25,26.5,0.53482
240,218.75,83.25,13.5,26.75,0.53478
240,175.75,348.5,12.25,24.25,0.53448
240,150,427.25,12.5,24.75,0.53395
240,276.5,40.5,12.25,24.5,0.53385
240,185.25,107,21,42,0.53258
240,210.75,369,13.5,27,0.53251
240,305,148.25,12.25,24.75,0.53236
240,214,393.25,13,25.5,0.53221
240,518.75,34.25,12.5,25.5,0.53195
240,350.75,314,11.5,23.25,0.5318
240,268.25,57.75,14,28,0.53142
240,285.25,340.25,13.5,27.25,0.53142
240,332.75,296.75,15.5,31.25,0.53101
240,131.75,96,14.25,28.5,0.53097
240,524,434.5,16,32.25,0.53097
240,172.5,338,16,32,0.53092
240,91.5,366.5,12.75,25.25,0.53061
240,29.5,359,13.5,27,0.53046
240,588.25,443,15.25,30,0.53036
240,525.25,440.5,14.5,29,0.53036
240,343.5,352,14,27.75,0.53023
270,275.75,197.75,13.5,27,0.56182
270,348.25,384.75,14,28,0.56111
270,173.5,327.75,14.5,29,0.55251
270,66.25,266.25,17.75,35.5,0.55231
270,205.75,412,12.75,25.5,0.55037
270,221.25,410,14,27.75,0.54685
270,523.5,420.25,15.25,30,0.54519
270,261.75,300.5,14,28,0.54503
270,333.25,297.75,14,28,0.5444
270,75.75,72.5,22.5,45,0.54418
270,212,21.75,15.25,30.75,0.54307
270,391.25,400,12.75,25.5,0.54202
270,220.75,35,13,26.25,0.54182
270,333.25,390.75,14.25,28.25,0.54161
270,244,11.25,14.5,29.25,0.54014
270,236.25,11.75,14.5,29.5,0.5396
270,122.25,215.5,15.75,31.5,0.53893
270,-2.75,97.5,29.5,59,0.53883
270,56.5,108.5,11.75,23.75,0.53795
270,109.25,88.5,13.5,27.25,0.53781
270,43.75,400.75,15.25,30.5,0.53766
270,181.5,184,12.75,25.25,0.5376
270,348.5,338,13.5,26.75,0.53717
270,333.5,313,14,28,0.53688
270,261.75,5.5,13.75,27.75,0.53658
270,300.5,288.75,15.25,30.25,0.53634
270,-1.5,204.75,12.25,24.75,0.53505
270,182.5,318.75,15,30,0.53485
270,557.5,402.5,15.25,30.5,0.53411
270,-0.75,145.25,15.25,30.75,0.53404
270,212.75,293.75,14.5,29.25,0.53399
270,315.75,289,13,26,0.53374
270,608.75,417,11.5,23,0.53344
270,244,306.5,15.75,31.5,0.53314
270,107.5,194,28.25,56.75,0.53286
270,472.75,339,11.5,23,0.53285
270,558,368,14.25,28.5,0.53278
270,236.25,330.25,15.25,30.5,0.53269
270,306,329.25,22,44.25,0.53266
270,588.75,392.5,11.75,23.5,0.53251
270,552.25,76.5,12,24,0.5325
270,276,329.75,16,32.25,0.53188
270,380.5,355.25,14.25,28.5,0.53173
270,325.25,312.75,14.75,29.5,0.5317
270,200.5,298.75,18.5,36.75,0.53141
270,166.25,152,12.25,24.5,0.53111
270,446,396,14.25,28.75,0.53092
270,26.5,204.75,12.75,25.25,0.53063
270,206.25,348,12.25,24.75,0.53049
270,80.5,56.5,12,23.5,0.53034
270,388.5,314.25,12.25,24.25,0.53026
300,549.75,355.75,14,28.25,0.56964
300,516.75,331.75,13,25.75,0.55541
300,36.5,374,14,28,0.55488
300,469.25,401.25,14.5,29.25,0.54404
300,220.75,389.25,12.25,24.75,0.54391
300,386,382,17.25,34.5,0.54364
300,359.75,135.75,29.25,58.5,0.54319
300,598.5,375.5,13,26,0.54068
300,491.25,415.25,16.5,33.5,0.54042
300,276.25,28.5,12,24,0.54018
300,431.75,415,20.5,41,0.53976
300,493.25,340.25,14.5,29.25,0.53935
300,353.75,378.75,20,39.75,0.53794
300,488.25,361.75,11.75,23.75,0.53756
300,53.5,420.25,14,27.75,0.53699
300,285.5,196.75,19,38,0.53672
300,181,346.75,13.75,27.25,0.53668
300,524.5,343.25,13.25,26.75,0.53623
300,620,41.75,16.75,34,0.53547
300,509,83,14.5,29.5,0.53543
300,330,192.5,23.5,47.25,0.53543
300,456.5,345.75,11.75,23.5,0.53477
300,596.5,360,12.25,24.25,0.53457
300,44.5,414,12.5,24.75,0.53398
300,475.75,411.5,20.5,41.25,0.5339
300,588.25,402,14.75,29.75,0.53329
300,172,397.5,16.5,33,0.53292
300,139.5,349.5,15,30,0.53275
300,380.25,392,13,26,0.53262
300,164.25,140.75,13.25,26.75,0.53203
300,434,348.75,22,44.25,0.53199
300,65.5,349,18.5,36.75,0.53159
300,396.5,312.75,14,28.25,0.53127
300,251.75,148,41,81.75,0.53125
300,391.25,415.75,12.25,24.5,0.53122
300,572,359.5,13,26.25,0.53097
300,525.25,397,12.75,25.5,0.53065
300,252.75,416.75,11.75,23.75,0.53043
300,412.25,423.5,12.75,25.5,0.53037
330,437,405,16,32,0.55642
330,565,414.75,13.25,26.25,0.55259
330,499.75,418.75,14.25,28,0.55218
330,181.25,326.75,13,26.25,0.54962
330,236.5,348.5,14,27.75,0.54957
330,229.5,342,14,28,0.54332
330,338.25,310.5,13.25,26.25,0.54297
330,53.75,396.75,12.75,25.5,0.54199
330,349.5,379.25,13.5,26.75,0.541
330,333.75,381.75,12.5,25.25,0.54002
330,507.5,415.25,16.25,32.25,0.54
330,149,398.75,13.25,26.5,0.53978
330,243.25,335.25,15.75,31.5,0.53945
330,467.75,350,14.5,28.75,0.53902
330,411.75,311,13,26,0.53839
330,220.5,355.25,15,30,0.53798
330,525.75,401.25,12.5,25,0.53745
330,44.75,395.75,13.75,27.75,0.53686
330,60.25,388.25,13,26,0.53648
330,139.75,330.75,13.5,26.75,0.53615
330,268.5,299.75,15.5,31,0.53598
330,187.75,423.75,13.75,27.5,0.53587
330,454.5,406,13.25,26.75,0.53535
330,210,312.25,12,24.25,0.53492
330,299.5,292.25,14.75,29.5,0.53468
330,404,310.5,12.75,25.5,0.53452
330,378.5,418,24.25,48.75,0.53451
330,236.5,361,14.75,29.5,0.53434
330,572.5,368,13.75,27.75,0.53398
330,301.5,197.5,15.25,30.25,0.53291
330,213.75,144.5,43.75,87.5,0.53289
330,370.75,417.5,14,27.75,0.53285
330,244.25,364.25,12,24,0.53259
330,204.75,408.5,15.5,31,0.53251
330,466.5,411,19,38,0.53238
330,332,310.5,13,25.75,0.53192
330,549.25,412.25,14.5,29,0.53186
330,208.5,148,12,24,0.53181
330,572.25,429.25,13.75,27.25,0.53155
330,604.5,404.5,14.5,29,0.53153
330,102.75,420.25,13.75,27.5,0.53153
330,-1.75,64.75,13.25,26.25,0.53136
330,519,318,13,25.5,0.53111
330,567.5,352.5,13.5,27,0.53095
330,489,317.75,14,28,0.53077
330,163.75,319.75,16.75,33.5,0.53033
360,548.75,351.75,15.25,30.75,0.5674
360,278.25,386.75,13,26.25,0.56729
360,359.5,351,13.25,26,0.5636
360,229.5,378,13.75,27.5,0.56344
360,564.25,420,15,29.75,0.55917
360,271.25,386.5,13.5,26.75,0.55894
360,419.75,399.5,17.25,34.5,0.55719
360,261.25,403,14,28.25,0.54956
360,220.25,134.75,15,30.5,0.54778
360,243,350.25,17,34,0.54721
360,306,302.75,15,30,0.54637
360,270,301,15.25,30,0.54595
360,170.75,209.75,18.75,37.75,0.54409
360,363.75,119.75,74.25,148.5,0.54323
360,452.5,427.25,14,28.25,0.54299
360,508.75,411.75,14.5,29.25,0.5428
360,524,399.25,15.25,30.75,0.5423
360,253.5,352.5,14.25,28.75,0.54226
360,572.25,420.75,15.25,30.25,0.54101
360,516,413.5,16.25,32.75,0.54065
360,390.25,430,13.25,26.25,0.53909
360,531.75,124.25,12.75,25.5,0.53902
360,604.25,366.25,15,30,0.5388
360,300.25,196.75,17,34,0.53834
360,180.75,378.25,14.25,28.5,0.53831
360,325.5,306.25,14.5,29,0.53737
360,278,400.75,13.75,27.25,0.53724
360,202,45.25,17.75,35.5,0.53704
360,174.75,421.75,19.5,39.5,0.53702
360,86.5,337.75,12.5,24.75,0.53661
360,284.5,325,16.25,32.5,0.53648
360,156.5,412,14.5,28.75,0.53644
360,547.5,410.5,17.25,34.5,0.53606
360,341,295,15.5,30.75,0.53602
360,368.25,352.75,11.75,23.75,0.53584
360,207.75,55.25,13,26,0.53547
360,374.5,401,12,23.75,0.53545
360,285.25,350.5,13,26,0.5353
360,234.5,351,16.5,33.25,0.53526
360,557.25,357.25,14.25,28.5,0.5352
360,412.5,373.75,12.5,25,0.53507
360,118.75,386,15.25,30.75,0.53466
360,411.25,417.25,17,34,0.53458
360,220.75,425.5,14.75,30,0.5345
360,533,381.75,13.75,27.75,0.53429
360,239,415.25,12.75,25.5,0.53419
360,588.25,419.5,15.5,30.75,0.53418
360,582,351.25,13,25.75,0.53385
360,203.75,400.25,13.5,26.75,0.53382
360,181.75,359.5,16.5,33,0.53312
360,452.5,329,12,24,0.53307
360,110,336.25,13,26.25,0.53194
360,278.75,252.75,18,36,0.53154
360,220,62.75,12.75,25.25,0.53101
360,253.25,400,14.75,29.75,0.53093
360,281.5,402.25,20.25,40.75,0.53092
360,220.75,366.25,13.25,26.5,0.53067
360,163.25,381.5,15.75,31.5,0.53064
360,228.75,354.75,14.75,29.25,0.53044
360,594.75,330.25,17,34.25,0.53031
390,580.25,371,14.75,29.25,0.56598
390,22.75,399.5,13,26,0.56337
390,549,399.25,13,26.25,0.56187
390,188,360.75,14,27.75,0.55831
390,476.5,399.5,13.25,26.5,0.55724
390,238.5,304.5,14,28,0.55703
390,267.75,305,16.25,32.5,0.55327
390,603.75,389.5,15.75,31.5,0.55083
390,365.75,318.75,13.5,27,0.54864
390,143,142.5,30.75,61.25,0.54822
390,317.25,347.25,14,28,0.54437
390,532,413,15.75,31.5,0.54377
390,91.5,367.5,13.25,26.5,0.54343
390,27.25,309.5,13.5,26.75,0.54328
390,261.75,294.75,14,28,0.54327
390,244.5,400.25,14.25,28.5,0.54224
390,256,292,12.75,25.75,0.54189
390,29,398,13.5,26.75,0.54175
390,221.75,374.25,13.25,26.75,0.5412
390,85.25,409.5,14.5,29,0.54112
390,500.5,410,14.75,29.75,0.54107
390,236.5,403.75,14,28.25,0.54033
390,373.25,336.75,16,32,0.53852
390,412.5,371.5,14,28.25,0.53774
390,168,327.5,12.5,25.25,0.53763
390,199.75,313.25,13,25.75,0.53756
390,175.5,202.75,13.75,27.5,0.53742
390,280,128.5,12.5,25.5,0.53714
390,455,332.5,13,25.75,0.53707
390,612.25,385.25,15.5,31.25,0.537
390,93,387,13.25,26.75,0.53681
390,268.25,393.5,20.5,41.25,0.53639
390,451.5,439.75,16.25,32.5,0.53618
390,171,342.5,12.25,25,0.53612
390,571.5,266.5,12.75,25.75,0.53597
390,227.25,391.5,14,27.75,0.53584
390,212.75,356.5,14.5,29,0.53558
390,563.25,353.25,16.25,32.75,0.5349
390,346.25,196.5,16.25,32.25,0.53472
390,304.25,282.5,13.5,27,0.53445
390,125.25,409.25,15,30,0.53364
390,492.5,99.5,22.75,45.75,0.53363
390,508.5,427.5,13,26,0.53283
390,388.5,427.5,13,26.25,0.53279
390,119.75,416.5,12,24.25,0.53274
390,301.5,193.25,15.25,30.75,0.53263
390,483.25,395.75,14.25,28.75,0.5326
390,187.75,56.75,13.25,26.5,0.5325
390,589.25,368.75,13.5,27,0.53244
390,68.75,380,15,29.75,0.53208
390,227.25,366.5,14.25,28.75,0.53206
390,351.25,365,12.5,25,0.532
390,235.75,383.25,16.5,32.75,0.53173
390,61,381,14.25,28.75,0.53171
390,556.75,401,11.5,23,0.5317
390,380.75,338.5,14.25,28.5,0.53144
390,531,200.25,23.75,47.75,0.53108
390,492,405,14,27.75,0.53082
390,236.25,56.5,11.75,23.5,0.53082
390,204.75,358,14.75,29.25,0.53064
390,172.25,365.5,13,26.25,0.53043
390,524,412.75,14.5,29.25,0.53033
390,213.5,410,14,28,0.53021
420,597.75,349.25,13.5,27,0.55792
420,151.25,17.25,13.75,27.75,0.55534
420,205,419,14,28,0.55284
420,572.5,383,15,29.75,0.55209
420,574,444.25,12.25,24.75,0.55146
420,597.25,369.25,14,27.5,0.55022
420,492.75,396.75,14.25,28.25,0.54907
420,428,368,13.75,27.25,0.54896
420,519,349.5,13,26.25,0.54685
420,539,366,16.5,33,0.54614
420,562.5,357,14,28,0.54522
420,612,352.75,16,32.25,0.54492
420,588.5,378.5,14,28.25,0.54348
420,564.5,375.5,14.5,28.75,0.54228
420,483.5,383.5,15,29.5,0.54215
420,389.75,393.25,13,25.75,0.54212
420,220.75,384.25,14.75,29.75,0.54194
420,534,381,12.5,24.75,0.54078
420,212.25,125.5,15.75,31.25,0.53962
420,528,173.75,12,24.25,0.5389
420,69.25,378.75,13.75,27.5,0.53814
420,317.25,331.75,13,26.25,0.53813
420,344.25,181,28.25,56.5,0.53801
420,372.75,376.25,12.5,25,0.5378
420,101,389,14,28.25,0.53719
420,357,330.75,15,29.75,0.53579
420,449.75,99,12.75,25.5,0.5357
420,309.25,346,12.5,25.25,0.53559
420,220.5,419,16,31.5,0.53557
420,77,368,14.5,29.5,0.53547
420,221,433.75,12.25,24.5,0.53543
420,508.5,420,15,29.75,0.53475
420,44.25,406.75,14.75,30,0.53443
420,205.5,284.25,13,26,0.53412
420,539.5,162,14.5,29.5,0.53393
420,83.75,383.75,16.25,32.5,0.53359
420,324.5,325.75,13.5,27,0.53331
420,260.5,393.75,15.5,30.75,0.53307
420,333,393.5,14.75,29.5,0.53278
420,613.5,363.25,13.25,26.5,0.53244
420,124.5,368.25,15,30,0.53239
420,393.5,322,18,36.25,0.53236
420,445.5,155.75,36.5,72.75,0.53221
420,172.5,326.5,13.25,26.25,0.53198
420,524.75,344.25,15,29.75,0.53162
420,12.75,300,15.25,30.5,0.53147
420,587.5,350.25,17.5,35.25,0.53133
420,581.5,379,13.5,27,0.5313
420,581.5,346.5,14,28.25,0.5311
420,435.25,366,17.5,35.25,0.53099
420,332.5,110.75,16.5,33,0.53076
420,168,29,12.75,25.25,0.53063
420,334.5,178.5,17,34,0.5306
420,277,126.5,13.75,27.25,0.5305
420,447.5,71.5,22.25,44.5,0.5304
420,357.25,413,13,26,0.5304
420,51.25,396.5,15.75,31.25,0.53039
420,564.75,396.25,14.25,28.25,0.53023
420,260.5,416.25,15.75,31.5,0.53002
450,521.25,10.5,27,54.25,0.56579
450,283.5,435.75,15,30,0.55281
450,339.75,365.25,16,31.5,0.55123
450,581,383.25,15.75,31.25,0.55082
450,156.25,312.75,15,30,0.54888
450,332,168.75,21.25,42.25,0.54857
450,372.75,416.5,15.25,30.5,0.54819
450,64.75,278,13.5,27,0.54751
450,171.75,382.75,16.75,33.75,0.54578
450,395,344.75,13.25,26.25,0.54507
450,598.25,389.25,13.5,26.5,0.54472
450,300.25,360.75,14.75,29.5,0.54454
450,248.25,333.75,12.25,24.25,0.54429
450,20.5,399,15.5,30.75,0.54265
450,99.25,126.75,53.75,107.5,0.54166
450,220.5,381.5,13.75,27.75,0.54057
450,248.25,320.75,12,24,0.54051
450,185.75,120,12.75,25,0.54031
450,438,347.75,13.5,27,0.53942
450,429,399.75,14.5,28.75,0.53872
450,531.5,347.5,17,33.75,0.53854
450,256.75,364.5,21,42.25,0.53838
450,348.75,369,14,28.25,0.53799
450,564.75,361.25,14.25,28.25,0.53785
450,188,355.5,14,28.25,0.53779
450,366.5,369.5,11.75,24,0.53777
450,278.5,389.75,13,26.5,0.5368
450,355.5,320.25,15.25,30.5,0.53643
450,100,172.25,12.25,24.5,0.53637
450,500.5,379.25,15,29.75,0.53601
450,435.25,321,15.25,30.75,0.53568
450,86,396.25,13,26,0.53564
450,255,298.75,18.5,37.5,0.53563
450,236,332.75,12,24,0.53561
450,171.25,302.75,16,32,0.5354
450,220.75,417.5,15.25,30.5,0.53513
450,373.75,144.25,14.5,29.5,0.53512
450,503.25,134.25,63.75,127.75,0.53482
450,155.25,4.75,12.75,25.25,0.53481
450,628.5,91,12.25,24.5,0.53447
450,432.25,152.5,12.5,25,0.53422
450,116.25,261.25,15.25,30.75,0.53368
450,539.5,307.5,14.5,28.75,0.53362
450,316,353.25,12.25,24.75,0.53341
450,204.5,118,14.5,29.5,0.53314
450,386.25,171.75,13.5,27,0.5331
450,125.25,23.75,14.25,28.25,0.53306
450,338.25,351.75,13.5,26.75,0.53293
450,141,141.25,21.75,43.5,0.5328
450,252.25,282.75,15.75,31.5,0.53274
450,29.25,393,14,28.25,0.53266
450,278,308,14.25,28.5,0.53249
450,126.25,398,12.5,25,0.53246
450,461.75,39.5,36,72.5,0.53229
450,467.25,12,135,270.5,0.5321
450,137,133.75,11.75,23.5,0.53196
450,197,355.5,12.5,24.75,0.53195
450,516.25,369.5,14.75,29.75,0.53156
450,24.25,324,12,24.25,0.53155
450,149.25,394.75,14,27.75,0.53136
450,210.75,269,11.5,23,0.53095
450,374,368.5,12.25,24.75,0.53069
450,93.25,397.5,13,26,0.53053
450,289.75,60.25,18.25,36.75,0.53009
480,332.5,422.25,16,31.75,0.5568
480,347,303,13,26,0.55539
480,342.5,377.75,12,23.75,0.55397
480,556.75,402.5,15.25,30.5,0.55377
480,328.5,307.25,12.5,24.75,0.54828
480,533.25,373.25,14,28.25,0.54718
480,369,166.5,37.5,74.5,0.54584
480,124.25,391.5,12.5,25,0.54559
480,276,342.25,15.5,31,0.54302
480,285.5,394,13.25,26,0.54254
480,70,357,13.75,27.25,0.54228
480,444.25,411.5,15,30,0.54171
480,238.5,417.75,11.75,23.75,0.54139
480,300,387.75,14.25,28.25,0.54089
480,396.5,399.5,13,25.75,0.54033
480,540.25,369.5,13,25.75,0.54024
480,293.75,394.25,12.75,25.75,0.54
480,340.5,180.5,17.25,34.75,0.53981
480,595.75,145.5,15,30.5,0.53968
480,108,368.5,15.5,31.25,0.53892
480,-2,226.25,17.25,34.5,0.53787
480,595.5,369.75,16.25,32.5,0.53779
480,317.75,342,13,26.25,0.53672
480,548.5,399.25,15.25,31,0.53653
480,236.25,322.25,13.75,27.5,0.53579
480,300,192.75,13.25,26.75,0.53559
480,276.25,443,13.75,27.75,0.53532
480,350.75,191.5,12.5,25.25,0.53513
480,276.75,369.5,15.5,31.25,0.53496
480,593.5,388.25,18.25,37,0.53442
480,199.75,46.25,12.75,25.5,0.53422
480,564.25,399.75,12,24.5,0.53419
480,575,390.25,13.5,27,0.53398
480,344.5,286.75,15.25,30.75,0.53355
480,379.75,418,15,30,0.53341
480,567.5,391,12.75,25.75,0.533
480,333.75,411.75,13.5,26.75,0.5328
480,502.5,377,27.5,55,0.53272
480,317.25,424.5,24,48.25,0.53172
480,268.75,324,14.25,28.25,0.53131
480,36.25,317.75,14.75,29,0.53123
480,225.25,293.75,17.75,35.5,0.53097
480,85.25,397.5,14.75,29.5,0.53095
480,62.25,175.5,12.5,24.75,0.53076
480,525,380.75,12.75,25.5,0.53075
480,84.5,353.5,12,24.25,0.5307
480,584.5,117.5,13,26,0.53069
480,364.5,332.5,14.25,28.5,0.53034
480,45,331.25,13,26.25,0.53032
480,294.5,399.25,36.5,73,0.53017
480,0.75,393,11.5,23,0.53009
480,253.25,400,12.5,25.25,0.53008
480,162.5,8.75,19.75,39.75,0.53006
510,100,356.25,15,30,0.57109
510,389.25,397.5,14.25,28.5,0.5578
510,269,127,13.75,27.25,0.55526
510,130.5,9.25,12.25,24.25,0.55084
510,51.75,400.5,15.75,31.25,0.54773
510,149,383.5,14,28.25,0.54708
510,229.25,400,13.75,27.75,0.54696
510,556.5,359,12.5,25,0.54628
510,572.5,381.75,14,28.25,0.54578
510,283.75,44,12.25,24.5,0.54536
510,296,34.25,13.75,27.5,0.54495
510,557.75,426.5,13.5,27.25,0.54494
510,445.75,388,13.25,26.5,0.54395
510,204.25,14.75,12.5,24.75,0.54385
510,584.25,337.75,12.75,25.5,0.54364
510,277,392,15,30.25,0.54305
510,505,67.25,18.75,37.5,0.5427
510,132.25,397,14,28.25,0.54263
510,172.5,428,12.5,24.75,0.5407
510,261.75,384.25,13.75,27.5,0.53911
510,558.5,339.5,13.25,26.5,0.53903
510,172.5,413.75,12.25,25,0.53869
510,280,29.75,13.5,27,0.53827
510,116.75,395.25,13,26,0.53787
510,414.75,127.25,40.75,82,0.53757
510,166.5,39.75,12.75,25.25,0.53755
510,140.75,431.75,15.5,30.75,0.53742
510,249,135.5,39.75,79.5,0.53726
510,465,97.5,13.75,27.75,0.53695
510,182,37.5,12.75,25.75,0.53633
510,364.5,169.25,16.75,33.25,0.53556
510,571.75,431.25,12.25,24.75,0.53487
510,240.5,109.75,12,24.25,0.53484
510,124,404.25,13.25,26.5,0.53413
510,243.75,408.5,13.25,26.75,0.5336
510,412,342.75,13.75,27.25,0.53314
510,347.75,361.5,15,30.25,0.53309
510,136,8.5,12.5,25,0.53213
510,116.25,20,12.5,25,0.53197
510,494,304,13.5,27.25,0.53171
510,435.25,329,16.25,32.75,0.53166
510,517.25,390,15,30,0.53166
510,390,424.75,12.5,25,0.53127
510,556.75,377.25,11.75,23.75,0.53086
510,572.25,395.75,15.5,30.75,0.53072
510,295.5,283.75,80.75,161.75,0.5306
540,173.5,348.75,13.75,27.5,0.57122
540,261,339.25,14.75,29.5,0.56294
540,242.5,331.5,18.5,37.25,0.55393
540,428.5,412.5,13.25,26.75,0.55078
540,61.5,411.75,13.5,27.5,0.54907
540,421,432,12.75,25.25,0.54804
540,516,68,18.5,37,0.54507
540,189.5,396.5,13.25,26.75,0.54462
540,483.25,303.75,16,32.5,0.54392
540,272.25,383,12,24.25,0.5438
540,276,300,12.75,25.75,0.54235
540,165,395.75,15.25,30.25,0.54132
540,141.75,381,12.75,25.25,0.54065
540,481,66.25,48.25,96.5,0.53971
540,555.75,320,16.25,32.5,0.5389
540,310,423.5,13,26.25,0.53863
540,358.75,339.5,14.25,28.5,0.53862
540,110.5,188.25,16.75,33.75,0.53841
540,454.5,399.25,13.25,26.5,0.53813
540,200.5,358.25,13.5,26.75,0.53761
540,180.75,334,13.25,26.5,0.53653
540,227.5,412.75,13,26,0.53649
540,572.75,384.25,14.25,28.75,0.53568
540,147,123,51.75,103.5,0.53558
540,243.75,420.25,14,28.25,0.53479
540,276.25,325.75,13,26.25,0.53476
540,443.5,407.5,12.75,25.5,0.53474
540,437.25,364.5,14.25,28.25,0.5345
540,504.75,352,11.75,23.25,0.53441
540,282.25,320.25,14,28,0.5341
540,292.25,28.25,12.75,25,0.5341
540,504,62,23.25,46.25,0.53407
540,368.5,45,11.75,23.5,0.53402
540,234.25,333.75,17.5,35,0.53254
540,539.5,347.5,16,32,0.53225
540,556.75,379.25,14.5,28.75,0.53198
540,595.25,336,16.25,32.5,0.53163
540,51.5,351.5,16.25,32.25,0.53122
540,524.75,301,11.5,23,0.53115
540,437,160.75,26.5,52.75,0.53111
540,149,334,14,27.75,0.53102
540,243,349,17.75,35.75,0.53068
540,274.25,414.5,12,24,0.53063
540,396,410,16,32,0.5304
540,202.75,357.75,14,27.5,0.53017
570,156.5,429.25,14.5,28.75,0.56495
570,604.25,349,13.75,27.5,0.55509
570,285.5,379.25,13.25,26.75,0.55389
570,540.25,304.25,12.25,24.5,0.54554
570,336.25,389.75,13.5,27,0.54355
570,516,360.75,15.75,31.75,0.54267
570,362.5,165.25,15.25,30.75,0.54253
570,380.75,390.25,12.5,25.25,0.54154
570,517,381.5,15,29.75,0.53958
570,226.75,93.75,13,26.5,0.53951
570,92.75,431.75,14,27.75,0.53897
570,465.25,151.75,31.5,63,0.53845
570,292.75,191.75,12.25,24.25,0.53799
570,237.25,122,56,111.75,0.53671
570,389,389.5,12.5,24.75,0.53635
570,66.75,167.75,17.5,35.25,0.53587
570,268,349.75,15,30,0.53568
570,187.75,434,14.75,29.5,0.53424
570,343,362.25,12,24,0.53396
570,71,199,13.75,27.25,0.53336
570,268,3.5,14.5,29.5,0.5329
570,557,340.25,14.5,29.25,0.53252
570,139,404,14,28.25,0.53244
570,375,293.75,12,23.75,0.5321
570,125.5,111.75,98.5,197,0.53158
570,252.5,365.25,12.5,25,0.531
570,581,430,13.5,26.75,0.53051
600,435.25,420,16.25,32.25,0.54939
600,368.75,153.75,34.25,68.5,0.54438
600,575.75,394.75,12.75,25.75,0.54424
600,508.25,433,12.25,24.5,0.54093
600,578.75,335,11.75,23.5,0.54059
600,229.5,100.5,15.5,31.25,0.53719
600,260,377.75,14,28.25,0.53704
600,510,46.75,12.75,25.25,0.53649
600,-3.5,135.5,28.25,56.25,0.53603
600,357.5,423.75,13,26,0.53569
600,390.25,378.75,13,26,0.5353
600,-8,120.25,65.75,132,0.53514
600,511,146.75,37,74,0.53511
600,375.75,360.75,12.75,25.5,0.53491
600,533.5,405.75,13.25,26.5,0.5347
600,301.5,192.25,13.5,26.75,0.53452
600,488.75,75.5,75.25,150.25,0.53444
600,618.75,401.75,22,44,0.53417
600,440.5,372.25,14.25,28.75,0.53362
600,470.75,391.75,12.75,25.25,0.53358
600,367.25,420.75,26.5,53,0.53331
600,344.75,303,11.5,23,0.53327
600,268,119.75,16,31.75,0.53324
600,588.25,372.25,13.75,27.5,0.53264
600,468.25,441,13.5,26.75,0.53257
600,363.5,149,20.25,40.25,0.53244
600,13.25,211.5,12.5,24.75,0.53237
600,33.25,374.75,14,28,0.53209
600,492.75,158,31,62,0.53196
600,365.25,438,15,29.75,0.53195
600,266.75,231,11.5,23,0.53187
600,61,391.5,13.25,26.75,0.53178
600,423.75,148.25,16.5,33,0.53134
600,293.75,24.75,15.75,31.75,0.53102
600,53.75,169.25,35.25,70.25,0.531
600,60.5,401,14,28,0.53097
600,129.75,403,20.75,41.5,0.5307
600,523.5,179.25,20.5,41.25,0.53067
600,268.5,37.5,14.5,28.5,0.53053
600,204,195.25,13.25,26.75,0.53047
600,236.25,373,12.5,25,0.53022
630,-5.25,186,41.75,83.25,0.5488
630,269.25,118,17.5,35,0.54843
630,436.25,430.75,16.5,33,0.54265
630,140.75,165.5,12.25,24.75,0.54253
630,309,188.5,31,62,0.54098
630,531.25,143.5,42.25,85,0.53847
630,555.75,138.25,42,83.75,0.53835
630,376.25,146.5,47.75,95.25,0.53806
630,134.75,18.75,13,25.75,0.53697
630,229.25,98.75,16.75,33.5,0.53592
630,61.25,361,13.25,27,0.53464
630,269,418.75,14.25,28.5,0.534
630,69.25,359.5,14.5,28.75,0.53358
630,172.75,441,14.5,29.25,0.53355
630,-6.25,22.25,49.75,99.75,0.53351
630,349.25,183,27.25,54.5,0.53295
630,108.25,392,12,24.25,0.53169
630,203,191,41.75,83,0.53157
630,236.5,411.25,15.25,30.75,0.53083
630,487,408.5,13.75,27.75,0.53071
660,355.75,264.25,16.5,33,0.54771
660,175.75,361.5,45.25,90.5,0.54383
660,300.25,11.25,12.75,25.25,0.54221
660,440.5,371.25,14.25,28.75,0.53917
660,588.75,131.75,48.25,96.5,0.5361
660,90.75,119.25,13.25,26.5,0.53593
660,41.75,377,15.25,30.5,0.53576
660,533.75,32.5,12.75,25.75,0.53575
660,130.25,164.25,12.75,25.75,0.53521
660,516,445.25,14.75,29.5,0.53428
660,558.25,142,49.25,98.75,0.53417
660,408.25,433.75,22.75,45.5,0.53248
660,606.5,175.5,26.75,53.75,0.53224
660,304.25,194.25,32,64.25,0.53171
660,121.25,422.75,19.75,39.75,0.53154
660,149,53.5,14,28,0.53112
660,333,357.75,19.25,38.25,0.53088
660,52.5,370.25,20.75,41.75,0.53074
660,302.25,418.25,12.75,25.25,0.5306
660,306,203.25,15.25,30.25,0.5306
660,183.25,11,12.75,25.5,0.53037
660,135.25,409.5,28.5,57,0.53015
690,165.25,393,39.75,79.5,0.54907
690,284.25,388.5,12,24.25,0.5422
690,469.5,426,18,36,0.53654
690,510.25,157,12.5,25.25,0.5356
690,411.75,60.25,14.75,29.5,0.53424
690,62,284.75,12.5,24.75,0.53252
690,290,36.5,17.25,34.75,0.53208
690,589.75,155.75,13,26.25,0.53189
690,22.75,204.25,12.25,24.5,0.53186
690,279,395.25,40.25,80.25,0.53184
690,428.75,122.5,16,32.5,0.53158
690,588.75,221,12.25,24.75,0.53113
690,204.5,56.75,11.75,23.75,0.53102
690,422.5,180.25,25,50,0.53067
690,340.5,286.25,16.75,33.25,0.53045
690,483,433.25,13.25,26.75,0.5301
690,408,12.5,17.75,35.5,0.53002
720,297.75,202.25,18.75,37.5,0.54904
720,32.5,368.25,11.75,23.5,0.54155
720,269.5,22.5,12.25,24.75,0.53874
720,268.75,376.5,16,32,0.53619
720,537,38.5,21.5,43,0.53559
720,617.5,203.25,24,48.5,0.53505
720,601,346,12.75,25.25,0.53487
720,420.25,439.5,16.5,33.25,0.53451
720,549,160.25,14.5,28.75,0.53357
720,55,55,12.5,25.5,0.53322
720,448.75,400.5,11.75,23.5,0.53281
720,376,271.75,12.75,26,0.53217
720,355.25,184.5,32,64.25,0.53195
720,379.5,443.25,15,30,0.5312
720,579.5,135.5,14.5,28.75,0.53105
720,329.75,408.75,12,24,0.53044
720,78.25,388,12,24,0.53033
750,243.25,404.5,13.25,26.25,0.55312
750,132,437.5,15.5,31,0.55073
750,43.5,61.25,16,32.25,0.5441
750,380.5,398.75,12.75,25.25,0.54311
750,596.25,430.75,12.5,25.25,0.54268
750,378.5,208.5,12,24,0.54194
750,496.25,429,12.75,25.25,0.53812
750,342.25,410.5,12.25,24.5,0.53681
750,293.75,397,13.75,27.25,0.53569
750,614.5,131,27.5,55,0.53487
750,260.25,410.5,13.75,27.75,0.5336
750,7.5,406,12.75,25.75,0.53339
750,108,5.5,12.5,24.75,0.53329
750,133.25,288.5,16,32.5,0.53183
750,318.5,233,12,24,0.53144
750,351.25,370.75,12,24,0.53117
750,397,337.5,14.5,29,0.53068
750,112.75,166,13.5,27,0.53025
780,285,71.25,13.25,26.75,0.54858
780,275.75,68.5,14.5,28.75,0.54652
780,74.75,166,15,29.75,0.5443
780,275.75,322.75,13.25,26.25,0.54212
780,448.25,411.5,12,24,0.54169
780,516.25,442,15.75,31.5,0.54026
780,389.25,147.5,14,27.75,0.53969
780,445.25,27.75,24.75,49.75,0.53751
780,28.25,422.75,12.25,24.75,0.53642
780,120.5,24.5,11.75,23.75,0.53635
780,-6.25,149.25,51,102.25,0.53631
780,116.5,24.5,11.75,23.75,0.53578
780,137.25,31.25,12.25,25,0.53567
780,359,373,13,26.25,0.5341
780,567.75,27.75,12.75,25.5,0.53385
780,408,433.75,12,24.25,0.53383
780,443.25,336.75,13,26,0.53289
780,97.25,162.5,14.75,29.5,0.53226
780,584.75,2.5,11.5,23.25,0.53174
780,300,206.25,14,27.75,0.53078
780,524,384.5,12.5,25,0.53019
810,292.25,208,13,26,0.55956
810,480,356.5,16,32.25,0.55503
810,168.5,108.25,19.25,38.5,0.55287
810,566.5,116,24.75,49.5,0.54888
810,394.75,356,14,28,0.54415
810,155.25,348.25,16.75,33.5,0.54393
810,350.5,357,14,27.75,0.54186
810,409.5,113.5,14.75,29.5,0.53783
810,538,441.25,18.75,38,0.53687
810,220.25,4.25,14.25,28.25,0.53636
810,481.25,364.25,13.25,26.5,0.53594
810,12.25,396,13.25,27,0.53503
810,164.25,416.75,12,24,0.53481
810,316,388.25,12.25,24.5,0.53446
810,-5.25,388,44.25,88.5,0.5337
810,468,435,12.75,25.5,0.53285
810,90.75,125.75,13.5,27,0.53204
810,539.75,132.25,62,124.25,0.53144
810,214.5,380.5,12.5,25.5,0.53112
810,565.25,433.75,19,38,0.53106
810,397.25,425.25,23.5,47,0.5307
810,149,431.5,15,30,0.53061
810,141,303.75,14.5,29,0.5305
810,380.25,352.5,14.5,29,0.53041
840,229,344.5,14.75,29.25,0.56974
840,244.25,413.25,13.75,27.75,0.56951
840,200,387.25,12.5,25,0.56176
840,260.25,434.5,15.75,31.25,0.56073
840,277.75,401,13.75,27.5,0.56048
840,277.75,354.75,14.25,28.75,0.56046
840,184,390.75,12.75,25.5,0.56039
840,454.25,268.25,13.25,26.25,0.55651
840,53,132.5,13.5,27,0.55346
840,554.5,401.75,15,30.25,0.55309
840,581,435.25,14.75,29.25,0.55216
840,271.25,358.25,13.25,26.5,0.55092
840,508.25,441.5,12.25,24.75,0.55047
840,268.25,288.75,16.75,33.75,0.54998
840,396.5,427.75,14.75,29.5,0.54748
840,460.5,443.75,14.25,28.5,0.54707
840,164.25,40.25,15.75,31.5,0.54653
840,557.25,427,14.25,28.5,0.54593
840,204.5,340.5,11.75,23.75,0.54588
840,437.5,448,13.75,27.25,0.54579
840,236,361,15.25,30.25,0.54452
840,172.5,408.25,12.5,24.75,0.54295
840,489.25,300.75,13.75,28,0.5417
840,243.5,356,16,31.75,0.54138
840,356.5,430,14.25,28.75,0.54132
840,588.75,449,13.5,27.5,0.54025
840,141.25,363.75,14,28,0.54016
840,491.5,419.25,15.25,31,0.54004
840,403.75,321,13.5,27,0.53991
840,276,49,13.25,26.75,0.53956
840,363.75,295,13,26,0.53953
840,283.75,416.25,16,32.25,0.53946
840,411.25,314.5,17.25,34.5,0.53918
840,572,439.25,16.25,33,0.53902
840,405.25,384.25,12.5,25,0.53902
840,172,414.25,13.5,27,0.53886
840,314.5,337.25,18,36,0.53771
840,490.5,287,13.75,27.75,0.53771
840,188,332.25,16.75,33.75,0.53766
840,300,203.5,13.25,26.5,0.53753
840,316.75,291.25,15.25,30.25,0.53742
840,300,44,16,32,0.53664
840,574.75,42.5,13.5,27.25,0.53649
840,564.25,436.75,15.25,30.25,0.53607
840,312.75,322.25,24.25,48.5,0.53595
840,93.25,384.75,12.25,24.5,0.53552
840,261.25,45.75,14.75,29.5,0.53543
840,284.5,28,15.25,30.25,0.53517
840,252.75,350.25,14.5,29.25,0.53496
840,603.75,434.5,15.25,30.25,0.53477
840,582,451,13.25,26.5,0.53476
840,403.75,443.25,14.25,28.75,0.5344
840,420.75,321.25,16.25,32.75,0.53433
840,292.75,28.75,13.75,27.75,0.53418
840,616.25,53,25.5,51.25,0.53417
840,275.5,306.75,15.25,30,0.53372
840,333.5,396.25,13.5,27.25,0.53361
840,382,164.75,13.75,27.75,0.53325
840,390.5,315,12.5,25.25,0.5331
840,486.75,353.25,13.75,27.5,0.53271
840,268.75,378.75,14.5,29,0.53258
840,443.75,356.75,15.75,31.75,0.5325
840,262,293.5,14.5,29,0.53244
840,310.25,341,12,24,0.53187
840,180.5,35.75,14,28,0.53154
840,216,42.5,19.5,39.5,0.53129
840,268.25,127.75,16.75,33.5,0.53117
840,392,398,12.25,24.5,0.53106
840,20.5,76,14.75,29.25,0.53091
840,304.25,280.25,12.75,25.5,0.53085
840,587.25,432.75,16,32.25,0.53077
840,253.25,364.25,14.5,28.75,0.53056
840,497.25,352.5,17.5,35,0.53018
840,-5,145.5,41.5,83.25,0.53017
870,468,392.5,16.25,32.5,0.57988
870,475.75,142.5,68.25,136.5,0.55578
870,286,323,15,29.75,0.54802
870,421.75,419.75,13.25,26.75,0.54683
870,405.25,401.75,15,30.25,0.54364
870,-0.5,431.75,15.75,31.75,0.54324
870,396.75,402,15.75,31.5,0.54212
870,414,410,14.5,29.5,0.54211
870,442,134,60,120.25,0.54107
870,277.75,334.25,14,28.5,0.54049
870,308.5,201,12.5,25.25,0.53987
870,476,418.5,12.5,24.75,0.53792
870,603.5,427.5,15.75,31.5,0.53768
870,323.75,420,12.75,25.75,0.53763
870,492.75,420.25,15,29.75,0.53751
870,534,381.25,13.5,26.75,0.53708
870,220.5,391.25,12.75,25.5,0.53704
870,313.25,202.25,12.5,25,0.53682
870,252.25,408.25,12.5,24.5,0.5368
870,284.75,72,12,24,0.53656
870,197.25,374.25,13.5,27,0.53614
870,581.25,355.25,15,29.75,0.53589
870,340.75,417,11.5,23,0.53575
870,572.25,149,47,93.5,0.53566
870,173,379.25,14.75,29.75,0.5352
870,524.5,416,15.75,31.5,0.53509
870,439.25,362.25,13,25.75,0.5346
870,475.5,128.75,12.5,24.75,0.53435
870,560.5,439,13,25.75,0.53373
870,251.75,397.5,13,26.25,0.53338
870,500,38.75,17.75,35.75,0.53323
870,0.5,122,13,26,0.53261
870,476.5,438.75,12.75,25.5,0.53253
870,326,381,12.5,24.5,0.53249
870,200,416.75,12,24.25,0.53203
870,262.25,5.5,13.5,27,0.53197
870,230,284,13,25.75,0.53161
870,12.75,195,11.5,23,0.5313
870,332.75,195.25,15.75,31.25,0.53109
870,605.25,400.25,14.75,29,0.53108
870,365.5,318.25,14.25,28.25,0.53074
870,452.25,431.75,12.25,24.5,0.5305
870,509,412.5,14.25,28.5,0.53013
870,364,360,12.75,25.5,0.5301
870,395,61.25,12.5,24.75,0.53001
900,315.75,324.75,13,25.75,0.55886
900,285,424.25,14,27.75,0.55623
900,327.5,409.75,12.5,25,0.54761
900,140.75,395,14.75,29.5,0.5427
900,410.5,214.5,19.75,39.25,0.54182
900,280.25,11.5,12,23.75,0.54171
900,580.75,411.75,14,28,0.54068
900,446.25,426.5,12.25,24.5,0.53992
900,310.25,44.75,14,28,0.5398
900,597.75,352.5,15,29.75,0.53904
900,205.75,439.25,13,25.5,0.53785
900,558.5,381,12.75,25.5,0.53707
900,508.5,343.25,12.25,24.75,0.53694
900,589.75,139,46.25,92.5,0.53687
900,490.75,398.5,17.5,35,0.53632
900,52.25,419.5,14.25,28.75,0.53608
900,76,212.5,12.25,24.25,0.53539
900,309,409.5,16,31.75,0.53523
900,412,384.5,16,32.25,0.53487
900,477,355.5,14.25,28.75,0.53457
900,587,93.75,26,52,0.53443
900,236.5,414,13.5,26.75,0.53365
900,158.5,166.25,12.5,25.5,0.53341
900,461,429.25,13.75,27.25,0.53278
900,60,359.75,12,24.25,0.53265
900,320.25,47.25,12.5,24.75,0.53227
900,364.25,300.75,16.75,33.5,0.53149
900,124.75,423.25,14.25,28.5,0.53148
900,320.5,202,11.75,23.5,0.53109
900,13.25,398,14.75,29.5,0.53104
900,490,333.5,18.5,36.75,0.53053
900,278.75,41,12.75,25.5,0.53043
900,464.5,336.75,16,32.25,0.53016
900,324,332.75,13,26.25,0.53003
930,534.25,394.5,12.75,26,0.56012
930,323.75,200,12.5,25,0.55864
930,360,412.25,12.25,24.5,0.55643
930,588,346.75,14.75,29.5,0.55173
930,487.75,416,12.5,25.25,0.55022
930,626.75,297.5,14.5,29.5,0.54979
930,172.75,427.75,13.25,26.25,0.54456
930,300,422.25,13.75,27.5,0.54455
930,343,285,11.75,23.5,0.54185
930,337.75,384.75,14.25,28.75,0.54119
930,579.75,423,16.25,32.5,0.54072
930,564.5,402.25,15.5,31.25,0.53821
930,246.5,78.5,12.5,25,0.53816
930,600.5,439.25,11.5,23.25,0.53772
930,323.75,403,13.25,26.75,0.53668
930,479.25,165.5,15,30.25,0.53667
930,268.75,384.75,14.75,29.25,0.53642
930,110.25,181.75,13,26,0.53632
930,275.5,386.5,15,29.5,0.5347
930,154.25,137.5,13.25,26.5,0.53441
930,351,268.25,12.5,25.25,0.53417
930,77.5,413.5,13.25,26.5,0.5341
930,597,418.25,15.5,31.5,0.53367
930,533,373.75,13.75,27.25,0.53287
930,396.5,24.25,13.5,26.5,0.53285
930,368,416,12.75,25.5,0.53259
930,292,420.25,13.5,27.25,0.53254
930,492.75,359.75,14.75,29.75,0.53244
930,576,198.25,13,26.25,0.53212
930,25.75,198.25,25.5,50.5,0.53066
930,188.25,202.75,13.5,27,0.53062
930,179,360.5,11.75,23.75,0.53032
930,204.75,411.75,14.25,28.5,0.53014
960,206,322.75,12.5,25.25,0.56034
960,117.25,134.5,13.5,27,0.55734
960,445,416.25,14.75,29.5,0.55514
960,204.25,410.5,14.75,29.5,0.55385
960,485.75,409.25,15.5,30.75,0.55332
960,188.5,416,14.5,29.25,0.54963
960,293,425,15.5,31,0.54933
960,507.5,406.25,13.5,26.75,0.54912
960,378.25,332.75,17.75,35.75,0.54899
960,52,143.5,66,131.75,0.54481
960,485.25,159.25,15.25,30.25,0.54475
960,46.25,365.25,15.5,31.25,0.54394
960,424.25,411.5,12,24.25,0.5413
960,501.75,190.25,13.5,27,0.5387
960,550,433.25,15.75,31.75,0.5381
960,434.75,416.75,16,31.75,0.5378
960,402.25,201.5,22.25,44.5,0.53754
960,388,338.5,12.5,24.5,0.53732
960,428.75,437,13.5,27.25,0.53714
960,211,360.5,11.75,23.75,0.53677
960,150.5,406.5,13.5,26.75,0.53627
960,402.25,325.75,14.25,28.25,0.53623
960,123.75,79.5,39.25,78.25,0.53618
960,373.25,321.75,14.25,28.25,0.53602
960,278.75,73.25,14.25,28.75,0.53597
960,538.25,362.75,18.75,37.75,0.53484
960,387,327.5,13,26,0.53448
960,370.5,336,15.5,31.25,0.53431
960,619.25,84,14.25,28.75,0.5343
960,294.25,199.75,12,24.25,0.5342
960,392.75,333,14.25,28.75,0.53416
960,172.75,384.25,15,30.25,0.53373
960,172.5,444.25,12.25,24.5,0.53347
960,486.5,406.5,14,28.25,0.53328
960,460.25,441,14.25,28.5,0.53298
960,306.5,353.75,20,40,0.53242
960,356.75,261,37,74,0.53216
960,507,300.75,13,26.25,0.53202
960,389,118,22.75,45.25,0.53099
960,475.75,424.25,13.75,28,0.53069
960,530,414.25,12.25,24.25,0.53051
960,336,379.75,14.25,28.25,0.53032
960,144.25,205.5,20.75,42,0.53016
960,506.5,388,14.5,29,0.53014
990,613,401.5,14.75,29.25,0.56001
990,114,129.5,13.75,27.5,0.55477
990,294,362.75,12.5,25,0.55043
990,584.25,414,12.5,24.75,0.54513
990,626.25,294,12.75,25.75,0.54328
990,13,331.75,12.75,26,0.54204
990,515,18.75,139.75,279.5,0.53973
990,365,355.25,12.25,24.75,0.53847
990,502,325.75,13,25.75,0.53804
990,188,371.75,13.25,26.25,0.53788
990,491.75,390,13.25,26.5,0.53773
990,-3,161,29.75,59.5,0.53739
990,405.25,319.5,13.5,27.25,0.53735
990,608.75,349,11.5,23,0.53676
990,492.5,155.5,16.75,33.25,0.5367
990,595.75,367.75,16,31.75,0.53631
990,362.5,254.25,14,27.75,0.53602
990,84,393.5,16.25,32.75,0.53593
990,323.75,420,17.25,34.25,0.53571
990,595.75,118,12.5,24.5,0.5357
990,243.25,367.5,17.5,34.75,0.53568
990,317.25,419,14.75,29.75,0.53534
990,37,307.75,14.5,29,0.53506
990,149.25,423.25,13.25,26.5,0.53475
990,94,207.5,27.75,55.5,0.53422
990,293.25,391,13.75,27.5,0.53369
990,23.5,309.25,13.25,27,0.53324
990,340.75,359,13.5,27,0.53299
990,12,308.5,13,25.75,0.53263
990,122,121.75,16,32,0.53226
990,145.25,16,19.5,39,0.53222
990,187,398.75,17.5,35.25,0.53202
990,85.25,51.5,14.5,29.25,0.53159
990,220.75,52.75,11.5,23.25,0.53151
990,212.5,393.25,16,32,0.53125
990,204.75,402.25,14,28.25,0.53122
990,133,426,15.5,31,0.53118
990,424.75,332.75,11.75,23.75,0.53108
990,521.25,145.75,30.5,61,0.53102
990,371,344.25,13,26.25,0.53058
990,250.75,102,25.75,51.25,0.53053
990,509.5,437.75,13.5,27,0.53019
990,-1.75,95.75,12.75,25.25,0.53017
990,599.25,395.75,12.25,24.75,0.53012
990,597.5,399.5,15,29.75,0.53009
990,164,391.75,16.25,32.5,0.53005
990,108.25,388.5,14.25,28.25,0.53004
1020,133,384.25,15.5,31,0.56808
1020,214.25,329.25,12.75,25.75,0.5616
1020,612.5,345.5,15.5,31,0.55812
1020,300.25,376.25,13.5,26.75,0.54943
1020,422.75,320.5,13.75,28,0.54894
1020,213.25,30.75,14.75,29.5,0.54823
1020,396.25,416.75,15,30,0.54654
1020,53.5,305,14,27.75,0.54654
1020,596.5,416.5,14.75,29.5,0.54592
1020,549.5,142,39.5,79,0.54517
1020,481.5,114.25,13.5,27.25,0.54305
1020,207.75,328.25,12.25,24.75,0.54204
1020,317,371.25,14.75,29.25,0.54182
1020,202.25,34.75,13.25,26.5,0.54178
1020,276.75,415.75,16,31.5,0.54147
1020,40.5,321.5,12,24.25,0.54084
1020,365,360.5,15.5,31,0.53944
1020,509.5,306.5,13.25,26.5,0.53922
1020,567.5,426.5,14,28.25,0.53858
1020,357.25,356.25,13.75,27.5,0.53726
1020,293.5,382.75,13,25.75,0.53725
1020,460,353.25,15.5,31.5,0.53584
1020,452.25,365.75,15.25,30.75,0.53532
1020,302.25,195,13.25,26.5,0.5348
1020,405.5,417.75,14,28,0.5343
1020,249,30.25,13.5,27,0.5333
1020,580,392.5,16.25,33,0.53318
1020,307.75,371.5,15,29.75,0.53274
1020,125.5,394.5,13.5,27,0.53264
1020,239.5,297.25,12.75,25.25,0.53233
1020,426.5,242,13.5,26.5,0.53212
1020,340,44,19,38.25,0.53193
1020,216,368.5,12,24,0.53133
1020,288,233.5,12.5,25.25,0.53038
1020,8.5,142.5,12.25,24.5,0.53013
1020,385.75,299.25,14,27.75,0.53003
1050,278.25,358,13.5,27,0.58749
1050,564.75,426.5,14.25,28.5,0.56568
1050,36.25,313,15,30,0.56476
1050,604.25,398.25,14.25,28.25,0.56427
1050,519.5,403,13,26,0.55828
1050,164.5,250.75,14.5,29.25,0.5554
1050,207.75,22.5,12.75,25.25,0.55303
1050,319,367,13.25,27,0.55066
1050,19.5,223.25,12,24.25,0.55065
1050,277.25,413.75,14,28,0.55038
1050,572.25,411.75,15.25,30.75,0.54951
1050,325.5,376.25,13.5,27,0.54672
1050,541.5,431.5,12.5,25.25,0.54435
1050,332.25,361.5,12.75,25,0.54333
1050,132.5,359.75,15.75,32,0.54249
1050,0.5,237.5,15.25,30.75,0.54206
1050,44,304.25,14,27.75,0.5419
1050,325,366.75,14.75,29.5,0.54088
1050,212,400.5,15.75,31.75,0.54058
1050,293.75,354.5,15.5,31,0.54015
1050,285,369,15.25,30.75,0.53986
1050,268.5,411,15.25,30.5,0.53935
1050,253,24.5,13.75,27.5,0.53935
1050,604,421.75,15.25,30,0.53866
1050,262.25,398,13,26,0.53857
1050,99.75,383,16.25,32.75,0.53856
1050,84.25,364.25,17.25,34.5,0.53812
1050,172.5,385,15.75,31.5,0.53778
1050,59.5,354.5,15.75,31.5,0.53742
1050,206.75,356,14.75,29.5,0.53732
1050,305.75,192.5,14.25,28.75,0.53706
1050,601.75,262.5,17.75,35.75,0.5367
1050,253.25,305.25,14.75,29.5,0.5364
1050,590.75,287,13.25,26.25,0.53606
1050,304.75,360.75,12.5,24.75,0.53599
1050,302.25,18,14.25,28.5,0.53556
1050,145.75,207,17.5,35,0.53535
1050,429.25,411.5,13.5,27,0.53533
1050,416,207.5,12.75,25.25,0.53511
1050,412,351.25,16.25,32.25,0.53491
1050,194,12.5,16.5,33,0.53472
1050,159.5,407.75,12.75,25.25,0.53429
1050,93,410.75,14,28,0.53412
1050,556.5,277,21.5,43,0.53409
1050,355.75,375.75,16,32.5,0.53388
1050,500.75,411.75,17.5,34.75,0.53384
1050,398.5,389.75,13.25,26.5,0.53367
1050,580.75,350.5,16,32.5,0.5334
1050,269,303.5,13,25.75,0.53297
1050,103.25,68.25,22.25,44.5,0.53297
1050,413.5,388.75,13.25,26.25,0.53278
1050,188,33.5,14.75,29.5,0.53249
1050,124.75,404.5,15,29.5,0.53236
1050,214.5,354.75,12.25,25,0.53229
1050,229.5,323.5,14,27.5,0.53223
1050,565.25,346.5,14.25,28.75,0.53218
1050,476,397.25,13.25,27,0.53205
1050,562.75,402,16.75,34,0.53198
1050,235.75,313.25,15.5,31.25,0.53189
1050,627.75,312.25,13.25,26.25,0.53179
1050,124.75,408.25,15,30,0.53153
1050,608.5,281.5,12.5,25,0.53135
1050,276.5,401.25,15.5,31,0.53107
1050,221,6.5,13.25,26.5,0.53049
1050,275.25,400.5,12,24,0.53045
1050,487.5,366.75,12.75,25.5,0.53018
1050,516,372.25,14.5,28.75,0.53009
1080,523.75,425,15.75,31.25,0.56739
1080,422,402.25,14.5,28.5,0.55698
1080,173.25,383,15,30,0.54963
1080,322.75,348.5,18.25,36.25,0.54958
1080,356.5,346.5,15.25,30.25,0.54943
1080,445.25,396.25,14,28,0.54653
1080,156.25,395.5,15.25,30,0.54489
1080,453.25,397,14,28,0.54218
1080,445.25,411,14.5,28.75,0.54173
1080,30.25,383.5,12,23.75,0.54113
1080,532,415.75,13.25,26,0.54068
1080,317.5,340,14.25,28.75,0.54043
1080,291.5,361,15.5,31.25,0.53946
1080,148.75,395.75,14.25,28.5,0.53878
1080,517.25,419.75,13.25,26.5,0.53856
1080,179,150.5,35,70,0.53839
1080,343.75,349.5,14,28,0.53798
1080,22.25,3,27.5,54.75,0.53712
1080,483.5,235.75,24.75,49,0.53712
1080,56,284.25,12.25,24,0.53699
1080,581,379.5,14.5,28.75,0.53654
1080,516.5,231.25,13,26,0.53626
1080,12.5,109.75,12.25,24.5,0.53569
1080,522.25,167.5,40.5,81,0.53517
1080,260.75,15.5,12,24.25,0.53513
1080,38.75,69.75,60.25,120.25,0.53504
1080,488,198.5,12.25,24.5,0.53434
1080,173.75,161.5,12.75,25.75,0.53385
1080,556,419.25,13.25,26.75,0.53343
1080,28,400.75,16.5,32.75,0.53343
1080,21,113.5,28.5,56.5,0.53321
1080,252.25,395.5,17.5,35.25,0.53243
1080,346,359.25,12.75,25.75,0.53232
1080,540.25,420.25,13.75,27.25,0.53225
1080,263.5,384,13,26.25,0.53207
1080,344.75,52.75,12,24.25,0.53198
1080,588,365,14.75,29.5,0.53128
1080,156.75,345.75,14.5,29,0.53102
1080,122,397,29.5,58.75,0.53098
1080,218,343.75,12.75,25.25,0.53093
1080,416.75,69.25,13.5,27,0.53075
1080,116,389.75,20.5,41.5,0.53058
1080,262.5,398.25,13,25.75,0.53058
1080,436.75,410.75,16,32,0.53051
1080,436.5,399.25,13.5,27,0.53046
1080,412,375.75,16,32.5,0.53018
1080,165.5,364.75,13.25,26.25,0.53001
1110,276,319.5,16.75,33.5,0.56973
1110,565.25,349.75,13.25,26.75,0.56748
1110,220.25,320,16,31.5,0.55543
1110,28.75,308.75,14,28,0.55385
1110,612.75,410.25,14.5,29.25,0.55197
1110,331.75,424.25,13.25,26.75,0.55118
1110,-2.5,91.25,26,52,0.5489
1110,364.5,298.5,14.5,29,0.54784
1110,422.25,407.25,27,54.25,0.54678
1110,180.75,130.75,41.25,82.75,0.54655
1110,534.25,150,12,24.25,0.54582
1110,213.75,415,13.25,26.5,0.54551
1110,355.75,298.5,13.5,27,0.5454
1110,588.75,367.75,12.25,24.5,0.54344
1110,68.75,356.75,15.25,30.5,0.5419
1110,603.75,411.5,15.75,31,0.54173
1110,317.5,428,13.25,26.5,0.54123
1110,62.5,412.5,13,26.5,0.54082
1110,157.75,162,12.75,25.5,0.54069
1110,556.5,315.25,12.5,25.25,0.53995
1110,177.25,384,12.5,24.75,0.53963
1110,33.75,347,18.5,37.5,0.53959
1110,538.75,414.5,16.75,33.5,0.53951
1110,437.25,419.5,14.75,29.5,0.53939
1110,268.5,331.5,14.75,29.25,0.53935
1110,149,427.5,14.5,28.75,0.53882
1110,-2,436.75,16.75,33.5,0.53878
1110,63.75,364.5,11.75,23.75,0.53844
1110,290.25,312.25,12.5,24.75,0.53817
1110,429.25,346.75,13.25,26.5,0.53803
1110,597,365.25,14.25,28,0.53787
1110,300.5,309.75,13.5,26.75,0.53785
1110,418.75,414.25,18.75,37.75,0.5377
1110,29.25,290.25,14,28,0.53751
1110,142.25,340.25,12,24.5,0.53592
1110,269,363.75,13.75,27.25,0.53567
1110,142.25,429,12.75,25.5,0.53558
1110,163,153.75,18.75,37.75,0.53532
1110,212.75,317.75,14.25,29,0.53498
1110,20.75,285.25,15.75,31.5,0.53494
1110,355.5,335.75,16.75,33.25,0.53456
1110,402.25,412.25,13.75,27.25,0.53433
1110,331.75,366.25,16.5,33,0.53349
1110,350,340,13.25,26.5,0.53348
1110,548.25,406.75,13.75,27.25,0.53346
1110,76.25,403.5,15,29.75,0.53314
1110,183.5,391.25,12.75,25.75,0.53172
1110,439.5,400,12.5,25.25,0.53164
1110,164.75,396.5,14.25,28.5,0.53144
1110,452.25,13.5,32.25,64.75,0.53116
1110,204.25,323.75,14.5,29,0.5309
1110,555.5,420,15.25,30,0.53025
1110,53.75,291.5,14.5,29.5,0.53024
1110,438.25,204,13.25,26.5,0.53019
1110,395.25,402.75,36,72.25,0.53011
1140,253.75,413,13.5,27.25,0.55311
1140,356.5,342,15,30.25,0.55271
1140,565.25,377.25,13.5,27.25,0.55252
1140,340.75,388.25,14.5,28.75,0.54862
1140,300,372.25,13.75,27,0.54843
1140,588.5,386.75,14.25,28.25,0.5479
1140,487.25,127.25,13.25,26.5,0.54639
1140,394.75,119.75,13.25,26.25,0.54612
1140,572.75,370,13.75,27.5,0.54588
1140,403.75,355.5,15.25,30.75,0.54447
1140,15,60.25,12.25,24.5,0.54301
1140,229.5,403.75,14,28,0.54182
1140,605.25,348,15.25,30.25,0.54113
1140,494,339.75,13.5,27,0.54105
1140,557,363.25,15,30,0.54074
1140,276.75,382.5,15.5,31,0.54067
1140,448,189.25,27.5,55,0.54067
1140,557.5,355,14.25,28.75,0.54065
1140,333.5,388.25,14.5,28.75,0.54063
1140,156,429.75,13.75,27.25,0.54007
1140,564.5,350,14.75,29.75,0.53865
1140,595.5,333.25,16,32.25,0.53821
1140,124.5,295.75,12.75,25.25,0.53782
1140,177.25,401.5,17,33.75,0.53714
1140,149,431.25,14,28,0.537
1140,342,336.75,13,25.75,0.53684
1140,298,284,26,52,0.53667
1140,455.25,375.5,12.75,25.5,0.53621
1140,191.75,418,12.25,24.5,0.53616
1140,13.5,300,20.5,40.75,0.53544
1140,364.75,319.5,15.75,31.5,0.53544
1140,236.5,412.5,14,28,0.53508
1140,604,323.5,14.5,29,0.53467
1140,196,423.5,13,26,0.53467
1140,373,382.75,14,28,0.53456
1140,244,399.75,13.75,27.75,0.53435
1140,334,71.75,12.75,25.5,0.53419
1140,286.75,195.25,15,30,0.53398
1140,170.75,170.5,14.5,29.5,0.53384
1140,354,190.25,18.75,37.75,0.53341
1140,382,398.75,13,26,0.53223
1140,485.25,377,12.75,25.5,0.53217
1140,260.75,410,15,30.25,0.53192
1140,24.5,269.75,12,24.25,0.53186
1140,268.25,408.5,15.5,31,0.53162
1140,134.75,163.75,13,26,0.53157
1140,468.75,345,12.25,24.5,0.53132
1140,374,285,14,28,0.53119
1140,154.25,157.75,12.25,24.25,0.53085
1140,318.5,364.75,13.25,26.5,0.53079
1140,485.5,381.75,15.25,30.75,0.53068
1140,399.5,289.25,13,26,0.53061
1170,229.25,379,14.25,28.5,0.56026
1170,164.25,368.25,12.25,24.25,0.55698
1170,497.75,184.25,36.25,72.5,0.553
1170,421.75,412.5,14,27.75,0.54904
1170,349.75,433.75,15.5,31,0.54648
1170,455.5,386.25,14.75,29.5,0.545
1170,247.25,5.25,14.25,28.5,0.54469
1170,61,408.75,12.5,25.25,0.54446
1170,394.75,306,20,40,0.54434
1170,254,2,14.75,29.5,0.54358
1170,260.5,8,12.5,25,0.5428
1170,107.5,403.75,15.75,31,0.54231
1170,252.25,418.5,15,30,0.54138
1170,493.5,428,13.75,28,0.5393
1170,279.5,190,27,54,0.53781
1170,507.5,412,16.75,33.5,0.53765
1170,68,406.75,16.25,32.5,0.53741
1170,92.25,413.25,15.75,31.5,0.53704
1170,493,405.75,15.5,30.75,0.53685
1170,412.75,385.5,16.75,33.75,0.5353
1170,493.75,331.5,13.25,26.5,0.53491
1170,44,411.5,15.25,30.25,0.53484
1170,369,305.75,13.5,27.25,0.53475
1170,484.75,413.5,13.75,27.25,0.5347
1170,328,263.75,13.5,27,0.53459
1170,245.25,398.25,14.5,29,0.53402
1170,403.75,383.5,16.25,32.75,0.53387
1170,294,91.5,15.5,31,0.53357
1170,253.25,388.5,15,29.75,0.53315
1170,341,412,14.25,28.75,0.53285
1170,396.75,351,11.75,24,0.53205
1170,604.25,420.5,14.75,29.25,0.53199
1170,366.25,343.75,14.5,28.75,0.53199
1170,84.25,424.25,16,32,0.53191
1170,51.5,412.25,15.75,31.25,0.5319
1170,277.5,190.75,21,42.25,0.53156
1170,533.25,414.5,13.5,27,0.53137
1170,432.75,281,12.25,24.5,0.53136
1170,332.5,261.5,17.5,34.75,0.53134
1170,80.75,322.25,12.25,24,0.53123
1170,149,356.75,13.75,27.5,0.53081
1170,-0.25,155,13.25,26.25,0.53071
1170,336,200.25,14,28,0.5306
1170,236.75,372.5,16,32.25,0.53051
1170,318.5,308.75,14,27.5,0.53033
1170,456,376.25,12.5,25,0.53033
1170,387.75,410.5,16.75,33.5,0.5302
1200,484.75,412,13.75,27.75,0.58258
1200,300.25,389,13.75,27.75,0.56806
1200,302,330.25,15,30,0.56001
1200,476.75,389,12.75,25.75,0.55468
1200,340.75,404.75,14,27.75,0.55163
1200,502.25,428,14,28,0.55148
1200,557.25,346.25,14.25,28.75,0.54983
1200,252,13.25,13.25,26.25,0.54938
1200,428.75,411,14.75,29.25,0.54617
1200,575.5,433.25,12.5,25.25,0.5453
1200,140.75,423.75,14.25,28.75,0.54507
1200,278,428.75,12.75,25.25,0.54476
1200,188,30.5,14.75,29.25,0.54315
1200,156.75,419.75,13,26,0.54215
1200,15,177.25,12.5,25,0.5421
1200,253,372.25,14.75,29.5,0.54107
1200,548.5,424.75,14.75,29.75,0.54073
1200,323.25,334.25,18,35.5,0.54043
1200,116.5,347.5,15.5,30.75,0.54035
1200,474.75,350,13,25.75,0.54008
1200,620.25,358.25,12.25,24.5,0.53987
1200,279.5,318,13,25.75,0.53915
1200,572.75,343.75,13.25,26,0.53905
1200,51.25,117.75,16.5,32.75,0.53863
1200,89.75,375.5,21,42.25,0.53804
1200,-1.25,55.75,15.75,31.5,0.53778
1200,547.25,327.75,17,34,0.53777
1200,261.25,52.25,14.5,29.25,0.53715
1200,428.5,402.5,14.25,28.25,0.5365
1200,365.5,392,14,28,0.53622
1200,54.5,416.25,12.25,24.75,0.53553
1200,452.75,347.25,14.5,28.75,0.53541
1200,381.5,417.5,15.5,30.5,0.5354
1200,564.25,350.25,15.25,30.25,0.53506
1200,626,199.25,14.75,29.5,0.53494
1200,268,40.5,12.25,24.5,0.53477
1200,541.75,424.75,12.75,25.25,0.53448
1200,372.75,386.25,12,24,0.53444
1200,524.25,407.5,15,30,0.53439
1200,428,369,20.25,40.5,0.53398
1200,204.25,318.5,16.25,32.5,0.53387
1200,44.5,385.25,12.25,24.75,0.53368
1200,174.5,303,12.75,25.75,0.53276
1200,532.25,426.25,13.75,27.25,0.53271
1200,373,346,15.25,30,0.53269
1200,555.5,335.25,17.25,34.5,0.53242
1200,132,156.25,34.25,68.5,0.53218
1200,93,161.25,13.5,26.5,0.53215
1200,510.25,134.5,13.25,26.5,0.53203
1200,445,412.5,14.25,28.5,0.53197
1200,347.5,326.75,15.25,30,0.53153
1200,548.5,395.5,15.25,30.5,0.53124
1200,285.5,190,13,25.75,0.53114
1200,180,366.25,14.75,29.25,0.53111
1200,390,103.75,13.5,27,0.53097
1200,397.5,330,16,31.75,0.53088
1200,136.75,417,11.5,23.25,0.53066
1200,549.5,342.5,13.5,27.25,0.53016
1200,114,149.75,42,84,0.53015
1200,564.75,341.75,14.25,28.25,0.53006
1230,375.75,416.5,12.75,25.75,0.56794
1230,563,123.75,14.25,28.25,0.5548
1230,164.25,28.75,12.25,24.25,0.55324
1230,149,29.25,12.75,25.25,0.5469
1230,612.75,351,14.25,28.25,0.54499
1230,204.25,367.25,12.5,25,0.54411
1230,582,383.5,13.25,26.75,0.54396
1230,115.75,30.25,14,28,0.54193
1230,182.5,36.5,14.75,29.5,0.54172
1230,309,396,14.5,29.25,0.54119
1230,128,407,13,25.75,0.53997
1230,139.25,10.25,13,26,0.53995
1230,151.75,116.5,44,88,0.5398
1230,428.75,378,20.5,41,0.53957
1230,171.75,27.75,13,26.25,0.53955
1230,324.5,394.5,15.75,31.5,0.53848
1230,135.25,47.25,12.5,25,0.53737
1230,123.5,414.25,13.25,26.5,0.53651
1230,194.25,345.25,11.75,23.5,0.5348
1230,411.75,357.5,15.25,30.5,0.53469
1230,412.5,380,12,24,0.53395
1230,278,43.75,13.25,26.25,0.53362
1230,216.25,379.75,27.25,54.5,0.53345
1230,388.5,357,13,26,0.53284
1230,428.25,356.5,12.5,24.75,0.53272
1230,236.75,76.75,13.75,27.5,0.53252
1230,552,390.75,14.75,29.5,0.53238
1230,82.75,81,11.5,23,0.53167
1230,200.5,109.25,64,128,0.53156
1230,412.25,116.5,12.5,25.25,0.53125
1230,485.5,416,12.75,25.25,0.5308
1230,572.25,210.75,14.75,29.5,0.53069
1230,599.5,72.75,18.5,36.75,0.53067
1230,199.75,37.75,13.25,26.5,0.53046
1230,332.25,380.75,13.75,27.75,0.5304
1230,374.5,404.25,12,24.25,0.53009
1260,149.75,358.25,13.25,26.5,0.54877
1260,623,110.5,19,38,0.54613
1260,278,45.5,13.25,26.5,0.54522
1260,210.5,106.5,68.5,136.75,0.54409
1260,563.25,453.75,12.25,24.5,0.54044
1260,575.5,433.5,13.75,27.5,0.53846
1260,196.25,277.5,13.25,26.5,0.53831
1260,130.75,14.25,13.25,26.5,0.53709
1260,218.75,29.75,14,28.25,0.53679
1260,239.5,331.75,12.25,24.25,0.53612
1260,164.5,29.75,12,24,0.53605
1260,294.5,360.5,11.75,23.75,0.53585
1260,103.5,153,14,27.75,0.53584
1260,179.25,364.75,16.5,32.75,0.53547
1260,404,370.5,12.5,24.75,0.53488
1260,172.25,26.75,13,25.75,0.53462
1260,208,31,12.5,24.75,0.53288
1260,172,364.75,17,34.25,0.53202
1260,237.5,350.5,13.25,26.5,0.53178
1260,40.5,189,12.5,25.25,0.53136
1260,114,433.75,15.5,31,0.5308
1260,64.25,392.5,11.75,23.5,0.53041
1260,324,376,12.75,25.25,0.53034
1260,308.5,193.5,17,34,0.53002
1290,456,193.25,31.5,62.75,0.55224
1290,510.25,420.25,16,32.25,0.54828
1290,307.25,397,18,36.25,0.54697
1290,53.75,96.75,17,34,0.54261
1290,-5.75,137.75,45.75,91.5,0.53928
1290,15.5,422.5,14.75,29.75,0.5386
1290,116.75,381.25,12.75,25.75,0.5375
1290,246,423.75,13.25,26.25,0.53734
1290,375,374.25,13.5,26.75,0.53545
1290,-4.5,99.25,37.25,75,0.53518
1290,236.5,320.75,12.5,24.75,0.53432
1290,313.5,195.25,17.25,34.25,0.5343
1290,284.75,298.25,15.25,30.75,0.53355
1290,433.5,168.5,24,48,0.53298
1290,562.75,29.75,12.5,25.5,0.53296
1290,625.75,70.25,14.5,29,0.53169
1290,598,451.5,13.5,27,0.53075
1290,602.5,221.5,15,30,0.53027
1290,229.75,377.75,14.75,29.25,0.5301
1320,441,185,47.75,95.75,0.5487
1320,12.75,434.25,13.5,27.25,0.54617
1320,588.75,267,14.5,29,0.54568
1320,410,151.75,15,30.25,0.54123
1320,270.5,197,41,82.25,0.53842
1320,380,262,13.75,27.25,0.53809
1320,252,135.5,12.5,25,0.53636
1320,475.75,246,13.75,28,0.53635
1320,478,87.5,13.5,27.25,0.5348
1320,423.5,192,43.75,87.5,0.53249
1320,547.25,259.75,15.75,31.5,0.53222
1320,268.75,117,11.5,23,0.53198
1320,314,193.5,16.75,33.75,0.53197
1320,-1.75,172.25,21.25,42.5,0.53195
1320,80.5,104,19.25,38.25,0.53192
1320,48,150,25.25,50.75,0.53185
1320,452.75,12.25,16.75,33.5,0.53126
1350,141.25,12.75,15,30,0.5626
1350,564.25,416.25,15.25,30.5,0.55643
1350,85,22.5,14,28.25,0.55449
1350,300.25,303.25,14.75,29.5,0.55364
1350,261,395.25,15,30.25,0.55334
1350,518.25,412.5,14.5,29,0.55159
1350,355.75,282.5,15.25,30.5,0.54975
1350,333.5,324.75,14,27.5,0.54769
1350,284.75,26.75,14.75,29.5,0.54756
1350,229.5,20,13.5,27.25,0.54752
1350,276.25,329.25,16,32.25,0.54692
1350,333.5,264.75,13.75,27.5,0.54575
1350,165.75,12.75,13.75,27.75,0.54412
1350,246.25,3.25,13.75,27.5,0.54304
1350,309.5,324.5,14.25,28.75,0.54239
1350,235.5,413.25,18.5,36.75,0.54167
1350,459.75,195.5,33.75,67.25,0.54132
1350,396.5,422,15.25,30.25,0.54074
1350,410.5,154.25,14.75,29.5,0.54031
1350,357.75,327,13.25,26.75,0.54017
1350,116,298.25,11.75,23.75,0.54015
1350,107,25.75,13.75,27.5,0.53955
1350,468,407.25,13,26,0.53913
1350,283.5,15.5,18.25,36.5,0.53899
1350,609.75,77.75,34.5,69,0.53885
1350,341.5,332.5,16.25,32.5,0.53851
1350,276,277.75,14,28,0.53839
1350,364,261.75,12.75,25.75,0.53827
1350,475.75,403.5,17.25,34.5,0.53792
1350,271.5,110.5,19,38,0.53619
1350,493.5,84,14,27.75,0.53543
1350,356.25,270.75,15.25,30,0.53528
1350,117,8.5,15,30,0.53497
1350,301.75,196.5,15.5,31,0.53468
1350,64.5,336.75,12.25,24.5,0.53432
1350,180.25,12.25,14.5,29,0.53407
1350,532.5,428.75,14.5,28.75,0.53405
1350,324.75,275,15.25,30.75,0.53399
1350,356.5,418.75,15.25,30.25,0.5339
1350,377.75,289.25,22,43.75,0.53379
1350,340.5,281.25,14.5,28.75,0.53301
1350,100,309,14.25,28,0.53227
1350,346.5,300.75,17.5,35,0.53145
1350,364,422.5,13,26,0.53141
1350,156,5.75,13.25,26.25,0.53111
1350,474.5,399,13.25,26.5,0.53078
1350,364.75,282.25,16,32.25,0.53073
1350,54,100.5,16.75,33.75,0.53069
1350,380.5,415.5,16,31.75,0.53022
1350,356.75,375.25,13,26,0.53009
1350,389.75,329,14.5,29.25,0.53003
1380,212.5,32.25,13.75,27.5,0.54248
1380,496.25,90.25,13,25.5,0.53856
1380,213.5,411.25,15,29.75,0.53798
1380,279.75,27.75,12.75,25.75,0.53736
1380,279.75,16.5,13.25,26.5,0.53464
1380,396,167.25,15.25,30.75,0.53358
1380,389.75,66.25,14.5,29.25,0.53337
1380,50.25,135.25,21.25,42.75,0.53323
1380,196,38.25,13.5,27,0.53301
1380,182.75,22,13.25,26.25,0.5326
1380,93,248.25,13.25,26.5,0.5316
1380,516.75,133,11.5,23,0.53138
1380,460.5,119.75,12,24,0.53106
1410,95.5,160.5,14,28,0.55146
1410,396.5,440.75,16.5,33.25,0.54558
1410,415.75,159.25,14.75,29.5,0.54405
1410,236.5,379.25,13.75,27.5,0.54354
1410,99.5,121.5,34,68,0.54329
1410,124.25,29.75,12.25,25,0.54026
1410,315.75,8,12.75,25.25,0.53805
1410,355.5,383.75,12,24,0.53744
1410,123.5,429.25,13.5,27,0.53709
1410,365,441.75,15,30,0.53644
1410,223.5,120.75,52.25,104.75,0.53516
1410,124.75,156.75,14.75,29.25,0.53475
1410,267.25,217.5,30.25,60.5,0.53433
1410,325.5,445,14,27.75,0.53423
1410,468,198.5,38.25,76.75,0.53345
1410,50.25,162.25,13,26,0.53321
1410,12.5,444.75,15.75,31.5,0.53308
1410,221,379.5,14.75,29.5,0.53303
1410,180,257.25,14.5,28.75,0.53221
1410,583,29.75,66.5,133,0.53219
1410,260.25,376,16,32,0.53213
1410,340.75,206,11.75,23.5,0.53177
1410,107.5,157.5,15,30.25,0.53104
1410,351,376.25,12.25,24.5,0.53084
1440,196.75,379.75,15,30,0.5651
1440,52,409,15.5,30.75,0.56305
1440,460.5,363.25,14,28.25,0.5595
1440,387,378.25,18,35.5,0.5563
1440,508.5,380.5,14.5,29.25,0.55559
1440,477,405.5,13.75,27.5,0.5541
1440,92.25,385.75,14.75,29.75,0.55248
1440,227.25,391,13,26,0.55094
1440,516.25,427.25,14.75,29.5,0.55046
1440,149.5,367,14,27.5,0.5496
1440,92.25,410,15.5,30.5,0.54953
1440,492,379.75,16,32.25,0.54937
1440,403.75,376.25,12.75,26,0.54892
1440,26.25,108,13,26,0.54741
1440,443.75,302.75,19,38.25,0.54729
1440,125.75,407,13.25,26.25,0.54719
1440,363.5,354.25,17.75,35.5,0.54629
1440,501.5,419.75,14.5,29.25,0.54504
1440,581.75,383.25,13.25,26.5,0.54499
1440,299.5,394.75,14.25,28.25,0.54446
1440,108,394.5,15.25,30.75,0.54375
1440,556,378.75,13.5,27,0.54294
1440,99.75,413,16,32,0.54229
1440,140.5,378.5,16,31.5,0.54218
1440,157,145.5,78,156,0.54189
1440,496,78.5,12.25,24.5,0.54187
1440,436.75,402,12.5,24.75,0.54012
1440,390,405.25,13.25,26.25,0.53956
1440,365,347.5,14.75,29.25,0.53927
1440,572.25,428.25,14.25,28.25,0.53917
1440,148.5,394,15.25,30.5,0.53909
1440,28.5,406.25,14.25,28.25,0.53899
1440,118.25,397.25,14,27.75,0.53896
1440,355.5,335,16.5,33.5,0.53789
1440,60.75,312,13.25,26.5,0.53787
1440,486.25,77.75,16.5,33.25,0.53784
1440,421.5,394.75,15.25,30.5,0.53761
1440,313.75,236.75,14.25,28.25,0.53683
1440,396.5,373.5,13.75,27.75,0.53649
1440,85.75,369,13.75,27.25,0.53577
1440,60,392.75,12.5,25,0.5356
1440,500.75,379,14,27.75,0.53519
1440,500.75,358.75,14,28.25,0.53509
1440,342.75,358.25,13,25.75,0.53509
1440,196.5,16.5,11.75,23.5,0.53496
1440,116.75,300,15.75,31.5,0.53463
1440,43.25,88.5,24,48.25,0.53461
1440,341.5,59.5,25,50,0.53453
1440,58,150,72,143.75,0.53405
1440,502,79.75,13,25.75,0.53364
1440,432,12.5,20.5,41.5,0.53358
1440,261,380.25,15,30.25,0.53354
1440,572,360.5,16.25,32.5,0.53317
1440,258.5,305.5,13,26,0.53304
1440,628.5,60,12.25,24.75,0.53289
1440,410,394.5,13.25,26.5,0.53282
1440,404.5,390,13.5,26.75,0.53282
1440,86,392.25,13.25,26,0.53249
1440,470.5,412.75,13.25,26.25,0.53214
1440,408,376.5,12.5,25,0.53183
1440,252,205.25,12.5,25,0.53177
1440,466.5,363.5,18.5,37.5,0.53138
1440,173.5,412.25,14,28,0.53112
1440,345.75,390.5,15.25,30.75,0.53107
1440,116,378,12.25,24.5,0.53081
1440,445.5,404.5,14.75,29,0.53038
1440,44.25,321,15.25,30.75,0.53038
1440,483,385,15.25,30.25,0.53035
1440,21.25,404.75,14.75,29.25,0.5302
1470,412.75,395.75,13.25,26.5,0.56734
1470,84.25,361.25,16,32.25,0.56136
1470,172.5,376.5,12.5,25,0.56095
1470,156,384,15,30.25,0.55452
1470,151.5,352,12.5,25,0.55344
1470,60,368.5,16.75,33.75,0.55266
1470,20.5,356.25,15.75,31.5,0.54981
1470,476.75,412.75,17.5,35.25,0.54938
1470,67,365.75,17.75,35.25,0.54769
1470,44.5,268.25,26.5,53,0.54709
1470,348.5,419,13.25,27,0.54665
1470,50.5,297.5,13.5,27,0.5453
1470,604.5,378.75,14.25,28.5,0.5449
1470,259.5,373.25,16.75,33.25,0.54395
1470,332.25,388,12.5,24.75,0.54386
1470,619.75,65.5,21.25,42.5,0.54354
1470,406.25,312.75,12.5,24.75,0.54333
1470,37.25,360,13.25,26.5,0.54295
1470,180.5,395,15,30.25,0.54274
1470,219.25,417.25,15.75,31.5,0.54254
1470,164.25,386.25,15.75,31,0.54165
1470,204,365,16,32,0.54113
1470,196.5,368.5,16,31.75,0.54083
1470,60.5,361.5,14.75,29.25,0.54044
1470,325,400.25,15.75,31.5,0.53981
1470,435,384,17.75,35.75,0.53957
1470,75,366,17.75,35.25,0.53935
1470,60,150.25,31.5,63,0.53913
1470,343,207.25,16.25,32.75,0.53912
1470,453,394,15.75,31.5,0.53886
1470,333.5,398.5,13,26,0.53874
1470,179.25,376,12.75,25.25,0.53778
1470,583,417.75,29.5,58.5,0.53729
1470,581.25,393.25,14,28.25,0.53692
1470,223.5,120,63.25,126.75,0.53634
1470,220.5,356.5,13.5,27,0.53613
1470,27.75,85.5,21.5,43.25,0.53563
1470,565,396.5,13.25,26.75,0.53538
1470,53.5,271.5,15.25,30.5,0.53525
1470,237.25,418.25,16.5,32.5,0.53518
1470,612.5,376.25,14.5,29,0.53515
1470,212.5,364.5,15.25,30.5,0.53412
1470,99.75,407.75,16.25,32.5,0.53403
1470,147.75,395,16.5,32.75,0.53375
1470,588.5,385,12.25,24.5,0.53361
1470,443.75,415.25,13.5,27.25,0.53281
1470,52,143,33,65.75,0.53246
1470,519,359.75,12.25,24.75,0.53239
1470,221,381,13.5,27.25,0.53207
1470,212.75,378.5,15,29.75,0.53188
1470,52.75,362,14.25,28.75,0.53143
1470,84.25,417.25,16.25,32,0.53125
1470,116.75,415.5,15.25,30.5,0.53116
1470,339.75,80,20.25,40.5,0.53114
1470,294.5,67.5,15,29.75,0.53113
1470,148.25,384.75,16.25,32.5,0.53088
1470,149.5,372,14,28,0.5308
1470,456,138.5,19.5,39.5,0.53065
1470,2,156.25,12.75,25.75,0.53045
1470,364,408.25,16.75,33.5,0.5304
1470,187.5,394,16.75,33.5,0.53038
1470,139.5,398.25,16.5,33,0.53033
1470,364.25,368.5,13,26,0.53025
1500,212,367.5,16.25,32.5,0.57027
1500,243.5,366,17.5,35.25,0.56623
1500,219.75,344.75,14.5,28.75,0.56152
1500,588.25,343.75,12.5,24.75,0.55991
1500,452,367.25,16.5,33,0.558
1500,232,64.25,12.75,25.5,0.55671
1500,364.75,276.5,16,32.25,0.55656
1500,460.5,368.5,15,30,0.5557
1500,333.75,366.25,14.25,28.75,0.55511
1500,468.5,326.5,13,26.25,0.55339
1500,421.25,347.5,14.5,28.75,0.55307
1500,467.5,347.5,17,33.75,0.55022
1500,316.25,60.25,12,23.75,0.54984
1500,564.75,441.25,14,28,0.54818
1500,556.75,443.75,14.25,28.5,0.54778
1500,253.75,357.5,13.75,27.75,0.54764
1500,517.75,370.75,14.75,29.5,0.54646
1500,278.25,348.5,13,26,0.54497
1500,218.75,358.5,12.75,25.75,0.54491
1500,603.75,440.75,16,31.75,0.54459
1500,492.75,371,15.5,31,0.5439
1500,580.5,442.5,15.5,31.25,0.54377
1500,347.75,255.25,14.75,29.25,0.54346
1500,405.25,301.5,13.75,27.75,0.54276
1500,231.25,366.5,13.75,27.75,0.54218
1500,468,450,13.75,27.25,0.54099
1500,412.25,295.5,12.5,25.5,0.54076
1500,581.25,341.75,14,27.75,0.5406
1500,381.25,362.5,14,28.5,0.54041
1500,376,439.25,12.25,24.25,0.54007
1500,501.25,438,13.5,27,0.53998
1500,557.25,336.5,12.5,25.25,0.53976
1500,220,366,17,34.25,0.53927
1500,349.5,352.25,16.75,34,0.53924
1500,236.5,437.5,13.25,26.75,0.53875
1500,404,338.5,15.25,30.75,0.53852
1500,549,445.75,14.25,28.75,0.5385
1500,428.25,365.75,17.25,34.5,0.53768
1500,509,375.75,13.25,26.25,0.5376
1500,525.5,323.75,13.75,27.5,0.53735
1500,307.5,363,18.5,37.5,0.53687
1500,572,441.75,15.5,30.75,0.5366
1500,69,411.25,14.5,28.75,0.53639
1500,311.75,48.75,12.25,24.25,0.53639
1500,20.25,340,14.25,28.75,0.53635
1500,-2.25,52,18,36,0.53628
1500,352.25,135,18.25,36.5,0.53595
1500,162,33,12.25,24.5,0.53551
1500,290.75,323,16.5,33.25,0.53529
1500,5.75,69.5,33.25,66.5,0.53516
1500,236.25,370,15.25,30.5,0.53513
1500,485,12.75,151.5,302.75,0.53493
1500,-1.5,118.75,12.75,25.5,0.53481
1500,395.75,355,17,33.75,0.53397
1500,588.5,394,14.5,29,0.53364
1500,476,366,14.25,28.25,0.53356
1500,227.75,358.75,13,25.75,0.53292
1500,123.75,333.75,13.25,26.5,0.53289
1500,262,358.75,13.75,27.75,0.53275
1500,318.25,346,13.25,26.75,0.5327
1500,244,310.25,13,26,0.53268
1500,421.5,261,14,28.25,0.53265
1500,284.5,337.25,12,24.25,0.53253
1500,412.25,340.5,14.75,29.75,0.53233
1500,139.25,366.25,13.25,27,0.53228
1500,358,357.5,13.5,27,0.53218
1500,312.25,312.5,11.75,23.5,0.532
1500,269.25,438.5,13.5,27,0.53191
1500,533.25,371.5,15,29.75,0.53162
1500,178.75,415.25,13.25,26.5,0.53161
1500,484.5,364.75,14,28.25,0.53139
1500,315,365.5,17.25,34.5,0.53138
1500,252.25,367,16.75,33.5,0.53119
1500,468.75,369.75,16,32,0.53092
1500,488.25,327.25,12,24,0.53088
1500,428.75,383,13.75,27.25,0.53063
1500,-0.75,75.75,13,25.75,0.53063
1500,261,365.75,15,30,0.5306
1500,148.5,434.5,15,30,0.53041
1500,444,365,17.5,35,0.53038
1500,225.5,425,11.5,23,0.53037
1500,604.75,211.5,13,26.25,0.5303
1500,367,363.5,13.75,27.5,0.53026
1530,412,387.75,15.5,30.75,0.58268
1530,260.75,407,13,25.75,0.56806
1530,477.25,375.75,14.25,28.5,0.56601
1530,108,417,15.5,31.25,0.56114
1530,204.25,428.5,12.5,24.75,0.5552
1530,420.25,394.75,16,32.25,0.55059
1530,173,419.25,14.25,28.75,0.54988
1530,572.25,385.75,15.5,30.75,0.54915
1530,596,388.5,14.75,29.75,0.54903
1530,277.25,358.75,13.5,26.5,0.54838
1530,284.75,360,15,30.25,0.54782
1530,124.5,423.75,15.75,31.75,0.54739
1530,-1.25,159,17.25,34.25,0.54681
1530,166.25,431.25,12.5,25,0.54604
1530,260,351,17.25,34.25,0.54502
1530,218.25,163.5,14.5,29,0.54459
1530,564.75,433.75,15.25,30.75,0.54337
1530,484.25,370.75,14.75,29.5,0.54325
1530,341,421,13.5,27.25,0.54256
1530,437,330.75,14,28,0.54235
1530,613.25,433.25,14.75,29.5,0.54226
1530,548,368.75,13.75,27.75,0.54126
1530,149,423,13.75,27.5,0.54087
1530,164.5,344.75,15.25,30.25,0.54048
1530,101.25,408.5,12.5,25,0.5402
1530,302,388.25,12.25,24.25,0.54011
1530,173.25,343.75,14.75,29.75,0.53963
1530,322.75,417.25,15.75,31.25,0.53948
1530,450.75,357.5,17.75,35.25,0.53878
1530,604,388.75,14.75,29.25,0.53833
1530,181,332.75,13.5,27.5,0.53711
1530,564,401.75,15.5,31,0.53695
1530,397.25,321,12.75,25.25,0.53601
1530,479,265,12.5,24.75,0.53599
1530,588.75,390.25,13.5,27,0.53595
1530,450.75,393.5,18.25,36.5,0.5359
1530,508.75,331,14.75,29.5,0.53574
1530,241.5,208.25,28.5,57,0.53547
1530,134,378.5,14,28,0.53485
1530,180.5,421.75,13.25,26.5,0.53449
1530,269,346.5,12.75,25.5,0.53438
1530,508.75,362,13.75,27.75,0.53437
1530,60.25,191.75,12,24,0.53431
1530,299,43,18.25,36.25,0.53416
1530,132.25,408.75,15.5,31,0.53363
1530,245,406.25,14.5,28.75,0.53302
1530,220.25,381.75,13.5,27,0.53265
1530,8.75,143.5,24,48,0.53207
1530,156.25,317.5,13.75,27.5,0.53189
1530,188,429.25,13.75,27.25,0.53186
1530,530,270.75,12,23.75,0.53137
1530,516.5,352.75,12.25,24.5,0.53126
1530,258.5,394.5,12,24.25,0.53125
1530,446.5,335.75,14.5,28.75,0.53118
1530,236.25,200.75,11.75,23.5,0.53116
1530,588.25,433.25,14,28,0.53104
1530,155.75,414,16.75,33.75,0.53101
1530,223.5,374.75,29.5,59,0.53096
1530,444.5,418,15.25,30.25,0.53084
1530,-0.5,434.5,16.5,32.75,0.53039
1530,172.75,394,15,30,0.53031
1530,452.25,384.75,15,30.25,0.53025
1560,334.75,405.5,13.75,27.25,0.56498
1560,483,432,15.5,31.5,0.5511
1560,326.25,364.75,14.25,28.75,0.54926
1560,524.25,384.5,15.75,31.5,0.54677
1560,582.75,390.25,13.25,26.5,0.54519
1560,333.5,415.75,12.5,25,0.54502
1560,524.25,413.75,13.5,27,0.54383
1560,434.5,399.25,18,36.25,0.54266
1560,407.75,326.75,13,26,0.54215
1560,21.75,174,17.75,35.25,0.5419
1560,-5.5,179,43.5,87.25,0.5417
1560,309.5,382.5,14.75,29.25,0.54159
1560,518.5,441.25,13,26.25,0.54114
1560,412.5,411.75,14.5,29.5,0.54086
1560,439.5,360.25,12.75,25.25,0.54027
1560,84.5,417.25,15.5,31,0.54017
1560,551.25,417.75,13.75,27.5,0.53957
1560,411.25,380.5,17.75,35.25,0.53863
1560,511,388.75,15.5,31.25,0.53854
1560,19.75,384,16.75,33.25,0.53839
1560,173,380.5,15.25,30.25,0.5373
1560,155.75,397.25,16,32.25,0.53725
1560,618.75,310.25,22,43.75,0.53713
1560,619,65.75,21.75,43.5,0.5361
1560,148.5,369.5,15.25,30.75,0.53567
1560,29,393,15.25,30.25,0.53487
1560,611,266.75,17.25,34,0.53417
1560,625.75,31.5,15.25,30.25,0.53408
1560,515,213.25,12.5,25,0.53373
1560,207,100.5,75.25,150.5,0.53344
1560,156,366,15.75,31.75,0.53316
1560,148.25,59.5,11.75,23.5,0.5329
1560,28.5,385.25,15,29.75,0.53273
1560,446.25,71.75,12.5,25,0.53269
1560,358,292.25,14.75,29.25,0.53257
1560,76.25,401.75,15.25,30.75,0.53253
1560,383,296.5,12.75,25.75,0.53222
1560,517.75,393,13.25,26.25,0.53213
1560,371.25,393,14.75,29.5,0.53171
1560,370.25,296.25,12,23.75,0.53158
1560,444.5,435.5,16.5,33.25,0.53154
1560,61,179,16,32,0.53151
1560,302.5,366.25,13.75,27.5,0.53139
1560,316,378.5,15.75,31.25,0.53129
1560,108.25,406,13.5,27,0.53105
1560,344,282.25,13.5,27,0.53064
1560,522.5,80,14.75,29.25,0.53041
1560,468.25,383.25,12.5,25,0.53038
1560,421,408,15.25,30.25,0.53011
1560,74.75,371.75,29.5,58.75,0.53001
1590,519.25,447.75,12.25,24.75,0.57164
1590,86.75,7.25,13,25.75,0.55706
1590,389,391,13,25.75,0.556
1590,221.25,385,14.5,28.75,0.55353
1590,21.25,359,13,25.75,0.54628
1590,293.75,312.75,12.5,25,0.54527
1590,262.75,344.75,12.75,25.25,0.54354
1590,468,377.5,15.75,31.75,0.54337
1590,277.5,427,14.25,28.75,0.54278
1590,250.25,398.25,13,26.25,0.54192
1590,158,408,12.5,25,0.54076
1590,445,348.25,14.25,28.75,0.54011
1590,556.25,212.5,13.5,27,0.53946
1590,545,378,19.75,39.75,0.53902
1590,-1.75,202.75,15,30.5,0.53885
1590,119.75,416.25,12.25,24.5,0.53855
1590,212,384.75,16.5,32.75,0.53787
1590,388.5,362.5,15.75,31.75,0.53702
1590,555.5,43,13.5,27,0.53632
1590,626,220,14.25,28.75,0.53603
1590,336,403.75,13.5,26.75,0.53593
1590,293.75,279,13.25,26.5,0.53551
1590,182.75,390,13.5,26.75,0.53521
1590,195.25,305.5,16,32.5,0.53488
1590,572,358.25,16,32,0.53436
1590,362.25,300.25,12.75,25.5,0.53393
1590,203.75,198.25,12.5,25,0.53387
1590,27.5,418,16.25,32.5,0.53369
1590,546.25,184.25,27.5,54.75,0.53364
1590,596.5,320.5,12.25,25,0.53295
1590,222.5,408.25,13,26,0.53267
1590,266,120.25,13.25,26.75,0.53252
1590,243,406,16.75,33.75,0.53249
1590,516.5,412.75,13.75,27.25,0.53238
1590,141,377.75,15,30.25,0.53212
1590,262.5,89.25,13.25,26.25,0.532
1590,223,192.5,12,24,0.53188
1590,294,359.25,13.25,26.5,0.53186
1590,90.75,429,11.5,23,0.53163
1590,435.75,368.5,16,32,0.53103
1590,419,414.5,18.5,37.25,0.53099
1590,80.25,376.5,12.25,24.75,0.53074
1590,428.25,398.25,14,28.25,0.5306
1590,317.25,427.25,14.25,28.75,0.53036
1590,167,41.75,12,24.25,0.53016
1590,303.25,390.75,17.75,35.25,0.53009
1620,292.25,380,16.25,32.25,0.56683
1620,572.25,401.75,13,26,0.56187
1620,301,379.25,15,29.5,0.55105
1620,516.75,408,13.5,27,0.54651
1620,589.25,287.25,13.25,26.25,0.54414
1620,325,405.25,14.5,28.75,0.542
1620,564.75,413,14.25,28.25,0.54194
1620,500.5,408.25,14.75,29.5,0.54133
1620,88.25,17,13.25,26.25,0.54106
1620,374.5,316.5,12,23.5,0.54094
1620,22,405.25,13.5,26.5,0.54093
1620,405,405.5,13.75,27.25,0.53951
1620,301.75,288.5,16.75,33.5,0.53898
1620,446,336.75,12.25,24.5,0.53865
1620,212.25,400.25,12.25,24.75,0.53842
1620,615.75,174.75,26,51.75,0.53773
1620,284.5,420.75,12,24,0.53706
1620,472.5,248.75,19.75,39,0.53681
1620,523.75,386.25,14.25,28.25,0.53659
1620,316,383.25,17.25,34,0.53648
1620,597,406.5,13.75,27.75,0.53638
1620,452.5,415,14.75,29.5,0.53629
1620,340.5,312.25,12,24.25,0.53608
1620,324.25,382.75,16.75,33.25,0.53586
1620,477,377.5,14,27.75,0.53543
1620,221.75,371.75,12,24.25,0.53529
1620,426.5,363.75,13,26,0.53512
1620,243,94,17.5,35,0.53509
1620,398.25,378.5,14.25,28.5,0.53424
1620,200,390.75,12.75,25.5,0.53424
1620,581.75,281.5,13.25,26.75,0.53424
1620,171.25,415,31.75,63.25,0.53395
1620,236,312.75,16.75,33,0.53394
1620,613.75,410,12.75,25.75,0.53393
1620,261.5,407,13.75,27.75,0.53388
1620,555,211.25,21,41.75,0.53372
1620,253.75,80.25,14,27.75,0.53303
1620,262.75,306,12.5,24.75,0.53292
1620,603.75,284.75,14.25,28.25,0.53218
1620,467.75,381.5,16.75,33.25,0.53102
1620,395.75,414.25,16.75,33.5,0.53098
1620,522.5,255.5,18,36.25,0.53087
1620,46.75,325.25,12,24,0.53084
1620,518.25,424.5,12.5,25,0.53078
1620,395.5,327.25,13.75,27.25,0.53054
1620,454,376.75,13.5,26.75,0.53045
1620,309.25,381.25,15,30,0.53029
1620,21,417.5,15,30.25,0.53004
1650,84.75,338.75,15.25,30.75,0.57623
1650,108.25,427.5,14.5,29.25,0.56613
1650,295.75,315,12.5,25.25,0.55654
1650,533.75,397.25,13,26,0.55323
1650,93,341.75,14,28.25,0.55241
1650,597,330.5,14,28.25,0.55189
1650,342.25,329.25,13.25,26.5,0.54817
1650,76.25,399.5,16.25,32.5,0.54792
1650,92.75,384.75,13.5,27.25,0.5478
1650,343.75,310,14,28,0.54727
1650,395.75,424.5,12.25,24,0.54612
1650,432,359.25,12.75,25.25,0.54611
1650,333,385.5,15.5,30.75,0.5454
1650,556.5,434.5,15,29.75,0.54529
1650,357.25,176,14,27.75,0.54511
1650,484,378.25,15,30,0.54338
1650,508.75,415.5,15.25,30.5,0.54229
1650,141.5,373.25,14.5,29.25,0.54202
1650,317.25,363.25,14.5,29.25,0.54177
1650,125,363.75,14,28.25,0.54173
1650,556.75,388.5,14.75,29.5,0.54162
1650,324.5,374.25,14.5,28.75,0.54108
1650,588.5,333.25,14.25,28.5,0.54101
1650,332.75,330,16,32.25,0.54071
1650,617,294,25.25,50.5,0.53954
1650,-2,234.75,16,32,0.53918
1650,299.25,304.75,17.25,34.25,0.53885
1650,69.75,403.75,14.25,28.75,0.53844
1650,538.25,351,18,35.75,0.53651
1650,518,212.25,15,30,0.53642
1650,453.25,375.75,12.75,25.75,0.53586
1650,52.25,411.5,15,29.75,0.53571
1650,548.5,340,15.25,30,0.5357
1650,379.5,334.5,16.5,32.5,0.53536
1650,429.25,418,14,27.75,0.53527
1650,302,364.75,13.25,26.5,0.53521
1650,0.25,162.25,12.75,25.5,0.53516
1650,94,400.5,16,32,0.53507
1650,167.25,336.75,12.5,25,0.53504
1650,260.75,183,15,29.75,0.53477
1650,274.75,114.25,12,24.25,0.53451
1650,-1.5,155.75,14,27.75,0.53447
1650,573.5,328,13.25,26.25,0.53446
1650,526.25,297.5,12.25,24.25,0.53426
1650,314.5,348,15.25,30.75,0.53405
1650,579.75,321,16.25,32.25,0.53392
1650,92.5,417.75,15,29.75,0.53382
1650,477,426.25,14,27.75,0.53381
1650,164.5,442.75,15,30.25,0.53372
1650,556.25,199.75,15.25,31,0.53348
1650,221,428,15,30.25,0.5334
1650,308.75,307.25,15,29.75,0.53311
1650,85,401.75,15.5,30.75,0.53295
1650,469.25,426.25,14.75,29.5,0.53274
1650,579.75,353.5,16.75,33.5,0.53246
1650,419.25,263,14.5,29,0.5324
1650,357,158,12.75,25.5,0.53222
1650,141.75,394,13,26,0.53219
1650,469,356.75,15,29.75,0.53215
1650,317.25,379.25,14.75,29.5,0.53141
1650,570,171.75,24.5,48.75,0.53136
1650,540.25,342,13.75,27.75,0.53131
1650,124.5,423,13,26,0.53128
1650,459.75,373.25,14.75,29.25,0.53113
1650,380.75,415.75,12,24,0.53063
1650,243.5,379.25,14.5,28.75,0.53056
1650,92.25,406.5,13,26.25,0.53056
1650,373.75,336.25,12.75,25.25,0.53015
1650,364,343.75,16.5,33.5,0.53009
1680,389.75,341.75,13.75,27,0.56072
1680,276.5,383.75,16,32,0.55639
1680,276.5,410,15.75,31.5,0.55596
1680,548.5,340,15.25,30.25,0.55428
1680,397,413.5,13.75,27.5,0.55394
1680,452.75,366.5,15,30,0.55041
1680,108.75,361.25,14.75,30,0.5503
1680,524.5,379.75,13.75,27.5,0.54836
1680,44.25,252.5,14.25,28.5,0.54713
1680,599.5,141.25,20.75,41.75,0.54586
1680,368.5,337.25,11.75,23.75,0.54527
1680,237,356.5,13.25,26.75,0.5449
1680,260.75,369,15.25,30.25,0.54414
1680,420.25,417.75,16.75,33,0.54381
1680,445.75,222,13,26.25,0.5437
1680,503.25,416.25,16.5,33.25,0.54353
1680,148.5,431.25,15,30,0.54286
1680,204.25,367,15.5,31.25,0.54286
1680,196.25,366.5,16.25,32.25,0.5426
1680,380,415.75,16.25,33,0.54244
1680,595.75,331.25,15,29.75,0.54177
1680,313.75,270.75,31.75,63.5,0.5414
1680,556.75,403.75,15.75,31.25,0.54109
1680,180.5,426.25,15.5,30.75,0.54054
1680,605.75,391,13,26,0.5404
1680,445.75,431.5,12.5,25.25,0.54034
1680,572,338.5,15.25,30.5,0.54009
1680,246,367.75,15.25,30.75,0.54002
1680,140.25,409,16,32.25,0.53889
1680,469,402.5,15.75,31.5,0.53857
1680,188,364.75,14.75,29.75,0.53841
1680,501,355,15.25,30.25,0.53829
1680,498,419,15,30,0.53826
1680,405,418.75,14.5,28.75,0.5377
1680,188.25,376,16.5,33.25,0.53719
1680,60.5,401.5,15,30,0.53711
1680,548.5,414.5,15.25,30.5,0.53704
1680,374,424.75,13,25.5,0.53587
1680,523.5,11,12.75,25.75,0.53498
1680,580.75,363.5,14.75,30,0.53498
1680,87.75,185,14.5,29.5,0.53497
1680,435,349,17.75,35.5,0.53492
1680,84.5,387.5,15.5,30.75,0.53421
1680,550,314.75,13.5,27,0.53411
1680,453,293,13.25,26.5,0.53399
1680,620.5,396.25,12,24,0.53387
1680,85.5,405.25,14,28.25,0.53383
1680,196.75,357.25,14.5,29.25,0.53321
1680,189.5,372,26.75,53.5,0.53314
1680,237.5,393.75,13.75,27.5,0.53304
1680,165.75,384,13.25,26.25,0.53288
1680,238.5,408.75,11.75,23.5,0.53226
1680,340.5,290.25,15.5,31,0.5318
1680,452,419.5,13.75,27.75,0.53161
1680,132,430.5,16,32,0.53159
1680,309,272.75,15.25,30.5,0.53125
1680,12.75,314.25,14.75,29.5,0.53112
1680,6.5,406.5,12.75,25.5,0.53097
1680,302.75,262,13.5,27,0.53075
1680,141.75,348.25,12.75,25.75,0.53048
1680,389.5,428.75,14,28,0.53048
1680,348.75,311.5,12.5,24.75,0.5303
1680,365.5,410,13.5,27.25,0.53007
1710,389.75,408.5,13.75,27.25,0.57682
1710,212.75,357.5,14.5,28.75,0.57585
1710,419.75,399.5,17,33.5,0.56481
1710,220.25,356.25,15,30,0.56124
1710,581,371.25,14.5,29.5,0.56017
1710,134.75,335,13.25,26.25,0.55963
1710,148.25,402.25,15.75,31.25,0.55492
1710,259.25,382.5,17.5,35,0.55095
1710,99.25,359,17,33.75,0.54965
1710,188.25,411.25,13.5,27,0.54566
1710,412.5,400.5,16,32,0.54554
1710,259,350.75,15.75,31.75,0.54545
1710,117.5,355.5,14.5,29,0.54518
1710,164,354,16.25,32.25,0.54492
1710,148.5,353,15.25,30.5,0.54438
1710,364,353,17.5,34.5,0.54422
1710,67.5,398.5,16.5,33,0.54346
1710,469.25,369.25,15.25,30.25,0.54345
1710,172.25,383.25,15.75,31.25,0.54292
1710,340.75,348,14.5,29,0.54266
1710,99.75,298,15.75,31.75,0.54247
1710,291.75,257,15.5,31,0.54185
1710,284.75,302.25,15.75,31.75,0.54129
1710,372.5,341,11.75,23.5,0.54095
1710,148.75,382.25,14.75,29.75,0.54085
1710,157.25,313,13.25,26.75,0.54055
1710,572,379.75,15,30,0.54049
1710,564,345.25,15.75,31,0.54039
1710,220,286.5,16.75,33.5,0.54037
1710,572,368,15,30,0.54009
1710,492.25,337.5,15.75,31.75,0.53922
1710,382,411.5,13.25,26.5,0.5383
1710,229.25,260.75,14.75,29.25,0.53827
1710,384.5,310.5,13.25,26.5,0.53819
1710,525.25,347.75,14.75,29.25,0.53767
1710,317.25,352.25,14.75,29.75,0.53728
1710,508.75,364.25,14.25,28.75,0.5372
1710,167.75,182,19.5,39,0.53692
1710,242.25,328.75,12.25,24.25,0.53666
1710,116,415.5,16.75,33.5,0.53658
1710,381.25,376,12,24,0.53635
1710,228.5,354.25,15.5,30.75,0.53618
1710,407.75,324.25,13,26,0.53614
1710,172.5,360,14.25,28.25,0.53613
1710,40.5,376.25,12.25,24.5,0.53602
1710,74.75,317.75,17.25,34.5,0.53601
1710,397,428,13.75,27.5,0.53596
1710,107.25,368.25,16.75,33.25,0.53554
1710,284.25,337.5,17.25,34,0.53544
1710,324.25,338.25,16.25,32.25,0.53522
1710,308.75,334.5,13.75,27.25,0.5352
1710,52.25,212.75,12.75,25.75,0.53498
1710,236.75,418.25,14.5,29,0.5348
1710,84.5,330.75,15.25,30.5,0.53477
1710,580,384.75,16,32,0.53462
1710,101.75,391.5,13,25.75,0.53431
1710,108.25,293.25,13,26,0.53407
1710,484.25,380,14.25,28.5,0.53395
1710,290.25,268.25,19.25,38.5,0.53377
1710,324.25,313.25,16.75,33.5,0.53373
1710,376.5,426.25,11.75,23.5,0.5337
1710,77.25,331.75,13.5,27.25,0.53355
1710,116.75,369.5,15,30,0.53307
1710,133.75,409.5,14.5,29,0.53301
1710,445.25,397.75,13.5,27.25,0.53285
1710,294.75,96.5,14.25,28.5,0.53258
1710,340.75,324.75,15.75,31.5,0.53185
1710,359.5,391,12.75,25.25,0.53167
1710,-1.75,222,15.25,30.75,0.53166
1710,373.5,352.75,17.5,34.75,0.53151
1710,485,430.25,13,26,0.53151
1710,578,368,13.25,26.5,0.53129
1710,294.25,368.75,12.25,24.75,0.53124
1710,21,287.75,15.25,30.75,0.53109
1710,333.5,335.75,14,28,0.53099
1710,317.25,257.5,14.25,28.25,0.53096
1710,266.5,92.75,20,39.75,0.53082
1710,421,329.25,14.5,29,0.53081
1710,218.75,335.5,18,35.75,0.53081
1710,301,346.75,14.5,29,0.5308
1710,412.75,160,17.75,35.75,0.53061
1710,293,145,39.25,78.5,0.53057
1710,258,109.25,18.25,36.5,0.53056
1710,220.75,415.25,15.75,31.5,0.53055
1710,419.25,307.25,15.25,30.25,0.53052
1710,229.5,330.75,13.5,27.25,0.53051
1710,134,202.75,14.5,29,0.53048
1740,148.75,344,15,30.25,0.56288
1740,454.25,275.25,13.25,26.25,0.5622
1740,324.25,366.75,16.5,33,0.56179
1740,133.25,347,14.75,29.25,0.55141
1740,99,270.25,12.25,24.5,0.55098
1740,348,272,15,30,0.55058
1740,29.5,283.5,13.5,27,0.54965
1740,412.25,410.75,12.5,25.25,0.54945
1740,134.25,42,14.25,28.25,0.54836
1740,51.75,401.5,15.25,30.5,0.54721
1740,107.5,24.5,13.25,26,0.54627
1740,235.25,390.75,13.25,26.75,0.54494
1740,281.75,279.5,19.75,39.5,0.54481
1740,134.75,391,13,26,0.5444
1740,564.75,339.25,14.75,29.75,0.54393
1740,336.5,57.25,12,23.75,0.54357
1740,92.75,270.5,13.25,26.25,0.54326
1740,213.25,392.25,14.5,29.25,0.54309
1740,12.25,287.5,15.5,31.5,0.54177
1740,279,278,13,25.75,0.54175
1740,155,23.5,17.75,35.25,0.5416
1740,483.75,308.5,13.5,27,0.54134
1740,437.5,268.25,12.75,25.5,0.54092
1740,619.75,295.25,12.75,25.75,0.54069
1740,477.25,311.25,13.25,26.5,0.5405
1740,620.25,370.75,12.25,24,0.54018
1740,508.5,295.5,12.5,25.5,0.54006
1740,317.75,314.75,12.75,25.75,0.53966
1740,268.5,403.5,15.25,30.5,0.53963
1740,341.5,324.25,14.25,29,0.53932
1740,317.75,295.25,12.5,25,0.53904
1740,349.75,302.5,15.25,30.75,0.53903
1740,542,372.75,14.5,28.75,0.539
1740,520.5,116.75,50.5,101,0.53851
1740,277,396.75,15,30,0.5382
1740,472.5,304.75,11.75,23.5,0.53787
1740,364.5,408.5,11.75,23.75,0.5378
1740,516,316.75,16,32,0.53775
1740,611.75,344,16,31.75,0.53765
1740,333.75,324.75,14.25,28.25,0.53759
1740,119.75,247.75,12.75,25.75,0.53707
1740,468.5,263,12.75,26,0.53703
1740,156.25,408,12.25,24.5,0.53698
1740,20,303.5,15,30,0.53653
1740,78.25,297.5,14.25,28.75,0.53643
1740,257.75,105.75,20.25,40.75,0.53569
1740,342.25,414.75,12.75,25.25,0.53552
1740,196.75,364,14.5,29,0.53544
1740,262.25,368.75,12.25,24.25,0.53533
1740,533.75,311.5,12.75,25.75,0.53524
1740,406,334.25,12.75,26,0.53508
1740,9,209.25,12.5,25.25,0.535
1740,603.75,369.5,16,32.25,0.53495
1740,156,46.75,12.75,25.75,0.5349
1740,437,400.75,16,32.25,0.53463
1740,580.25,325,13.5,27,0.5346
1740,516.25,338.25,15.5,31,0.53448
1740,396,375.75,16.75,33.25,0.53422
1740,255.5,348,16.25,32.75,0.53385
1740,40.25,408.25,12.25,24.5,0.53373
1740,444.75,400.5,17.5,34.75,0.53319
1740,524.5,122.25,12,24.5,0.53285
1740,461.75,384.75,15.75,31.5,0.53281
1740,92.25,197.25,14.25,28.75,0.53263
1740,582.25,391.75,12.5,24.75,0.53257
1740,620.25,421.5,12.25,24.25,0.53244
1740,479,423.25,13.25,26.5,0.53241
1740,220.25,335.75,12.5,24.75,0.5323
1740,439.5,250.25,27.5,55.5,0.53201
1740,56.25,74.75,13.5,27,0.53194
1740,373.5,410.25,17.5,35.25,0.53187
1740,596.25,331.75,14.5,28.75,0.53185
1740,437.5,384.5,15.75,31.75,0.53144
1740,21.75,371.5,13,26.5,0.53116
1740,547.5,298.25,15.5,31,0.53085
1740,117.75,114.25,12.75,25.75,0.53073
1740,22.25,352,14.25,28.5,0.5307
1740,43.75,353,15.5,30.75,0.53065
1740,548.5,307,15,30,0.53061
1740,296.25,76,16.5,33.25,0.53045
1740,139.75,398.5,16.75,33.25,0.53042
1740,93,262.25,14,28.25,0.53031
1740,60.75,399.5,12.5,25,0.5303
1740,470.25,411,12.75,25.5,0.53004
1770,172.75,327.25,12.75,25.5,0.56889
1770,292.25,273.5,15.5,31,0.55897
1770,370.5,319.25,14,27.5,0.55612
1770,302.25,279.5,13.25,26.75,0.55443
1770,310.25,277,14.5,28.75,0.5502
1770,148.75,345.5,14.5,29,0.54994
1770,564,421.75,15.25,30.5,0.54983
1770,610.75,186.25,19.25,38.75,0.54969
1770,448,392,12.5,25,0.54944
1770,134,392,14,28,0.54655
1770,428.25,334.5,13,26,0.54578
1770,607,189.25,12.5,25.25,0.5456
1770,149.25,238.5,13.25,26.5,0.54478
1770,582,26,13,26.25,0.54376
1770,618.5,207.5,22.5,44.75,0.5429
1770,93.5,415,12.5,25.25,0.54275
1770,172.5,309,14,27.75,0.54152
1770,332,389.75,13.5,26.75,0.54136
1770,164,315.25,16,32.25,0.54129
1770,173,318,13.75,27.25,0.54069
1770,246,335.5,12.75,25.25,0.53981
1770,388.75,141.25,13.75,27.5,0.53977
1770,539.75,363.5,14.75,29.5,0.53964
1770,606.5,175.75,13.25,26.5,0.53961
1770,428.5,402.75,15,30,0.53956
1770,277,277.5,14.75,29.5,0.53823
1770,457.5,205.5,19,38,0.53821
1770,604.75,334.75,13.5,27,0.53821
1770,229.5,341.5,13.25,26.25,0.53819
1770,424.25,303,12.75,25.5,0.53807
1770,421.75,406.25,13.75,27.75,0.53797
1770,65.25,263.25,13,25.75,0.53615
1770,115.5,395,18,36.25,0.53584
1770,370.5,329,12,24,0.53573
1770,295.75,400.5,12,23.5,0.53556
1770,332.75,376.75,12.25,24.25,0.53539
1770,580.5,32.75,16,31.5,0.53533
1770,621.5,296,14.25,28.5,0.53506
1770,156.25,327.75,15.25,30.75,0.535
1770,581.5,349.5,13.75,27.5,0.53496
1770,333.25,350.75,14.5,28.75,0.53479
1770,433.25,195.25,42.25,84.5,0.53465
1770,156,353.25,12.75,25.5,0.5342
1770,404.75,187.25,17.75,35.5,0.53403
1770,567.75,384.25,12.25,24.75,0.53381
1770,-3,63,22.5,44.75,0.53378
1770,252.5,289,15.5,30.75,0.53358
1770,563,353,17.5,35,0.53351
1770,457.25,167.25,19.25,38.5,0.53296
1770,172.75,367.5,15.25,30.25,0.53242
1770,284.75,388.75,11.5,23.25,0.53217
1770,278,387.25,14,27.75,0.5321
1770,140.5,73.75,12,24.25,0.53209
1770,501.25,361.25,14.5,29.5,0.53193
1770,254.5,56.25,19,38.25,0.53188
1770,501,412.25,14.25,28.25,0.53168
1770,584.25,110.5,13,26,0.53167
1770,414.5,422,12.5,25,0.53146
1770,612,61,16,32.25,0.53143
1770,389,413,13,25.75,0.53136
1770,604,30.75,13.75,27.75,0.53103
1770,107,396.75,17.75,35.25,0.531
1770,75.5,262.75,12.75,25.75,0.5309
1770,447.5,353,14.5,29,0.53089
1770,61,307,14,28,0.53083
1770,318,301,12.25,24.5,0.53075
1770,166,400.25,13.25,26.5,0.53075
1770,76.25,281.25,15.25,30,0.53072
1770,140.5,368.25,15.75,31.5,0.53034
1770,340.5,400.5,12,24,0.53018
1770,516,370.25,16,31.75,0.53016
1770,451,404.25,17.5,34.75,0.53008
1770,219.75,293.5,16.5,33.5,0.53002
1800,172.75,379.75,14.5,28.75,0.58295
1800,284,403.25,14.75,29,0.57097
1800,555.25,289,13.75,27.5,0.56473
1800,260,406.25,14.25,28.25,0.56414
1800,499.75,258.5,13.5,26.5,0.56326
1800,165.5,381.25,13.5,27,0.56226
1800,555.5,280.75,14.25,28.75,0.55645
1800,388.25,353.25,16,32.25,0.55431
1800,439.25,19.75,22.5,44.75,0.55196
1800,76.75,267.75,14.75,29.25,0.55058
1800,517.5,367.75,13.25,26.75,0.54937
1800,76.25,398.75,15.25,30.75,0.54884
1800,527.25,85.25,13.75,27.25,0.54569
1800,283.5,352.75,14,28,0.54534
1800,299.75,8,16,31.75,0.54453
1800,478,391.5,13.25,26.5,0.54429
1800,158.5,375,13.25,26.5,0.54157
1800,238.5,310.5,13,25.5,0.54148
1800,147.5,329.25,16.5,32.75,0.54136
1800,252.5,352.75,12,24,0.54123
1800,181,357.25,13.75,27.5,0.5412
1800,53,306.5,13.75,27.75,0.54058
1800,327.25,111.75,12.75,26,0.54038
1800,51.5,368,16.25,32.25,0.5392
1800,411.5,360.25,16.25,32.75,0.53882
1800,115.75,344.5,12.25,24.75,0.53859
1800,309,414,14.75,29.5,0.53827
1800,199,374.75,13.25,27,0.53682
1800,68.5,272.5,16.25,32.75,0.53676
1800,626,22.75,13.75,27.25,0.53657
1800,549.25,103.25,16.5,33,0.53636
1800,315.75,448.25,12.75,25.75,0.53498
1800,276.5,349.75,12.25,24.5,0.5345
1800,119.75,344.5,12.25,24.5,0.53444
1800,511.25,85.75,14.25,28,0.53411
1800,52,403.5,15.25,30.5,0.53405
1800,268.75,404.25,14.25,28.5,0.53395
1800,276.5,401.5,16.5,32.75,0.53384
1800,284.75,413.25,13.75,27.25,0.53355
1800,29.5,191.25,25.25,50.25,0.53346
1800,487.5,375.5,12.5,25,0.53281
1800,525.25,415.25,13.75,27.5,0.53245
1800,581.5,388.75,14,28,0.53243
1800,229,98.75,13.25,26.5,0.53215
1800,95,116.25,14.5,29,0.53206
1800,347.25,400.25,16.75,33.75,0.5319
1800,496,359.75,12.25,24.5,0.53181
1800,228.5,361.75,16.25,33,0.5317
1800,572,387.5,15.75,32,0.53164
1800,157.75,319.5,12.75,25.75,0.53147
1800,409.75,136.5,63.75,127,0.53121
1800,211.75,198,15.75,31.25,0.53106
1800,204,359.25,16.25,33,0.53097
1800,506.5,31.25,37,74,0.53095
1800,380,386.25,13.25,26.5,0.53037
1800,564.5,377,15.25,30.5,0.53032
1800,187,386,14.5,28.75,0.53024
1800,358.25,417,12,24,0.53022
1800,373.25,369.5,14.75,29.5,0.53019
1830,419.75,315.75,13.25,26.5,0.56651
1830,43.75,397,16,32.25,0.55208
1830,316.25,305,15.75,31.25,0.54683
1830,444.25,280.5,12.25,24.25,0.54511
1830,294.5,304,12.75,25.75,0.54476
1830,279.75,355.75,12.75,25.5,0.54334
1830,416.75,371,48.5,97.25,0.54292
1830,374,377.75,39.25,78.5,0.53944
1830,195.5,383.5,16.5,33,0.53924
1830,527,282.75,13.25,26.25,0.539
1830,38.25,380.25,12.5,25,0.53857
1830,245.25,396.75,14.25,28.5,0.53738
1830,395,370.25,48.5,97,0.5373
1830,164.25,331.75,16,32,0.53643
1830,354.5,297.25,12.25,24.25,0.53642
1830,618.5,264.25,12.75,25.75,0.53632
1830,158,300,12.5,25.25,0.53628
1830,573,425.5,14.25,28.75,0.5356
1830,317.75,103.5,13.5,27,0.53453
1830,364.25,275.75,13.25,26.5,0.53388
1830,379.75,370.25,47.75,95.5,0.53386
1830,342.5,298.75,12.5,25,0.53294
1830,182.25,400.25,12.5,25,0.53261
1830,496.25,366.5,13,25.75,0.53245
1830,268.75,362.75,14.5,29,0.53195
1830,202.25,342.25,14.75,29.5,0.53166
1830,466,412.5,13.25,26,0.53138
1830,242.5,95.5,21.75,43.75,0.53126
1830,90.75,384,11.5,23,0.53092
1830,586.75,414,13.25,26.5,0.53092
1830,285.25,364.75,12,24,0.53059
1830,233.25,336.25,15,30,0.53056
1830,17.75,396.5,18.75,37.25,0.53041
1830,114.25,226.5,15.75,31,0.53036
1830,222.75,332.75,13.5,26.5,0.53013
