30,205.5,382.25,13.5,27.25,0.56912
30,229,381.75,14.5,29.25,0.55822
30,108.25,385.5,15,30.25,0.55589
30,301.25,429,14.75,29.25,0.55513
30,149,423.75,14,28.25,0.55493
30,332.25,397.5,16.25,32.25,0.5541
30,76.5,381,15.25,30.75,0.55255
30,115.25,306,16.5,33,0.54951
30,524.5,12,13.5,27,0.54867
30,188.5,385.25,13.5,27.25,0.54851
30,397,210,16,32.25,0.54747
30,293,400.75,15.5,31,0.54375
30,236.5,386.25,15.25,30.25,0.54338
30,283.75,78,12.75,25.5,0.54317
30,598.25,348.75,13.25,26.5,0.54255
30,572.5,120.75,37.75,75.5,0.54229
30,229.25,403.5,14.5,29,0.54204
30,348.25,429.5,13.75,27.25,0.542
30,347.75,393,15,30,0.542
30,85,387.75,15.25,30.25,0.54172
30,116.5,370.75,15.25,30.5,0.54121
30,132.5,383.5,13.5,26.75,0.54017
30,108.25,312.25,12,24,0.53981
30,310,387.25,13,26.25,0.53973
30,220.5,39,12.75,25.25,0.53919
30,492.5,412.75,16.5,33,0.53869
30,197.25,387.75,14.5,29.25,0.53794
30,99.75,391.25,15.5,31,0.5376
30,438.5,326.25,73.5,146.75,0.53682
30,220.25,384.75,15.75,31.25,0.53647
30,509,5.5,14.5,28.75,0.53642
30,212.75,384,13,25.75,0.53627
30,173.25,423,14.25,28.75,0.53616
30,355.5,389.75,16.25,32.5,0.53539
30,299.25,397.5,17,34,0.53534
30,92.75,404.25,14.5,29.25,0.53513
30,92.5,380.5,14.75,29.25,0.5338
30,148.75,385,12.5,25.25,0.53365
30,276.25,190.75,16,31.75,0.53362
30,88.25,129.25,12,24,0.53361
30,356.75,384.75,12.25,24.75,0.53352
30,268.5,399.75,14.75,29.5,0.53336
30,276.5,402,15.75,31.25,0.5331
30,365,417.25,15.5,31,0.53222
30,616.5,189.75,25,50,0.53203
30,116.75,387.25,14.25,28.5,0.53191
30,16,194.5,21,42.25,0.53144
30,44.75,383,13,26.25,0.53089
30,611.75,116.75,13,26,0.53079
30,579.25,55.5,12.25,24.5,0.5303
60,212.75,50.25,15,29.75,0.56754
60,356.75,416.75,14.5,29,0.56327
60,132.5,380.25,13.75,27.75,0.55573
60,197.5,388,14.25,28.5,0.55497
60,93,410.5,13.75,27.5,0.55187
60,229.25,388.75,14.25,28.5,0.55121
60,260.5,386,14,28,0.54992
60,205.25,382.75,13.75,27.25,0.54895
60,244.75,388.75,14,28,0.54842
60,76.25,378.75,13,25.75,0.54655
60,52.75,377,13.75,27.75,0.54644
60,253.5,389.25,13.75,27.5,0.54569
60,572.75,120.5,36.75,73.25,0.5454
60,197.5,384.25,13.75,27.5,0.54532
60,148.5,380.5,13.5,27,0.54254
60,276.75,389.25,15.25,30.5,0.54248
60,28.25,434.75,12.5,25.25,0.54226
60,237,390.75,13.25,26.5,0.54159
60,76.5,135.25,12.5,25.25,0.54076
60,220.5,391,13.25,26.25,0.54007
60,359.5,384.5,12.25,24.5,0.53999
60,79.25,373.75,13.25,27,0.53943
60,347.25,393.75,16.75,33.5,0.53908
60,292.25,432,12,24,0.53874
60,520,184.5,14.5,28.75,0.53797
60,220.75,411.25,14.5,29.25,0.53654
60,69.25,370.75,14.75,29.75,0.53561
60,580.75,316.25,14.75,29.5,0.53519
60,18.75,72.5,17,34,0.53505
60,316,188,12.25,25,0.53495
60,99,399.5,16.25,32.5,0.53467
60,44.5,382.25,13.5,26.75,0.53392
60,160,222.5,12,24,0.5336
60,209.5,396.5,19.5,39,0.53318
60,365.5,424,13.25,26.5,0.53282
60,116.25,397.25,15.75,31.5,0.5325
60,466.5,86,39,77.75,0.53243
60,615.5,189.25,26,52,0.53222
60,317.5,393,14.25,28.75,0.53202
60,76,381.5,14,27.75,0.53185
60,84.25,385.75,15.75,31.5,0.5311
60,116.25,367.5,16.5,33,0.53105
60,115.25,307.5,14.5,29,0.53061
60,355.75,394,12.5,25,0.53045
60,535.25,70,14.75,29.75,0.53038
90,197.25,385.5,15,30.25,0.58911
90,292.75,432,12.5,25,0.58534
90,100,414.75,15.25,30.25,0.56225
90,205.5,383.75,13.25,26.5,0.55483
90,221.25,413.25,13.75,27.75,0.55406
90,573,122.75,36.25,72.5,0.55267
90,108.5,375.5,14.5,29,0.55265
90,116.5,373,14,28,0.55125
90,581,303.75,13,26,0.54632
90,133.25,390,13.25,26.75,0.54555
90,31.25,382,12.75,25.75,0.54433
90,277,319,13,26,0.54392
90,276.25,410,15.25,30.75,0.54373
90,108.25,312,12.25,24.5,0.54305
90,53.25,376.75,13.5,27,0.54269
90,141.25,382.5,12.75,25.5,0.54204
90,116.25,395.25,16.5,33,0.54138
90,93,408.5,13.25,26.5,0.53877
90,261.25,383.5,13,26.25,0.53804
90,355.75,392.5,13.25,26.25,0.53799
90,36.75,387,14.75,29.25,0.5378
90,164,416,16.25,32.25,0.53769
90,356.75,417.5,14.75,29.5,0.53706
90,310.75,386.25,13,26,0.53682
90,492,412.5,16.5,33.25,0.536
90,195.25,320,13.5,26.75,0.53578
90,177.5,55.75,12.5,25,0.53568
90,216.5,230.75,12,24,0.53529
90,615.5,189.5,26,51.75,0.53485
90,229,384.75,14.75,29.25,0.53482
90,374.75,308.75,33,66,0.53476
90,365.25,425.75,14.75,29.5,0.53473
90,147.75,381,13.75,27,0.53415
90,214.75,319.25,12,24,0.5341
90,124,126,13,26.25,0.53378
90,180.75,295.75,22.25,44.5,0.53367
90,430.75,193.75,27,53.75,0.5325
90,69.5,375,13.5,27.5,0.53235
90,220.25,393.25,16.25,32.5,0.53218
90,189.75,381.5,13,26,0.53203
90,116.75,131,11.5,23,0.53187
90,68.5,380.5,13.75,28,0.53103
90,134.75,207.5,12.75,25.5,0.53028
90,300.25,429.25,13.75,27.25,0.53026
120,262,433.5,12.5,25.25,0.54572
120,74.75,414,12.25,24.75,0.54297
120,246.5,424.5,12.5,25.25,0.54248
120,221.25,72,12.5,25,0.54006
120,188.5,423,13.75,27,0.53897
120,203.75,312.75,12.75,25.5,0.53876
120,103,424.25,14.75,29.5,0.5387
120,124.5,100.5,12,24,0.53753
120,579.5,57.5,12.25,24.75,0.5366
120,159.5,379.75,12.5,25,0.53619
120,112,421.5,13.25,27,0.53586
120,213.75,401,13.75,27.25,0.53553
120,192.5,383.5,13.25,26.25,0.53543
120,556,361.75,27.25,55,0.53534
120,179.5,308.75,12.5,25.25,0.53516
120,299.75,425.5,15,30.25,0.53385
120,467.25,88,38,75.5,0.53313
120,604.75,353,11.5,23,0.53311
120,211.5,388,17.25,34.75,0.5325
120,164,422.25,14.5,29,0.53237
120,149.25,422.5,14.25,28.5,0.53226
120,199.5,383.5,13,26,0.53206
120,-1.5,227.5,12.5,25,0.53193
120,617.5,67.25,16.5,33.25,0.53179
120,205,397.25,14.75,29.5,0.53017
150,124.25,97,12.5,24.75,0.54098
150,77.75,303.25,12.5,24.75,0.53929
150,594.75,274,11.5,23,0.53685
150,216.25,272.75,24.5,49,0.53652
150,246,424.5,12.5,25,0.53644
150,278.75,400.75,11.5,23.25,0.53599
150,465,90.25,41.5,83,0.53545
150,268.5,407,15.75,31.25,0.53202
150,589,453,13,26,0.53188
150,352,372.75,11.75,23.5,0.53183
180,205,386.5,14.75,29.5,0.54669
180,614.25,51.25,27.25,54.5,0.53879
180,220.25,401.75,14.75,29.5,0.53463
180,282.5,72.75,11.75,23.5,0.53451
180,204,401.25,16.75,33.25,0.53281
180,617.5,195,24.5,49,0.53035
210,438.5,153.25,49,98,0.54823
210,146.75,383.25,17.75,35.75,0.5455
210,20.25,11.5,12.75,25.25,0.54207
210,31.75,193.75,12.5,25,0.54113
210,171.5,391.5,18,35.75,0.5372
210,395,214,16.5,33,0.53494
210,605,220,12,24.25,0.53444
210,109.5,90.25,13.25,26.5,0.5342
210,109,295.75,13.5,27,0.53258
210,491.75,84.75,12.75,25.25,0.53206
210,537.25,78,13.75,27.25,0.53085
210,141.5,417.25,12.25,24.5,0.53033
240,103.25,342.5,12.25,24.75,0.55464
240,-0.25,245.25,12.75,25.25,0.54519
240,60.5,232.75,14,28,0.54327
240,571.75,121.75,38.75,77.75,0.54257
240,339.75,247.25,47.5,94.75,0.54106
240,308.5,382.5,16,32.25,0.53924
240,201.5,288.25,12,24.25,0.53634
240,31.5,192.75,13,25.75,0.53592
240,316.75,369.75,14.25,28.5,0.53561
240,278.75,73.5,13,25.75,0.53522
240,438.5,153,49,98,0.53416
240,111.5,274.75,20.25,40.5,0.53394
240,125.5,351.5,14.5,28.75,0.53302
240,466.75,87.5,39.25,78.25,0.5328
240,222.25,293.5,11.75,23.75,0.53258
240,308.5,352.5,16.25,32.25,0.53159
240,150.5,57.25,27.75,55.25,0.53146
240,-2,228.75,16.25,32.75,0.531
240,218,397.25,14.75,29.5,0.53058
270,113.75,274.25,20.5,41,0.55067
270,212.75,388.5,15,29.75,0.54737
270,277.75,391.25,13.25,26.25,0.54138
270,124.75,124.5,12.25,24.5,0.54097
270,204.25,383,15.5,31,0.54082
270,308.5,382.75,16.25,32.5,0.53959
270,221.5,292.75,12.25,24.75,0.53928
270,572.5,122.75,37.75,75,0.53796
270,508.5,10.5,12.25,24.5,0.5374
270,284.25,400.25,16,31.75,0.53597
270,172.5,379.5,15.5,31,0.53431
270,467.25,86.75,37.75,75.5,0.53377
270,220,396,16.75,33.25,0.53368
270,504.25,180,12.75,25.5,0.53273
270,253.5,382.25,13.75,27.25,0.53225
270,109.25,88.5,13.5,26.75,0.53016
300,228.25,367.5,15.75,31.25,0.56611
300,308.25,381,16.5,32.75,0.55558
300,572.25,120.25,38.25,76.25,0.5523
300,276.25,74.25,12.5,25.5,0.54636
300,317,381,14.75,29.5,0.54625
300,285,387.75,14.5,29,0.54608
300,-10.75,217.75,115,230.5,0.54429
300,262.25,398,13,26.25,0.54311
300,356,380.5,13.25,27,0.54105
300,114.25,272.5,21.25,42.75,0.53851
300,324.25,379.75,16,32.25,0.53786
300,33.5,38.75,145,289.75,0.5378
300,187.25,371.25,13,26.25,0.5374
300,197.25,397.75,14.25,28.25,0.53708
300,21.5,288.5,15.75,31.5,0.53418
300,137.5,153,93.75,187.75,0.53387
300,358.75,277,11.5,23,0.5332
300,361.75,284,21.75,43.25,0.53279
300,205.25,404.75,14.5,29.25,0.53218
300,108.5,347.75,14.25,28.5,0.53121
300,212.5,44,15.75,31.75,0.53054
300,626.25,266,12.5,25,0.53053
300,269.5,376.5,12.25,24.75,0.53019
330,100,124,15,30,0.56524
330,100.25,349,15.25,30.25,0.56391
330,164,351.5,16.5,33,0.56362
330,278,78.5,13,26.25,0.56055
330,575.75,120.25,32.75,66,0.55783
330,140.75,352.5,15,30.5,0.55237
330,220.75,376.25,12.5,25,0.55101
330,300.75,382,13.25,26.75,0.55059
330,237.25,386.25,15,30.25,0.54983
330,197.25,381,13.75,27.5,0.54578
330,501.5,7.25,14,28,0.54302
330,301,37,18.75,37.75,0.54217
330,199.75,400.75,12.25,24.5,0.54155
330,20.5,3.5,15,30,0.5408
330,587,230.75,26.25,52.75,0.53951
330,125,352.25,16,32,0.53927
330,615.5,189.25,26.25,52.75,0.53804
330,136.25,152.25,98,195.75,0.53798
330,359.25,281.5,26.5,53.25,0.53777
330,244.25,344,15,30.25,0.53709
330,308.75,399,13.75,27.25,0.53599
330,148.25,385.25,15.5,31.5,0.53599
330,244,369.25,13.25,26.5,0.53593
330,189.5,381.5,13.75,27.5,0.53553
330,77.5,400.75,12.25,24.75,0.53525
330,13.5,422,23.25,46.5,0.53517
330,259.5,382.75,16.5,33,0.53504
330,521.25,182.25,15.25,30.5,0.53445
330,220.5,357,14,27.75,0.53441
330,340.75,383.75,13,25.75,0.53372
330,340.75,398.5,13.5,27,0.53364
330,611.5,329.25,16.5,33.25,0.53362
330,196.25,354.75,15.5,30.75,0.53316
330,147.5,335,14.25,28.5,0.53295
330,253.75,344.5,12.5,25,0.5329
330,113.5,273,20.5,41.25,0.53289
330,108.5,349.75,14.75,29.75,0.53284
330,413.75,349.75,15.5,31.5,0.53234
330,162.75,393.5,17.5,34.75,0.53201
330,292.25,387.5,13.75,27.75,0.53118
330,187.25,351.5,17.25,34.5,0.53051
330,107.75,120.25,16.25,32.5,0.53045
360,188.75,382.75,15,30.25,0.58122
360,229.5,410.75,14.25,28.5,0.56661
360,196.75,386.25,15.25,30.5,0.56632
360,236.5,387,15,30,0.56545
360,574.25,121,35,70,0.56477
360,228,386.25,15.25,30.25,0.5643
360,221.25,376,12.5,25,0.55847
360,236,346.25,15.25,30.25,0.5501
360,112.75,273,20.75,41.25,0.5468
360,358.75,281.25,26.75,53.75,0.54419
360,309.25,398.5,13.5,27.25,0.54288
360,285,76.75,13.75,27.5,0.53942
360,341.75,383,13,25.75,0.53902
360,136.5,153.25,93.5,187.25,0.539
360,19.5,3,13.25,26.75,0.53792
360,258.5,328.5,12.5,24.75,0.53772
360,324.5,378.75,14.75,29.5,0.53709
360,124.75,350,15.5,31.25,0.53639
360,187.5,205,13.75,27.5,0.53619
360,314.75,393.75,15.5,30.75,0.53593
360,220.25,65.5,16.25,32.5,0.53575
360,79.5,216.75,13,25.75,0.53571
360,212.25,41.75,15.75,31,0.53569
360,163.75,351.25,16.25,32.5,0.53557
360,220.75,345.75,13.25,26.5,0.53494
360,151,383.75,14.25,28.75,0.53484
360,212.5,385.5,15.5,31,0.53456
360,260.75,384,15.25,30.5,0.5344
360,157.25,382.75,13.75,27.75,0.53376
360,99.25,94.75,16.75,33.75,0.53336
360,229.25,73.25,14.5,29,0.53278
360,140,382.5,18,35.5,0.53256
360,502,12,12.75,25.5,0.53211
360,172.25,202.5,13,26,0.53185
360,77.75,403.75,12,24,0.53158
360,253.5,392.25,13.75,27.5,0.53051
360,626.5,103.25,14,27.75,0.53028
360,450,384.25,43.5,86.75,0.53022
360,181,370,14.75,29,0.53016
360,339.25,242,49.5,99,0.53005
390,196.75,385.5,15.5,31,0.5697
390,228.5,384.75,15.25,30.75,0.55944
390,574.25,120,35,70,0.55413
390,221,336.75,13,26.5,0.55218
390,136,154.5,97.5,194.75,0.54977
390,253,391.5,12.75,25.75,0.54924
390,237,385.5,15.25,30.75,0.54627
390,252.5,345,12.5,25,0.54569
390,332.25,391.75,16,31.75,0.54144
390,214.5,392.25,12.75,25.5,0.54124
390,33.5,38.75,144.75,289.75,0.54054
390,77.75,403.25,12.25,24.25,0.54014
390,108.25,347.5,15,30,0.53944
390,238,376.5,12.25,24.5,0.53889
390,180,149.25,14.25,29,0.5381
390,359,282.25,26.5,53,0.53802
390,421,341.5,14,28,0.53741
390,183.75,333.5,13.75,27.5,0.53733
390,203.5,380.25,18,36,0.53519
390,236.25,57.25,11.75,23.5,0.53513
390,236.25,45,11.75,23.5,0.53469
390,220.75,78.75,14.25,28.75,0.53438
390,339.5,384.5,12.25,24.25,0.53429
390,255.75,345,12.25,24.75,0.53394
390,396.75,213,14.5,29.5,0.53388
390,229.5,411.75,14,28,0.53376
390,187.75,382.25,16.75,33.25,0.53356
390,617.5,35.75,18,36,0.53341
390,196.75,344.25,15,30,0.53269
390,416.5,195.5,24.5,49,0.53243
390,276.5,408.75,15.5,30.5,0.53182
390,141,449.5,12.75,25.25,0.53178
390,229.25,74,14.25,28.75,0.53174
390,125,341.5,15.25,30.75,0.53164
390,613.25,45,28,56.25,0.53161
390,-13.75,232,111.75,223.25,0.53156
390,277.5,76.5,14,27.75,0.53141
390,172.75,112.25,12,24,0.53139
390,197.25,202.25,14.5,29.25,0.53126
390,339,240.75,49.5,98.75,0.53102
390,100.5,346,14.75,29.25,0.53059
390,220.25,399.5,16.5,33,0.53019
390,206.75,186,13.25,26.75,0.53008
420,196.75,384.5,15.25,30.5,0.5799
420,292.25,394.75,14.75,29.75,0.55705
420,179.5,339.25,11.75,23.75,0.55675
420,164.75,395,15,30,0.55217
420,572.75,123,36.5,72.5,0.55094
420,212.5,393,13.25,26.5,0.54914
420,156.25,349.25,15.25,30.5,0.54848
420,188.5,383.75,15.5,30.75,0.54846
420,260.75,389.5,13.75,27.5,0.54769
420,358.75,282.5,26.5,52.75,0.54364
420,605,352.25,12.5,25,0.54323
420,184.5,336,13,26,0.54252
420,308.5,382.25,14.5,29,0.54164
420,109,346.5,14.25,28.75,0.54087
420,102,344.25,13,26.25,0.54045
420,140,407.75,16.25,32.25,0.53972
420,78,400.75,12.25,24.5,0.53896
420,414.75,416.75,13.5,27.25,0.53876
420,492,322,14,28,0.53809
420,236,385.25,15.5,31.25,0.53743
420,322.75,38,17,34,0.53728
420,219.5,396,15,29.75,0.53674
420,344.25,375.5,12.75,25.5,0.53608
420,204.75,394,15.5,31,0.53594
420,228.5,385,15.5,31,0.53535
420,166.25,372.5,12.25,24.25,0.53456
420,615.75,190.25,26,52.25,0.53428
420,316,38.25,19.25,38.25,0.5339
420,342.25,244.75,46.5,92.75,0.53375
420,221.25,376,12.5,25,0.53353
420,134.5,375.5,13,26,0.53295
420,356.75,382,13.25,26.5,0.53247
420,251,345.25,12.25,24.5,0.53246
420,537,71,14.5,29,0.53238
420,116.5,346,15.25,30,0.53169
420,164.5,346,14.5,28.75,0.53161
420,283.5,69.25,13.75,27.5,0.53135
420,198,202.5,12.75,25.25,0.53127
420,236.5,412.25,14.5,29,0.53088
420,136.5,152.25,97.75,195.75,0.53085
420,148.25,350.5,14.75,29.5,0.53032
450,238,390.75,13.25,26.5,0.59355
450,196.75,385.75,15.5,31.25,0.56939
450,196.5,372.25,15.25,30.5,0.5561
450,189.25,383,13.25,26.75,0.5515
450,326.25,382,13.75,27.25,0.54733
450,212.5,394,13.25,26.5,0.54627
450,308.75,383.25,14.25,28.75,0.54369
450,283.5,65.25,15.5,31,0.54155
450,101.25,344.5,13.25,26.5,0.54028
450,147.25,351.25,16.5,33,0.54016
450,444,416.25,12.25,24.75,0.53981
450,359.75,284.25,22,43.5,0.53913
450,182,372,13.5,27.25,0.5387
450,572.75,121,37.25,74.5,0.53833
450,236.75,345.75,14.25,28.5,0.53831
450,103.5,111.25,12.75,25.75,0.53807
450,125,400.75,16,32,0.53672
450,627,152.25,13.5,27.25,0.53653
450,180.5,379.75,14.25,28.75,0.53638
450,228.5,385,15.75,31.25,0.53537
450,86.75,118.75,12.5,25,0.53534
450,316.75,392.75,15.75,31.75,0.53491
450,324.5,345.5,15.75,31.5,0.53379
450,253.5,390.75,13.25,26.75,0.53379
450,484.5,12.5,12,23.5,0.53372
450,173,348.75,13.75,27.5,0.53318
450,618.25,190.25,24,47.75,0.53292
450,155.5,384,16.25,32.25,0.53287
450,623.5,59.5,18.25,36.5,0.53282
450,527.75,12.25,12.5,24.75,0.53281
450,213.25,415,13.25,26.75,0.53241
450,136.25,152.25,98,195.75,0.53238
450,509,368.5,14.5,29,0.53237
450,269,346.5,14.25,28.5,0.53228
450,358,348,12.25,24.5,0.53187
450,297.75,35.75,21.25,42.75,0.53159
450,108.5,360,14.75,29.25,0.53144
450,291,392.75,15.75,31.5,0.53069
450,32.25,235,30,60.25,0.53045
450,113.5,273.5,20.75,41.5,0.5301
480,196.75,378.5,14.25,28.75,0.5912
480,188.75,381,14,28,0.57401
480,228.75,385.75,15.25,30.75,0.56656
480,236.75,408.5,12.75,25.25,0.55492
480,540.25,6.75,13,26.5,0.55265
480,114,273,20,40.25,0.55048
480,213.5,384.5,14,28,0.54722
480,116.5,107,15,29.75,0.54631
480,428.75,8,13.5,27.5,0.54558
480,300.75,383.5,13.25,26.25,0.54509
480,309.75,400,13.75,27.5,0.54346
480,572.5,120,38,76.25,0.54283
480,100.25,396.5,15,30.25,0.54203
480,198,333,14,27.75,0.54142
480,108.75,398.75,14,28,0.54119
480,230.5,348.5,12.5,25,0.53965
480,221.75,374.75,13.25,26.5,0.53951
480,355.75,381,14,28.25,0.53943
480,140.75,383.75,16,32,0.5383
480,420.75,9.75,15.25,30.25,0.53761
480,132.25,61,13.5,27,0.53753
480,37,248.75,22.75,45.5,0.53596
480,134,154.5,97.75,195.5,0.53594
480,132.5,54.75,13.5,27,0.53578
480,220,382.25,16.75,33.5,0.53466
480,73.5,123,17.5,35.25,0.53412
480,132,384.25,16,32.25,0.53326
480,620.5,330.25,19.25,38.5,0.53319
480,615,190,27.25,54.5,0.53247
480,236.5,76.5,14,28,0.53218
480,116,87.25,14.5,29,0.53171
480,149.25,341,14,28,0.53166
480,189.25,334.25,14,28.25,0.53121
480,519,2.25,12.5,25.5,0.53117
480,172.5,326,13.25,26.75,0.53107
480,605.25,307.25,14.75,29.75,0.53092
480,125.25,390,14,27.5,0.5306
510,309.75,398.75,14,28,0.55967
510,204.5,394.5,15.25,30.25,0.55322
510,21,6.25,13.75,27.5,0.55248
510,253.5,342.25,13.25,26.75,0.54876
510,575,120,33.25,66.75,0.54778
510,197.25,398.25,13.5,27.25,0.5468
510,612.75,355,15.25,30.75,0.54647
510,325.5,382,14.25,28.5,0.54556
510,104.25,386.25,11.75,23.5,0.54372
510,359.5,281.75,26.25,52.25,0.54367
510,282.5,67.5,14.5,29,0.54306
510,112,273.25,22,43.5,0.54241
510,238.25,408.75,12.25,24.5,0.54212
510,101.25,336.75,13,25.75,0.54127
510,108.25,349.25,15.25,30.5,0.54106
510,508,10.25,15,29.5,0.54044
510,117.5,109.5,13.25,26.5,0.53971
510,253.5,391,13.25,26.75,0.53965
510,125,354,14.25,29,0.53908
510,220,45.75,17,33.5,0.53896
510,553.5,90,17,34,0.53875
510,116.5,347,15.75,31.75,0.5382
510,620,361.25,12.5,25,0.53577
510,516,10,14.75,29.25,0.53538
510,196.25,383,16,31.75,0.53498
510,384.25,433.75,12.25,24.5,0.53456
510,223,327.5,12.75,25.25,0.53449
510,140.75,47.25,13.75,27.25,0.53422
510,355.5,378.5,14.25,28.75,0.53331
510,236.5,381.25,17.5,35,0.53298
510,189.25,383.25,13.25,26.5,0.53251
510,140,448,12.5,24.75,0.53224
510,175.25,377.75,12,24.25,0.53216
510,190,82.5,12.5,25.25,0.53167
510,149,339.25,13,26.25,0.53153
510,172.25,335.75,17,34.25,0.53125
510,141.75,376.25,12.25,24.75,0.53119
510,197.25,204.5,14.25,28.25,0.53108
510,139.5,60.5,12.25,24.75,0.53097
510,133,372.75,14.25,28.25,0.53064
510,501.5,4.5,14.25,28.5,0.53054
510,102.25,400,12.25,24.5,0.53006
540,108.75,108.5,13.75,27.5,0.56015
540,212.75,60,15,30,0.55371
540,309,384,14.5,29.25,0.5511
540,575.5,118.75,33.25,66.75,0.55037
540,197,380,14.25,28.5,0.547
540,116.5,339.5,15.25,30.5,0.54567
540,278.25,73.25,13,26.25,0.54494
540,108.75,341,14.25,28.5,0.54458
540,236.25,386,15.25,30.75,0.54414
540,124.25,376,12.75,25.25,0.544
540,626.5,103,14,28,0.54268
540,340.25,384.25,12.5,25,0.54145
540,148.5,376.25,12.5,25,0.54138
540,149.25,409,12.75,25,0.54137
540,443.25,421.5,13.75,27.25,0.54119
540,213,348.5,14.5,29,0.54075
540,164.75,396.25,14.75,29.25,0.54073
540,134,374.75,13,26.5,0.54059
540,361.5,281.5,26.75,53.5,0.5397
540,147.5,383.5,17.25,34,0.53961
540,172.5,185.25,12.5,25.25,0.53951
540,187.75,53,23,46,0.53942
540,236,56.5,11.75,23.5,0.53744
540,156.75,326.75,13.5,26.75,0.53523
540,253.25,398.25,13.25,26.5,0.53484
540,100.5,341,14.25,28.25,0.5346
540,290.5,400.25,17,34,0.53454
540,212.5,393.5,12.5,25.25,0.53436
540,284.5,67.25,14.5,28.75,0.5341
540,316.75,384,15.75,31.25,0.53399
540,244,384.5,15.75,31.75,0.53397
540,516.5,10,13.75,27.75,0.53378
540,197,203,14.5,29,0.53344
540,74,271.25,24,47.75,0.53321
540,519,182.25,14.5,29,0.5322
540,244,327.5,12.75,25.5,0.53203
540,140,79.25,12.75,25.75,0.53197
540,508.25,8,15.25,30.5,0.53154
540,269,202.5,13,26,0.5311
540,188,369.5,15,30,0.53105
540,502,6,13.75,27.75,0.53102
540,456,123.5,64.5,129,0.53022
570,236.75,385.5,14,28,0.59469
570,135,61.25,12.5,25,0.55717
570,260.25,390.25,13.75,27.5,0.55547
570,157.25,381.25,13.75,27.75,0.55434
570,125.5,375,13.25,26.25,0.55215
570,309,382.25,14.75,29.25,0.54988
570,125,353,15,30,0.54885
570,180,380,15,30,0.54835
570,228.25,47.25,16.75,33.75,0.54819
570,112.5,273,20.75,41.75,0.54758
570,150.25,393.5,15,30.25,0.54723
570,573.5,122.5,35.5,71.25,0.5456
570,516.25,9.25,14.25,28.5,0.54548
570,197.25,346.25,14,28,0.54452
570,284.25,395.5,14.75,29.25,0.54425
570,324.5,384,15.75,31.75,0.54358
570,327.75,399.75,12.5,25,0.53705
570,150,374.75,13,26.25,0.53699
570,358.75,383.5,12.25,24.5,0.53675
570,237,407.5,13.25,26.5,0.53554
570,183.25,184.75,12.75,25.5,0.53445
570,109,342.25,14.25,28.75,0.53416
570,277.75,72.5,14,27.75,0.53383
570,221.25,376,12.5,25,0.53368
570,172.5,452.5,12.75,25.5,0.5336
570,316.75,383,14.75,29.5,0.53352
570,197,379.5,14.25,29,0.53351
570,173,369.25,14.75,29.5,0.53321
570,227.75,382.75,16.25,32.75,0.5332
570,135,376,12.5,25,0.53309
570,212.75,387.25,14.75,29.5,0.53293
570,524.5,2.5,13.25,26.5,0.53283
570,197,397,14.5,29,0.53281
570,191.75,40.25,20.5,40.75,0.53187
570,500.5,7.25,14.5,28.75,0.53178
570,591.25,248.25,19.25,38.25,0.53154
570,220.5,292,13.5,26.75,0.53141
570,140.75,79.25,12.5,25.25,0.53136
570,361.75,281.5,26.75,53.25,0.5309
570,406,214.5,12.75,25.25,0.53081
600,285,394.75,14.5,29.25,0.5591
600,133.75,373.25,14,28,0.55623
600,228.25,385.5,15.5,30.75,0.55454
600,317.25,379.25,14.5,29,0.55392
600,196.5,385.25,16,31.75,0.55208
600,237.25,382.5,16.25,32.25,0.55094
600,277.75,74.25,13.25,26.5,0.54938
600,572,120,38.75,77.5,0.54891
600,236.75,407.5,13.5,27,0.54852
600,260.25,390,14.25,28.5,0.54814
600,173.25,340,14.75,29.5,0.54292
600,108,341.5,15.75,31,0.54042
600,221,374.75,13,26,0.54001
600,190,87.5,12.25,24.25,0.53934
600,188.5,51.5,21.5,42.75,0.53927
600,100,114.5,15,29.75,0.53909
600,180.5,151.75,12.75,25.25,0.53754
600,125.75,375.5,13,26,0.53713
600,180,382.5,15,30,0.53627
600,134,154.5,97.75,195.5,0.53562
600,277.5,63.75,14.5,29,0.5352
600,212.75,385.25,15,30.25,0.53468
600,228.5,66.25,15,30,0.53448
600,116.25,86.75,12.75,25.25,0.53439
600,101.25,91.5,13.5,26.75,0.53417
600,518.25,182.25,15,30.25,0.53404
600,626,102.75,14.25,28.75,0.53386
600,172.5,199.25,12.75,25.25,0.5338
600,236,56.75,12,23.75,0.53349
600,195.75,327.5,12.5,24.75,0.53348
600,324.25,384.25,16.75,33.5,0.53313
600,618,190,23.5,47.25,0.53307
600,172.75,384,15.5,31.25,0.53251
600,118.25,375,13,26,0.5321
600,454.5,124.25,68,135.75,0.53182
600,-13.5,233.75,112.5,224.5,0.53159
600,494.25,412.5,12.25,24.75,0.53153
600,163.5,381.75,16.25,32.75,0.5315
600,613,353,14.75,29.5,0.53114
600,112,273.5,21,42,0.531
600,339.75,241,49.25,98.75,0.53058
600,99.5,353.25,16.5,32.5,0.53046
600,514,176.5,70.25,140.25,0.53037
630,260.75,390.5,14,28,0.61808
630,125.25,349.75,13.5,27,0.57859
630,325,380.75,13.25,26.5,0.57746
630,197.75,390.25,13.75,27.5,0.55936
630,228.5,386.25,15.5,31.25,0.55613
630,356,380.75,13.5,27,0.551
630,135,375.5,13,26,0.55073
630,100.5,341.25,14.25,28.75,0.54993
630,573.25,120.25,36.5,73.25,0.54881
630,197.25,368.5,14,28,0.5475
630,308.75,381.5,14.25,28.75,0.54697
630,310,398,14,28,0.54555
630,284.75,395.75,14.25,28.25,0.54437
630,124.5,62,15.5,31.25,0.54211
630,125.5,375,13.25,26.5,0.54204
630,108.25,338.5,15.25,30.5,0.54144
630,180.75,333.25,13.75,27.25,0.53983
630,139.75,63.5,17,34,0.5395
630,172.75,366.25,15.25,30.5,0.53948
630,220,384,15.5,30.75,0.53876
630,236.5,382.75,13.25,26.75,0.53875
630,253,390,14.25,28.5,0.53834
630,118.25,376,12.75,25.25,0.53798
630,332,58.25,12.5,25,0.53743
630,456,125.75,63.5,127,0.53705
630,212.25,389.25,16,31.75,0.53604
630,124,114.25,13,26.25,0.53595
630,229.5,346.25,13.75,27.25,0.53577
630,197,203.75,14.75,29.75,0.53549
630,340.25,374.5,13.25,26.5,0.53499
630,236,368.5,15,30.25,0.53489
630,116.5,348.5,15.75,31.25,0.53448
630,220.25,393.25,15,29.75,0.53438
630,204.25,385.25,15.75,31.75,0.53403
630,65,254,40.75,81.5,0.53262
630,466,84.25,40.5,81.25,0.53257
630,532.75,5,16.5,33.25,0.53254
630,132.5,76.25,14,28.25,0.53207
630,190,86.25,12.5,24.75,0.53198
630,204,337.25,16.25,32.5,0.5313
630,617.25,191.5,24.75,49.5,0.53092
630,494.25,412.75,12.25,24.25,0.53054
630,613,352.25,14.25,28.5,0.53027
630,535.25,71,15,29.75,0.53018
630,-13.25,234.5,111.75,223.75,0.53013
660,309.5,383.75,13.75,27.5,0.60656
660,260,389.5,14.5,28.75,0.60346
660,197.25,388.75,14.5,29,0.58681
660,269.5,399.75,13.25,26.75,0.57206
660,145.25,380.25,20.25,40.5,0.56673
660,325.25,381,13.5,27.25,0.56591
660,118,375.5,13,26,0.55472
660,228.25,384.25,16.25,32.75,0.55134
660,156.5,383.25,13,26.25,0.54962
660,141.5,47.75,13.5,27,0.54629
660,165.25,382.5,14,28,0.54523
660,220.25,44.25,15,30,0.54504
660,509.25,7,13.75,27.25,0.54448
660,572,120.75,38.75,77.25,0.54333
660,236,348,15.75,31.5,0.54105
660,117.25,344.25,13.75,27.5,0.54026
660,108.25,341.25,14.5,28.75,0.53868
660,133.5,386.5,14.5,29,0.53768
660,124.75,349.25,14.5,29.25,0.53763
660,196.75,201.75,15.25,30.5,0.53722
660,280,377.25,12.25,24.5,0.53718
660,136.25,152.25,98,196,0.53522
660,340.5,367.5,12.75,25.5,0.53506
660,108.75,367.75,12.75,25.75,0.53493
660,517,10,14.5,28.75,0.53469
660,361.75,282.5,25.25,50.75,0.53414
660,196.25,327.5,12.25,25,0.53411
660,252.5,391.75,13.5,27.25,0.53346
660,172.75,384.5,13,25.75,0.53272
660,244.5,348,13.75,27.25,0.53194
660,132,339,15.25,30.5,0.5318
660,464.25,70.75,12.25,24.25,0.5316
660,28,80.75,11.75,23.5,0.53125
660,189.5,392,13.25,26.25,0.53104
660,93.25,109.25,15,30,0.53102
660,125.5,375.25,13,25.75,0.53061
660,300.5,376,13.5,26.75,0.53037
690,309.25,383,13.75,27.5,0.59163
690,284.75,394,14.75,29.25,0.5786
690,132.75,390.25,13.75,27,0.57007
690,300.25,385,14.75,29.5,0.56529
690,164,383.5,16,32.25,0.55107
690,108.25,342.25,15.25,30.25,0.54833
690,196,385.25,16.25,32.5,0.54535
690,197,203.25,14.75,29.75,0.54327
690,573,123.5,36,71.5,0.54273
690,196.75,368.5,15.25,30.25,0.54187
690,456,125,64.5,129,0.54152
690,148.5,349.5,15,30,0.54102
690,86,287,13.75,27.25,0.53907
690,136,376.75,12,23.75,0.53827
690,210,381.75,18.75,37.5,0.53683
690,268.5,344.5,15.75,31.5,0.53658
690,285.5,75.5,12.75,25.5,0.53576
690,228.5,384,15.75,31.25,0.53529
690,124.5,64,16.25,32.25,0.53522
690,28,80.75,12,24,0.53508
690,148,381,16,32,0.53455
690,125,348.75,14.5,29,0.5345
690,196.75,347.25,15,30,0.5339
690,141.5,448.5,14,27.75,0.53334
690,212.75,344.5,14,27.75,0.53332
690,269.25,376.5,13,26,0.53328
690,339.25,241.25,49.75,99.5,0.53312
690,236,382.5,14.75,29.75,0.53265
690,236.25,60.5,11.75,23.5,0.53224
690,116.75,339.75,14.75,29.75,0.53216
690,100,82,15.5,31,0.53152
690,231.75,346,12.5,25,0.53019
690,358.75,281.75,26.5,53.25,0.53018
720,212.25,344.25,16,32.25,0.58328
720,252.5,393,15.75,31.25,0.56651
720,197,388.5,14.5,29,0.56564
720,309.5,399.5,14,28,0.56298
720,357.25,381.5,13.25,26.75,0.56165
720,172.5,388.5,15,30.25,0.55636
720,141.25,46.25,14,28,0.55605
720,228.75,393.25,15.75,31.25,0.55555
720,99.75,354,15.75,31.5,0.5552
720,163.75,383.75,16.5,33,0.55487
720,157,390.5,14,28,0.55093
720,525,11.5,14.5,29,0.55022
720,107.75,80.5,16.25,32.25,0.54991
720,572,120.25,39,78,0.547
720,220.25,384.5,16.25,32.25,0.54559
720,101.5,335.25,13.25,26.75,0.54399
720,108.5,348.5,15,30.25,0.54397
720,277,376,12.5,25,0.54339
720,196.5,350.75,15.25,30.5,0.54269
720,243.25,392,16.5,33,0.54084
720,620,360,12.5,24.5,0.54081
720,124.25,382.25,17.25,34.5,0.5408
720,237.25,381.75,13.5,27,0.54069
720,187.5,390,17.5,35,0.53994
720,124.25,64.75,15,30.25,0.5397
720,196.75,200.5,15.25,30,0.53969
720,134.5,41,12.5,24.75,0.53964
720,360.25,281.75,26.5,52.75,0.53943
720,133.25,372.75,14.25,28.5,0.53822
720,532.75,6.5,14.75,29.5,0.53806
720,197,368.75,14.5,29,0.53727
720,116.75,349.25,14.5,29.25,0.5372
720,288.25,60.5,11.75,23.5,0.53636
720,233,118.25,28.5,56.75,0.53622
720,164,283.75,13,26,0.53512
720,333.5,368,12.5,24.75,0.53462
720,598.25,351.25,13.25,26.5,0.53451
720,75.75,272.5,22.75,45.25,0.53448
720,112.5,272.75,21,42,0.53425
720,342.75,247.25,46.75,93.75,0.53375
720,187.5,382.25,16.25,32.75,0.53337
720,590.75,244,20.5,41,0.53336
720,93,353,14,28,0.53329
720,204.25,186,15.75,31.75,0.53297
720,261.25,385.75,14.5,28.75,0.53216
720,156.25,341.25,15.5,31,0.53194
720,19.75,5.5,14,27.75,0.53107
720,487.5,2,12,24,0.53103
720,92.5,400.5,11.75,23.5,0.53089
720,551.25,407.75,12.25,24.75,0.53059
720,148.5,331.5,15.25,30.25,0.53006
750,117.25,347.75,14,28,0.5803
750,196.75,388.25,15,30,0.57252
750,148,384.25,16.25,32.25,0.5666
750,228,383.25,16.25,32.25,0.566
750,117.75,375,13.25,26.25,0.56572
750,180.75,373,14.25,28.25,0.55578
750,172.75,384,13.25,26.5,0.55498
750,236.5,383,14.75,29.25,0.55411
750,254,196,13,26,0.55317
750,572.25,120.25,38.75,77.5,0.55311
750,124.5,348,15.25,30.5,0.5509
750,220.75,392,12.5,25,0.54972
750,108.25,347,15,29.75,0.54707
750,309,381.75,15.25,30.75,0.54699
750,148.5,332.75,15.5,30.75,0.54647
750,189.25,389.75,13.75,27.5,0.54641
750,324.5,375.5,15.25,30.5,0.5461
750,268.5,203,15.25,30.5,0.54484
750,359.25,281.5,26.5,53.25,0.54393
750,539.75,8.5,14.25,28.5,0.54377
750,132.75,47.75,12.25,24.75,0.54332
750,245,384.75,15.5,31,0.54221
750,221,377.25,12.5,25,0.54208
750,619.75,355.25,12.75,25.75,0.54024
750,140.75,449.25,13.25,26.75,0.54014
750,196.75,368.5,14.5,29,0.54006
750,86,129.5,13.5,27,0.53963
750,277.5,379.75,14.25,28.5,0.53846
750,101.25,342.75,13.25,26.75,0.53807
750,165.25,351.75,13.75,27.75,0.53773
750,109,80.5,13.75,27.25,0.53769
750,205.25,392,13.75,27.5,0.53702
750,187.5,204.25,14.75,29.25,0.53629
750,260.5,384.5,15.5,31,0.53628
750,220.5,333.75,14.5,29,0.5362
750,213,328.5,12.25,24.5,0.53613
750,163.5,390.25,16.5,33.25,0.536
750,172,358,16.5,33,0.53453
750,325,381.5,14,28,0.53438
750,118.25,80.25,12.25,24.5,0.53427
750,99.75,88.75,16.25,32.5,0.53409
750,268.5,347.5,14,27.75,0.53394
750,284.75,395,14.5,28.75,0.53366
750,142.75,374.5,13.25,26.75,0.5336
750,237,346.25,14.5,28.5,0.53359
750,140.25,384,16,32.25,0.53326
750,505.75,186.25,20.25,40.25,0.53306
750,155,383.25,16,32.25,0.53299
750,522.25,193,17,33.75,0.53281
750,211.75,65.25,16.5,32.5,0.53082
750,469,123.25,37.5,75,0.53073
750,220.25,396.25,16,31.75,0.53066
750,131.75,382.5,17,34,0.53065
750,135,112.25,12,24,0.53031
750,341.25,244.25,48,96,0.53016
780,197,388.5,14.5,28.5,0.58943
780,196.5,382.25,15.5,30.75,0.58783
780,221,397,14.25,28,0.56686
780,141.5,411,13.75,27.5,0.56665
780,117.75,375.25,13,26,0.56536
780,324.75,375.5,15.5,31.5,0.56413
780,188,386.75,15.25,30.25,0.56128
780,228.5,383.75,15.5,30.75,0.55553
780,309,381,15.25,30.75,0.55466
780,284.25,76,13.5,26.75,0.55312
780,125,372.25,14.5,29,0.55308
780,165.25,383,13.75,27.75,0.55298
780,117,349,14.5,29.25,0.5503
780,524.75,12,13.5,27,0.54921
780,516.5,12.5,14.25,28,0.54833
780,355.75,379.25,14,28,0.54729
780,508.5,5.75,15,29.75,0.5472
780,252.25,344.5,12.75,25.5,0.54576
780,155.5,390.5,17,34,0.54416
780,86.25,132.75,13.5,27.25,0.54407
780,341.75,244.25,47.5,94.5,0.54405
780,100.5,341.5,14,28.25,0.544
780,316.75,393,15.75,31.5,0.54377
780,99.75,88.75,16.25,32.5,0.54369
780,572.5,119.5,38,75.75,0.5415
780,164,350.75,15.5,31,0.54146
780,108.25,363.25,14.75,29.75,0.54117
780,172.25,385,16.5,33.25,0.53961
780,109.25,81,13,26.25,0.53822
780,139.25,152.25,97.5,194.75,0.53809
780,109.25,291.75,13.25,26,0.53809
780,100.75,354.25,14,28,0.53666
780,238.25,383.5,13.75,27.5,0.53641
780,181.5,153,12.25,24.75,0.5355
780,149.25,374.5,14.25,28.5,0.53541
780,402.25,418.75,12,24,0.53511
780,284.75,395.25,14.5,29,0.53477
780,268.25,347.25,15.25,30,0.53466
780,615.75,189.5,26.25,52.75,0.53431
780,86.5,392.25,12,24.25,0.53426
780,229.25,408,14.5,29,0.53405
780,348.5,385,13.5,27,0.53287
780,362.5,282,20.75,41.5,0.53262
780,203.5,382,17.5,34.75,0.53248
780,188.25,96.75,12.25,24.25,0.53247
780,325.75,347,14.75,29.25,0.53232
780,139.25,448.75,13.75,27.25,0.53174
780,414.25,409.75,12.25,24.25,0.53148
780,523.5,194.5,15.75,31.5,0.53144
780,316.25,381.5,16,32,0.53069
780,279.75,62.5,12.75,25.25,0.53057
780,277.25,379.5,14.25,28.25,0.53029
810,197,388.75,14.25,28.25,0.60126
810,140.75,385.5,15.25,30.5,0.58102
810,324.75,379,15.25,30.25,0.57171
810,117,348,14.25,28.5,0.56983
810,220.25,396,14.25,28.5,0.56759
810,349,384.25,13.5,27,0.56657
810,355.75,379.25,13.75,27.5,0.55513
810,309.25,383.25,14.75,29.75,0.5541
810,573.75,120,35.75,71.75,0.55243
810,108.75,89,15.5,30.75,0.55217
810,325.75,347.75,14,28.25,0.55129
810,316.5,381.5,15,30,0.54883
810,509,10.5,14.5,29,0.54804
810,360.5,281.5,24.25,48.75,0.54798
810,180.75,374.5,13.75,27.5,0.54797
810,229.25,407.75,14.5,29.25,0.54618
810,501.25,10.5,13.5,27.25,0.54538
810,108,347,15.5,30.75,0.54486
810,285,395.75,14,28,0.54483
810,221,376.75,12.5,25.25,0.54461
810,141,348,14.25,28.75,0.54404
810,253.75,381.5,13.5,27,0.54385
810,516.25,8.75,14.25,28.5,0.54289
810,276,377,12.75,25.5,0.54288
810,109,81.25,13.25,26.25,0.54199
810,228.25,383.5,15.25,30.25,0.54146
810,292.25,393,14.5,28.75,0.54034
810,204.75,387,14.75,30,0.53964
810,99.75,346,15.75,31.75,0.53955
810,164,391.5,15.75,32,0.53871
810,261,388.25,14.5,29,0.53855
810,112,273.25,20.25,40.5,0.53824
810,172.25,381.75,13.5,26.75,0.53777
810,158.5,384,12.5,25,0.53605
810,134.5,374.75,13.25,26.25,0.53569
810,90.75,89.5,19.5,39,0.53535
810,300.75,382,14.5,28.75,0.53481
810,136,154.5,97.5,194.75,0.53465
810,340.75,375.5,12.75,25.75,0.5341
810,117.5,373.25,14,28,0.534
810,440,156.5,47.25,94.5,0.53396
810,299,35,20.5,41.25,0.53342
810,187.75,381.5,17.25,34.75,0.53327
810,165,383.25,13.25,26.25,0.53314
810,99.75,88.5,16,32.25,0.53288
810,454.5,272.75,14.5,29,0.53256
810,584.25,192,18.5,37.5,0.53161
810,308.75,400.5,14.25,28.75,0.5311
810,155.75,343.75,17,34,0.53091
810,162.75,282.5,14,28,0.53037
840,197,387.75,14.5,29,0.58284
840,220.5,395.75,14.75,29.5,0.58009
840,117.75,374.5,13.25,26.5,0.56018
840,141.25,411.25,14,28,0.5553
840,260.25,387.5,15.25,30.25,0.55437
840,349,383.5,13.5,27.25,0.55361
840,229.25,408.25,14.5,29,0.55148
840,284.75,396.5,14.25,28.25,0.55066
840,134.25,374.75,13.25,26.5,0.54956
840,174,348.75,13.5,27,0.54902
840,228,384,16,31.75,0.54754
840,572.25,120.5,38.5,76.75,0.547
840,324.5,379,14.5,29.5,0.54647
840,139.75,51.5,15,29.75,0.54515
840,181.25,151.75,12.5,25,0.54467
840,117,349,14,28,0.54354
840,236.5,385.25,14.25,28.5,0.54105
840,100.75,83.5,14.5,29,0.54004
840,179.5,368.5,15.75,31.75,0.53911
840,108.25,89,15.75,31.25,0.5388
840,204.25,382.75,15.5,31.25,0.53818
840,134,154.5,97.75,195.5,0.53797
840,236.5,346.25,15,29.5,0.53762
840,164.5,369.75,12.25,24.25,0.53747
840,268.5,378,14.75,29.25,0.53722
840,292.25,393,14.25,28.5,0.53717
840,361.75,281,21.75,43.5,0.53691
840,86.25,112,13.5,27,0.53588
840,223.25,336,12.75,25.5,0.53554
840,278.75,76.75,13.25,26.75,0.53519
840,-8.75,183,119.25,238.25,0.53454
840,221,376,12.75,25.25,0.53435
840,349.5,202.75,12.5,24.75,0.53386
840,300.5,381.75,14.75,29.5,0.5336
840,197.25,350.5,13.5,27,0.53351
840,253.5,366.25,14,28.5,0.5334
840,253.75,342.5,13.5,27.25,0.53242
840,317.25,380.5,14.25,28.25,0.53198
840,309,381.5,15.25,30.75,0.53177
840,339,240.75,49.5,99,0.53167
840,165.25,351.25,14.75,29,0.53151
840,100,357,15.25,30.5,0.53139
840,39,52,136.25,272.25,0.53118
840,212.25,369.5,15.75,31,0.53114
840,325,345.75,15.5,30.5,0.53108
840,585.75,227.25,30,60,0.5307
870,187.25,382.5,17.25,34.75,0.57377
870,205,389.25,14.25,28.25,0.56532
870,197,388.25,15,30,0.5594
870,516.5,12.75,14.25,28.25,0.55616
870,573,122,36.25,72.5,0.55462
870,141,386,14.75,29,0.55366
870,308.5,347.75,15,30,0.55175
870,236.75,381.25,14,28.25,0.5478
870,501.5,8.5,14,27.75,0.54775
870,245.25,397.5,14,28,0.54729
870,284.75,395.25,14.75,29.5,0.54499
870,260.75,387.5,15.25,30.5,0.54461
870,253,386.5,15.25,30.5,0.54445
870,125.25,343.5,13.75,27.25,0.54238
870,285.25,384.75,12.75,25.5,0.54211
870,220.5,397,13.75,27.5,0.542
870,523.5,2.5,13,26,0.54054
870,39.25,51.25,135.75,271.25,0.54021
870,362.75,283.25,20.25,40.25,0.54017
870,550.5,385.75,12.25,24.75,0.53958
870,219.75,378.5,18,35.75,0.53905
870,164.75,351,15.25,30.75,0.53902
870,176.75,200.25,12.25,24.25,0.53809
870,604.75,353.5,12.25,24.5,0.53729
870,315.75,382.75,16.5,33.5,0.5365
870,308.75,381.5,14.75,29.5,0.53572
870,214.5,183.25,12.5,25.25,0.5354
870,173,348.75,15.25,30.75,0.53531
870,616,189.25,26.25,52.75,0.53385
870,88,139.25,12,23.75,0.53345
870,108.25,348,15,30,0.53306
870,212.5,384,15.75,31.5,0.53285
870,545,111,19.5,39,0.53285
870,164.75,382.25,14.25,28,0.5328
870,184,376,12.5,24.75,0.53196
870,134,154.5,97.75,195.5,0.53172
870,75.75,52.75,15.25,30.25,0.53158
870,107,388.5,18.5,37,0.53103
870,213.75,41.25,13.75,27.75,0.53085
870,140,448.25,12.75,25.5,0.53053
900,204,383.75,16.5,32.75,0.57249
900,197.5,391.5,13.75,27.75,0.56968
900,228,383.5,16.25,32.25,0.56143
900,212.25,393,15.75,31.25,0.5541
900,570,117.25,42.5,85.25,0.55353
900,517,13,14,27.75,0.55275
900,220.25,344.25,14.25,28,0.55217
900,141.25,392.25,12.75,25.5,0.54992
900,309.25,382.75,14.25,28.5,0.54765
900,220.5,393.5,15.5,31.25,0.54756
900,309,348.75,13.75,27.75,0.54702
900,228.5,394,15.5,30.75,0.54642
900,360.25,282.25,25.75,51.75,0.54537
900,324.25,391.75,12.5,24.5,0.54371
900,124.75,351.5,15,29.75,0.54272
900,39.25,52,136,272.5,0.54225
900,135.25,386,14.75,29.25,0.54167
900,6.5,313.25,13.5,27.25,0.5407
900,324.5,347.5,15,30,0.53996
900,212,370.5,14.5,29,0.53958
900,220.25,369.5,14.75,29.5,0.53917
900,187.5,384.25,16.5,33.25,0.53905
900,508,8.5,14.5,29,0.53896
900,236.75,76.5,13.25,26.5,0.53866
900,244.25,392.25,16.75,33.5,0.53854
900,134,154.5,97.75,195.5,0.53758
900,164.5,368.75,13,26,0.53725
900,138.25,47,15.25,30.5,0.53711
900,587.25,228.25,28,55.75,0.53679
900,292,402.5,16.5,33.25,0.53301
900,236.5,381.25,13.75,27.25,0.533
900,158,382.5,13.5,26.75,0.53294
900,605.75,330.5,14.75,29.5,0.53261
900,342.5,376,13,26,0.53237
900,244,384.25,12.5,24.75,0.53226
900,155.75,369,16,32,0.5317
900,314.5,37.5,18.75,37.5,0.53156
900,180.5,357,14,28.25,0.53132
900,84.75,393.25,12,23.75,0.53102
900,189.5,345.75,13.75,27.5,0.53094
900,330.75,57.5,12.25,24.5,0.53056
900,182,383,13,26,0.53002
930,197.5,390.5,13.75,27.25,0.56386
930,341.75,374,13.5,27,0.55875
930,237.25,383,13,26.25,0.55761
930,324.25,347.75,14.25,28.5,0.55395
930,204.75,389,14.75,29.5,0.55225
930,615,189.5,27.25,54.5,0.552
930,117.5,374.5,13.5,27,0.55114
930,100.5,343.75,14.25,28.5,0.54987
930,212.75,386.25,15.25,30.5,0.54982
930,181.25,382.5,13.25,26.5,0.54721
930,99.75,351.75,16,32,0.54609
930,220.75,382.75,11.75,23.5,0.54488
930,508.75,8.5,14.5,28.75,0.54486
930,116.5,346.75,15.5,31,0.54415
930,212.75,348.25,14.75,29.25,0.54376
930,148,383.75,15.75,31.75,0.54285
930,108,342.25,15.25,30.5,0.54264
930,187.25,343.5,16.75,33.5,0.54176
930,163.75,333.5,16.25,32.5,0.54168
930,86.25,115.75,13,25.75,0.5406
930,181,151.75,12.5,24.75,0.54041
930,163.75,383,16.25,32.5,0.5403
930,341.5,348.25,13.5,26.5,0.53973
930,220.5,392.25,13,25.5,0.53959
930,363,292.75,14.25,28.5,0.53881
930,524.25,8.25,13.75,28,0.53828
930,134,154.5,97.75,195.5,0.5382
930,454.25,409.75,12.25,24.5,0.53763
930,261,383.5,15.25,30.75,0.53749
930,148.5,370.5,15,30.25,0.53736
930,229,405.25,14,27.75,0.53665
930,134,387.75,14.5,29.25,0.53653
930,572.25,118.75,36.75,73.25,0.53619
930,107.75,400.5,15.25,30.5,0.53575
930,100.25,89.25,15,29.75,0.53549
930,253,390.75,14.25,28.5,0.53532
930,93,352.75,13.75,27.5,0.53495
930,39,52,136.25,272.25,0.53469
930,112.75,273,22,43.75,0.53459
930,100.5,368.25,14,28,0.53453
930,316.25,2.75,11.75,23.25,0.53453
930,488.75,180.25,21,42,0.53337
930,148.5,350.25,12.5,25,0.53335
930,140.75,386.25,15.25,30.5,0.53282
930,464,70.25,12.5,24.75,0.53277
930,124,112.75,13,26.25,0.53248
930,469,124.25,36.25,72.5,0.53186
930,341.5,243.75,47.75,95.5,0.53171
930,134.25,375,13,26,0.5313
930,220.25,55.25,14.5,28.75,0.53121
930,325,367.75,12.75,25.5,0.53061
930,293,410.75,13.5,27.25,0.53061
930,220,400,17,34,0.53032
930,125,341.5,14,28.25,0.53005
960,275.75,386.75,16,31.75,0.58635
960,220,394.25,15.5,31,0.5812
960,204.75,393.5,15,29.75,0.57203
960,197.25,389.5,14.25,28.25,0.5716
960,616,190.25,25.75,51.5,0.56163
960,357.5,383.75,12.5,25,0.55146
960,212.75,343.75,15,30.25,0.55048
960,300.75,400.5,13.25,26.25,0.55039
960,112.25,273.5,21,41.5,0.54986
960,220.5,42.75,15.5,31,0.54759
960,570.25,117.75,40.25,80.25,0.54746
960,359,281.5,26.75,53.25,0.54726
960,125.75,374,13.75,27.5,0.5471
960,516.5,13.25,13.75,27.25,0.54658
960,164.5,349.75,15,30.5,0.54651
960,132.75,384.75,15.75,31.5,0.54618
960,228.25,377.75,16,32,0.54595
960,213,42,14.75,29.75,0.54568
960,148.75,339.75,14.75,29.25,0.54523
960,268.25,401.75,16,31.5,0.54315
960,253.25,390,13.75,27.5,0.5407
960,149.5,375.75,12.75,25.75,0.54063
960,237.5,381.75,13.5,27,0.54041
960,284.75,393,14,27.75,0.54008
960,509,13,14.25,28,0.53965
960,39,51.75,136.5,272.75,0.53952
960,165,389.75,14.5,29,0.53866
960,229.25,66.5,14.25,28.25,0.53812
960,116.5,390,15.75,31.5,0.53802
960,309,382,15,30.25,0.53768
960,258.25,447.5,14.25,28.75,0.53703
960,450.75,412.75,18,35.75,0.53687
960,524.5,9.75,14.25,28.5,0.53682
960,626.25,103,13.75,27.75,0.53569
960,117.75,375,13,26,0.53547
960,132.75,353.75,15.25,30.25,0.53534
960,141.25,373.25,14,28.25,0.5351
960,325,349.75,14.5,28.75,0.53487
960,212.75,380.75,14.5,29,0.5348
960,182.75,184.25,13,26,0.53358
960,309,341.75,14.25,28.5,0.53318
960,213.5,399,13,26,0.53311
960,188.25,98,12.25,24.25,0.5323
960,292,390.75,13.5,26.75,0.53199
960,456.5,124,64.75,129.5,0.53198
960,152.25,59.75,24.75,49.75,0.53183
960,184.25,392.75,12.25,24.5,0.53146
960,322.5,39.25,18.75,37.75,0.53133
960,87,118.5,12.75,25.5,0.53091
960,190.25,52,15.5,30.75,0.53078
960,237,78,13,26,0.53077
960,181.25,152,12.5,25.25,0.53032
990,309.5,398,14.25,28.5,0.56091
990,237.25,381.25,13.5,26.75,0.55685
990,573.25,120.5,36,72.25,0.55651
990,292.25,394,13.75,27.25,0.55466
990,165,388.5,14.25,29,0.55404
990,172.25,376,12.75,25.25,0.55378
990,277.75,392.75,14,27.75,0.55016
990,108.5,342.75,14.5,29.25,0.54941
990,316.25,347.75,15.75,31.75,0.54507
990,28.5,74.75,11.75,23.5,0.5445
990,197.5,389.5,14,27.75,0.54393
990,100.5,342,14,27.75,0.54376
990,361.25,281.5,26.75,53.5,0.54316
990,188.25,384.25,16.25,32.5,0.54227
990,39,52,136.5,272.5,0.54077
990,197.5,370.75,14.25,28.25,0.5391
990,358.25,384,12.25,24.5,0.53812
990,220.5,45,14.75,29.5,0.53736
990,141.25,374.5,13.25,26.75,0.53728
990,103,384.5,13,25.75,0.53675
990,260,377.5,16,32.5,0.53633
990,116.25,333.5,16.25,32.75,0.53621
990,613.25,330,14.5,28.75,0.53538
990,100.25,125.25,14,27.75,0.53516
990,468.25,16,12.75,25.5,0.53482
990,501.75,6.75,13.5,26.75,0.53416
990,116.75,402.5,15.25,30.25,0.53405
990,603.5,329.75,15.75,31.5,0.53398
990,586,225.75,31.25,62.5,0.53369
990,157,389.25,14.25,28.5,0.53347
990,341,244,48,96.25,0.53339
990,268.5,201.25,14.5,29,0.53332
990,158.5,284.25,12.25,24.75,0.53311
990,117.5,374.25,13.25,27,0.53265
990,172.5,344.75,12.25,24.5,0.53264
990,252.5,392,12.25,24.75,0.53182
990,112.75,273.25,20.75,41.75,0.53139
990,300.5,382.5,13,26.25,0.53129
990,340.5,369.5,15.25,30.75,0.53074
990,287.5,55.25,12.75,25.5,0.53015
990,596.25,323,15,30,0.53002
1020,197.5,390.25,14,27.75,0.57359
1020,516.25,9.25,15.75,31.5,0.57133
1020,187.75,384,16,32,0.56311
1020,238,384.5,13,26,0.55625
1020,132.75,391.25,12.75,25.75,0.5562
1020,100.5,344,14.5,29,0.55432
1020,341,384.5,12.5,24.75,0.55311
1020,261.5,394.75,14.5,28.75,0.55167
1020,213.25,342.5,14.25,28.5,0.5505
1020,116.5,343.25,15.25,30.75,0.54809
1020,192.25,394.5,12.25,24.5,0.547
1020,142,391,13,26,0.54643
1020,308.75,380.75,15,29.75,0.54534
1020,205.5,391.5,13.25,26.5,0.54427
1020,253.5,392,12.75,25.75,0.54413
1020,172.5,344.75,12.25,24.75,0.54386
1020,229.5,393,15,30.25,0.54305
1020,572.75,122.5,36.75,73.5,0.54297
1020,362,283,25.5,51,0.54292
1020,149,374.25,13.5,27.25,0.54199
1020,325,372,15,29.75,0.54197
1020,508.25,10.5,14.75,29.25,0.54152
1020,355.75,381.75,12.75,25.25,0.53991
1020,156.5,377,12,23.5,0.53884
1020,39.25,52,136,272.25,0.53863
1020,339.75,242.25,49.5,99,0.53805
1020,277.5,74,13,25.75,0.53797
1020,117.5,374,13.5,27.25,0.53682
1020,22.25,438.25,15.5,31,0.53483
1020,142,374.5,13.5,26.75,0.53476
1020,284.25,392.5,15.75,31.5,0.53384
1020,220.5,45.5,13.75,27.75,0.5338
1020,197,379,14.25,28.5,0.53356
1020,136.5,152.25,97.75,195.75,0.5332
1020,254.25,345.25,12.5,24.75,0.53285
1020,125,344.5,14.25,28.25,0.53273
1020,136.25,390,13.75,27.5,0.5326
1020,102,124.75,12.5,25,0.53167
1020,147,391.5,13,26.25,0.53146
1020,107.75,339,16,32,0.53126
1020,220,406.75,16.75,33.5,0.53106
1020,-12.25,182,122.75,245.75,0.53093
1020,617.75,191.75,23.5,47.25,0.53092
1020,456.25,123.25,63.75,127.5,0.53047
1050,277.75,74.75,13.25,26.75,0.56048
1050,148.75,390.75,14,28,0.55894
1050,156.75,382,14.25,28,0.556
1050,340.75,375,13,26,0.55539
1050,187,382.25,16.5,33.25,0.55224
1050,108.25,342,15,30.25,0.55148
1050,268.25,378.5,15.5,31,0.55017
1050,309,380.5,14.25,28.75,0.54917
1050,116.5,383.5,16,32,0.5479
1050,116.5,342.75,15.5,31,0.54782
1050,189.75,411.75,14,28.25,0.54653
1050,572,119.75,38.75,77.25,0.54584
1050,236.5,346.75,16.5,32.75,0.54561
1050,613.5,189.75,28.25,56.25,0.54527
1050,140,390.25,13.5,26.75,0.54424
1050,125.75,352.25,13.25,26.75,0.54419
1050,220.25,401.5,16,32,0.54281
1050,39.25,52,136,272.25,0.5425
1050,99.5,352.25,16,32,0.54225
1050,165,411.25,14.75,29.5,0.54049
1050,359,281.5,26.5,52.75,0.54038
1050,204.75,410.5,15,30,0.53963
1050,100,341,15.25,30.5,0.53925
1050,148.25,55.75,33.5,67.5,0.5376
1050,508.75,10,14.75,29.5,0.53719
1050,252.25,390.75,12.5,25,0.53627
1050,310.5,399.75,12.75,25.75,0.53589
1050,314,347.25,19.25,38.75,0.53578
1050,324.5,383.25,16.5,32.75,0.53548
1050,158.5,283.25,12.5,25.25,0.53546
1050,141.25,93.5,12,24,0.53495
1050,113.75,273.25,20.75,41.5,0.53481
1050,317.5,382.5,13.75,27.5,0.53429
1050,314,37.5,19.5,39.25,0.53384
1050,285.75,384.5,12.5,24.75,0.53321
1050,212.25,400,12.25,24.5,0.53293
1050,355.5,279.75,16.5,33,0.53258
1050,627.75,103,13.5,26.75,0.53227
1050,204.25,384.25,16,32,0.53226
1050,309,370.75,15.75,31.5,0.53206
1050,302,382.5,13.75,27.25,0.53185
1050,229,42.25,15.25,30.75,0.53117
1050,464.75,205.25,17,34,0.53099
1050,136.25,152.25,98,195.75,0.53058
1050,164.25,399,15.75,31.5,0.5305
1050,299.25,400.5,15.5,30.75,0.53042
1080,309.75,381.5,14,28.25,0.58864
1080,340.5,375,13,26,0.5621
1080,262,391,13.5,27,0.55418
1080,574.5,120.25,34.75,69.25,0.55152
1080,213,383,14.5,28.75,0.54713
1080,213.25,43,14.25,28.5,0.54403
1080,186.75,379.5,17.5,34.75,0.54132
1080,114.25,273.25,20,40,0.54108
1080,100.5,87.25,14.75,29.25,0.5409
1080,157.25,381.75,13.75,27,0.53998
1080,146,382.75,18,36,0.53987
1080,341,243.75,48.5,97,0.53915
1080,196.75,382.25,15,30.25,0.53866
1080,163.75,385.5,16.75,33.5,0.53781
1080,39.25,52,136,272.25,0.53748
1080,518.75,8.75,13.25,26.25,0.53651
1080,253,410,15.25,30.5,0.53582
1080,456.75,126,62.75,125.5,0.53501
1080,443.5,423,12.75,25.75,0.53501
1080,361.75,281.5,26.75,53.5,0.53481
1080,139.5,150.25,95.25,190.75,0.5347
1080,236.5,346.25,16.5,33,0.53429
1080,116.25,340.75,16,31.75,0.5336
1080,141.75,360,12.75,25.25,0.53314
1080,108.25,344.5,15.5,31,0.53229
1080,524,6.25,13.5,27.25,0.53214
1080,285,76.5,13.75,27.75,0.53211
1080,173,339.75,15,30,0.53121
1080,108,409.5,12.25,24.25,0.53103
1080,472.25,124,33.75,67.25,0.5306
1080,109.25,79.75,13.25,26.5,0.53028
1110,308.75,381.75,14.75,29.25,0.5631
1110,340.5,371.75,14.75,29.25,0.55559
1110,116.25,348.5,15.5,31,0.55528
1110,509.75,9.5,13.5,27,0.55282
1110,237.75,382.25,12.75,25.75,0.55118
1110,253.5,388,14.5,29,0.55073
1110,163.5,396.5,15.75,31.25,0.54998
1110,204.25,386.25,15.75,31.25,0.54933
1110,572.25,118,38,76,0.54636
1110,197.75,381,13.25,26.5,0.5455
1110,615.25,189,26.75,53.5,0.544
1110,213.25,393.75,14.25,28.25,0.54398
1110,360.5,282,26.25,52.25,0.54127
1110,229.25,392,13.75,27.5,0.54078
1110,229,44,14.75,30,0.53884
1110,219.75,380,16.75,33.25,0.53861
1110,134.5,376.75,12.75,25.25,0.5386
1110,532.75,6.5,13.75,27.75,0.53857
1110,260.5,408,16,32,0.53812
1110,187.5,383.25,16.5,33,0.53774
1110,142.25,376.75,12.5,25,0.53773
1110,314,38,20,40,0.53761
1110,324.5,383.75,16.25,32.75,0.53731
1110,39.25,52,136,272.25,0.53702
1110,501.5,7.25,13.75,27.5,0.53668
1110,212.75,382.75,14.5,29.5,0.53632
1110,282.75,52.25,14,28,0.53438
1110,260.25,385,16.25,32.5,0.53398
1110,101,343,13.75,27.75,0.53385
1110,279.5,67.5,13,26,0.5338
1110,518.25,5,13.25,26.75,0.53338
1110,153.5,445.5,16,31.75,0.53282
1110,-13,185.75,125.75,251.5,0.53278
1110,612.5,41.25,29,58,0.53271
1110,504.75,183.75,24.75,49.75,0.53169
1110,181,152,12.5,25,0.53149
1110,147.75,394.75,13.75,27,0.53147
1110,604.5,350.25,12.25,24.5,0.53106
1110,252.5,328.5,12,24,0.53042
1110,190,411,14,27.75,0.53016
1110,346.75,383.5,16.25,32.75,0.53004
1140,308.5,380.5,15,29.75,0.55951
1140,148,385.25,16.25,32.25,0.55566
1140,487.75,8,12.5,25.25,0.55339
1140,212.25,383.75,13.25,26.25,0.55029
1140,173.5,382.25,13.75,27,0.55029
1140,573,119.5,36.5,72.75,0.54923
1140,187.25,381.5,17.75,35.25,0.54883
1140,340.25,375,13.25,26.25,0.54606
1140,133,353.5,15.25,30.75,0.54379
1140,197.5,380,13.5,27.25,0.54322
1140,530.75,1.25,13.75,27.25,0.54318
1140,359.25,281.5,26.75,53.5,0.54083
1140,116.5,347.5,15.75,31.75,0.54064
1140,112,274,20.5,40.75,0.5406
1140,179.75,383,12.75,25.75,0.53954
1140,619.5,53.75,13.75,27.75,0.53884
1140,324.75,384.75,15.75,32,0.53734
1140,39.25,52,136,272.25,0.53733
1140,163.75,383.25,13,25.5,0.53728
1140,277.25,395.75,14.5,28.75,0.5366
1140,253.25,387.25,15,29.75,0.53637
1140,148.75,55,29.5,58.75,0.53599
1140,261.5,394.75,14,28.25,0.53559
1140,200.5,184.75,12.25,24.5,0.53558
1140,269.25,376.25,13,26.5,0.53476
1140,-2.25,187.75,18,35.5,0.5347
1140,619.5,143.25,13,26,0.53376
1140,228.5,146.5,15,30,0.53355
1140,556,360.5,25.25,50.5,0.53325
1140,229.25,43.75,14,28,0.53255
1140,148.5,358.5,14.75,29.5,0.53247
1140,348,57.25,12,24.25,0.53232
1140,125.75,353,13.25,26.25,0.53231
1140,205.25,392.5,14,28.25,0.53229
1140,500.5,8.5,13,26,0.53203
1140,595.5,285,15,30.25,0.53163
1140,156.75,382.5,13.75,27.5,0.53121
1140,108,341.75,15.5,31,0.53055
1140,172,344,13,25.75,0.53046
1170,237.25,381.75,13.5,27,0.57723
1170,164.25,391.25,15,30.5,0.56475
1170,205.25,389.75,14,28.25,0.56337
1170,125,77.5,14,27.75,0.5627
1170,187.25,381.5,17.75,35,0.55965
1170,261,388.25,14,28,0.55869
1170,116.25,348.25,16,32,0.55507
1170,340.25,375.75,12.75,25.25,0.55232
1170,134.25,376.5,12.75,25.25,0.55052
1170,309,380.25,15.25,30.5,0.55018
1170,614.25,189.5,27.75,55.5,0.54848
1170,198.25,392,12.75,25.5,0.5478
1170,573.75,122.5,35.25,70.5,0.54758
1170,361.75,282.75,25.75,51.25,0.54691
1170,509,13.25,13.75,27.25,0.54462
1170,179.25,383,13,26,0.5435
1170,615.25,57.75,21,42,0.54221
1170,508,6.5,13.25,26.25,0.54168
1170,39.25,52,136,272.25,0.54133
1170,212.25,184.25,12.25,24.75,0.54015
1170,228.75,56.25,15.5,30.5,0.53941
1170,212.5,378.5,15.25,30.5,0.53929
1170,108,88,15.75,31,0.53927
1170,594.25,208,12.25,24.75,0.53914
1170,165.5,347,13.5,27.25,0.53727
1170,197.5,377.75,13.75,27.5,0.53698
1170,108,343,15,30,0.53564
1170,109.25,400.5,12.75,25.25,0.5349
1170,157.5,75.25,13.5,26.75,0.53483
1170,317.25,392,14,28.25,0.53478
1170,600.25,312,12,24,0.53418
1170,235.5,402.5,19.25,38.25,0.53415
1170,113.75,273.5,21,41.75,0.534
1170,125,347.75,14.5,29,0.53324
1170,180.75,150.25,13.5,26.75,0.53248
1170,147,353.5,16.75,33.25,0.53221
1170,589.5,244.25,21.75,43.5,0.53186
1170,626,105.25,14.75,29.5,0.53168
1170,172.25,383.75,12.75,25.75,0.53093
1170,86,287.75,13.75,27.75,0.53073
1170,221,380,12.25,24.5,0.53031
1200,308.75,380.25,14.75,29.25,0.56385
1200,181.25,334.5,13.5,26.75,0.56171
1200,220.5,43.25,14.25,28.5,0.5587
1200,197.75,391,13.25,26,0.55408
1200,361,281.75,23.75,47.25,0.5533
1200,220.5,396,15.75,31.25,0.55084
1200,181.5,152,12.5,24.75,0.54736
1200,164.5,393.5,15.5,30.75,0.54533
1200,112.5,273,21.25,42.25,0.54422
1200,212.75,46,15,30,0.54419
1200,214.5,39.75,12.5,25.5,0.54381
1200,39,52,136.5,272.5,0.54379
1200,573,123.25,36,72,0.54215
1200,116.25,385.75,16,32,0.54132
1200,236.5,375,13.5,27,0.54119
1200,133.25,371,15,30.25,0.54111
1200,221.5,327.5,13,25.75,0.53832
1200,197,331.5,14.5,29.25,0.5368
1200,261,393,12.5,25,0.53678
1200,221,410.75,15,30,0.53632
1200,108.25,112.25,14.75,29,0.5359
1200,86,134.5,13.5,26.75,0.53586
1200,278,63.5,13.75,27.25,0.53586
1200,156,376.25,13.25,26.25,0.53575
1200,203.5,381.5,17,34,0.53407
1200,285,384.5,12.25,24.5,0.5339
1200,164.25,383.5,15.5,30.5,0.53346
1200,195,142.75,17,34,0.53333
1200,284.75,76.75,12.75,25.75,0.53283
1200,172.25,391.5,13.75,27.5,0.53273
1200,333.5,399,13.25,26.5,0.53245
1200,228,384,17,34,0.5318
1200,133.25,385.75,15,29.75,0.53086
1200,518.5,6.25,13.5,27.25,0.53079
1230,261,391,13.25,26.5,0.59196
1230,140.25,385.5,15.75,31.75,0.58619
1230,149.25,374.5,13.75,27.25,0.57002
1230,309.25,383.5,14,28,0.55993
1230,213,405.75,14.75,29.5,0.55671
1230,148.25,338.75,15.5,31.25,0.5545
1230,212.25,408.5,15.75,31.25,0.55338
1230,204.5,382,15.25,30.25,0.55295
1230,151.5,391.25,13.25,26.25,0.55245
1230,205.25,396.25,13.75,27.5,0.55243
1230,165,390.25,14,28,0.55215
1230,310,399,13,26.5,0.55122
1230,108.5,340.5,14.5,28.75,0.54933
1230,509.5,10.5,13.5,27,0.54927
1230,236.75,76.75,13.25,26.75,0.54861
1230,245,394.75,15,30.25,0.54712
1230,163.75,445.5,16,32,0.54613
1230,572.25,118,38,76.25,0.54581
1230,359,281.25,26.75,53.5,0.54549
1230,116.75,342.25,14.5,29,0.54544
1230,134.75,375,13,26,0.54544
1230,220.25,396.25,15,30.25,0.54468
1230,132.5,342,14,28,0.54437
1230,197,389,14.75,29.5,0.5442
1230,157,336.75,14,27.75,0.54303
1230,108,90.25,15,29.75,0.5429
1230,180.5,358,14,28.5,0.5428
1230,540.5,2,11.75,23.5,0.54196
1230,39.25,52,136,272.5,0.5417
1230,155.75,385,16.25,32.25,0.54154
1230,134,392.25,13,25.75,0.54134
1230,125,348.25,14.25,28.25,0.54022
1230,616,189.5,25.75,51.25,0.53968
1230,559.75,1,12.25,24,0.5396
1230,516.25,5.75,15.25,30.75,0.53937
1230,212.5,49,15.75,31.5,0.53885
1230,349.75,368,12.25,24.75,0.53883
1230,187.25,382.75,17,33.75,0.53766
1230,100.5,81,14.5,28.75,0.53715
1230,188.5,205.75,13.5,27,0.53673
1230,300.5,383.75,12.75,25,0.53663
1230,612,8.5,12.5,24.75,0.53662
1230,196.25,144.75,15.75,31.25,0.53642
1230,279.25,66.5,13.25,26.5,0.5359
1230,133.25,45.25,14.75,29.5,0.53477
1230,156.5,370.75,15,30,0.53462
1230,186.75,42.5,23.75,47.5,0.53385
1230,136.5,152.25,97.75,195.75,0.5337
1230,344,250,45,89.75,0.53289
1230,220,193.5,12,24.25,0.53187
1230,460.25,140,12.25,24.5,0.53164
1230,180.75,151.75,12.5,25.5,0.53026
1230,493,411.75,15.75,31.5,0.53022
1260,260,390,14,28,0.57368
1260,108.5,344.25,14.75,29.5,0.57066
1260,197,389,14.5,29.25,0.55857
1260,125,344.5,14.5,29.25,0.55647
1260,116.75,89.75,15.5,31,0.55312
1260,236.25,382.25,16.25,32.75,0.55303
1260,117,342.75,14.5,29.25,0.55282
1260,243.75,382.75,16.75,33.25,0.55066
1260,351,384.25,12.25,24.5,0.5498
1260,140.75,387.75,14.5,29.25,0.54907
1260,309.5,399,14,27.75,0.54768
1260,359.5,281.5,26.5,53,0.5459
1260,213.25,343.75,13.75,27.5,0.54566
1260,39,52,136.25,272.5,0.54547
1260,572.25,120,38.25,76.5,0.54531
1260,532.75,4.5,14.25,28.5,0.54469
1260,340.5,375.75,12.75,25,0.54377
1260,134.25,374.25,13.25,26.5,0.5433
1260,212.25,48,15.5,31.25,0.54227
1260,615.5,189.25,26.25,52.75,0.54212
1260,540.25,12.75,13.25,26.5,0.54049
1260,180.75,358.5,14.25,28.25,0.54026
1260,163.75,381.5,16,31.75,0.53847
1260,108.75,91,14,28,0.53821
1260,188.5,345,15,29.75,0.53793
1260,220,351.75,16,32,0.53778
1260,108.5,397.25,14.25,28.5,0.53749
1260,268.25,384.5,16,32,0.53732
1260,204.25,384.75,15.75,32,0.53682
1260,155.5,383.75,16.5,32.75,0.53625
1260,325.75,380.5,13.25,26.5,0.53549
1260,148.75,390,14.25,28.75,0.53515
1260,524.5,11,14,27.75,0.53496
1260,108.75,112.75,14.5,29,0.53489
1260,148.25,368.75,15.5,31,0.5342
1260,285,385,12.75,25.5,0.53334
1260,205,397.75,14,28.25,0.5331
1260,220.25,395.5,15,29.75,0.53302
1260,139,365,17.75,35.25,0.53281
1260,500.5,13.25,15.25,30,0.53269
1260,515.75,9,15.25,30.5,0.53192
1260,438.25,156,48.75,98,0.53133
1260,84,114,13.75,28,0.53074
1260,200,184,12.5,25,0.53034
1260,100.25,81.5,15,30.25,0.53017
1260,252.5,387.75,15.25,30.25,0.53006
1290,260.75,389,14.25,28.75,0.57453
1290,181.5,382.25,13.5,27.25,0.56564
1290,253,389.5,14.75,29.25,0.55922
1290,197,389,14.75,29.25,0.55772
1290,147.5,389.75,13.5,27.5,0.55696
1290,524.75,11,13.75,27.5,0.55584
1290,573.5,119.75,36.25,72.75,0.5555
1290,125.5,392,13,26,0.55443
1290,187.5,380.25,16.5,33,0.55306
1290,147.25,403.5,13.75,27.25,0.55024
1290,325.5,379.5,13.75,27.5,0.54967
1290,324.75,400.75,15.5,31,0.54791
1290,107.75,112.75,16,32,0.54773
1290,212.75,394.25,14.75,29.5,0.54771
1290,140.5,387.5,14.5,29.5,0.54612
1290,151.25,390.5,13.5,27,0.54605
1290,141.25,347,14.25,28.5,0.54586
1290,237,395.5,13.25,26.75,0.54531
1290,187.75,205.25,13.75,27.5,0.54527
1290,132,388.5,14,28.25,0.54293
1290,39.25,52,136,272.25,0.54291
1290,113.75,272.25,21.5,43.25,0.54277
1290,156.75,381.25,14.25,28.75,0.54243
1290,100.25,341.75,15,30.5,0.54204
1290,220.5,44.25,14.75,30,0.54155
1290,540,3,13,26.25,0.5412
1290,361.5,282.75,25.5,51.5,0.53937
1290,256,345.25,12.25,24.5,0.53884
1290,228.5,62.75,16.25,32.5,0.53839
1290,229.25,401,14.75,29.75,0.53791
1290,116.75,339,14.75,29.5,0.53748
1290,108.5,343,14.5,29,0.53694
1290,239,381.5,13.25,26.75,0.53656
1290,245.5,389.25,14,28.25,0.53566
1290,139.75,47.75,13.75,27.25,0.53492
1290,372.75,126,18,35.75,0.53426
1290,15.5,422,20.5,41.5,0.53401
1290,137,391.25,13.25,26.25,0.534
1290,516.25,9.5,14.75,29.75,0.53196
1290,308.75,398,14.75,29.25,0.5317
1290,426.75,3.75,11.75,23.75,0.53122
1290,134.75,45.5,12.25,24.5,0.53084
1290,339.25,240.75,49.5,99.25,0.5307
1290,189.25,344,13.75,27.5,0.53056
1290,220.25,394.75,15.25,30.5,0.53035
1290,212.5,73.5,15.5,31,0.5301
1320,212,48.25,15.75,31.25,0.56565
1320,236.25,385.5,14.75,29.5,0.56552
1320,197.25,398.25,14,28.25,0.55608
1320,360.5,282,26.25,52.5,0.55435
1320,516,8.75,15,29.75,0.55403
1320,147,385.25,17.5,34.75,0.552
1320,276.5,395.5,13.25,26.75,0.55139
1320,284.75,58.75,13.5,27.25,0.55075
1320,142,348.5,13,26,0.55016
1320,219.75,346,16.75,33.25,0.54944
1320,132.75,385.5,15.25,30.75,0.5483
1320,316.75,390.5,15,30,0.54722
1320,236.75,77.5,13.25,26.5,0.54642
1320,571.75,118.5,38.75,77.75,0.54639
1320,309,383,15,30,0.54609
1320,524.75,11.5,13.25,26,0.54595
1320,220.5,359,13.25,26.75,0.54367
1320,39,52,136.25,272.25,0.54332
1320,245.75,389.75,13.25,26.25,0.54257
1320,164,392.75,16,32,0.54203
1320,236.25,347.25,15.25,30.25,0.54162
1320,292.5,404.5,14.5,29,0.54117
1320,205,397.5,14.25,28.75,0.54099
1320,260.25,386.25,15.5,31,0.53921
1320,509.25,10.75,13.75,27.25,0.53851
1320,172.5,391,15.75,31.25,0.53739
1320,492,11,15.25,30.25,0.53732
1320,132.25,339.75,15,29.75,0.53724
1320,324.5,384.25,16,32,0.53656
1320,163.5,444.75,17,34,0.53617
1320,318,383.75,12.75,25.75,0.53511
1320,301.25,380,14.25,28,0.53476
1320,164.75,384,14.25,29,0.53473
1320,494.25,95.5,12,24,0.53452
1320,180.75,152.5,12.5,25.25,0.53416
1320,456,125.75,64,128.25,0.53406
1320,197,388.25,15,30.25,0.53402
1320,297.5,35.5,21.25,42.5,0.53346
1320,564.75,49,11.5,23,0.53305
1320,188.5,345.75,14.25,28.5,0.53269
1320,93,91.25,13.5,27.25,0.5323
1320,18.25,120.25,12.25,24.5,0.53226
1320,108.5,343,14.25,28.75,0.53219
1320,221,291.75,12.5,25,0.53202
1320,269,397,13.5,27.25,0.53201
1320,487.75,13.25,12.75,25.5,0.53199
1320,617.5,190.25,24.5,49.25,0.53172
1320,125.5,385.25,15.75,31.5,0.53144
1320,212.5,343.75,13,25.75,0.53144
1320,124.25,113,12.25,24.75,0.53136
1320,172.5,401.75,16,32,0.53122
1320,-8.5,184.5,120.25,240.5,0.53086
1320,373,127,17.75,35.5,0.53045
1320,180.5,353.75,15.75,31.5,0.53034
1320,180.25,397.75,15.75,31.5,0.5302
1350,237.75,382.5,13.5,26.75,0.56919
1350,261.25,390.25,13.75,27.75,0.56197
1350,197,390.25,14.5,28.75,0.55448
1350,164.5,390.25,13.75,27,0.5527
1350,205.25,397.75,14,27.75,0.55237
1350,309.25,382.5,13.75,27.5,0.55148
1350,108.75,90.75,13.75,27.75,0.5506
1350,180.75,380.75,14.75,29.25,0.54588
1350,524.5,7.25,14.25,28.5,0.54575
1350,571.25,118,39.75,80,0.54461
1350,187.25,380,17.5,34.75,0.54271
1350,118,376,12.5,25.25,0.54171
1350,155.25,382,17.25,34.75,0.54061
1350,360.75,283,26.25,52.25,0.53983
1350,275,182.25,18.25,36.5,0.5398
1350,342,373.25,14,28,0.53968
1350,172.5,367.75,15.5,30.75,0.53946
1350,236.25,57.75,12,24,0.53944
1350,508.5,8.5,14.5,29,0.53938
1350,39,51.75,136.25,272.75,0.53926
1350,253.25,391.5,13.75,27.5,0.53711
1350,317.25,381.25,14.25,28.75,0.53687
1350,141.25,348.5,13.25,26.75,0.53671
1350,414.5,416.5,13.75,27.75,0.53627
1350,599,321,13,25.75,0.53555
1350,133.75,383.5,14.25,28.25,0.5341
1350,116.5,337,15.75,31.25,0.53395
1350,501,10,13.5,26.75,0.53364
1350,124.25,112.75,12.75,25.5,0.53362
1350,188,205.5,13.25,26.5,0.53353
1350,489,180.5,21,42,0.53333
1350,125.25,346.25,13.75,27.75,0.53303
1350,520.75,186.5,12.75,25.75,0.53273
1350,229,368.5,14.5,29,0.53268
1350,213.75,61.5,13.5,26.75,0.53247
1350,394.5,429.25,19.5,39.5,0.53216
1350,104,313,12.5,25,0.53205
1350,301.5,382,13.25,26.75,0.53174
1350,220.5,370.75,14.25,28.5,0.53161
1350,616.25,190.75,25.75,51.25,0.53156
1350,372.75,126.5,18.25,36.75,0.53126
1350,423.25,2,14,28,0.53112
1350,618.5,37.75,21.25,42.75,0.53099
1350,-15.5,189,128.5,257.25,0.53082
1350,236.5,346.75,15.75,31.5,0.53075
1350,278,383,13.25,26.75,0.53061
1350,112,273.75,19.75,39.75,0.53009
1380,181.25,381.75,13.5,27,0.57216
1380,237.5,383,13.25,26.25,0.57071
1380,212.75,68.25,15,30,0.56852
1380,339.5,375.5,13,26,0.56631
1380,309,381.25,14.75,30,0.56519
1380,260.25,389,14,28,0.56512
1380,132.5,384.5,13.5,27,0.56488
1380,205.25,398,13.5,27,0.56358
1380,197.5,398.5,13.5,27,0.56274
1380,359.5,281.75,26.25,52.5,0.55578
1380,228.25,383.25,16,32,0.55458
1380,156.25,381.5,15.5,31,0.55285
1380,572.75,122.75,36.5,72.75,0.55284
1380,309.25,398.5,13,26.5,0.55144
1380,524.25,8.75,14,28,0.55141
1380,220.25,47.75,15.25,30.5,0.54941
1380,500.75,12,13.5,27.25,0.54798
1380,39.25,52,136,272.5,0.54691
1380,269,376.25,12.75,26,0.54542
1380,84.75,112,15.5,31,0.54387
1380,317.5,381.75,14,27.75,0.54343
1380,220,60.25,16.25,32.5,0.54329
1380,493,412,14.75,29.25,0.5429
1380,284.5,388.5,15,30.25,0.54159
1380,116.25,338.75,15.75,31.25,0.54083
1380,508.5,3.5,14.75,29.5,0.54008
1380,212.5,397.25,13.75,27.75,0.53994
1380,187.75,205.5,14,27.5,0.53835
1380,151,56,20.75,41.5,0.53762
1380,148,393.25,13,26.25,0.53746
1380,269.25,398.25,14,28.25,0.5372
1380,253,391,13,26,0.53646
1380,212.75,348.25,14.75,29.75,0.53638
1380,260,404,16.25,32.25,0.53582
1380,255.5,344.25,12.75,25.75,0.5343
1380,221,292.5,12.5,25,0.53371
1380,237,346.25,14.25,28.75,0.53322
1380,487.25,3,13.25,26.25,0.53317
1380,584,193.5,18.5,37,0.53139
1380,92,345.75,15.75,31.75,0.53126
1380,598.25,432.75,12.5,24.75,0.53066
1380,196.75,388.25,15.25,30.75,0.53028
1380,228,41.25,12.5,24.75,0.53015
1380,456.5,129,62,124,0.53012
1410,261,389.5,14,27.75,0.57797
1410,309,383.5,14,28,0.57783
1410,501.75,13.75,13.25,26.75,0.5709
1410,197,382,14.75,29.5,0.56475
1410,220.5,394,15.5,31,0.56428
1410,108,114,15.25,30.25,0.55403
1410,174,392.75,14,28,0.553
1410,108.5,90.5,14.75,29.5,0.55219
1410,184.25,61,25.75,51.25,0.55114
1410,359.5,281.75,26.25,52.5,0.55088
1410,135,375.75,12.75,25.5,0.55026
1410,228.5,383,15.5,31.25,0.54993
1410,117.5,350.25,13.5,27,0.54944
1410,189.25,368.25,14.75,29.5,0.54942
1410,39,52,136.5,272.5,0.5475
1410,181.25,382.25,13.75,27.75,0.54689
1410,539.75,3,14.25,28.5,0.54549
1410,204,382.75,16.5,33.25,0.54517
1410,172.25,367,16,32,0.5449
1410,324.25,386.5,16.5,33.25,0.54484
1410,18.25,72.5,12,24,0.54415
1410,116.5,386,15.5,30.75,0.54368
1410,224,376.5,12,24.25,0.5429
1410,114.5,272.25,20.25,40.75,0.54225
1410,492.5,4.25,15.25,31,0.54212
1410,164.75,347.75,14.5,28.75,0.54054
1410,157.5,376.75,13.25,26,0.54026
1410,84.25,92.5,12.75,25.25,0.53771
1410,230.5,64.25,14.25,28.25,0.53754
1410,108,345,14.75,29.25,0.5372
1410,456,126.25,62.25,124.25,0.53689
1410,229,393.25,15.25,30.5,0.53655
1410,499,320.75,19.25,38.25,0.53652
1410,181.5,151.25,12.5,25.5,0.53641
1410,187,381.25,17.75,35.25,0.53637
1410,572.75,122.5,36.75,73.5,0.53618
1410,285,394.5,14.75,29.25,0.53589
1410,213.5,398,13.75,27.5,0.53475
1410,626.5,63.75,13.25,26.25,0.53473
1410,268.75,347.5,14.5,29,0.53468
1410,220.25,47.25,15.75,31.5,0.53445
1410,253,391.5,12.75,25.5,0.53431
1410,196.5,145.5,15.5,30.75,0.53401
1410,139.5,447.75,13,26,0.53393
1410,20,9.25,12.25,24.25,0.53383
1410,355.5,380.75,13.25,26.5,0.53377
1410,148.25,364.25,15.5,30.75,0.53346
1410,245.75,392.25,14,28,0.53302
1410,284.75,58.25,13.75,27.5,0.53237
1410,103.25,128.5,12,24.25,0.53221
1410,515.75,6.25,16,32.5,0.53207
1410,133,342.25,14.5,29,0.53195
1410,187.75,204.75,14,27.75,0.53188
1410,344.75,59,11.5,23,0.53092
1410,236.5,383,13.5,26.75,0.53059
1410,116.5,90,15.25,30.5,0.53047
1410,212.25,386,15,30.25,0.5303
1410,301.5,382,13.5,27,0.53014
1440,164.5,384.5,14.75,29.5,0.58688
1440,172.25,384,16.5,33,0.57918
1440,212.25,385.75,16,31.75,0.57768
1440,325.5,379,14,28.25,0.57349
1440,28.5,77,13.75,27.5,0.5652
1440,308.25,384.75,16.5,32.75,0.56493
1440,204.25,384.75,15.75,31.25,0.5591
1440,149,388,14,28.25,0.55368
1440,213.75,64.5,13.25,26.75,0.55339
1440,112.5,273.25,21.25,42.75,0.55303
1440,180.75,370.25,14.75,29.5,0.55289
1440,239,376,12.75,25.25,0.55207
1440,188.25,392,16.25,32.5,0.5519
1440,132.25,382.25,14.5,28.75,0.5509
1440,253.75,388.75,14.25,28,0.54903
1440,524,10.75,15,30,0.54639
1440,361.25,285.25,19.25,38.75,0.54601
1440,260.25,385,15.75,31.25,0.54515
1440,340.75,373,14,28,0.54504
1440,180.5,382.75,15.75,31.25,0.54493
1440,189.5,68.75,14,28.25,0.54411
1440,573.5,119.75,36.75,73.5,0.54392
1440,590.25,343.75,12.5,25,0.54349
1440,188.25,94.75,12.25,24.75,0.54295
1440,236.5,64.25,12,24.25,0.5428
1440,268.5,383.5,15.25,30.75,0.54217
1440,39,51.75,136.5,272.75,0.54183
1440,140.5,385.5,15.75,31,0.54155
1440,163.75,354.75,17,34.25,0.54149
1440,228.5,387.25,15.25,30.5,0.5408
1440,85.5,91,15,30,0.54027
1440,39,357.25,43.75,87.5,0.53898
1440,120.25,65,12,24,0.53797
1440,197.25,332.75,14.25,28.75,0.53738
1440,166.75,56.5,11.75,23.5,0.53736
1440,148.5,324.5,14.75,29.75,0.53622
1440,156,191,15.5,30.5,0.53585
1440,196.5,386.25,15.75,31.5,0.53583
1440,324.5,344.5,16,31.5,0.53552
1440,524.75,207,11.5,23,0.53523
1440,492.75,9.25,16,32.25,0.53507
1440,309.75,396.75,14,28,0.53458
1440,107.5,445.25,16.5,33,0.5319
1440,197,201.5,15,30.25,0.53166
1440,220,382.5,17.25,34.25,0.53135
1440,348.25,373.5,13.5,27.5,0.53127
1440,156.25,381,15,30.5,0.53126
1440,470,150,32.5,65.25,0.53051
1440,220.5,368.25,13.25,27,0.53031
1470,213,389.25,14,28,0.58527
1470,309.75,383.25,13.75,27.25,0.57073
1470,171.75,382,16.5,33,0.56975
1470,181,382.75,13.75,27.5,0.56709
1470,333,349.25,14.75,29.5,0.56076
1470,332.5,1.75,12,24,0.56029
1470,325.5,374.25,13.75,27.75,0.55759
1470,228.5,375.25,12.75,25.75,0.55346
1470,204.5,345.25,15.5,31.25,0.54926
1470,573.75,118.5,36,72,0.54892
1470,516.5,11.25,14.25,28.25,0.54857
1470,359,281.5,26.75,53.25,0.54689
1470,108,341.25,15.5,31.25,0.54601
1470,116.75,348.75,15.75,31.5,0.54561
1470,132,383.75,14.25,28.25,0.54376
1470,585.75,227,30,60.25,0.54376
1470,189,383.75,15,30.5,0.54084
1470,396.5,430.25,17.25,34.75,0.53996
1470,220.75,374.5,13,26,0.53931
1470,341,373.25,14.25,28.25,0.53878
1470,199.25,328,12.5,25.25,0.53855
1470,309.5,399.25,13.5,27,0.53835
1470,39,51.75,136.25,272.75,0.53811
1470,540,9,13.75,27.5,0.53779
1470,292.5,403.25,15.5,30.75,0.53776
1470,188,44,19.75,39.25,0.53759
1470,117.5,373.5,13.75,27.75,0.53717
1470,156.25,403.5,15.25,30.75,0.53706
1470,494,412,13.5,27,0.53657
1470,108.5,82.25,15,30,0.53644
1470,300.25,397.5,13.75,27.75,0.53608
1470,165,388.25,14.5,28.75,0.53585
1470,114,273.25,19.25,39,0.53537
1470,614.75,353,11.5,23,0.53531
1470,176.75,349,11.5,23,0.53511
1470,309,348.5,13.75,27.25,0.53496
1470,524.75,8.5,14.5,28.75,0.5348
1470,125,349.75,15.5,31,0.53473
1470,348.5,385.25,13,26,0.53465
1470,463.25,336.75,19.5,39,0.53331
1470,93,354.75,13.75,27.75,0.53277
1470,260.75,386.25,15.5,31,0.53252
1470,164,348.25,15.5,31,0.53249
1470,245.25,387.25,14.75,29.25,0.53248
1470,324.25,346,16.5,32.75,0.53223
1470,196.75,344.75,15.25,30.5,0.53213
1470,85.5,404,14.75,29.5,0.53196
1470,284.75,393,15.75,31.75,0.53185
1470,220.75,44.5,13.75,27.25,0.53182
1470,197.25,386,13.75,27.5,0.53175
1470,172.25,332.5,16.75,33.5,0.53115
1470,549.25,3,11.5,23,0.53087
1470,228.75,392.5,15.25,30.5,0.5306
1470,341.25,244,47.75,95.75,0.53033
1470,212.25,48,16,31.75,0.53015
1500,309.5,381.5,14.5,29,0.59626
1500,212.25,385.5,15.75,31.25,0.56927
1500,517,8.75,14.75,29.25,0.56627
1500,148.75,384.75,16,32,0.55985
1500,317.25,344,14,28,0.55731
1500,508.75,11.25,14.25,28.5,0.55422
1500,197.25,386.25,14,28.25,0.55354
1500,140,386,15.5,30.5,0.55213
1500,261,390.25,13.75,27.5,0.54944
1500,220.75,384.25,15.25,30.5,0.54903
1500,540.25,4,12.5,25,0.54742
1500,133,385.5,15,30.25,0.54732
1500,325.5,374,14.5,28.5,0.54728
1500,581.75,304,13,26,0.5469
1500,187.25,341.75,18,36.25,0.54682
1500,171.75,381.5,16.5,32.75,0.54677
1500,38.75,51,139,277.5,0.54504
1500,583.75,192,19,38,0.54226
1500,227.75,375.5,13,26,0.54177
1500,188.25,44.5,20.75,41.5,0.53986
1500,204.75,381,14.5,29.5,0.53923
1500,220.75,375.5,12.75,25.5,0.53862
1500,113.75,273,20.75,41.25,0.53723
1500,340.5,246.5,48,96.25,0.53574
1500,493.25,411.75,13.5,27.5,0.53561
1500,124,120,12.75,25,0.53498
1500,395.25,208,17.5,35,0.53495
1500,117.25,373.75,14,27.5,0.53468
1500,139.25,41,12.25,24.75,0.53429
1500,626.5,152.75,13.75,27.25,0.53356
1500,243.5,383.25,16.25,32.75,0.53318
1500,585.5,225.75,30.5,61,0.53261
1500,398,427,12,24.25,0.53216
1500,324.5,399.75,12.5,25.25,0.53214
1500,212.25,71.5,16,31.75,0.5313
1500,109,376.25,13.25,26.5,0.5312
1500,358.5,281,27.25,54.5,0.53102
1500,325.25,346.25,15.25,30.5,0.531
1500,617.25,191.75,24.5,48.5,0.53087
1500,508.75,85,11.5,23,0.53083
1500,360.5,202,15.75,31.5,0.53074
1500,572.75,122.75,36.5,72.75,0.53043
1500,180.75,373,13.25,26.75,0.53042
1500,67.5,252.5,40.5,81.25,0.53026
1530,101,367.25,13,26.5,0.57008
1530,197.25,389.75,13.75,27.75,0.56817
1530,84.75,88.25,15.25,30.5,0.56353
1530,108.5,86.5,14.25,28.75,0.56233
1530,517.25,13.75,13.5,27.25,0.56093
1530,99.75,344,15.5,30.75,0.5588
1530,157.5,383,13,26.25,0.556
1530,325.25,373,14.5,29,0.55398
1530,268.5,382,14.5,29,0.55227
1530,524.75,12.25,14,27.5,0.5484
1530,165.25,395.5,13.75,27.5,0.54806
1530,141,333,15,29.75,0.54746
1530,333.25,348,15.25,30.5,0.5464
1530,340.75,385.5,11.75,24,0.54616
1530,236.75,79,12.75,25.75,0.54614
1530,164.25,383.75,12.5,25,0.54517
1530,187.5,382.5,17,33.5,0.54367
1530,573.75,120.5,35,69.75,0.54251
1530,252.25,390.5,13.25,26.5,0.54206
1530,125,343,14.75,29.25,0.54179
1530,359,281.25,27,53.75,0.54114
1530,309.75,383.5,13.75,27.75,0.54106
1530,344.5,385.25,12,24,0.54101
1530,278,78.25,12.75,25.75,0.54087
1530,132.25,342.75,14,28,0.53984
1530,205,373,14,28,0.53853
1530,317.25,343.5,14.25,28,0.53788
1530,39,51.75,136.25,272.75,0.53775
1530,213.25,404.75,14.5,28.75,0.53749
1530,605.25,351.5,12.75,25.25,0.53726
1530,108.25,341.25,15.25,30.25,0.53722
1530,220.5,391.25,14.5,29,0.53678
1530,172.25,336.5,16.75,33.5,0.53676
1530,220.25,63.5,15.75,31.25,0.53623
1530,149.25,404.75,14.25,28.25,0.53611
1530,533.5,7.25,13.25,27,0.53553
1530,301.25,383,13.25,26.25,0.53426
1530,133,394.25,15.75,31,0.53287
1530,197,350.75,14.25,28.5,0.53218
1530,355.75,383.5,12.5,24.75,0.53204
1530,116.25,392.25,16.25,32.5,0.5318
1530,187.25,389.25,17.5,34.75,0.53179
1530,311,444.25,12.5,24.75,0.5315
1530,508.75,11,14.75,29.5,0.53103
1530,309.75,400.25,12.75,25.5,0.53073
1530,67,257.75,38.75,77.75,0.5304
1530,206.25,184.5,12,24.25,0.53028
1530,143,448.75,13.25,26.5,0.53019
1560,197.75,392.25,13.25,26.75,0.56151
1560,356,382.75,12.5,25,0.56077
1560,517.5,8,13.5,27,0.5565
1560,325,374,14.25,28.25,0.55645
1560,220,395.75,15.5,31,0.55623
1560,342,382.75,13.25,26.25,0.55525
1560,125,348.75,14,28.5,0.55135
1560,145.5,390.75,19,37.75,0.54951
1560,214,327.5,13,25.75,0.54882
1560,181.25,382,13.5,27.25,0.54757
1560,213,44,13.25,26.5,0.54683
1560,237,346,14.75,29.25,0.54596
1560,571.75,118,39.25,78.75,0.54577
1560,113.75,272.75,20.75,41.75,0.54547
1560,188,381.25,15.75,31.5,0.54475
1560,525.25,11,14,28,0.54405
1560,107.75,341.25,15.75,31.25,0.5436
1560,310.25,399.5,13.5,26.75,0.54357
1560,204,383.5,16.5,33,0.54184
1560,212.25,386.25,16.25,32.5,0.54135
1560,309.25,386.25,13.75,27.5,0.54089
1560,39,51.75,136.5,272.75,0.54043
1560,508.5,11.5,13.25,26,0.54029
1560,359.5,281.75,26.25,52.5,0.53989
1560,533,13,13.75,27.5,0.53881
1560,85,87.25,15,29.75,0.53799
1560,100,344.5,14.5,29,0.5374
1560,228.25,40.5,12,24,0.53667
1560,199,336.25,12.75,25.25,0.53659
1560,220.25,44.5,15.25,30.5,0.53641
1560,164,348.75,16.25,32.5,0.53624
1560,134.75,375.25,12.75,25.75,0.53519
1560,494.25,412.5,12.25,25,0.53471
1560,252.5,392.25,12.75,25.5,0.53459
1560,236.75,384.75,15.75,31.5,0.53406
1560,220.25,382.25,16.25,32.5,0.5336
1560,299.25,375.25,16.25,33,0.53279
1560,325,396.75,14.25,28.75,0.53271
1560,228.5,61.5,15.25,30.75,0.53251
1560,374.25,126.25,17.25,34.5,0.53147
1560,282.75,65,15.5,31,0.53084
1560,181.25,368,14.75,29.75,0.53081
1560,582.25,304,12.75,25.75,0.5305
1560,28.5,74,11.75,23.75,0.5303
1560,205,395.5,14.25,28.5,0.53009
1590,197,388.75,14.75,29.25,0.58195
1590,213.25,390,14,28.25,0.57987
1590,268.25,383.5,15.75,31.5,0.57842
1590,99.75,81.75,15.75,31.5,0.57403
1590,245.5,389.75,14,28,0.5714
1590,99.75,353,15.5,31,0.56678
1590,309.25,400.5,13,25.5,0.56502
1590,157.5,382.5,13.5,27,0.56201
1590,197,368.25,14.75,29.25,0.56002
1590,212.5,63,15.25,30.25,0.55835
1590,340,384.25,12.5,24.5,0.55493
1590,92.25,81.25,14.75,29.5,0.553
1590,204.25,385.5,15.75,31.5,0.5498
1590,124.75,348,14.5,29.25,0.54813
1590,113.75,273.5,20.5,40.5,0.54754
1590,180.75,350.5,14,28.25,0.54682
1590,236.25,385.25,14.75,30,0.54465
1590,196.75,343.5,15.25,30.5,0.54428
1590,229.25,347.25,13.25,26.5,0.54402
1590,116.5,124.25,14,28.25,0.54297
1590,228.75,369,15.25,30.5,0.54231
1590,39.25,52,136,272.25,0.54225
1590,533.75,445.25,13.25,26.75,0.54183
1590,359.25,281.75,26.5,53,0.54166
1590,344.25,58.5,12.25,24.5,0.54089
1590,228.75,384.5,15.25,30.25,0.54029
1590,100,343.75,15,30.25,0.53926
1590,180.75,382.25,16,31.75,0.53754
1590,572.25,120.5,38.5,77.25,0.53747
1590,197,203.25,14.25,28,0.53736
1590,626.75,104.25,13.5,27.25,0.53722
1590,524.25,12.25,13.5,26.75,0.53682
1590,268.5,205,14,27.75,0.53666
1590,220.5,355.25,14.5,29.25,0.5359
1590,252.5,344.5,12.5,25,0.53566
1590,261.25,390,14.25,28.5,0.53542
1590,316.5,347.5,15.5,31,0.53399
1590,120,341.75,12.25,24.5,0.53353
1590,589,243.25,22.25,44.5,0.5334
1590,117.25,366.75,13.75,27.5,0.53303
1590,292.5,393.75,13.25,26.5,0.53293
1590,141.5,448.5,13,26.25,0.53266
1590,197.5,355.25,13.5,26.75,0.53261
1590,628.25,154.25,12,23.75,0.53199
1590,180.5,152.75,12.5,24.75,0.5309
1590,99.75,116.25,16,31.75,0.53026
1590,221.25,376.25,12.75,25.75,0.53012
1590,148,394.5,18.5,37.25,0.53009
1590,464.5,70.25,12,24,0.53004
1620,141,390,13.5,27.25,0.58219
1620,197,389.75,14.25,28.25,0.57879
1620,100.25,99.5,15,30,0.56669
1620,309.75,399.5,13.5,27,0.56109
1620,156.25,381,15.5,30.75,0.55985
1620,151.25,391.75,12.75,25.5,0.55861
1620,172.75,367,15.25,30,0.55561
1620,237,76.25,12.75,26,0.55466
1620,109.25,102,13.75,27.25,0.55375
1620,196.75,367.5,14.25,28.5,0.55327
1620,261.25,387.75,14.25,28.75,0.55159
1620,571.75,120.25,39.5,79,0.54732
1620,228,380.5,16.75,33.5,0.54687
1620,220.5,353.75,15.25,30.75,0.54615
1620,276.5,402.75,15.5,30.75,0.54478
1620,276.25,69.5,13.25,26.5,0.54382
1620,567.5,51.5,12.25,24.75,0.54381
1620,221.25,375,13.75,27.5,0.5436
1620,220.25,384,15.75,31.5,0.54341
1620,302,382.75,13,25.75,0.5433
1620,379.5,432.25,15.5,30.75,0.5432
1620,340.75,367.75,12.5,25.25,0.54166
1620,359.75,284,25.25,50.75,0.54157
1620,268.75,344.75,14,28,0.54129
1620,107.5,350.5,16.75,33,0.54113
1620,220,47.75,15.5,30.75,0.54085
1620,314.75,398,18,36,0.5406
1620,182,375.25,12.75,25.75,0.53844
1620,518.25,4.5,13.75,27.5,0.53791
1620,220.75,394.25,15,30.25,0.53768
1620,116.5,368,15.75,31.5,0.53659
1620,187.75,379.75,16,32,0.5353
1620,134,386,14,27.75,0.53488
1620,156.25,347.75,15,30.25,0.53447
1620,365.75,301.75,15.75,31.25,0.53431
1620,283.25,64.25,15.5,31.25,0.53395
1620,236.75,381,14.25,28,0.5339
1620,39,52,136.25,272.25,0.53349
1620,93,102.5,13.5,27,0.53279
1620,220.25,57.5,16,31.75,0.5325
1620,197.25,202.75,14.25,28.5,0.53213
1620,228.25,346,15.5,31,0.53206
1620,324.5,380.5,13.5,27,0.53089
1620,100.25,342.75,14.5,28.5,0.53051
1620,139.5,47.25,13.5,27,0.53049
1620,181,354.25,13.25,26.5,0.53012
1650,141,389,13.75,27.75,0.58021
1650,100.5,98,14.25,28.75,0.57177
1650,189.25,368.5,14,28,0.57066
1650,86.25,111.25,13,26,0.56483
1650,197.5,390.25,13.75,27.5,0.56185
1650,156,380.5,15.75,31.75,0.56045
1650,572.25,120.25,37.25,74.75,0.55975
1650,260.5,389.75,14.5,29.25,0.55368
1650,134.25,375,13.25,26.5,0.55225
1650,148.75,388.5,14.5,29,0.55177
1650,108.5,90.25,14.25,28.5,0.55077
1650,492,413.5,16.75,33.25,0.54979
1650,220.25,64,16,32,0.54642
1650,180.5,368.5,14.25,28.5,0.54465
1650,276.5,376.75,15.25,30,0.54344
1650,39.25,52,136,272.25,0.54241
1650,100,344.25,14.75,29.5,0.54232
1650,324.25,368.5,12.5,25,0.54141
1650,583.75,192.75,18.75,37.5,0.54101
1650,362.25,283.25,20.75,41.25,0.54093
1650,92.75,100.25,14.25,28.75,0.54087
1650,100,82,15.5,30.75,0.54022
1650,285.25,72,13,25.75,0.54021
1650,348.5,346.5,12.25,24.5,0.54012
1650,496,319.75,19.75,39.5,0.53951
1650,220.25,396.75,15.25,30.75,0.53945
1650,140,47.25,13.25,26.75,0.53801
1650,212.5,49.25,15.25,30.75,0.53773
1650,580.25,73.5,15.75,31.75,0.53736
1650,276,384.5,13,26,0.53703
1650,300.75,400.5,14.75,29.5,0.53687
1650,161.75,282.25,13,26,0.53651
1650,254,392.5,12.75,25.75,0.53625
1650,212.25,63.75,16.25,32.5,0.53615
1650,285.25,384.5,12,24.25,0.53604
1650,340.5,383.75,12.25,25,0.5359
1650,328,368.5,12.75,25.25,0.53547
1650,355.75,379.5,13.5,26.75,0.53482
1650,326.25,375.75,12.75,25.75,0.53481
1650,112.75,273.5,20.75,41.5,0.53446
1650,212.75,381,14.25,28.5,0.53356
1650,212.75,74.25,14.5,29,0.53333
1650,306.75,57,11.5,23,0.53244
1650,277.5,68.5,14.5,28.5,0.5321
1650,220.25,352.75,16,32,0.5312
1650,525,11.75,13,25.75,0.53063
1650,558.75,445,11.5,23,0.53055
1650,141,350.5,14.75,30,0.53047
1650,223,41.25,12.75,25.5,0.53042
1650,625.25,161,15.75,31.5,0.53035
1680,92.75,98.5,14.75,29.75,0.57281
1680,525,8.75,15.5,30.75,0.56881
1680,100,98,14.5,28.75,0.56846
1680,188.5,382.25,14,28,0.56539
1680,229,391,14,27.75,0.56135
1680,86.25,110.75,13,26,0.55644
1680,197.25,345.75,14.25,28.5,0.55338
1680,252.5,391.5,13,26.5,0.55329
1680,300,395.5,15.75,31.25,0.55293
1680,572.25,121.25,38.25,76.5,0.5469
1680,157,380.75,14,28.25,0.54672
1680,359,281.25,27,54,0.54629
1680,196.75,370.25,15,30,0.54478
1680,213.25,384,13.5,27,0.5442
1680,39,52,136.25,272.5,0.54358
1680,108.5,341,14.75,29.5,0.54259
1680,165,348.75,14.5,29,0.54203
1680,237.25,402.75,13.25,26.25,0.54169
1680,180.75,370.25,14.5,28.75,0.54118
1680,261.5,390,14,28,0.54097
1680,269,406.5,14.75,29,0.54094
1680,235.75,384,17,33.75,0.53979
1680,135,385.75,14.25,28.75,0.53978
1680,140,328.25,16.25,32.75,0.53967
1680,187.75,204.75,16,32.25,0.53925
1680,212.75,369.75,15.25,30.5,0.53886
1680,227.75,45.5,18,36,0.53861
1680,148.25,389.75,15.5,31,0.53853
1680,116.75,394,15.25,30.5,0.53835
1680,116.5,369,13,26,0.53832
1680,168.25,40.75,12.25,24.5,0.53809
1680,164.25,374,14.5,29,0.53756
1680,497,319.75,19.5,39.5,0.53625
1680,624.75,28.5,17,34,0.53517
1680,245.5,392,13.5,27,0.535
1680,23.5,2.75,11.75,23.75,0.53415
1680,204.75,372,14.5,29,0.53409
1680,228.75,408,15.25,30.25,0.53402
1680,480.75,131.75,26,52.25,0.53373
1680,222.25,328.25,13,25.75,0.53372
1680,314.75,38.25,19.25,38.25,0.53304
1680,172,366.25,16.75,33.25,0.53303
1680,107.75,368,16.25,32.5,0.53275
1680,316.75,399.5,13,26,0.53246
1680,316.5,346.5,15.25,30.25,0.53234
1680,340.5,244.25,48.75,97.5,0.53234
1680,494,7,13.5,27,0.53216
1680,300,388,14.5,29.25,0.53198
1680,236.5,77,13.5,27.25,0.53158
1680,465.75,324.75,13.75,27.5,0.53134
1680,224.75,349,11.5,23,0.53132
1680,180.5,152,12.5,25.25,0.53119
1680,597.5,350.75,12.75,26,0.53109
1680,453.75,276.25,15.5,31.5,0.53054
1680,295.25,35.75,21,41.75,0.53051
1680,465.25,83.5,40.75,81.5,0.53048
1680,148.25,339.5,15.5,31,0.53017
1710,197.25,390.75,14,27.75,0.5795
1710,245,385.75,15.25,30.75,0.57426
1710,262,390.25,13.5,27.25,0.57157
1710,229,391,13.5,26.75,0.56564
1710,134,389.25,13.5,27,0.56563
1710,237.5,382,13.5,27,0.55716
1710,236.75,77.5,13.5,27,0.55713
1710,573,120,37.25,74,0.54675
1710,359,282.5,26.5,52.75,0.54542
1710,188.5,383.5,13.75,27.25,0.54476
1710,244.75,335.5,13,26,0.54364
1710,157,380,14.5,29.25,0.54319
1710,39.25,52,136,272.5,0.54277
1710,211,343.75,17.25,34.25,0.54235
1710,220,398.5,16.25,32.5,0.54188
1710,464,70,12.5,25.25,0.54128
1710,172.25,367,16.25,32.5,0.54044
1710,253.5,389.25,14,28,0.53958
1710,92.5,98.75,15,30,0.5393
1710,378.5,331,15.75,31.75,0.53869
1710,85.75,91,14,28,0.53731
1710,134,373.75,13.75,27.75,0.53704
1710,118,374,13.25,26.5,0.53692
1710,212,64.5,16.5,32.75,0.53661
1710,214,384,13,26,0.5362
1710,168.75,53,11.5,23,0.53595
1710,357.25,382.75,12.75,25.75,0.53582
1710,180.5,381.5,14.25,28.5,0.53582
1710,196,344.5,16.25,32.5,0.53543
1710,28.25,74.25,11.75,23.75,0.53515
1710,148.75,371.5,14.75,29.5,0.53504
1710,504.5,182.25,24.75,49.75,0.53493
1710,500.25,4,16.75,33.75,0.53388
1710,213,272.5,17.25,34.75,0.53338
1710,200.75,182.25,11.5,23,0.53173
1710,339.25,242.5,50.25,100.5,0.5315
1710,181,151.25,12.5,25,0.53149
1710,113.5,272.75,21.25,42.5,0.53149
1710,148,390.25,15,30.25,0.53139
1710,84.75,112.5,16.5,32.75,0.5311
1740,197.5,392.25,13.5,26.5,0.5629
1740,260.25,383.5,15.75,31.75,0.56102
1740,157.25,382,14.25,28.25,0.55938
1740,197,376.5,13.25,26.5,0.5572
1740,571,117.75,40.25,81,0.55284
1740,180.5,382.5,14.5,28.75,0.55067
1740,117.25,372,14.75,29.5,0.5481
1740,39,52,136.25,272.5,0.54734
1740,220.25,397.25,15.75,31.25,0.54669
1740,148,389.75,15.5,30.75,0.54606
1740,255.75,344.5,12.75,25.5,0.5457
1740,227.5,377.75,17.25,34.5,0.5427
1740,612,353,12,24,0.54265
1740,237.25,383.5,15.5,31,0.54236
1740,317,349.5,14.75,29.5,0.5419
1740,212.5,46.5,12.75,25.75,0.54116
1740,349,279.25,28.75,57,0.53899
1740,86.5,112.5,13,26.25,0.5386
1740,236.75,76.5,13.75,27.75,0.5384
1740,99.75,89.75,16,32.25,0.53799
1740,491,411.5,17.5,35,0.53552
1740,151.75,57.5,20.5,40.75,0.53547
1740,189,375.25,13.75,27.5,0.53526
1740,213,381.25,14.5,29.25,0.53454
1740,362,284.25,20.75,41.5,0.53449
1740,500.5,11.25,16.5,33.25,0.53413
1740,99.75,96.75,16,31.75,0.53407
1740,465.75,324.25,13.75,28,0.53386
1740,327,374.75,13,26.5,0.5338
1740,309,381.5,14.75,29.5,0.53369
1740,204.25,186,15.75,31.25,0.53361
1740,132.25,63,15.5,31,0.53358
1740,340.75,374.75,12.75,26,0.53358
1740,252.75,391.75,15.5,31.25,0.53351
1740,268.25,400,16.25,32.25,0.53309
1740,134.75,41,12.25,24.25,0.53283
1740,618.25,190.25,23,46,0.53272
1740,117.75,346.25,13.5,27.25,0.53141
1740,504.75,182.75,24,48.5,0.53119
1740,300.25,381,15,29.75,0.53112
1740,204.75,383.75,15,29.75,0.53092
1740,213.25,346,14.5,29,0.53073
1740,190,86.25,12.5,25,0.53066
1740,180.5,151.5,12.75,25.5,0.53057
1770,197.5,391.25,13.75,27.5,0.60047
1770,125.5,374.25,13.25,27,0.57023
1770,228.75,64.25,15.5,30.75,0.56549
1770,85.5,110.25,14,28,0.55966
1770,173.5,381.5,13.5,27,0.55822
1770,181,381.75,13.75,27.5,0.55523
1770,362,283,25.5,51,0.55516
1770,260.75,386.5,15.25,30.5,0.5517
1770,220.75,396.25,14.5,29.25,0.55154
1770,220.5,45.25,14.5,28.75,0.5501
1770,573,120,37.25,74,0.54924
1770,135.5,376.25,12.5,25,0.54288
1770,588.5,345.25,14.25,28.25,0.5419
1770,188.75,381.25,14.75,29.25,0.54171
1770,102.75,398.25,12.75,25.75,0.5416
1770,116.5,375.25,13.25,26.25,0.54079
1770,616,189.25,26,51.75,0.5393
1770,256.25,345.25,12,24.5,0.53807
1770,196.75,368.5,15.5,31,0.53728
1770,39.25,52,136,272.25,0.5372
1770,254,389,13.5,27.25,0.53691
1770,285.25,77.75,13.5,26.75,0.53583
1770,220.75,344.75,14,28,0.53572
1770,236.75,381.25,15,30.25,0.53541
1770,228.25,378,16,32.25,0.53483
1770,357.25,383.25,12.5,25,0.53463
1770,204.75,384.25,15,29.75,0.53437
1770,168.5,41,11.75,23.5,0.53416
1770,158.25,382.75,13,26,0.53403
1770,268.25,385.5,15.5,31,0.5338
1770,220,67.75,16.25,32.5,0.53218
1770,181,150.75,12.5,25,0.53217
1770,150,375.25,13.25,26.5,0.53202
1770,159,187.75,18,35.5,0.53189
1770,340.25,376,12.5,24.75,0.53141
1770,284.5,68.5,14.25,28.25,0.53086
1770,175,416.75,12,24,0.53028
1800,197.5,390,14,27.75,0.58894
1800,220.5,399.75,15.75,31.5,0.5645
1800,212.75,384.75,15.25,30.5,0.56072
1800,237.25,383,13.5,27,0.5579
1800,572.75,122.5,36.75,73.5,0.55645
1800,187.75,386.5,15,30.25,0.55521
1800,187.75,368,15,30,0.5519
1800,260.75,387.25,14.75,29.75,0.5497
1800,125.25,374.25,13.5,27,0.54793
1800,357.25,383.25,12.75,25.5,0.54506
1800,141,388,14.5,29,0.54506
1800,39,51.75,136.25,272.75,0.54442
1800,204.5,384.5,16,32.25,0.54429
1800,351,383.75,12.5,25,0.54268
1800,132.25,60,13.5,27,0.5419
1800,228.5,397.75,16.25,32.75,0.54183
1800,189.25,40.75,20.25,40,0.54165
1800,620.75,6,14,28,0.54062
1800,204.75,186.5,15,29.75,0.54017
1800,278,76.25,13.75,27.5,0.53739
1800,344.5,375.5,12.75,25.5,0.53635
1800,252.25,383.25,12.5,25,0.53622
1800,360.5,281.75,26.25,52.5,0.53622
1800,92,82.25,15.5,30.75,0.53594
1800,242.75,380.5,17.75,35.25,0.53497
1800,125.25,61.5,14,28,0.53382
1800,157.25,383.75,14,28,0.53328
1800,212.5,186,12.25,24.5,0.53317
1800,627.75,152.5,12.5,24.75,0.53316
1800,108,122.5,15,29.75,0.53222
1800,355.5,279.75,16.5,33,0.53187
1800,221.5,377,12,24,0.53164
1800,132.75,389.75,13.75,27.5,0.53112
1800,313.75,37.25,20.5,40.75,0.53108
1800,573.5,383,12.25,24.25,0.5307
1800,86.5,133,12.25,24.25,0.53045
1800,300.25,383,14.25,28,0.53034
1800,140,56,12.5,25.5,0.53029
1800,-9,184.5,120.75,241.25,0.53011
1830,237.25,383.5,13.5,26.75,0.57332
1830,134.25,390,13.5,26.75,0.57311
1830,326.5,368,12.5,24.75,0.57198
1830,485.25,7,13.25,26.75,0.56439
1830,197.5,390.25,13.75,27.5,0.56275
1830,501.75,14.5,13.25,26.75,0.5612
1830,156.75,389.5,15,29.5,0.55914
1830,309.25,382.5,14,28,0.55671
1830,213.5,53.5,13.75,27.5,0.55507
1830,181.5,383.25,13,26,0.5538
1830,132,59,14.75,29.75,0.55336
1830,180.25,352.25,15.25,30.25,0.55191
1830,189,368,15.25,31,0.5519
1830,128.75,42,12,23.75,0.5513
1830,140.5,386.25,15.5,30.75,0.55052
1830,325.25,348.75,14.25,28.5,0.54912
1830,301.5,383,13.5,27,0.54865
1830,156.5,344.75,15.5,31,0.5476
1830,173.5,382.5,13.75,27.5,0.54557
1830,180.25,152.25,12.5,25,0.54495
1830,359.25,281.25,27.25,54,0.54443
1830,285.25,388.25,14,28,0.54384
1830,108.25,340.5,15.5,31.25,0.54316
1830,260.75,385.5,15.5,30.5,0.54269
1830,39.25,52,136,272.25,0.5424
1830,100,342,15,30,0.54146
1830,228.75,388.75,14.75,29.75,0.54058
1830,357,382,13,26,0.5401
1830,124.75,375.25,12.75,25.75,0.53985
1830,324,390.25,17,33.75,0.53983
1830,220.5,45.25,14.5,28.75,0.53897
1830,221.25,59.25,14.5,29,0.53888
1830,616.5,190,25.25,50.75,0.5382
1830,283.75,69.5,13.75,27.25,0.53761
1830,212.5,386,15,30,0.53748
1830,164.25,349,15.25,30.75,0.53644
1830,573.25,121.25,36.75,73.75,0.53623
1830,347.75,374.25,13,25.75,0.53616
1830,197.25,346.25,14.25,28.25,0.53611
1830,204.75,373.25,14.5,29,0.53609
1830,163.75,394,16.25,32.5,0.53503
1830,188.25,381.75,14.75,29.5,0.53495
1830,585.5,225.75,30.5,61,0.53492
1830,125,114.25,16.75,33.5,0.53473
1830,100,87.25,15.5,31.25,0.53438
1830,117,338,14.75,29.25,0.53369
1830,608.25,324.75,11.75,23.5,0.53343
1830,357.75,276.25,12,24,0.53175
1830,141,447.75,13.75,27.75,0.53142
1830,205,346,14.25,28.75,0.53134
1830,500.5,6.25,14,28.25,0.53124
1830,212.75,369.5,15.25,30.5,0.53062
1830,125.25,60,14.25,28.5,0.53043
1830,172.75,347,13.75,27.25,0.53039
