30,533.5,381.25,13.25,26.75,0.5723
30,108,70.75,13.5,26.75,0.56092
30,188.75,75.75,13.25,26.5,0.56033
30,132,350.5,16.5,33,0.55525
30,581,374.5,14.25,28.25,0.55463
30,275.5,62.5,16.5,33,0.54779
30,145.5,65.5,15.5,30.75,0.54704
30,381.25,53.5,14,28,0.54684
30,164,104.75,16,31.75,0.54539
30,92,43.5,15.5,31.25,0.54338
30,351.25,177.25,35,70,0.54316
30,556.25,207.25,71.75,143.75,0.54307
30,28.25,320.75,15.5,31,0.54194
30,125,292.25,14.75,29.25,0.54111
30,83.75,278.25,14.25,28.75,0.54098
30,355.75,18.5,12.5,25,0.54084
30,156.25,103.5,15.75,31.25,0.53948
30,374,63.25,13.5,27,0.53925
30,502.5,170.5,19,38,0.53915
30,165.25,15,14.5,29.25,0.53875
30,68.25,286.75,12.5,25.25,0.53834
30,491.75,156,13,25.75,0.53746
30,36.75,307.75,14.25,28.5,0.53695
30,315.75,232.75,13,25.75,0.53587
30,274,13.75,12.5,25,0.53579
30,532.75,316,14,27.75,0.53563
30,251.75,70.5,13.25,26.5,0.53562
30,556.25,370.75,15.5,30.75,0.53557
30,478.75,399.25,12.5,25,0.53553
30,524.75,323,12.75,25.5,0.53538
30,276.25,73.5,12.5,25.25,0.53442
30,236,35,13.75,27.25,0.53427
30,202.75,2,24,48,0.53376
30,371,363.25,15,30,0.5336
30,245.5,435.25,12.75,25.5,0.53312
30,148.25,364,15,29.75,0.53243
30,155.25,78.75,16.5,33.25,0.53241
30,205.75,303,13.25,26.5,0.5322
30,109,263.25,13.75,27.5,0.53219
30,211.5,20,16,32,0.53204
30,170.75,77,18.5,36.75,0.53128
30,119.75,360.5,12.75,25.5,0.53092
30,134.75,279,13.25,26.5,0.53063
30,75.75,65,15,30,0.53056
30,567.75,384,12.25,24.25,0.5305
30,180,56.25,16,32,0.53049
30,306.75,14,18.5,36.75,0.53017
30,66.75,28.5,11.75,23.75,0.53016
60,212.5,66.5,15.5,30.75,0.57164
60,261.75,296,13.5,26.75,0.56418
60,100,425,15,30,0.56208
60,173.25,384.5,15.5,31,0.55823
60,212.25,328.5,15.75,31.25,0.55617
60,412,27.5,12.75,25.25,0.55475
60,405,389,16,32,0.55423
60,412,49.5,15.25,30.25,0.55395
60,212.25,45.25,16,32,0.55342
60,501.5,396.25,13.5,27,0.55261
60,51.25,46,16.75,33.5,0.55059
60,253.25,18.5,14.25,28.5,0.55016
60,188.25,388,14,28,0.55012
60,37.75,320.25,12.5,24.75,0.54918
60,20,300.75,16.75,34,0.54889
60,171.25,63,25.25,50.5,0.54762
60,45.75,308.75,13.25,26.5,0.54702
60,211.75,16.25,15,29.75,0.54698
60,28.25,381.25,13.5,27.25,0.54689
60,236.25,365.75,17.25,34.25,0.54645
60,237.75,23.5,15.5,31,0.54645
60,204.5,29.25,14.75,29.5,0.54634
60,212.25,25.25,13,26,0.54605
60,91.25,14.75,15.25,30.75,0.546
60,196.25,14.75,16.25,32.5,0.54524
60,197.75,375.25,12.75,25.75,0.54496
60,348,137,37.25,74.75,0.5447
60,572,194.25,12.75,25.25,0.54457
60,242.5,22.75,19,38,0.54412
60,508.75,316.25,14.25,28.5,0.54358
60,195.25,394.25,15.25,30.25,0.54344
60,181,45.75,13.5,27,0.54328
60,197,43,14.75,29.75,0.5426
60,102,7.25,13,26,0.5423
60,59.75,295.25,17,33.75,0.54203
60,280.5,264.25,11.75,23.75,0.54183
60,221,402.5,14,27.75,0.54101
60,93,266.75,13,26.25,0.5408
60,172.5,405,14.25,28.5,0.54027
60,515.75,388,16.5,33.25,0.53987
60,88.25,13.75,13.5,27,0.53891
60,413.25,7.5,13.5,27,0.53885
60,408.25,211.25,18,35.5,0.53878
60,155.25,85,14,28,0.53859
60,51.25,382.5,17,34,0.53827
60,82,21.75,20,40.25,0.53808
60,60.75,408.25,13.25,26.75,0.53782
60,69.75,40.25,13.75,27.75,0.53777
60,235,290,20.25,40.25,0.53773
60,412.5,368.75,11.75,23.5,0.53762
60,140.5,52,13.5,27.25,0.53726
60,182.25,37,15.75,31.25,0.53722
60,428.25,377,12.75,25.75,0.53652
60,409,148.5,21.5,42.75,0.536
60,205,373.25,14,28,0.53585
60,303.75,396.75,13.75,27.25,0.53575
60,19.5,49,16,31.5,0.5357
60,62,386.75,12.25,24.75,0.5356
60,102.5,15,13.25,26.5,0.53497
60,564.75,322.25,13.5,26.75,0.53496
60,588,411.5,16.5,33.25,0.5349
60,180.75,399.25,14.25,28.25,0.53472
60,230.75,16,13.5,27,0.53453
60,421,404.25,14.25,28.5,0.53443
60,384,207.25,21,42,0.53407
60,92,24.75,15.5,31.25,0.53393
60,164.25,64,16.25,32.5,0.53371
60,60,24,13.25,26.25,0.53363
60,557.75,317,13.25,26.75,0.5336
60,375.25,15.5,12.75,25.5,0.53328
60,188.5,328.5,15.75,31.5,0.53313
60,131.25,49,17,34.25,0.53299
60,373,358.25,13.25,26.75,0.53242
60,245.5,3.75,14.25,28.75,0.53241
60,119.75,45.75,32.75,65.5,0.53182
60,614,416,12.75,25,0.53178
60,196.5,4,15.5,31,0.53148
60,188.25,39.75,13.75,27.5,0.53128
60,220.25,17.75,16.5,32.5,0.53128
60,184,46.5,32,64.25,0.53125
60,20,352.25,16.5,33,0.53113
60,21.5,20.5,14,27.75,0.53063
60,118.75,373.75,13.75,27.75,0.53046
60,259.5,7,15.75,31.25,0.53043
60,29.5,16.75,14.75,29.5,0.5304
60,485.75,299.25,15.75,31,0.53026
60,206.5,302.25,15.75,31.5,0.5302
90,204.5,18.75,15,30,0.58387
90,213,18,14.5,29,0.56855
90,116,31.5,16.75,33.5,0.56445
90,188.25,423,13,25.75,0.55947
90,43.5,33.25,16.25,32.25,0.55934
90,413,55.25,15.5,30.75,0.55289
90,261,4,14.25,29,0.55123
90,197.75,31,13.5,27,0.5507
90,229.5,19.5,14.25,28.25,0.55009
90,260.75,37.5,14.5,28.75,0.54993
90,17.25,57,12,24.25,0.54931
90,308.75,45,11.5,23,0.54779
90,22.5,54.25,13.5,26.75,0.54706
90,555.25,152,15.75,31.5,0.54549
90,110.75,40.25,13.25,26.75,0.54536
90,405.25,21.75,13.75,27.25,0.54478
90,69,25.25,15.25,30.25,0.54417
90,373,401,15,30,0.54404
90,243.5,17.75,15.25,30.5,0.54378
90,261.25,18,14.5,29,0.54354
90,230,13.25,12.75,26,0.54266
90,421.25,33.75,14.25,28.25,0.54139
90,180.75,58.5,15.25,30.25,0.54138
90,44.5,24.75,14,28,0.54137
90,550,364.5,12.5,24.75,0.54125
90,132,28.5,15.25,30.5,0.54096
90,187.75,33.5,15.75,31.75,0.5404
90,556.5,144.75,12.25,24.25,0.54022
90,356.75,412.25,14.25,28.75,0.54021
90,236,428,17.5,35,0.54013
90,548.5,395.25,15,29.75,0.53933
90,61.25,12.5,14.5,28.75,0.5391
90,604.5,426.25,14.25,29,0.5391
90,110.5,16.75,14.25,28.5,0.53906
90,557.5,393.5,13,26.25,0.53883
90,568.75,278,44.5,89.25,0.5387
90,490.5,266.75,17.25,34.75,0.53841
90,197.5,24,14,28.25,0.53837
90,151,40.25,12.75,26,0.53787
90,349,131.75,46.5,93.25,0.53779
90,194.25,422.75,13.25,26.25,0.53767
90,535.5,415,13.5,27,0.53748
90,8,451.5,12.25,25,0.53653
90,438.25,31.75,12.75,25.25,0.5364
90,620.5,395.75,12,24,0.53599
90,509.75,414.75,13.25,26.75,0.53549
90,412,20.75,13.75,27.5,0.53526
90,220.5,19.75,14,28.25,0.53512
90,102.25,32.5,15,30,0.53505
90,132.25,5.75,14.5,29.25,0.53478
90,37,332.75,14,28.25,0.53455
90,252,15.75,17,33.75,0.53401
90,429.5,33,12.5,25.25,0.53242
90,108.25,51,15.25,30.5,0.53223
90,294.25,256,89.5,178.75,0.53214
90,59.25,37.5,18.75,37.5,0.53168
90,236.25,8.25,12.75,25.5,0.53145
90,590.25,376.5,12,24,0.5312
90,315.75,440.25,13.25,26.5,0.53102
90,380.25,364.25,18.25,36.5,0.531
90,154.5,50.5,25.5,51.25,0.53079
90,220.75,50.75,15,30.25,0.5303
90,276.75,427.25,15.5,30.75,0.53016
90,83.5,23.75,17,34,0.53015
90,126,349,13,26,0.53002
120,508.5,427,14.75,29.75,0.58228
120,346.25,39.5,13,25.75,0.56759
120,578,182.25,16,31.5,0.56645
120,171,49,14.25,28.75,0.55941
120,548.75,218.5,14.25,28.5,0.55644
120,181.25,439.75,12.75,25.75,0.55235
120,52.25,35.25,15.25,30.5,0.55173
120,556,384.75,14.25,28.25,0.55161
120,29.5,42.5,14.75,29.5,0.55141
120,318.25,408.75,11.75,23.5,0.54879
120,86.25,55.75,13.25,26.25,0.54834
120,40,30,13,26,0.54747
120,214,280.25,13.5,27.25,0.5472
120,44.25,28,14,28,0.5469
120,149,89,14.25,28.5,0.54612
120,604,318,14.5,29,0.5456
120,595.25,134.5,15.5,30.75,0.54521
120,164.25,36.75,12.75,25.75,0.54492
120,168.25,8,13.25,26.5,0.54458
120,326.25,397,14,27.75,0.54457
120,157,379.5,13.75,27.5,0.54405
120,523.5,367.25,16.5,33.25,0.54391
120,156.25,401.25,15.25,30.75,0.54378
120,189.25,361.75,16.25,32.5,0.54344
120,341.75,20.25,19,38,0.54203
120,340.75,40,12.5,25.25,0.54202
120,317.25,394,14.5,29.25,0.54178
120,463.75,208.5,12.75,25.25,0.54168
120,27,30.75,13,25.5,0.54154
120,77.5,46.75,14.25,28.5,0.54066
120,77,394.5,18.25,36.5,0.54063
120,461,8,14.25,28.25,0.54006
120,538.75,326.5,18.5,37.25,0.53986
120,467.5,393.75,16.25,32.25,0.53901
120,222.25,413.5,13.75,27.5,0.53897
120,84.5,36.5,18.25,36.25,0.5389
120,86.25,446,12.5,25,0.53836
120,492.5,367.5,16.5,33.25,0.53722
120,338.75,124.25,48.5,97.5,0.53688
120,485.75,304.25,12.5,25,0.53577
120,189.25,44.5,13.75,27.5,0.53562
120,20,306,15.5,31.25,0.53533
120,253.5,375.75,14,28.25,0.53445
120,172.5,386.25,15.25,30.5,0.53426
120,355.25,121.75,55.5,111.25,0.53424
120,162.25,13.25,14.25,28.25,0.53421
120,547.25,334,17.25,34.5,0.53375
120,146.25,62,18.25,36.5,0.5337
120,500,282.5,14.75,29.5,0.53343
120,445.25,32.75,15.5,31.25,0.53309
120,580,342.75,13.25,26.5,0.53308
120,460.75,31.5,12.25,24.75,0.53294
120,53.75,49.25,12.5,24.75,0.53265
120,445.25,28.25,14.75,29.5,0.5325
120,329,40.5,12.25,24.75,0.53227
120,524.5,222,13.5,27.25,0.53216
120,501,296.25,14.5,29,0.53199
120,176.75,40,12.5,25,0.53184
120,137,5.75,25,50.25,0.53181
120,364.25,416.5,12,24.25,0.53141
120,596,337.25,14.75,29.25,0.53136
120,14.75,301.5,12.75,25.25,0.53114
120,131.75,47.75,12.5,24.75,0.53108
120,307.75,364,18.25,36.5,0.531
120,556.5,412.25,15.25,30.25,0.53071
120,130.75,41.25,12.25,24.75,0.53065
120,521.5,301.75,12.75,25.5,0.53047
120,563.75,296.5,12.25,24.5,0.53018
120,466.75,293.25,18.5,37.25,0.53004
150,618,18,23.25,46.25,0.5689
150,604,409.75,16,32,0.56016
150,500.5,386.75,14.5,29.25,0.55516
150,86.5,51.5,12.75,25.5,0.55471
150,580.25,401,15.5,30.5,0.55156
150,625.25,117.25,16,31.5,0.55114
150,181.25,435.5,12.5,24.75,0.55046
150,557.5,381.5,14.5,29,0.54907
150,300.25,381.25,14.75,29.5,0.54883
150,340.5,352,12.75,25.75,0.54804
150,565.5,384.75,13,26,0.54645
150,612.75,357.5,13.75,27.25,0.54532
150,597,417,14,28,0.54516
150,291.5,392.75,15.5,30.75,0.5447
150,100.5,346.75,14,28,0.54417
150,484,378.5,15,29.75,0.54344
150,308.25,374,14.5,29,0.54313
150,53.75,350.25,13,26,0.54292
150,269,363.75,15.5,31,0.54203
150,29,382.5,14.25,28.75,0.54164
150,565,393.25,13.75,27.5,0.54134
150,347.75,361.5,15.25,30.25,0.54052
150,604.75,390.25,13.25,26.75,0.54
150,572,394,15.5,30.75,0.53984
150,565,369.25,13.75,27.25,0.53926
150,430.25,395.5,13.5,26.75,0.53894
150,204.25,183.5,12.75,25.5,0.53834
150,588.5,348.25,14,28,0.5379
150,59.25,51,13,25.75,0.53605
150,148,379,14.75,29.5,0.53554
150,344.75,87.25,76,152,0.53546
150,162.75,294.75,86,172,0.53534
150,262,371.75,13.5,26.75,0.53438
150,277.25,361.75,14.25,28.75,0.53415
150,110.75,49,11.5,23,0.53394
150,306,36.25,12.25,24.5,0.53393
150,115.75,58.75,16,31.75,0.53376
150,309.25,398.75,14.75,29.25,0.53332
150,245.75,347.75,14.5,29,0.53272
150,316.5,400,12.25,24.25,0.53245
150,277.25,388.25,14.75,29.5,0.53222
150,132,19,14.5,29,0.53216
150,531.75,170,31.5,63.25,0.53204
150,36,400,16,32.25,0.53153
150,362.5,188.25,13.25,26.5,0.53116
150,603.75,348.25,15.25,30.25,0.53099
150,500.75,411.75,14,27.5,0.53092
150,443.25,32.25,14.25,28.75,0.53078
150,95.5,2.5,14.5,29,0.53063
150,125.5,414.5,12.75,25.25,0.53061
150,523.25,414,17.75,35.25,0.53005
180,86,38.5,13.5,26.5,0.56791
180,213.5,371.25,14,28,0.55024
180,220.25,404,15.75,31.25,0.54909
180,61,49.75,14,27.75,0.54804
180,540.25,391.5,13,26,0.54427
180,507.75,403.5,13.5,27.25,0.54084
180,173.5,37.75,14.25,28.25,0.54066
180,196.25,366.5,15.5,30.75,0.54061
180,27.75,366.5,13.75,27.5,0.54053
180,327.25,39.25,13.5,27.25,0.54009
180,64.25,20,22.75,45.5,0.54001
180,333.25,291.25,14.75,29.5,0.5395
180,54.5,56,13,26,0.5388
180,198,425,13.25,26.75,0.53833
180,552.75,79.5,11.75,24,0.53811
180,325,269,14,28,0.53797
180,316.25,433.75,12,23.75,0.5376
180,300.25,278.25,13.75,27.25,0.53757
180,68.25,48.5,14,28.5,0.53706
180,215.5,389,13.75,27.5,0.53599
180,157.75,400.25,12.75,25.25,0.53596
180,539.5,416.5,14.75,29.5,0.53472
180,533.75,408,13,26.25,0.53425
180,555.25,415.5,17.5,34.75,0.53358
180,474.25,431.25,17.75,35.75,0.53312
180,324.25,308.5,15.25,30.25,0.5327
180,348.75,272,12.75,25.5,0.53246
180,624.5,117.25,17.5,35.25,0.53213
180,487.25,183.25,34.5,68.75,0.53199
180,533.75,359,12.75,26,0.5313
180,341.5,190.25,13.25,26,0.53103
180,380.25,386.5,14.75,30,0.53077
180,188.5,44.5,13.75,27.75,0.53073
180,264.75,61,11.5,23,0.5305
180,36.5,417,11.75,24,0.53035
180,494,412.5,12.75,25.25,0.53026
180,68.5,287.75,15.75,31.25,0.53008
210,92.75,16.5,14,28,0.5659
210,117.5,344,13,25.75,0.56023
210,91.75,379.5,15.25,30.75,0.55036
210,204.25,370.5,15,29.5,0.54712
210,254,299.75,13.25,26.75,0.54505
210,228.25,333.75,17,34,0.5439
210,157.75,370,13,25.75,0.54237
210,21,41,14,27.75,0.54016
210,284.75,344.25,12.75,25.5,0.53906
210,56,60.75,12.5,25.25,0.53671
210,603.75,335.75,16.5,32.75,0.53664
210,228.25,361.75,15.75,31.75,0.53627
210,117.75,365,14,27.75,0.53625
210,69.25,74,14.5,29,0.53573
210,100.25,353,15,30.25,0.53535
210,165.75,319.5,13.75,27.75,0.53445
210,588.75,199.25,13.75,27,0.53436
210,329.5,11.25,19.25,38,0.5341
210,173.5,306,14,28.5,0.5338
210,335.25,28.25,12,24.25,0.5336
210,140.75,379.5,14.75,29.25,0.53358
210,125,411,13.5,27.25,0.5334
210,269,337.5,12.5,25.25,0.53302
210,125.5,365.75,13.5,27.25,0.53302
210,83.75,300.25,13.5,27,0.53301
210,269,411.5,15.25,30.5,0.53279
210,229.5,247,15.75,31.5,0.53272
210,216.5,448.5,12,24.5,0.53262
210,204.75,287.25,13.75,27.25,0.53252
210,573,120.5,13.75,27.75,0.53214
210,258.5,400.25,12.5,25,0.53212
210,566.75,179.25,23.75,47.25,0.53208
210,397.25,381,13.25,26.5,0.5312
210,163.5,128.25,14,27.75,0.53093
210,69.75,23,12.75,25.75,0.5309
210,227.75,412.75,12.5,25,0.53086
210,351.25,416.25,12.25,24.75,0.53052
240,131.75,419.25,15,30.25,0.55335
240,518,169.5,35.25,70.5,0.55211
240,77.25,343.75,12.75,25.25,0.55042
240,123.75,422,13.5,26.75,0.54842
240,301.75,172,32.25,64.75,0.54623
240,531,127,123.75,247.5,0.54528
240,20.25,11.5,17.25,35,0.54219
240,76,416.75,12.25,24.25,0.54153
240,527.5,208.75,15.25,30.5,0.5413
240,262.5,283.25,26.25,52.75,0.5408
240,36.5,360.25,15,29.75,0.54072
240,203.25,86.25,26.5,53,0.53969
240,7.25,207,11.5,23,0.5341
240,43.25,336,16.25,32.75,0.53382
240,84.5,416.5,12,24,0.53295
240,29.25,357.75,13.75,27.75,0.53222
240,116,8.75,12.25,24.75,0.53217
240,151.25,385.5,13,26.25,0.53209
240,277.75,51.25,44.5,88.75,0.53202
240,208,114.75,12.5,25.25,0.53183
240,150.75,327.75,13.75,27,0.53169
240,416,190.5,21.5,43.5,0.53162
240,86.5,429.5,12.75,25.5,0.53148
240,202,7.75,14.25,28.5,0.53128
240,377.5,204.5,28.75,57.75,0.53089
240,20.5,384.25,16,32.25,0.53063
240,396.75,401,13.5,27,0.53021
270,509.75,190.75,17.75,35.25,0.55026
270,626.25,39.5,14.5,29.25,0.54513
270,116.5,352,15.5,30.5,0.54416
270,45,357.5,13.5,27,0.54368
270,585.5,241.5,13.5,27,0.54189
270,78,46.25,40.75,82,0.54044
270,93.25,358,13.75,27.25,0.53968
270,172,436.25,13.75,27.5,0.53854
270,377.25,200,23,45.75,0.53774
270,127.75,221.75,18.75,37.5,0.53681
270,13.75,107.75,14,27.75,0.53506
270,571,240.75,13.25,26.25,0.53477
270,68.5,373,14.5,28.5,0.53465
270,45.25,445.5,14.5,29,0.5337
270,116.75,178.75,40,80,0.53332
270,353.25,49.25,14.25,28.5,0.53274
270,132.75,348.75,13.75,27.5,0.53238
270,443,27,14.5,29,0.53231
270,29.5,362.5,12.5,25,0.5321
270,124.75,354.75,14.75,29.75,0.53171
270,542.25,242.75,28.25,56.75,0.53158
270,546.75,92,12.75,26,0.53118
270,463,284.75,11.75,23.5,0.53059
270,513.5,6,69,138.25,0.53001
300,47.5,144.5,13.75,27.25,0.55008
300,198.75,255.75,18,36.25,0.54987
300,228.5,82.5,30.25,60.25,0.54616
300,471.75,152,14.25,28.5,0.54563
300,119.5,22.5,13.75,27.75,0.5448
300,399.75,55.75,12,24,0.54471
300,85.75,54,13.75,27,0.5397
300,188.25,395.5,14.5,29,0.53917
300,363.25,318.5,12.75,25.5,0.53878
300,531.75,207.75,12.75,25.5,0.53836
300,35.25,105.5,18.75,37.75,0.53825
300,-5,176.75,41.75,83.75,0.53822
300,270.75,60.5,18,36,0.53762
300,626,35.25,14,28.25,0.53673
300,271.5,255.5,24.5,49,0.5361
300,527,141.5,12.5,24.75,0.53573
300,595.5,350.25,15.5,31.25,0.53529
300,534.25,111.25,25,50.25,0.53487
300,125.5,403.25,13.25,26.75,0.53434
300,596.75,296,12.75,25.75,0.53389
300,437,129,11.75,23.5,0.53335
300,54,24.25,13.75,27.5,0.53327
300,76.75,339,15.25,30.75,0.53292
300,528.25,1.75,12,23.75,0.53287
300,20.5,380.5,14.5,29,0.5327
300,242.25,86.75,13,26.25,0.53234
300,110,178.5,17.25,35,0.53147
300,203.75,378.25,27.25,54.5,0.53081
300,473.25,223.25,16.75,33.5,0.53081
300,128.25,126.5,13,26,0.53078
300,186,257,17.25,34.5,0.5305
300,149.25,444,17.25,34.5,0.53048
300,564.75,349,11.5,23,0.53034
300,222,275,13,26,0.53015
330,549.25,448.25,13.25,26.25,0.54775
330,281.5,103.5,20,40,0.54639
330,397.5,144.25,13,26.25,0.54266
330,20.75,415,15,30.25,0.54118
330,390.25,356,13.5,27,0.54085
330,84.75,391.25,15.25,30.25,0.53915
330,7.25,404.5,13,25.75,0.53572
330,216.5,113.75,14.25,28.5,0.5343
330,595.25,444.25,16.25,32.5,0.53403
330,261.75,93.75,27.75,55.5,0.53344
330,28.5,402.75,15,29.75,0.53333
330,26,132.5,13.75,27.5,0.53311
330,31.75,189.25,13.75,28,0.53041
330,324.5,148.5,12.75,25.75,0.53017
330,555.75,435,14.5,29,0.53002
360,61.75,378.75,13.25,26.75,0.57386
360,29.5,414.75,13.5,26.75,0.55482
360,134.25,334.75,13.5,27,0.55116
360,557,445.25,15.75,31.75,0.54874
360,60.25,347,15.75,31.5,0.5444
360,509.25,445,14,28,0.54421
360,149.75,346.75,12.75,25.5,0.5442
360,93.25,431.25,13.5,27,0.54343
360,443.75,383.5,12.75,25.5,0.54279
360,612.5,146,13.5,27,0.54158
360,132.25,390,15,30,0.54091
360,580,395.5,15.25,30.25,0.54058
360,540.75,212,15,30.25,0.5382
360,243.75,283,16.75,33.75,0.53818
360,285.25,409.25,13.75,27.25,0.53778
360,196,328,12.25,24.5,0.53675
360,156.75,332,14.5,29,0.53656
360,213.75,242.25,13.25,26.25,0.53656
360,164.25,330,15.25,30.25,0.53584
360,428.5,309.75,13,26,0.53581
360,69,412,14.5,29,0.53533
360,540.25,426.75,16,32.25,0.53469
360,464,36,12.75,25.5,0.53469
360,76.25,395.5,15.75,31.75,0.53378
360,53.75,145.75,12.75,26,0.53322
360,514.25,358.25,12.5,25.5,0.53271
360,29,392,13.75,27.25,0.53266
360,564.5,385.5,15.5,30.5,0.53263
360,248.25,387.25,12,24,0.53218
360,434.75,384.75,11.75,23.25,0.53158
360,20,396.5,15.75,31.5,0.53108
360,531.75,385.25,12.75,25.25,0.53074
360,68,379,16.5,33,0.53005
390,609,260,33.75,67.75,0.55958
390,556.25,258.5,38.25,76.5,0.54843
390,-0.75,43.5,13.75,27.25,0.54222
390,406,366,12.75,25.25,0.54127
390,372.75,90.25,13.5,26.5,0.538
390,124.5,316.5,12,24,0.53757
390,366.25,434.25,12.25,24.5,0.53687
390,141.5,414.25,13,26.25,0.53652
390,391,204,17.5,34.75,0.53617
390,611.25,18,32,63.75,0.53561
390,176.5,308,13.25,26.5,0.53444
390,468.25,194,27.75,55.5,0.53434
390,562.75,13.5,17.25,34.75,0.53355
390,571,300.75,14.5,28.75,0.53348
390,374.25,62,12.25,24.75,0.53336
390,223.25,54.25,22,44,0.53275
390,115.75,378.25,15.75,31,0.53243
390,483.25,10.75,12.5,25.25,0.53208
390,141,397,14,28,0.53159
390,464.5,64.25,12.25,24.5,0.5314
390,248.75,273,11.5,23,0.53087
420,110,400.25,12.75,25.5,0.55323
420,102.25,384.5,13.25,26,0.55319
420,21,384.5,13.75,27.5,0.54549
420,60.75,348.75,14.75,29.5,0.54353
420,573.75,252,12.25,24.75,0.54267
420,417.25,249,14.25,28.5,0.53976
420,555.25,297,27,53.75,0.5396
420,339.25,5.5,16.5,33.25,0.53946
420,436,412.5,13.5,27.5,0.53908
420,390.75,307.25,13,26,0.53866
420,516.5,431.25,14.5,29,0.53734
420,549,251.25,39,78,0.53703
420,295.75,388.5,12.75,26,0.53699
420,182.5,176.25,11.5,23.25,0.53612
420,125,429.5,13.75,27.5,0.53597
420,285.25,297.25,14.5,29.25,0.53519
420,44.75,317,14,28,0.53494
420,37.5,349,13.25,26.5,0.53474
420,388,67.5,15.5,30.75,0.53469
420,20.75,376.5,15.25,30.5,0.53449
420,588.5,240.75,11.75,23.5,0.53366
420,324.5,437.25,14.5,29,0.53225
420,294,135.5,12.25,24.75,0.53203
420,626.25,217.75,13,26,0.53064
420,260,292.5,11.75,23.5,0.5304
420,119,381,13.5,26.75,0.53027
420,595,310.75,17.25,34.75,0.53023
420,106.5,38.75,12,23.5,0.53017
450,108.25,270.75,15.25,30.25,0.57097
450,101,285.5,14,27.75,0.55877
450,437.5,409.25,12.25,24.25,0.55354
450,476,402.75,13.75,27.25,0.55
450,483.25,414.75,12.75,25.75,0.54933
450,176.5,171,12.5,24.75,0.54809
450,180.75,289.75,13.5,27.5,0.543
450,229.5,401.75,12,24.25,0.54177
450,153.75,338.25,15.25,30.5,0.54122
450,285.75,409.5,12.5,24.75,0.54061
450,581.5,151.5,13.25,26.75,0.54053
450,181.5,367.75,12.75,25.5,0.54051
450,420.75,424.75,12.25,24.25,0.53981
450,300.75,140.5,17,33.75,0.53906
450,592,145.5,12,24,0.53879
450,609.25,331.5,18,35.75,0.53746
450,467.75,413.75,15.25,30.5,0.53645
450,84,397.75,16.25,32.5,0.53588
450,148.25,357.25,15.75,31,0.53582
450,117.25,393.25,14.5,29.25,0.53529
450,290.25,59.25,12.75,25.25,0.53526
450,413.25,28,22.25,44.5,0.5351
450,484,390,14.5,29.25,0.53501
450,77.5,362.5,13.5,27.25,0.53494
450,69,65,12,24,0.53483
450,612.75,66.75,31.25,62.5,0.53475
450,582,260,59.75,119.5,0.53469
450,104.25,254.75,11.75,23.75,0.53466
450,20.25,401,15.5,31.25,0.53454
450,508.75,416,14,28,0.53416
450,132,383.25,16.25,32.5,0.53375
450,621.75,199.25,12.75,25.5,0.53329
450,92.5,381.25,14.5,28.75,0.53296
450,132.5,356.75,14,28,0.53269
450,116.25,270.25,16.5,32.75,0.53244
450,507.75,401.5,15.75,31.25,0.53183
450,400,344.75,12.25,24.25,0.53175
450,428.25,378.75,12.25,24.5,0.53171
450,580.5,427,11.75,23.5,0.53114
450,372.75,193.75,24,47.75,0.5311
450,607.5,342.5,12.75,25.25,0.53077
450,109.25,341.25,13.75,27.25,0.53065
480,35.5,318.75,16.5,33.5,0.55786
480,549.25,324.25,13,26.25,0.54483
480,72.75,131.75,38.5,77,0.54308
480,76,282.75,16.25,32.5,0.54268
480,466,16.5,13,25.75,0.54242
480,117.25,289.25,13.75,27.5,0.5408
480,149,292.75,14.5,28.75,0.54055
480,205,237.75,14,28,0.53951
480,501.75,320.25,13.5,26.5,0.53943
480,13.25,302,13.5,27,0.53901
480,370.5,85.75,11.75,23.25,0.53829
480,21.25,294.5,13.25,26.75,0.53698
480,60.5,293.25,13.5,27,0.5368
480,164.75,394.75,15,30.25,0.53638
480,604.5,408.75,13.25,26.75,0.53611
480,181.5,252,13.25,26.25,0.53576
480,510,416.5,13,25.75,0.53555
480,413.5,136.25,12.75,25.5,0.53526
480,124.75,283.25,14.25,28.75,0.53494
480,204,281.25,14.5,29,0.53467
480,558.75,407.75,13,26,0.534
480,528.75,421,11.5,23,0.53387
480,221.5,30,14.75,29.5,0.53382
480,438.25,326.5,14,27.75,0.53309
480,382.5,207.25,18.25,36.25,0.53268
480,124.25,369,12.5,24.75,0.5325
480,245.5,271.75,14.75,29.5,0.53241
480,538.25,18.25,19.25,38.5,0.53238
480,403.5,206.25,24.5,48.75,0.53225
480,382.5,75.5,13.75,27.5,0.53204
480,325.25,431.75,12.75,25,0.53195
480,212.75,361,14.5,29.25,0.53101
480,454.25,377,12,24,0.531
480,120.25,134.25,12,24.25,0.53065
480,174,162.25,13,26.25,0.53061
480,445.25,419.5,14,27.75,0.53053
510,612.5,386.75,15.25,30.5,0.55984
510,501.25,434.75,15.5,30.75,0.54877
510,165.5,161.25,13.25,26.5,0.54644
510,555.75,349.25,13.5,27.25,0.54393
510,285.5,407,13,25.75,0.54231
510,444.25,364.75,14.75,29.75,0.54037
510,156.5,434.25,14.5,29,0.5378
510,469.25,383.25,13,25.75,0.53747
510,437.25,219.25,15.75,31.25,0.53528
510,478.75,261.5,13.5,26.5,0.53507
510,588.75,261,11.5,23,0.53499
510,125.5,64,13,25.75,0.53492
510,141.5,388.5,14.25,28.5,0.53477
510,12.5,386,15,30,0.53448
510,252.25,367.75,12.75,25.5,0.5335
510,180.75,393,14.5,28.5,0.5334
510,155,39.25,13,26.25,0.53289
510,173.25,394.75,15,30.25,0.53149
510,583.5,175.75,27.75,55.25,0.53125
510,292.5,410.75,12,23.5,0.53117
510,112.5,56.5,11.75,23.5,0.53082
510,135.75,55.75,12.25,24.25,0.53003
540,140.75,322.5,15,30,0.56579
540,548.5,361,14.25,28.5,0.55574
540,124.75,334,14,28.25,0.55538
540,242.5,74,24,48.25,0.55498
540,622.5,251,11.75,23.5,0.54534
540,309,260,12.25,24.25,0.5427
540,44.5,340.5,13,26.25,0.5425
540,29,402.75,13.75,27.75,0.5421
540,405.75,410,13.5,26.75,0.54096
540,380.25,399,12.5,25,0.5406
540,284,52.5,17.25,34.75,0.54032
540,431.5,190.5,12.25,24.75,0.53869
540,554.25,30,15.75,31.75,0.53867
540,491.25,386.25,15,29.75,0.53831
540,206.5,393.75,15,30.25,0.53766
540,189.75,393,13,26,0.53685
540,508,212,15.75,31.25,0.53648
540,214.5,362,12.25,24.5,0.53642
540,44.75,6.25,12.25,24.75,0.53604
540,49.75,362.25,19.25,38.5,0.53574
540,540,410,14,28,0.53535
540,405.25,405,14.25,28.5,0.53533
540,16.75,97.75,13.25,26.5,0.53472
540,60.75,349,16,32,0.53443
540,229.25,80.25,17.75,35.25,0.5344
540,444.25,405,12.5,25,0.53389
540,20.25,336.25,16.75,33.75,0.5336
540,49.25,337.5,15.25,30.5,0.53323
540,44.5,351.5,12.75,25.5,0.53312
540,412.5,393.75,13.75,27.75,0.53258
540,141,331,12.75,25.75,0.53226
540,247.25,284.75,13.25,26.25,0.53193
540,346.75,5.5,12.25,24.5,0.53177
540,371.25,378,15.25,30.75,0.53129
540,57.75,215.25,12.75,26,0.53121
540,212.75,110.5,12,24,0.5312
540,70,401.75,13,26,0.53108
540,504,191.75,12.75,25,0.53092
540,144,158,17.5,34.5,0.53032
540,556.25,362.25,14.5,28.75,0.53025
570,396.75,387.25,14.25,29,0.56631
570,116.25,361.5,16.25,32.25,0.55607
570,342.75,356.5,12,24,0.55271
570,44.5,369,13,25.75,0.54543
570,533,381,11.75,23.5,0.54518
570,172.25,334.75,12.75,25.5,0.54296
570,21.5,377.5,14.25,28.25,0.54265
570,300.5,12.75,12.25,24.75,0.54161
570,566.25,63.75,13.75,27.75,0.54039
570,28.5,362.5,14.25,28.5,0.53925
570,53.25,349.5,13.75,27.5,0.53917
570,526,381,12,24,0.53888
570,115.75,153.25,16.75,33.75,0.53858
570,102.25,400.25,12.5,24.75,0.53817
570,427,440.5,12,24.25,0.53796
570,52.25,381.75,14.5,28.75,0.53703
570,542.5,324.5,12.75,25.25,0.53695
570,626.75,21.25,14.5,29,0.53608
570,232.25,116,12.5,24.75,0.53554
570,8,388.25,12.25,24.5,0.5349
570,290.25,5.25,13.5,27.25,0.53477
570,530.75,256.5,36,72.5,0.53439
570,20.75,402,14.75,29.75,0.5343
570,604.75,111.75,12.75,25.5,0.53421
570,206.25,347.75,13.75,27.5,0.53287
570,580,424.25,15.5,30.75,0.53223
570,164.5,103.25,14.5,29.5,0.53111
570,220.5,362.75,16.25,32.5,0.53097
570,548.75,381,14.25,28.5,0.53055
570,432.25,438.75,12.25,24.25,0.5302
600,565.5,404,14,28.5,0.55727
600,412.5,321,12,24.25,0.54468
600,609,339.5,12.75,25.25,0.54093
600,569.25,48.25,15.25,30.5,0.53997
600,285,221.75,15.5,31,0.53934
600,117.75,319.5,14,28.25,0.53895
600,325.25,366.75,12.75,25.5,0.53844
600,195.75,422.75,16.25,32.5,0.5384
600,213.5,37.75,12.25,24.75,0.53722
600,452.25,367.25,15.25,30.5,0.53652
600,299.75,105.5,19.25,38.5,0.5359
600,534.25,384.5,12.25,24.25,0.53584
600,588.75,352.5,11.75,23.5,0.5358
600,44.25,395.5,13.75,27.25,0.53536
600,162.25,391.5,12.25,24.5,0.53517
600,469.75,324,14.5,29,0.53497
600,71,144.5,34.75,69,0.53438
600,479.25,204.5,12.25,24.5,0.53142
600,567.5,145.75,13.5,26.75,0.53139
600,180.25,275.25,13.75,27.5,0.53128
600,546.5,360.5,12.25,24.5,0.53107
600,166.25,390.25,12.5,25,0.53096
600,456.5,108.25,12,24,0.53055
600,332.5,74.75,12,23.5,0.53025
630,140.25,383.75,13.75,27.5,0.55875
630,507,351.25,16.5,33.25,0.55333
630,497.5,384.75,18.75,37.25,0.5497
630,226.5,159.75,148,295.75,0.54465
630,132,378,15,30,0.54334
630,435.5,401,13,26,0.54299
630,108.5,394.25,14.25,28.5,0.54299
630,37.5,366,13.25,26.5,0.54283
630,597.75,384.25,12.75,25.75,0.54127
630,126.25,378.5,13,26.25,0.54027
630,422.5,401,12.25,24.25,0.5402
630,389.5,401.75,15,29.75,0.54014
630,45.25,3.5,12.5,25,0.5401
630,626,12.25,15,30.25,0.53976
630,581.5,369.5,13.75,27.5,0.5391
630,366.25,45.5,12.25,24.5,0.53846
630,516,351.75,15.75,31.5,0.53819
630,555.75,352.5,15.25,30.75,0.537
630,464.25,381.25,12.25,24.75,0.53675
630,196,383.5,12.5,25,0.53582
630,516,371.75,14.75,29.5,0.53555
630,308.75,400,13.25,26.25,0.53353
630,614,371.75,12.75,25.5,0.53343
630,627,25.25,13.5,27.25,0.53339
630,53,384.25,15,30,0.53334
630,279.5,375,40.75,81.5,0.53227
630,598.25,375.5,13.25,26.25,0.53141
630,523.5,374.75,13.75,27.75,0.5313
630,524,352.25,14.75,29.5,0.53068
630,271.25,12,13.5,26.75,0.53043
630,504.5,230.25,13.75,27.25,0.53034
660,10,122.75,30.5,61,0.55047
660,515.75,402.75,15,30.5,0.54716
660,411.5,127.5,15,30,0.54407
660,500.75,405.25,13.75,27.25,0.54208
660,308,174,14,28.25,0.54098
660,164.25,134.5,12.25,24.25,0.54077
660,167,394,25.25,50.75,0.53919
660,491.75,398,16.5,33.25,0.53747
660,583.75,383.75,13,26,0.53581
660,12.75,445.5,12.5,25,0.5353
660,581,122.25,12.5,25.25,0.53477
660,346.5,83.75,31.25,62.25,0.53462
660,534,398.75,12.5,25,0.534
660,572.25,381.75,13,26.25,0.53304
660,494,368.75,11.75,23.5,0.53196
660,269.25,302.25,13.25,26.5,0.53174
660,60.25,392,14,28,0.53147
660,372.25,89.75,18.75,37,0.53049
660,409.25,44.5,14.5,29,0.53048
660,70.5,377.75,36,72,0.53038
690,309.25,206,12.5,24.75,0.54433
690,621,96.5,18.5,36.75,0.54285
690,618,82.75,15.5,31,0.54148
690,76.75,430,13.5,26.75,0.54132
690,559.25,101.5,14.25,28.25,0.54014
690,212,423.25,13.75,28,0.53954
690,199.5,384.5,33.5,67,0.53935
690,62.5,30.75,11.5,23.5,0.53632
690,186,95.75,12.5,25,0.53569
690,275,424,18.25,36.5,0.53508
690,316,173.75,13,26,0.535
690,40.5,349.5,12.5,24.75,0.53475
690,120,331.5,12.75,25,0.53384
690,40.5,368.75,12,23.5,0.5336
690,154.75,417.25,12.25,24.75,0.53273
690,472,258.25,11.75,23.5,0.53144
690,204.75,413.5,13.25,26.25,0.53123
690,36.25,137.25,12,24.25,0.53111
720,337.5,179,141.5,282.75,0.54755
720,316.25,174.75,15,30,0.54437
720,185.75,102.75,12.75,25.5,0.53946
720,124,443.5,13.25,26.25,0.53569
720,100.5,438.5,12.75,25.5,0.53485
720,147.75,394.75,16.25,32,0.5347
720,23.25,141.25,12.25,24.75,0.53319
720,123.25,127.25,13.75,27.5,0.53315
720,390.75,288.25,12.75,25.75,0.53219
720,140.5,441.75,13,25.75,0.53178
720,60.75,169,12,24,0.53165
720,626.25,85.5,14,28.25,0.53097
720,564.5,423.75,13.25,26.75,0.53068
750,309,365.5,23.75,47.5,0.5518
750,-1.75,91.5,14.25,28.5,0.54017
750,468.5,26.5,12.25,24.75,0.53784
750,350.25,178.5,135.75,271.75,0.53642
750,36.25,394.5,35,70.25,0.53393
750,-3.25,57.75,25.75,51.25,0.53234
750,318.25,353.5,54.5,109.25,0.53219
750,625.5,130.5,16.25,32,0.53163
750,70,346.25,14.5,29,0.53155
750,586,373.5,13.25,26.75,0.53045
750,-1.75,40.75,14.75,29.5,0.53009
780,117,370.75,14.75,29.5,0.5615
780,348.75,386.5,40.75,81.75,0.54546
780,396.25,205,16.5,32.75,0.54211
780,569.25,238.25,12.75,25.5,0.54018
780,116.5,381.25,16,32,0.54014
780,109.25,375,14,28,0.53813
780,133.25,369.75,15.25,30.5,0.53765
780,52.75,377.5,13.75,27.25,0.53756
780,628,132.75,12.75,25.75,0.53742
780,268.75,237.25,14,28.25,0.53641
780,262.75,235,12.25,25,0.53618
780,364,54.5,12.75,25.25,0.53368
780,148.75,372.5,14.75,29.5,0.53363
780,379.25,420.5,18.5,37,0.5334
780,485.75,38.5,12.25,24.75,0.53305
780,566,223,18.75,37.75,0.53292
780,590.75,158.5,14,28.25,0.53292
780,226.5,6,14,28,0.532
780,130,283.5,14.5,29,0.53148
780,430.5,19,12.25,24.75,0.53112
780,115.5,439.25,13.25,26.5,0.5311
780,164.25,12.75,67,134.25,0.53022
780,383.75,231.25,20.75,41.5,0.53016
780,604,94.5,16.5,33.25,0.53005
810,557.75,4.5,14,27.75,0.55289
810,41.5,142.5,39.25,78.75,0.54708
810,82.25,99.75,12.5,25,0.54609
810,326.75,56.5,13.25,26.5,0.53826
810,29.5,260,18.5,36.75,0.53815
810,558.25,7.25,14,28,0.5381
810,321.75,2.5,22.5,45.25,0.53779
810,284,2,26,52,0.53688
810,36,423.5,13,25.75,0.53635
810,396.75,7,13.75,27,0.53602
810,483.5,329.75,12.5,25.5,0.53473
810,476.5,132.75,13.5,27,0.53337
810,294.25,121.5,12.5,25,0.53333
810,419.75,122.75,12.5,24.5,0.53318
810,328.5,388.25,38,76.25,0.53059
810,260.75,432.5,18.75,37.5,0.53041
810,319.75,111.75,13,26,0.53005
840,245,376.75,14.5,28.75,0.56381
840,308.25,377,16.5,32.75,0.54754
840,564.25,415.75,15.25,30.5,0.54688
840,604.25,304,15,29.75,0.54648
840,462.5,341,14.25,28.25,0.54524
840,204.25,392.75,15.75,31.75,0.54497
840,411.5,412.75,16.5,33.25,0.54488
840,428.5,409.5,13.75,27.5,0.54477
840,293,429.75,13.5,27,0.54205
840,507.5,407.75,16.5,32.75,0.54188
840,381,403.25,15.25,30.5,0.54107
840,300,418.5,14,27.75,0.54093
840,516.25,354.25,14.5,28.75,0.54013
840,444.25,337.25,12.25,24.75,0.539
840,114.5,193.25,123.25,246.5,0.53858
840,324.75,425,12.5,24.75,0.53807
840,619.5,41,22,44.25,0.53807
840,611.75,308.5,17.25,34.75,0.53794
840,580.25,394.5,15.5,30.5,0.53767
840,404,307.5,13.25,26.5,0.53739
840,548.25,424,13.75,27.25,0.5372
840,252.75,381.25,15.25,30.25,0.53688
840,277.25,380,13.75,27.25,0.53626
840,124,90.75,13,26,0.53611
840,564.25,377.25,15.25,30.25,0.53563
840,341,363.5,14.25,28.5,0.53552
840,626.75,80.25,13.25,26.5,0.53544
840,403.5,328.75,15.75,31.5,0.5353
840,285,411.5,13.5,27.5,0.53472
840,518.25,65.75,15.5,31,0.53447
840,580.75,419,14.75,29.25,0.53413
840,545,69,15.25,30.5,0.53322
840,42,148,14,28.25,0.53311
840,99.75,353,58.5,116.75,0.53295
840,500.75,399,14,28,0.53279
840,580.75,30.5,14.5,29.25,0.53268
840,486,368.5,14.75,29.5,0.53206
840,429,363,13.5,26.75,0.53189
840,588.75,396.5,14.25,28.5,0.53148
840,588.25,380.25,14.75,29.5,0.53133
840,420.25,410.5,15,29.75,0.53087
840,-2.25,191.25,18.25,36.5,0.53046
840,422,259.75,15,29.75,0.53035
840,453,436.25,13.5,26.5,0.53024
840,620,85.5,13.25,26.5,0.53024
840,86,451.5,13.25,26.25,0.53014
870,116.75,117.5,13.75,27.25,0.54624
870,39.5,143.5,24.25,48.5,0.54389
870,540.5,279,12.5,25,0.53953
870,317.25,381,17.75,35.5,0.53936
870,429.75,420.5,13.25,26.5,0.53867
870,108.5,429,12,23.75,0.53861
870,174.5,25.25,13,26.5,0.53844
870,444.5,403.75,14.75,29.25,0.53821
870,588.75,392.75,12.5,24.75,0.53672
870,243.5,348,14,27.75,0.53525
870,-1.75,29.5,24.5,49.25,0.53501
870,412.75,421.75,13,26,0.53412
870,77,105,30.75,61.25,0.53325
870,60,140.5,15.75,31.5,0.53166
870,476.75,408.5,14.75,29.25,0.53107
870,350.25,152.5,12.25,24.5,0.53103
870,69.75,144.5,14,28.25,0.53085
870,181.5,335.25,12.25,24.25,0.53083
870,85.25,366.5,14,27.75,0.53063
900,101.5,14.75,15.75,31.75,0.55915
900,459.75,442.75,16.75,33.5,0.5576
900,334,98.25,13.25,26.25,0.55353
900,92.75,369.5,13.75,27.5,0.54886
900,93,276.25,14,28.5,0.5427
900,113.5,163.25,41.75,83.75,0.54267
900,412.5,452.25,13.25,26.5,0.54244
900,311.5,52.75,15,29.5,0.54114
900,407.25,86.25,13.5,27.25,0.53934
900,613.75,239,13,26,0.53931
900,358,42.5,16.5,33.25,0.53837
900,88.75,361.75,11.75,23.75,0.53811
900,467.75,443.75,15.25,30.75,0.53794
900,306.75,58.75,12.75,25.75,0.53791
900,328.5,205.75,20.5,41,0.5379
900,380.75,96.25,12,23.75,0.53719
900,151.25,146.5,32.5,64.75,0.53712
900,-3.25,139.75,25.75,51.25,0.53619
900,76.5,12.75,87.25,174.75,0.5356
900,100,273.75,15,30,0.53552
900,108,74.5,13.75,27.25,0.5351
900,123.75,128.25,13.25,26.5,0.53474
900,124.5,21.25,12,24,0.53436
900,338.25,60.75,15.25,30.25,0.53324
900,59.75,15,13.25,26.75,0.53301
900,245.5,259,13.75,27.25,0.533
900,395.5,452.25,12.75,25.5,0.5328
900,333.25,410.25,31,62,0.53253
900,-1.5,9.25,12,23.5,0.53244
900,242,216,13,26,0.53234
900,450,392.25,19,37.75,0.53198
900,610.5,64,33,66,0.53172
900,36.75,431,16.75,33.5,0.53101
900,74.5,11.25,18.25,36.5,0.53069
900,596.25,181,14.75,29.25,0.53016
900,145.5,122.25,15.75,31.25,0.5301
930,84.75,273.75,15.25,30.5,0.55935
930,5.25,98.75,74.5,149.25,0.55548
930,411.5,271.25,16.75,33.5,0.55249
930,292.75,419.75,14.25,29,0.55123
930,100.25,287.5,13,25.75,0.54966
930,308.75,400.25,15.5,30.75,0.54856
930,421.25,441,14.5,29.25,0.54731
930,612.75,412,14.5,29.25,0.54542
930,-1.5,148.25,12.25,25,0.54492
930,86.25,287.5,13,25.75,0.54386
930,444.75,442.75,14.5,28.75,0.54361
930,372,281.5,15.5,30.75,0.5434
930,116.5,370.5,15.25,30.5,0.54218
930,148.75,269.75,14.75,29.75,0.54022
930,156.25,326,15.5,31,0.53998
930,505.75,94.25,20,40,0.53839
930,454,64.5,15.5,31.25,0.53819
930,10.75,102.75,18.5,37.25,0.53761
930,60.75,266.75,14.75,29.25,0.53759
930,588.75,335,11.5,23,0.53702
930,12.5,400.5,14.25,28.75,0.53698
930,188.25,74.25,12.75,25.5,0.53629
930,164.25,307.5,16,31.5,0.53571
930,76.75,286.25,14.25,28.5,0.53521
930,37,334,14,28,0.53497
930,299,397,17,34.25,0.53493
930,540,382.5,14.25,28.25,0.53483
930,403.75,268.5,15.5,30.75,0.53439
930,52,98,14.75,29.5,0.53376
930,299.5,132,14.25,28.75,0.53372
930,35.5,86.25,16.75,33.5,0.53361
930,100,393.5,15.25,30.5,0.53324
930,36,361.25,15.75,31.25,0.53314
930,69,33,14.75,29.5,0.53303
930,343.5,207.5,13.75,27.5,0.53288
930,252.75,292.75,15,29.75,0.53282
930,100.75,263.5,14.25,28.5,0.53263
930,214.5,49.25,82.75,165.5,0.53224
930,547.25,431.75,16.75,33.5,0.53203
930,38.75,225.75,27.25,54.5,0.532
930,108.25,283.75,15,29.75,0.53164
930,625.5,160.5,14.75,30,0.53152
930,488.25,274,16.75,33,0.53137
930,557.25,421.75,13.75,27.75,0.53107
930,324.25,162.25,28,56,0.53051
930,358.25,260.75,14,28,0.53049
930,86.75,359.25,13,26,0.53044
930,343.25,175,14.5,29,0.53007
930,284.75,421.5,14,27.75,0.53001
960,36.75,346.5,14.5,29,0.57791
960,492.25,354.25,15.5,31.25,0.55914
960,83.5,369.75,15.5,30.5,0.55673
960,27.75,346.5,16.75,33.5,0.55231
960,59.5,357.75,18,35.75,0.55092
960,243.5,332.5,14.25,28.25,0.55087
960,76.25,371,15,30,0.55017
960,172.5,332,12.75,25,0.54953
960,220.25,363,15.25,30.5,0.54941
960,333.25,428,14.25,28.5,0.5472
960,204,334.75,16.5,33,0.54584
960,148.75,306.5,15,30,0.54441
960,364.75,315,15.75,31.5,0.54382
960,268.75,295.25,14.25,28.5,0.54357
960,364.5,353.25,15.75,31.5,0.54346
960,373.5,396.25,14.75,29.5,0.5431
960,21,358.75,13.25,26.75,0.54297
960,361.25,207.25,16,32.5,0.54247
960,420.75,392.25,16.25,32.25,0.54224
960,436.75,375,16,31.75,0.54159
960,588.75,383.25,12.75,25.5,0.54143
960,438.25,393.25,14.5,29.25,0.54041
960,108.25,377,15.5,31.25,0.5403
960,389.5,372,14.25,28,0.54029
960,195.75,310.5,12.5,25,0.53887
960,437,363,15.25,30.75,0.53886
960,468.5,385.75,15.5,31,0.53817
960,389.25,399.25,14.25,28.75,0.53816
960,612.5,380.5,14.5,28.75,0.53798
960,108,364.5,15.75,31.25,0.53775
960,212.5,362.75,15,30.25,0.53745
960,36.5,341.5,15,30,0.53727
960,547.25,366,17.25,34.5,0.53701
960,76.25,384,12.5,25,0.53678
960,106.75,347.25,18.25,36.5,0.53673
960,148.75,333.75,14.25,28.75,0.53667
960,421.25,419.5,14.75,29.75,0.53598
960,285.25,360.25,13.5,27,0.53573
960,539.75,150,61.5,123,0.53469
960,-0.25,45.75,19,38.25,0.53463
960,468.75,303.5,12.25,24.75,0.5346
960,611.75,214,19.75,39.5,0.53421
960,195.75,332.5,18.25,36.5,0.53419
960,594,308.75,13,26.25,0.53394
960,207,249.75,11.75,23.25,0.53267
960,510.25,345,12.5,25.25,0.53259
960,263.75,126,32,63.75,0.53198
960,144.75,173.75,20.5,41,0.53165
960,131.5,341.75,17,34,0.53154
960,510.75,360.25,20.5,41.25,0.53152
960,461.75,303.25,13,26,0.53135
960,389.25,293.75,16.5,33,0.53107
960,382.25,363.75,12.25,24.5,0.53096
960,331.75,274.25,17.5,35.5,0.53088
960,520.75,360.5,31.25,62.5,0.53086
960,173.25,308.25,14.5,29.25,0.53059
960,141,310,15,30,0.53055
960,116.25,416,16.25,32.25,0.5305
960,206,321.75,14.75,29.5,0.53048
960,256.5,162,13.75,27.75,0.53047
960,261.25,299.5,13.5,27,0.53044
960,234.75,349.75,18.25,36.25,0.53041
960,428,73.5,20.75,41.25,0.53029
960,603.75,416,16,32.25,0.53013
960,484.25,135,14,27.75,0.53013
990,116.75,383.75,14.75,29.5,0.56091
990,269.25,348.25,12.75,25.75,0.5588
990,236.5,342.25,13.25,26.75,0.55879
990,108,383.25,14.75,30,0.55706
990,92.75,328.75,14.75,29.75,0.5563
990,468,432.5,16.25,32.5,0.55351
990,173,382.5,15,30.25,0.55332
990,604.75,399.75,12.25,24.5,0.55305
990,252.75,387.5,15,30.25,0.55277
990,469.25,377.75,14.5,29.25,0.55261
990,53,373.5,14.25,28,0.55131
990,276.5,275.75,14.25,28.5,0.55058
990,212.5,323.25,15,30,0.54973
990,66.75,297.5,18,36,0.54881
990,27.75,384.25,16.5,32.75,0.54836
990,155.75,290.75,14.75,29.25,0.54695
990,60.75,384.25,14.5,28.5,0.54652
990,28.25,312.5,12.5,25.25,0.54551
990,490.75,364.25,17.75,35.25,0.54548
990,310,399.75,13,26.25,0.54521
990,84.5,322,15.25,30.5,0.54495
990,292.25,340,14.75,29.5,0.54444
990,390,343.75,12.75,25.5,0.54442
990,605.25,76.25,12,24,0.54405
990,229,384.5,12.25,24.75,0.54405
990,54,307.5,14,27.75,0.54392
990,447.25,342,14.5,29,0.54382
990,437.75,348.5,13.5,27,0.54345
990,459.75,434,16.25,32.25,0.54204
990,340.25,191.25,16.25,32.25,0.54074
990,524.25,400.5,15.25,30.5,0.54053
990,76.75,312.25,16.25,32.5,0.53928
990,373.25,301.25,13.75,27.5,0.53919
990,455,355.75,14.75,29.25,0.53915
990,-3.5,172,27.5,55,0.53878
990,609.5,181.75,17.25,34.75,0.53858
990,31.5,312,12.75,25.25,0.53853
990,340.25,332.5,17,34.25,0.53827
990,262,340.75,13.75,27.75,0.53795
990,532,395.25,18.75,37.25,0.53774
990,396.25,344,12.75,25.25,0.53769
990,451.5,344.25,12.75,25.25,0.53744
990,268.75,342.25,13.75,27,0.53741
990,484.75,357.25,55.5,111.25,0.53732
990,346,55.5,33.75,67.75,0.53727
990,486.25,291.25,14.5,29.25,0.53686
990,60.25,314,15.25,30.5,0.53669
990,-2.25,156.25,17.25,34.5,0.53646
990,302.5,343.25,13.25,26.5,0.53638
990,276.25,344.5,13.25,26.25,0.53621
990,247.25,337,13.5,26.75,0.53613
990,12,289,16.5,32.5,0.53577
990,333.5,403.75,14.75,29.25,0.53575
990,220.75,340.25,14.5,29.5,0.53557
990,116.5,336,16,32.25,0.53532
990,421.5,373.5,14,28,0.53476
990,196.75,323.25,15.25,30.75,0.53431
990,173.25,322,15.5,30.75,0.53399
990,13.25,374.25,13.25,26.75,0.53391
990,364,288.25,17.25,34.75,0.53359
990,116.25,118.25,14.25,28.75,0.53305
990,429,300,13.5,27,0.53301
990,612.5,409,15.25,30.25,0.53291
990,353.5,171.75,20.75,41.5,0.53284
990,164.25,393,15.75,31.25,0.53233
990,437,340.25,14.25,28.5,0.53212
990,603.75,385.5,16,32.25,0.5319
990,435,380.5,17.75,35.25,0.5318
990,486,359.25,12.75,25.75,0.53172
990,278,384.25,13.5,26.75,0.53146
990,217,180.5,14.5,28.75,0.53141
990,85,312.25,12,24.5,0.53138
990,133.25,286.75,13.25,26.75,0.53116
990,506.5,58.5,15.75,31.5,0.53101
990,287.5,279.5,12.25,24.25,0.53046
990,120.5,290.5,12,24,0.53039
990,60.75,296,12,24,0.53036
990,230.5,96.75,51.75,103.75,0.53023
990,421.25,415.75,12.5,25.5,0.53021
990,309.5,343.25,13.25,27,0.53017
1020,396,335.25,16.25,32.25,0.56027
1020,85.75,362.75,14.25,28.75,0.55403
1020,515.5,327.5,16.5,32.5,0.5538
1020,44.5,313,12.25,24.5,0.55122
1020,115,367.5,18,35.5,0.55047
1020,166,302.25,13.5,27,0.55009
1020,419.5,386.5,15.25,30.75,0.54938
1020,347,328.75,17.25,34.5,0.54846
1020,325,313.25,14.75,29,0.54641
1020,409.75,372.5,21.75,43.5,0.54623
1020,244.5,378.5,13.25,26.25,0.54527
1020,596.25,350.5,15.25,30.5,0.54493
1020,271.25,302.75,13.25,26.75,0.54465
1020,364.75,177.75,20.75,41.5,0.54464
1020,363.75,345.5,17.75,35.25,0.54376
1020,317.75,315,13.25,26.5,0.54361
1020,236,69.75,61.25,122.25,0.54275
1020,598,438.75,15.25,30.25,0.54221
1020,523.75,443.75,13,26,0.54202
1020,355.75,309.25,13.5,27.25,0.54192
1020,197.25,346.75,14.5,29,0.54157
1020,492,448.5,12.75,25.75,0.54137
1020,253.25,397.25,14,28,0.54084
1020,356.5,332.5,14.5,29,0.5401
1020,314.25,357,23.25,46.5,0.54002
1020,104.5,355.25,13,26,0.54002
1020,373.5,337,13.25,26.5,0.53958
1020,298,350.75,30.75,61.5,0.53916
1020,237,381.25,13.75,27.5,0.5384
1020,500,316,16,32.25,0.53821
1020,317,338.25,14.25,28.25,0.53763
1020,396.75,364.25,14,27.75,0.53731
1020,308.75,347.25,15,29.75,0.5365
1020,238,309.75,13,26,0.53622
1020,542.75,275.75,13.75,27.25,0.53616
1020,74,171.5,16.25,32.25,0.53612
1020,220.75,397,12.5,25.25,0.53592
1020,412,345.75,15.75,31.25,0.5359
1020,204,344.75,16.5,32.75,0.53544
1020,139.5,356.5,18,36.25,0.53537
1020,588.25,386,15.75,31,0.53494
1020,276.25,358.75,13.25,26.5,0.5349
1020,501.25,371.25,14.5,29.5,0.53489
1020,370.25,317,18,36,0.53473
1020,388.75,318.75,13.25,27,0.53438
1020,159.5,344,13.75,27.5,0.53436
1020,524.5,319.75,13.5,26.75,0.53434
1020,22,78.75,53,106,0.53423
1020,404.5,363.5,15.25,30.25,0.53393
1020,107.25,366.75,16.75,33.5,0.53385
1020,246,310.25,13.25,26.75,0.53363
1020,76.75,310.25,13.25,26.5,0.53359
1020,405.5,325.25,14,27.75,0.53348
1020,405.75,332.25,14.25,29,0.53314
1020,443.5,128.75,13,25.5,0.5329
1020,413.25,369.25,12.5,25.5,0.53273
1020,363.25,318.25,18,36,0.53255
1020,150.5,68.5,12,24,0.53249
1020,364.25,337.75,15.75,31.75,0.5322
1020,507.5,344.75,16,32.5,0.53209
1020,324.5,337.5,15.75,32,0.53196
1020,61,351.75,13.5,26.5,0.5319
1020,203.75,136.25,12.5,25.25,0.53172
1020,132.75,86.25,12.75,25.5,0.5316
1020,612,360.5,12.25,24.75,0.53151
1020,610.25,384.25,18.75,37.25,0.53116
1020,132,61.25,13.75,27.75,0.53039
1020,187.25,360.75,17.5,35,0.53016
1020,487.25,328.5,13,26.25,0.53001
1050,524.75,383.5,15,29.75,0.56847
1050,572,332,16,32,0.5606
1050,204.5,385.25,15.5,30.75,0.55772
1050,244.25,353.25,15,29.75,0.55385
1050,229,393.75,15,30.25,0.55332
1050,404.75,386.75,15,30,0.55324
1050,188.5,368,15.5,30.75,0.5518
1050,388.25,303.5,16,32,0.54872
1050,156.25,364.75,15,30,0.54817
1050,358.25,352.25,12.5,25.25,0.54815
1050,-6.25,21.5,50.25,100.5,0.54515
1050,396.5,264.25,12.75,25.25,0.54509
1050,220.5,374.75,15.25,30.25,0.54481
1050,348,384.5,15.75,31.25,0.54401
1050,549,307,14.25,29,0.54389
1050,612.25,376,16,32,0.54262
1050,118,65.5,13,26.25,0.54245
1050,260.75,335.75,13,25.75,0.54214
1050,373.5,384.5,15,29.75,0.54197
1050,595,242.5,12,24,0.5403
1050,487.75,383,12.5,25,0.53994
1050,324.75,351.25,14,28,0.53925
1050,595.5,336.5,15.75,31.5,0.53911
1050,507.75,333.75,16.25,32.25,0.53794
1050,501.5,387.75,14.5,28.75,0.53788
1050,268,376.25,16.5,32.75,0.53782
1050,531.75,301.75,13.5,26.75,0.53763
1050,429.25,383.5,16.25,32.75,0.53751
1050,600,4.5,13,26,0.53727
1050,285,204,13.5,26.75,0.53682
1050,491.25,196.75,14,28.25,0.53655
1050,508.5,386.5,15,29.75,0.53597
1050,51.5,370,16,31.75,0.53595
1050,233.75,1.75,20.25,40.25,0.53476
1050,68.75,39.25,13.5,27,0.5347
1050,205,107.5,44,87.75,0.53437
1050,180.5,364,14.75,29.25,0.53432
1050,469.5,393.75,15.75,31.25,0.53315
1050,349.25,304.25,13,25.75,0.53262
1050,436.5,321.5,16.5,33,0.53251
1050,412,303.75,15.75,31.75,0.53245
1050,65.75,8.75,20,39.75,0.53189
1050,116.25,16.25,13.75,27.25,0.53151
1050,549,350.25,13.75,27.75,0.5309
1050,604,419.75,15.25,30.5,0.5307
1050,260.25,355.75,15.75,31.5,0.5307
1050,476.5,378.75,13.75,27.25,0.53063
1050,37.25,389.5,13.75,27.25,0.53055
1050,132.25,371.25,15,30,0.53051
1050,491.25,334.5,16.5,33,0.53049
1050,348.75,225.75,14,28,0.53043
1050,21.25,373.75,14.5,29,0.53042
1050,318,243.5,12.25,24.5,0.53025
1050,308,386,17.5,35,0.53014
1050,68.5,360,15.25,30.75,0.53008
1050,436.25,396.25,16.5,33,0.53005
1080,116,333.5,16,32,0.5667
1080,429.5,351.25,14,28,0.56
1080,562.75,384,12.5,25.5,0.5599
1080,109.5,328.5,12.75,25.75,0.5551
1080,51.5,384.25,16.25,32.75,0.5511
1080,292.25,339,14.5,29,0.55082
1080,60,369.25,16,32,0.55052
1080,220.75,222.75,13.5,27,0.55047
1080,44.25,387,15,30,0.55011
1080,204.5,13,15.25,30.25,0.54909
1080,148.75,76,14.5,29.25,0.54663
1080,595.75,124.75,23.25,46.5,0.54661
1080,169,7.25,26.75,53.5,0.54575
1080,461.25,403.75,13.5,26.5,0.54434
1080,308.25,362,16.5,33,0.54297
1080,341.5,375.75,14,28,0.54238
1080,556.25,395.25,13.5,27,0.54174
1080,236.25,291.25,12.25,24.5,0.54142
1080,51.5,353.25,16.25,32.25,0.54141
1080,628.5,32.75,12,23.5,0.5405
1080,194,317.25,17.75,35.5,0.54015
1080,611.25,308,13.75,27.5,0.5398
1080,172.5,237,12.5,25,0.53975
1080,243.25,401,16,32,0.53958
1080,100.5,336.5,15.5,31.25,0.5388
1080,340.75,354.75,14.75,29.75,0.53842
1080,588.5,319.5,13.25,26,0.5383
1080,199.75,389,13.75,27.5,0.53805
1080,557.25,327.25,13.25,26.25,0.53804
1080,148.25,392.75,12.75,25.25,0.53729
1080,524.25,394.75,15.25,30.5,0.53642
1080,580.5,297,14.75,29.5,0.53633
1080,502.25,326.5,12.5,25.25,0.53596
1080,404.75,332,14,28.25,0.53577
1080,123.75,43.5,13.25,26,0.53552
1080,524.75,410,14.75,29.75,0.53514
1080,165.75,74,13.25,26.5,0.53425
1080,478,384.25,14.5,29,0.5333
1080,300,361.75,16.25,32.25,0.53315
1080,200.5,300.5,12,24.25,0.53309
1080,325.5,306.75,15.25,31,0.533
1080,276.25,224.75,16.25,32.5,0.53286
1080,433.5,172.75,24,48.25,0.5325
1080,99.5,392,16.25,32.25,0.53247
1080,171.75,390,13,26,0.53236
1080,580.25,383.25,12.5,25,0.53223
1080,445.25,412,14.75,29.75,0.53189
1080,132.75,331.5,14.25,28.75,0.53149
1080,357,364.25,14.75,29.5,0.53111
1080,300,102.75,13,26,0.53091
1080,507.5,286,13.5,26.5,0.53087
1080,108.25,341.25,14.25,28.75,0.53045
1080,604.75,409.25,15.5,31,0.53036
1080,283.75,216.25,12.75,25.5,0.53028
1080,508.25,394,15.25,30.5,0.53016
1080,613,332.5,14.5,29.25,0.53012
1080,584.5,351,12,24,0.53006
1080,318.25,360.25,12.5,24.75,0.53002
1080,471.25,394.5,13.25,26.5,0.53001
1110,451.5,377,16.25,32.5,0.57567
1110,116,385.75,16.25,32.25,0.57128
1110,325,331.25,13.5,27,0.56399
1110,84,382.25,16,31.75,0.56293
1110,276.5,361,16,31.5,0.5544
1110,348.75,347.25,14.75,29.75,0.5527
1110,421,332,14.25,28.5,0.55018
1110,181,361,14,28,0.54969
1110,261.5,17.25,14.5,29.25,0.54914
1110,468.75,343.75,12.75,25.75,0.54857
1110,269,356,14.5,29.25,0.54777
1110,187.5,349.25,30.75,61.5,0.54756
1110,93,375.5,13.75,27.5,0.54602
1110,380.75,400.75,12.5,25,0.54313
1110,493.75,359,13.25,26.25,0.54288
1110,345,337,12,23.5,0.54285
1110,367.25,335.5,17.5,35,0.54269
1110,22.75,339,14,28,0.54262
1110,204.75,287.75,14.25,28.5,0.54227
1110,318,332.75,12.25,24.75,0.54221
1110,614,74.75,12.5,25,0.5417
1110,446.25,181.75,44.25,88.5,0.54109
1110,532,345.75,14.5,29.25,0.54095
1110,125.5,394,13.75,27.5,0.54093
1110,539,352.75,16.25,32.25,0.54063
1110,405.25,341,14,28,0.53953
1110,228.75,316,15,30.25,0.53946
1110,493.5,349.5,13.75,27.75,0.53939
1110,396.75,343,13.5,26.75,0.53865
1110,155.25,37.25,23,46,0.53864
1110,212.75,395.5,14.25,28.25,0.5386
1110,431.25,301,12.25,24.75,0.53791
1110,500,382.5,16.75,34,0.53778
1110,445,367.5,13.25,27,0.53758
1110,399.5,91,13.25,26.25,0.53732
1110,356.25,348.25,14.75,29.75,0.53685
1110,287.25,104,13.25,26.5,0.5366
1110,228,352,17,34.25,0.53617
1110,324.25,367.25,16.5,33,0.53594
1110,237.25,300.5,13.75,27.25,0.53567
1110,99.75,385.25,16,32.25,0.53553
1110,140.75,380,15,30,0.53545
1110,61,376.25,15,29.5,0.53527
1110,22,388,13.25,26.5,0.53521
1110,309.25,347.75,15,29.75,0.53499
1110,56.75,282.75,11.75,23.75,0.53482
1110,317.25,335.75,13.5,27.25,0.53461
1110,386.75,338.75,16.25,32.25,0.53405
1110,69.25,371.75,13.75,27.25,0.5339
1110,381.75,380.25,14,28,0.53383
1110,172.5,379,14.25,28.5,0.5336
1110,62.25,27.5,18.75,37.25,0.53345
1110,109.25,386,14,28,0.53321
1110,88,24.75,15.75,31.5,0.5332
1110,243.5,332.75,16.5,32.5,0.53302
1110,579.75,369,16.25,32.75,0.53301
1110,506.75,366.5,16.75,33.5,0.53277
1110,203.25,342.75,17.25,34.25,0.53276
1110,36.5,367.75,15.75,31.5,0.53245
1110,309.25,327.25,13.5,27.25,0.53241
1110,419.25,367,17,33.75,0.53229
1110,332.5,332.75,12,23.5,0.5318
1110,62.5,36.5,18.5,36.75,0.53158
1110,436.25,329.25,12.25,24.25,0.53146
1110,236.5,338.25,15.25,30,0.53141
1110,593.75,366.5,17.75,35.25,0.53105
1110,180.75,304.5,14.5,29.25,0.53088
1110,267.75,380,17,34.25,0.53055
1110,118.5,4.25,11.75,23.5,0.53054
1110,269.25,287.75,15,30.5,0.53041
1110,476.25,338,15.5,31.5,0.53033
1110,437,375.75,15.25,30.75,0.5302
1110,100.25,380.75,14.75,29.75,0.53003
1140,156.25,402.5,15.25,30.25,0.56602
1140,28.5,322.25,16,31.75,0.56016
1140,308.75,424,15.25,30.5,0.55468
1140,341.75,404,13.75,27.5,0.55118
1140,333.5,403.25,14,28,0.5485
1140,588.5,412.5,13.5,26.75,0.54781
1140,501.25,401.75,14.75,29.75,0.54704
1140,405,382,13.75,27.75,0.54587
1140,596,412.75,14,27.5,0.54521
1140,141.25,398.25,14,28,0.54493
1140,181,375.75,14,28.25,0.54474
1140,502,383,13,25.75,0.54403
1140,128.5,311,12.25,24.5,0.54254
1140,229.25,396.5,15.25,31,0.54193
1140,238.75,376.75,13.5,27.25,0.54141
1140,625.75,257,15.5,30.75,0.54083
1140,11,17.5,25.25,50.5,0.54065
1140,108.5,43.5,19,37.75,0.54009
1140,149.25,395.5,13.5,27,0.53969
1140,373,397.75,14,28.25,0.53961
1140,260.5,415.25,15.75,31,0.53908
1140,358.75,312,12.5,24.75,0.53665
1140,493.25,391,15,30.25,0.5357
1140,611.5,267.5,31.75,63.25,0.53519
1140,362,59.5,21.25,42.75,0.53505
1140,516.25,388.25,14.75,29.25,0.53449
1140,93,54.25,13.75,27.25,0.53431
1140,172,376.5,16.75,33.5,0.53314
1140,44.25,388,14.5,29,0.53296
1140,50.75,378,18,36,0.53251
1140,114.25,320.75,12.5,25,0.53124
1140,66.5,105.75,16.75,33.5,0.53123
1140,516.25,400,17.5,35,0.53061
1140,85.25,124.5,15.5,30.75,0.53056
1140,213.25,394.75,13.75,27.5,0.5304
1140,27.75,142.25,13,26,0.53038
1140,280.25,104.25,13.25,26.25,0.53027
1140,108,321.25,14.75,29.25,0.53001
1170,220.5,359.75,12.75,25.75,0.56516
1170,262.5,6.25,13.25,26.75,0.55498
1170,204.5,362.5,15,30,0.5533
1170,316,400.25,12.25,24.5,0.55086
1170,196.75,364.75,14.5,29,0.54743
1170,506.25,166,16.75,33.75,0.54739
1170,464,158.5,12.75,25.75,0.54341
1170,333.5,414.5,14,28,0.5424
1170,188.75,363.75,14.5,29,0.54197
1170,164.75,362.75,15,29.75,0.54149
1170,551.75,369.25,12.5,25.5,0.53679
1170,52.5,335.75,14.5,29.25,0.53653
1170,203.75,418.25,16,32,0.53621
1170,37.5,336,13.25,26.25,0.53565
1170,230.25,358.5,13,26.25,0.53542
1170,117,338,16,32.25,0.53517
1170,173.75,358.75,13.25,26.75,0.53512
1170,366.25,22.75,13,26,0.53509
1170,72.25,416.5,12.25,24.5,0.53359
1170,148.25,353.75,15.5,31,0.53302
1170,287.75,344,12.5,24.75,0.53289
1170,492,403,12.75,25.75,0.53264
1170,183,109.25,13.25,26.5,0.5326
1170,489,4.25,14.25,28.75,0.53192
1170,377,399.75,33,65.5,0.53187
1170,69,35,15,29.5,0.53167
1170,388.25,408,12.5,25,0.53157
1170,164,330.25,14.5,29,0.53127
1170,438.25,403.25,14,28.25,0.5309
1170,503,399.75,13,26,0.5307
1170,123.75,37,16.75,34,0.5305
1170,610,48.5,34.25,68.25,0.5303
1170,69.25,362,13.75,27.5,0.53005
1200,308.25,281.25,13.75,27.5,0.57718
1200,283.75,282.5,13,26,0.55584
1200,589,401.25,13,26,0.54874
1200,91,289.5,13,25.75,0.54837
1200,604.75,397.5,13,26,0.54783
1200,191,410.75,14,28.25,0.54763
1200,173,400.5,12.25,24.75,0.5461
1200,194.25,257,16.25,32.5,0.54582
1200,51.75,379.5,16.25,32.5,0.54563
1200,348,292.5,16,32,0.54466
1200,122.75,366.5,15.25,30.5,0.54452
1200,169.25,287.5,13,25.75,0.54302
1200,182.25,294.25,13.25,26.5,0.54166
1200,523.5,386,12.75,25.75,0.53985
1200,28.25,412.25,14,28,0.53952
1200,378.75,386.25,18.25,36.5,0.53808
1200,456.25,305.25,12,23.75,0.53803
1200,419,66,26.5,52.75,0.53767
1200,428.75,395.75,12,24.25,0.53707
1200,414,263.5,12.5,25.25,0.53698
1200,176.25,400.75,12.5,24.75,0.53673
1200,44.25,296.25,14.5,29,0.53587
1200,516,123.5,42.75,85.25,0.53562
1200,396.5,401.25,14.5,29.25,0.53541
1200,516,371.25,15,30,0.53512
1200,535.5,432.75,13.25,26.5,0.53477
1200,357.25,299,13.75,27.5,0.53433
1200,460,378.5,15,29.75,0.53416
1200,476.5,414.25,11.5,23.25,0.53368
1200,100.25,414.75,13.5,27.25,0.5335
1200,493.75,129.25,14.5,29,0.53344
1200,206.75,29,13,25.5,0.53332
1200,556.75,395,15,30.25,0.53312
1200,500.5,359,12.5,24.75,0.5331
1200,459.75,404.25,15.5,30.75,0.53285
1200,141.75,367.25,15,30.25,0.53262
1200,405.5,272.5,16.25,32.5,0.53198
1200,255,386.25,21.25,42.25,0.53182
1200,477.25,287.75,12.5,25.25,0.5315
1200,211.25,296.5,12.5,24.75,0.53124
1200,368.5,282.25,11.75,23.75,0.53119
1200,460.25,416.5,12.75,25.25,0.53107
1200,276.75,282.75,12.75,25.5,0.53099
1200,389.75,256,14.25,28.5,0.53091
1200,284.25,225.25,15.75,31.25,0.53065
1200,324.5,258.5,15.5,31.25,0.53052
1200,558.25,412.25,12.5,24.75,0.53051
1200,44.25,188.25,14,28,0.53023
1200,495.5,119,27.25,54.5,0.53011
1200,267,289.25,14,28,0.53002
1230,52.25,315.75,15.25,30,0.59026
1230,430,356,14,27.75,0.559
1230,510,349.75,13,26,0.55804
1230,27.75,316.25,15.25,30.5,0.55613
1230,253,363,14.75,29.25,0.5499
1230,500.5,407.25,12.75,25,0.54929
1230,541.25,116.75,17.75,36,0.54783
1230,412.75,412.75,11.75,23.75,0.54731
1230,437,413.75,14,27.75,0.5449
1230,20.75,329.75,14.5,29,0.5442
1230,570.5,105,21,42.25,0.54403
1230,278.75,383.5,13,26,0.54326
1230,82.25,310.75,12.25,24.5,0.54197
1230,524.75,374.75,13,26,0.54186
1230,526.75,181.25,18.5,36.75,0.5415
1230,242.75,334.75,17.5,34.75,0.54112
1230,188.25,320.5,12.25,25,0.54099
1230,461,408.75,13.5,27,0.54018
1230,476.75,406,17.5,35,0.54011
1230,380.25,406.75,13,26,0.54001
1230,260.75,149.5,12.5,24.75,0.54001
1230,572.25,406.25,16.25,32.5,0.53976
1230,137.75,40,17.75,35.75,0.53967
1230,336.25,401,12.25,24.5,0.53961
1230,160,376.75,12.25,24.25,0.53821
1230,253.5,420,14,28,0.5382
1230,108,360,12.75,25.25,0.53806
1230,180.75,300.5,21.5,43.25,0.53746
1230,459.25,385,18.5,37.25,0.53734
1230,359.25,83,33.75,67,0.53704
1230,475,396.25,12.5,25,0.53665
1230,292.5,232,12,24,0.53647
1230,515.5,122.5,49.25,98.5,0.53634
1230,271.75,112,23.75,47.25,0.53537
1230,60.75,327.25,13,26.25,0.535
1230,44,314.75,15,30,0.53436
1230,421.25,402,15.5,30.75,0.53423
1230,524,365.25,12.5,25.25,0.53363
1230,71.5,360.25,12.5,24.75,0.5336
1230,589,364.5,13.5,27,0.53359
1230,235.5,319,12.75,25.75,0.53275
1230,68.5,318.5,16.25,32.25,0.53218
1230,149.75,358.5,13.5,26.75,0.53214
1230,414,345.25,15.25,30,0.5316
1230,334,112.75,14,27.75,0.53152
1230,273.75,351.25,20.75,41.5,0.53152
1230,181.75,398.25,13,26,0.53147
1230,125.75,161.75,14.25,28.5,0.53117
1230,345,91.25,12.75,25.25,0.53117
1230,581,412.25,14.5,29,0.53102
1230,528.25,114.25,27.5,55,0.53089
1230,315.75,94.25,12.25,24.5,0.53069
1230,183.5,326.5,29.5,59,0.53028
1230,397.25,338.25,16.25,32.75,0.53026
1230,434.25,282,14,27.75,0.53021
1230,468.25,311,12.75,25.5,0.53012
1230,450.25,39.75,14.5,28.75,0.5301
1230,207.5,203,14,28,0.53005
1260,564.5,399,15.25,30.75,0.56405
1260,149,399.25,14.25,28.75,0.55727
1260,82.25,165.75,12.75,25.75,0.55482
1260,516.75,379.25,14.25,28.5,0.55398
1260,539.75,399,16,32.25,0.55172
1260,540.25,334.5,14,27.75,0.55022
1260,605,93.5,38.25,76.5,0.55008
1260,555.5,353.25,16,32,0.54794
1260,502.5,366.5,12.5,25.5,0.54679
1260,532.5,323.25,15,30,0.54659
1260,37,349.25,14.25,28.25,0.54645
1260,277.25,408.25,14.75,29.25,0.54477
1260,356.75,367,14.25,28.5,0.54392
1260,584.5,263,12.25,24.5,0.54359
1260,52,344.25,15.75,31.75,0.5429
1260,396.75,113.5,15.75,31.25,0.5427
1260,181.75,329.25,12.75,25.75,0.54252
1260,541,283,13.25,26.5,0.54203
1260,229.5,298,13.75,27.75,0.54185
1260,333.75,358.25,13.25,26.5,0.54171
1260,470.25,300,12.5,25.25,0.54157
1260,100.5,383.5,14.75,29.75,0.54128
1260,255.25,286,23.5,46.75,0.53992
1260,584.25,329,12,24,0.53938
1260,581.5,364.25,13.5,27,0.53895
1260,20,373.25,16.25,32.5,0.53821
1260,355.75,188,16,32.25,0.53802
1260,588.75,413,12.75,25.5,0.53651
1260,532.25,331.75,15.5,31.25,0.53522
1260,27.75,166.25,12.5,25,0.53447
1260,168.25,375.75,12.5,25.5,0.53408
1260,253.75,92.75,26,52,0.53386
1260,28.75,350.5,15.25,30,0.53377
1260,469,350.25,17,34,0.53372
1260,108,417.5,14.5,29.25,0.53333
1260,445.25,369,15,29.75,0.5333
1260,344,357.5,13.25,26.5,0.53307
1260,461.25,401.25,17,33.75,0.53298
1260,437.5,51,14.75,29.5,0.53227
1260,516,374.25,15.5,31,0.53134
1260,132.75,351.25,14.75,29.5,0.53112
1260,452.5,361.5,12.25,24.5,0.53077
1260,569.5,181.75,13,26.25,0.53071
1260,204.25,396.75,16,31.75,0.53064
1260,405.25,396.75,13.75,27.75,0.53048
1260,180.25,396,15.5,30.5,0.53046
1260,494,352.25,13,25.75,0.53038
1260,460.75,150.25,12,24.25,0.53011
1290,276.25,338.25,13.5,27,0.58056
1290,365.75,348.75,13.25,26.25,0.55573
1290,373.5,350.25,14.5,29,0.5543
1290,102.25,387,12.75,25.5,0.54549
1290,574.75,406.25,14.25,28.25,0.54363
1290,125.25,397.25,13.75,27.75,0.54351
1290,44.5,410.75,14,28,0.54196
1290,626.75,340.75,14,27.75,0.54171
1290,421.25,381.5,13.75,27.5,0.54156
1290,446,35.75,12.75,25.5,0.53983
1290,326,384.5,13.25,26.5,0.53887
1290,52.75,399.5,12.5,24.75,0.53825
1290,204.25,332.25,12,24,0.53823
1290,207.25,74.5,14.25,28.25,0.53809
1290,318.5,385.75,13,26.25,0.53805
1290,-1.25,13.75,12.75,25.5,0.5376
1290,347.75,358.75,16,31.75,0.53718
1290,299.75,301.25,17.25,34.75,0.53675
1290,205.25,229.25,13.5,27.25,0.5367
1290,300.75,386.25,15.25,30.5,0.5367
1290,239.5,60.75,37.5,74.75,0.53641
1290,612.25,409.75,15.25,30.5,0.53641
1290,44.75,380.75,13.5,27,0.5359
1290,345.75,374.75,21.75,43.25,0.53581
1290,582.5,409.25,12.5,25.25,0.53536
1290,404,416.5,12.5,24.5,0.5351
1290,142,347.5,13,26,0.53502
1290,155.75,371,15.25,30,0.53491
1290,156.5,343.25,14.75,29.5,0.53458
1290,325,268.5,12.75,25.5,0.53444
1290,82.5,328.75,12,24,0.53441
1290,148.25,370.5,15.75,31.25,0.53402
1290,556,380,15.5,31.25,0.53381
1290,307,382,17.75,35.25,0.53352
1290,75.75,356.75,13.5,26.75,0.5335
1290,580.5,374,14.5,29.5,0.53345
1290,133.25,380,12.75,25.75,0.53329
1290,93,389.5,13.75,28,0.53263
1290,194.5,416.75,11.75,23.75,0.53256
1290,124.75,378.25,13,26,0.53253
1290,148.5,360,13.25,26.5,0.5323
1290,477,394.5,22,43.75,0.53114
1290,165.25,355,13.25,26.5,0.5309
1290,392.75,126.25,11.75,23.5,0.53074
1290,314.25,146,12,24,0.53063
1290,314.75,258.25,13.75,27.25,0.53047
1290,598.5,380.5,12.5,25,0.53038
1290,165.5,377.5,13.5,27.25,0.53032
1290,160.25,26.25,12,24,0.53015
1290,355.25,315.75,13,25.75,0.53002
1320,70,382.75,14,27.5,0.55692
1320,356,409.5,15.5,30.75,0.5565
1320,165.75,278.5,13.5,26.5,0.55438
1320,411.75,365,15.25,30.5,0.55274
1320,325.5,253,14.25,28.75,0.54749
1320,429.25,320.25,16,32.25,0.5464
1320,533.25,393,15.5,30.75,0.54417
1320,108.25,301.25,14.75,29.5,0.54382
1320,229,366.75,15,30,0.54278
1320,-1.25,203,25.5,50.75,0.54226
1320,220.25,396.5,15,29.75,0.54156
1320,365.25,409,14.75,29.75,0.54065
1320,333.25,266.25,14.5,28.75,0.53932
1320,357.5,348,12.75,25.75,0.53753
1320,227.5,37,64.75,129.25,0.53727
1320,356.25,302.5,13.75,27.5,0.53631
1320,540.5,403.75,15.25,30.25,0.53614
1320,76.75,379.25,14.75,29.75,0.53568
1320,628.25,251,12.25,24.25,0.53558
1320,27.75,65.25,23.5,46.75,0.53554
1320,429,357.75,13.5,27,0.53533
1320,628.5,174,12,24,0.5348
1320,4.75,80.5,15.75,31.75,0.53433
1320,470.5,359.5,12.5,24.5,0.53403
1320,-1.5,203.5,12.75,25.75,0.53358
1320,220,355.75,16,32.5,0.53288
1320,168,444.5,12.5,25,0.53124
1320,204.75,370.25,12.5,25,0.53095
1320,27.25,385.5,17.5,35,0.53085
1320,366.75,322.25,14,28,0.53045
1350,108,300.75,12.5,25.5,0.55631
1350,84.5,307.5,14.75,29.5,0.55226
1350,564.5,391,14.5,29.25,0.55142
1350,411.75,386.5,14.5,28.75,0.54999
1350,197.25,388.25,14.25,28.25,0.54751
1350,220.75,93,11.5,23,0.54716
1350,456.5,312,12,24.25,0.54524
1350,381.5,395.5,13.5,27.25,0.54433
1350,156.5,347.75,14.75,29.25,0.54243
1350,345.5,395,20.75,41.75,0.54116
1350,71.5,282,12.5,24.75,0.54094
1350,108.5,363.25,14.5,29.25,0.54063
1350,478.25,271.25,13,25.75,0.53994
1350,52.25,354.75,14.25,28.25,0.53982
1350,531.5,384.25,13,25.75,0.5398
1350,396.5,381,14,28,0.53972
1350,100.25,315.25,13.5,26.75,0.53951
1350,547.75,137,12.75,25.5,0.53902
1350,575.5,54.5,17,33.75,0.53834
1350,360.25,337,11.75,23.5,0.53707
1350,37,299,15.25,30.5,0.53605
1350,253.5,385.25,14.75,29.25,0.536
1350,131.5,94.25,16.75,33.75,0.53535
1350,116.5,406.25,15.5,31,0.53481
1350,376.25,337.25,12,24.25,0.53463
1350,287.25,303.25,12.5,25.5,0.53412
1350,523.75,371.5,15,30,0.53368
1350,417,318.25,11.75,23.75,0.53355
1350,406,334.75,13.5,27.25,0.53319
1350,316.25,57.75,16,32.5,0.53311
1350,21,364.5,14.75,29.25,0.5331
1350,99,304,17,33.75,0.53309
1350,119.75,319.25,12.75,25.75,0.53193
1350,366,391,13,25.5,0.53189
1350,267,352,14.5,28.75,0.53156
1350,572,389.25,13,26,0.53148
1350,617.5,69.5,24.5,49,0.53081
1350,92.75,367,14,28.25,0.53079
1350,90.75,411.75,17,33.75,0.53037
1350,116,377.25,17.25,34.25,0.53029
1350,84.5,397.75,15,29.75,0.53013
1380,93.25,123.75,14.25,28.5,0.55201
1380,537.25,60,19.25,38.5,0.54964
1380,533.25,317.75,74,148.25,0.54911
1380,383.5,142,50.75,101.5,0.54659
1380,310.25,300.5,12.5,25.25,0.54397
1380,539.75,139,13.75,27.25,0.5427
1380,89,95.75,21,42.25,0.5418
1380,594,414,12.75,25.75,0.54046
1380,609.75,340.75,35,70.5,0.53669
1380,-0.75,173,14,28.25,0.53578
1380,585.75,128.75,33.5,67,0.53529
1380,90.5,391.5,12.75,25.25,0.53488
1380,310,281,14.75,29.25,0.53393
1380,611.75,393.25,32,64,0.5314
1380,90.75,403.25,12.5,24.75,0.53135
1380,325.75,385,32.75,65.5,0.53053
1380,-2.25,157.25,17,33.75,0.53036
1410,74.25,88.75,18.5,36.5,0.561
1410,85.75,170.75,13.75,27.25,0.54746
1410,263,14.75,12.5,24.75,0.54634
1410,309.25,252.75,12.25,24.75,0.54525
1410,439.25,46.5,13.25,26.25,0.54498
1410,551.25,350,16.75,33.25,0.54283
1410,184.25,170,15.25,30.5,0.54219
1410,351.25,10,12.25,24.5,0.54158
1410,22,282,12.75,25.75,0.54018
1410,28.5,170.5,13.5,26.75,0.53809
1410,539.75,442.75,15,30.25,0.53807
1410,34.5,393,39,78,0.53802
1410,459.75,311.25,16.25,32.75,0.53688
1410,565,398,13.75,27.5,0.53679
1410,100.25,28.25,13.5,26.75,0.53634
1410,543.5,4.5,23.5,47,0.53625
1410,397,429.25,13.75,27.75,0.53609
1410,543.25,176.5,22.75,45.75,0.53578
1410,504,417.25,12,23.75,0.53534
1410,238.5,120.75,11.75,23.75,0.53405
1410,538,358.25,13.25,26.5,0.53388
1410,193,164,12.75,25.5,0.53356
1410,599,419.25,12.75,25.25,0.53314
1410,156.25,446.5,15.5,31,0.53289
1410,165,36.5,21.25,42.25,0.53265
1410,627.5,78.25,13,26.25,0.53224
1410,445.5,308.5,14,28,0.53217
1410,45,221.75,25.5,51.25,0.53178
1410,606.25,127.75,14.5,28.5,0.53145
1410,572.75,406.75,14.25,28.5,0.53086
1410,422,219.5,13,26,0.53084
1410,567.25,137.75,13.25,26.25,0.53048
1440,55,162,11.75,23.5,0.55061
1440,157.5,441.75,15,29.5,0.54736
1440,404.25,283.75,18,36,0.54106
1440,427.5,224.75,13.5,26.5,0.54104
1440,154.5,54.75,14,27.5,0.53851
1440,613.5,66.5,14.5,29.25,0.53565
1440,619.5,149.25,13.5,26.75,0.53541
1440,252.75,312.5,17.5,35,0.5339
1440,474.5,123.5,18.75,37.5,0.53309
1440,333.5,122.75,17.5,35.25,0.53246
1440,100,302.25,14.75,29.5,0.53235
1440,134.25,339,61.5,123.25,0.53198
1440,514.5,433,20,40,0.53196
1440,361.5,4,12,24,0.5317
1440,331.75,176.5,13.5,27,0.53111
1440,392.5,327,72.5,144.75,0.53086
1440,277.5,385,15,30,0.53077
1470,154.25,60.75,13.5,26.75,0.54419
1470,243.5,35.5,14,28,0.54207
1470,616.25,60.5,12,24,0.54127
1470,65.5,92.5,19.5,39,0.53935
1470,429.75,231,13.75,27.5,0.53649
1470,37.75,445.25,13.25,26,0.53372
1470,441,221.75,18.75,37.5,0.53314
1470,570.75,30,12.5,25.25,0.53201
1470,93.5,34.75,12.75,25.25,0.53185
1470,570.5,181.5,17,34.25,0.53156
1470,502.5,27.5,14.25,28.5,0.53112
1470,129.5,184.25,21.5,42.75,0.53046
1470,574,207.75,12.75,25.5,0.53041
1470,64,67.25,16.75,33.75,0.53041
1500,364.25,4.5,12.75,25.75,0.54581
1500,403.25,400.25,13.75,27.75,0.5454
1500,628.25,157.25,12.5,25.25,0.54527
1500,-1.75,193.25,13.25,26.25,0.54272
1500,387.25,349,63.5,126.75,0.54134
1500,31,326.25,12,24,0.54083
1500,153.25,44,15.75,31.75,0.53943
1500,580.75,187.75,29.25,58.75,0.53718
1500,371,353,15,30.25,0.53636
1500,236.75,141,11.5,23,0.53462
1500,626.25,60,13,26,0.53441
1500,599.75,55,14.25,28.5,0.5341
1500,308.5,369.75,48.75,97.5,0.53397
1500,431.75,236.25,13,26,0.5331
1500,455.5,243.25,11.75,23.25,0.53224
1500,43,321,19.25,38,0.53223
1500,434.75,238.25,13,26.25,0.53109
1500,140.5,49.5,22,43.75,0.53076
1530,102.5,21.75,12,24,0.55351
1530,146.5,58.25,13.5,26.75,0.54902
1530,628.5,26.5,12,23.75,0.54767
1530,628.25,222.75,12.5,25,0.54559
1530,578.25,146,12.25,24.5,0.54459
1530,449,238,14,27.75,0.54458
1530,108,50.25,19,37.75,0.54442
1530,28.75,177.5,11.75,23.75,0.54391
1530,607,184.75,27.75,55.5,0.54067
1530,149,39,14.25,28.25,0.53968
1530,437.75,235.75,15,29.75,0.53912
1530,326.75,389,41.25,83,0.53813
1530,93,292.75,14,28,0.53812
1530,-2.25,148,18,36.25,0.53798
1530,123.25,435.75,14.5,29.25,0.53637
1530,84.5,64.75,17.25,34.5,0.53297
1530,190.75,409,11.5,23,0.53103
1530,141.25,401.5,33.25,66.75,0.53075
1530,371.25,212.75,13.5,26.75,0.53055
1530,454,244,12.5,25,0.53034
1560,172,39,13.25,26.25,0.5392
1560,62.5,71.75,47.25,94.75,0.53905
1560,12.25,171.75,12.5,25,0.53833
1560,440.75,237.25,13.5,27,0.53632
1560,453.75,239.75,14.5,29,0.53496
1560,128.25,68.25,44.75,89.75,0.53411
1560,376.5,448.5,11.75,23.75,0.53395
1560,143.25,54.75,13.5,27.25,0.53346
1560,155.75,3.25,13,26,0.53325
1560,139.25,444.5,17,33.75,0.53139
1560,365,274.75,16.25,32.75,0.53124
1560,444.25,145.25,12.75,25.5,0.53078
1560,341,279.75,14.75,29.25,0.53034
1560,246.75,15.25,13.75,27.25,0.53021
1560,593.5,138.25,14.5,29.25,0.53019
1590,78.25,339,12,24,0.54257
1590,174.5,209,13,25.75,0.54103
1590,333,416.25,24.5,49.25,0.54086
1590,571.75,68.25,12.25,24.75,0.53701
1590,516.25,146.75,13.75,27.5,0.53653
1590,317.75,421,23,46,0.53502
1590,218,431.25,15.75,31.5,0.53367
1590,463.25,247.5,12.5,25.25,0.53309
1590,124.5,439,12.25,24.25,0.5323
1590,96.25,13.5,12.5,25.25,0.53087
1590,256.75,9.75,20.75,41.5,0.53061
1590,259.5,30.5,17.25,34.75,0.53007
1620,540,145.75,13,26,0.56513
1620,95.5,13.25,12.25,24.5,0.55898
1620,245.75,254,13.25,26.5,0.55243
1620,446,321.25,12.75,25.5,0.54702
1620,324.25,451.75,12.25,24,0.54201
1620,28.25,126.5,15.5,31,0.5419
1620,436.5,239.25,14.75,29.75,0.54175
1620,68,179.75,12.75,25.5,0.53922
1620,117.25,280,13.75,27.5,0.53867
1620,58,69.25,48.25,96.5,0.53602
1620,516.25,146.25,14.5,29.25,0.5353
1620,549,181.75,12.25,24.75,0.53495
1620,356,233.5,13,26,0.5339
1620,29.25,138.5,15.25,30.25,0.53308
1620,525,320.5,12.75,25.75,0.53305
1620,67.25,155.75,15,29.75,0.53236
1620,566.25,340.5,12.25,24.25,0.53226
1620,39,304.5,11.75,23.75,0.5317
1620,444.75,238.25,15,30.5,0.53141
1620,78.25,68.75,12.5,24.5,0.53106
1620,53.75,283.25,13.25,26.5,0.53096
1620,397.75,280.75,13,26,0.53002
1650,495.25,345.25,44,88.25,0.54453
1650,270.25,37.25,14,28.25,0.54074
1650,475.5,253.5,12.5,25.5,0.54009
1650,269,49.75,12.5,25.5,0.53927
1650,4.75,172.75,12.75,25.5,0.53877
1650,92.25,11,12.5,24.75,0.53684
1650,285,447.5,13,26,0.53629
1650,131,4.75,17.75,35.5,0.53613
1650,456.75,342,65.5,131.25,0.53551
1650,444.5,441.75,15.5,31,0.53525
1650,248.5,83.75,11.75,23.75,0.53439
1650,115,207.75,14,28,0.53379
1650,295,89,14,28.25,0.53332
1650,110.75,37.75,15.75,31.5,0.533
1650,106.75,193,20,40.25,0.53294
1650,21.25,136.75,13,26,0.53239
1650,556.25,386.75,43,86.5,0.53201
1650,253.5,22.5,14.25,28.5,0.53193
1650,468.5,252,13.25,26.5,0.53129
1650,72.75,391.75,18,36,0.53046
1650,443.75,243.25,13.25,26.25,0.53021
1650,132,228,22,43.75,0.53014
1680,102.75,39.5,15,30.25,0.55355
1680,39,62,52.25,104.75,0.54581
1680,267.25,39,13,26,0.53923
1680,455,251.5,14.75,29.25,0.53679
1680,196.75,376.75,14.25,28.75,0.53595
1680,287.75,373.75,51.75,103.75,0.53388
1680,357.75,18.75,12.5,25.5,0.53373
1680,251.5,21.25,13.5,27.25,0.53345
1680,63,65,12.25,24.25,0.53202
1680,512.25,449.75,12.75,25.25,0.5306
1680,95.25,196.75,20.75,41.75,0.53059
1680,508.25,268.5,13.25,26.5,0.53048
1680,332.25,135.25,19.25,38.75,0.53022
1680,393.5,402.75,33.5,67,0.53017
1710,170.75,16,18.25,36.75,0.5419
1710,277,413.75,13.5,27,0.53787
1710,232.25,30.75,12.75,25.75,0.53781
1710,524.25,419.75,13.5,27.25,0.53651
1710,8.5,44.25,57.5,115,0.5359
1710,35.75,44.25,13,26,0.53558
1710,254,32.5,13.5,27,0.53486
1710,283,416.25,13.25,26.5,0.53434
1710,582.5,423.5,12.25,24.75,0.53429
1710,363.25,73.75,19.25,38.25,0.53402
1710,106.5,17.5,17.25,34.25,0.53277
1710,188.5,25.75,13,26,0.53248
1710,511.5,415.25,12.5,24.75,0.53041
1710,293,297,13.75,27.5,0.53006
1740,244.25,287.25,13,25.75,0.56147
1740,204,437.25,16.25,32.5,0.55571
1740,341.5,364.75,11.75,23.5,0.5458
1740,92.5,413.75,14.75,29.5,0.54567
1740,100.75,412,14,28.25,0.54327
1740,557,407,13.25,26.75,0.54183
1740,148,417.5,15.5,31,0.54034
1740,61.25,412.5,14.25,28.5,0.54023
1740,535.75,270.5,12.5,24.75,0.54019
1740,252.75,298,14.5,28.75,0.54
1740,232.25,408,12.25,24.5,0.53884
1740,311.25,407.75,15.75,31.75,0.53682
1740,109.75,376,12.75,25.25,0.53646
1740,68.25,406.5,13.25,26.5,0.53582
1740,412,298.5,15,29.75,0.53556
1740,402.25,297.5,12,23.75,0.53521
1740,220.25,425.25,13.75,27.5,0.5343
1740,428.75,360.25,13,26.25,0.5339
1740,564.5,434.5,15,30,0.53343
1740,181,440.75,13.75,27,0.53326
1740,605.75,425.25,14.25,28.75,0.53315
1740,125.25,113.25,14,28.25,0.53284
1740,198,314.75,12.5,25,0.53279
1740,166,421.75,13,26,0.5326
1740,498,67.25,17,33.75,0.532
1740,324.25,426.75,13,26.25,0.53169
1740,184.25,38.5,14,28,0.53123
1740,611.75,442.5,14.75,29.5,0.53109
1740,569.25,395,30.5,61,0.53088
1740,540.75,406.25,13.25,26.5,0.53058
1740,510.25,438,13.25,27,0.53054
1740,582,388,14,28,0.53039
1740,595.5,127.75,14,28.25,0.53019
1770,588,393.75,16,32,0.56149
1770,486.75,357.5,13.5,27.25,0.56079
1770,340.5,320.25,16.5,33,0.55703
1770,524.25,404.75,12.75,25.75,0.55567
1770,85.75,4.5,14,28,0.55481
1770,595.75,375.25,13.25,26.5,0.5462
1770,537,417.25,16,31.5,0.54507
1770,467.75,403,15,29.5,0.54413
1770,325.25,426.75,15.25,30.25,0.54292
1770,357,425,15.5,30.75,0.54243
1770,469.75,313,14.75,29.25,0.54194
1770,508.75,408.25,14.5,29.25,0.54053
1770,220.25,370,14,28.25,0.54001
1770,268.25,1.75,17,34,0.53994
1770,108.75,8.75,13.75,27.5,0.53969
1770,575.75,368.75,12.25,24.75,0.53909
1770,92.5,11.5,15.25,30.5,0.5382
1770,423.75,406,12.75,25.75,0.53735
1770,379.75,399.25,14,28,0.53712
1770,524,413.5,13.25,26.5,0.53683
1770,582,380.5,14,28,0.53667
1770,101,8.75,13.75,27.5,0.53611
1770,517.5,410.5,13.5,27,0.53536
1770,586.5,144.5,12,23.5,0.53523
1770,475.75,405.25,13.75,27.25,0.53458
1770,168.5,49.25,12,24,0.53436
1770,119.5,3.25,12.5,25.25,0.53406
1770,380.5,311,12.5,25.25,0.53341
1770,75.5,15.5,17,33.5,0.53322
1770,172,394,15.25,30.25,0.53309
1770,-3.75,163.5,30.75,61.25,0.53306
1770,447.75,319.25,13.25,26.5,0.53292
1770,396.75,363.75,11.5,23.25,0.53262
1770,508.25,61.5,12.5,24.5,0.53257
1770,328.75,183.25,13,26,0.53243
1770,465.25,372.75,20.5,41.5,0.53146
1770,118.25,384.25,13.75,27,0.53146
1770,479.25,357.5,13,26.5,0.53115
1770,590.5,375.5,12.75,25.75,0.53076
1770,69.75,19.5,14.75,29.75,0.53066
1770,336.75,135.5,12,24,0.53058
1770,549.25,407.25,12.5,25.25,0.53053
1770,515.5,369.25,25,50,0.53053
1770,588.25,367,13.25,26.5,0.53002
1800,381.25,314.5,15.5,31,0.57624
1800,172.5,394.25,14,28.25,0.56525
1800,468.25,360.25,13.25,26,0.56451
1800,493.25,338.75,14,28.25,0.56052
1800,389.75,394.75,14,28,0.5561
1800,180.75,392.5,16.25,32.25,0.55578
1800,335.75,311.25,13,26,0.55208
1800,571.5,345.5,17,34,0.55122
1800,523.75,378.75,17,34,0.55098
1800,269,404.25,14,28,0.55003
1800,188.25,394.5,14.25,28.25,0.54988
1800,580.25,351.5,15.75,31.5,0.54933
1800,516.25,320,14,27.75,0.54841
1800,548.5,392.75,15,30,0.54827
1800,508,378,16.75,33.5,0.54795
1800,310.75,373.5,14,28.5,0.54784
1800,355.75,393.75,15.75,31.75,0.54737
1800,365.75,391,13.25,26.25,0.54731
1800,572.25,338.25,15.5,31,0.54581
1800,331.5,319.25,17.75,35.5,0.54497
1800,381.25,394.25,14.75,29.5,0.54492
1800,594.75,329.75,18,36,0.54467
1800,373.75,317,13.25,26.75,0.54293
1800,261,402.5,14.75,29.5,0.54213
1800,248.25,327.75,12.5,25,0.54203
1800,533,359.25,13,25.75,0.54099
1800,28.25,346.25,15,30,0.54095
1800,245.75,400.75,13.25,26.5,0.53945
1800,364.75,412.75,13.5,27.25,0.5392
1800,84.5,395.5,15.5,30.75,0.53895
1800,405.25,348.5,14.25,28.5,0.53893
1800,343,311.25,12.75,26,0.5383
1800,280,74.75,12,24,0.53828
1800,487.5,344.5,12.75,25.25,0.53746
1800,421.75,373.75,14.75,29.25,0.53657
1800,236.25,328.25,13,25.75,0.53643
1800,508.25,340.5,12.25,24.25,0.53643
1800,372,399,17,34,0.53565
1800,620.25,384,12.25,24.5,0.5356
1800,395.75,392.25,15.75,31.25,0.53552
1800,515.75,377,15.75,31.75,0.5354
1800,411.75,391.5,16.5,33.25,0.53532
1800,413.5,316.25,12.25,24,0.53527
1800,51,133.5,16.75,33.5,0.53497
1800,242.75,328.75,12.25,24,0.53492
1800,454.75,313.75,14.25,28.25,0.53482
1800,593.75,435,18.25,36.5,0.53475
1800,311.5,327.25,12.75,25.25,0.53444
1800,628.5,359.75,12,24,0.5343
1800,560.25,331.5,13.25,26,0.53421
1800,172.5,96.5,12,24,0.53401
1800,328,369,12.5,25,0.53342
1800,85,425.25,15,30,0.53312
1800,252,391.5,16.5,32.75,0.53296
1800,251.75,335.5,16.75,33.5,0.53285
1800,25.5,302.75,16.5,33,0.53285
1800,51.75,335.75,16.5,32.5,0.53285
1800,478,345.5,15,30,0.53269
1800,300.75,396.75,15.25,30.5,0.53265
1800,456.25,371.5,12.25,24.75,0.53232
1800,317.25,380.25,13,26.25,0.53211
1800,-2.75,168.75,20.5,41,0.53168
1800,59.75,328.25,12.25,24.25,0.5313
1800,245.75,376.75,14.25,28,0.53107
1800,580.75,320,15,30,0.53069
1800,236.5,334.5,13.25,26.5,0.53058
1800,366.5,305.25,13.5,27,0.53049
1800,347.75,320.75,16.25,32.25,0.53043
1800,458.25,376.75,17.5,34.75,0.53043
1800,340.75,324,14.25,28.25,0.53039
1800,392.5,354.5,23,45.75,0.53031
1800,500.75,339,14,28.25,0.53021
1800,388.25,313.75,16,32.25,0.5302
1800,443,377.25,19.75,39.5,0.53018
1830,260.75,351,12.5,25.25,0.55149
1830,366.25,397.5,28.25,56.25,0.54954
1830,475.5,131,12.75,25.75,0.5495
1830,163.75,361.5,13,25.75,0.54464
1830,486.75,419,14.25,28,0.54334
1830,600.75,398.75,22.25,44.25,0.54017
1830,518,384.5,26.25,52.5,0.53927
1830,36.25,360.75,15.75,31.75,0.53904
1830,356.75,345,14.75,29.5,0.53888
1830,-7.75,330.5,60.75,121.25,0.53826
1830,348.75,109.75,12.25,24.5,0.53763
1830,312,398.75,26.25,52.5,0.53749
1830,30,318.75,68.75,137.5,0.5373
1830,278.25,5.5,13.75,27.5,0.53689
1830,168.25,363,12.75,25.5,0.53679
1830,297,395.75,24.25,48.5,0.53654
1830,172,318.75,13.5,26.75,0.53611
1830,10.5,407.75,21,41.75,0.53546
1830,470.25,252.25,13,25.75,0.53508
1830,588,389.5,30.75,61.75,0.53355
1830,508.5,338.5,12,24.5,0.53324
1830,550.25,426.5,11.5,23.25,0.53302
1830,584.5,22.5,12,23.5,0.53209
1830,400.25,233.25,44.25,88.5,0.53195
1830,166.5,296.25,24.75,49.5,0.53189
1830,468,144.25,15,30,0.5317
1830,350,391.75,15,30.25,0.53152
1830,548,379.75,13,26,0.5314
1830,525.25,421.75,14.25,28,0.53108
1830,565,347.5,13.5,27.25,0.53101
1830,193.75,408.25,22.5,45,0.53087
1830,366,407.25,12.5,25.5,0.53023
