30,156.25,289.75,15.5,31.25,0.56926
30,445,372.5,14.25,28.25,0.56113
30,119.75,264.75,12.5,24.75,0.56084
30,148.5,376.5,15.5,31,0.55851
30,261.75,366.5,13.75,27.25,0.55794
30,326.5,327.75,13,25.75,0.55746
30,474.5,88.75,24,48,0.55245
30,180.5,383.75,16.75,33.75,0.54995
30,135.25,264,12.5,25.25,0.54851
30,38,400,12.75,25.5,0.54783
30,196.75,386,15.25,30.5,0.54682
30,604.25,290.75,13.5,27.25,0.54615
30,268.5,386.75,15,29.75,0.54614
30,554.25,344,29.75,59.5,0.54588
30,147.75,368.75,16.25,32.5,0.54583
30,396.25,328.25,15.5,30.75,0.54543
30,13.5,323.75,13.75,27.75,0.54207
30,596.75,196.75,14,27.75,0.542
30,504.75,15.25,13.25,26.75,0.54195
30,397.5,44.75,12.5,25,0.54179
30,197,363,14.5,29.25,0.54104
30,582.75,103.5,29,58,0.54014
30,228.5,273.25,16.25,32.5,0.53982
30,228.5,371.75,15.5,31.25,0.53943
30,364,384.25,14.25,28.25,0.53943
30,225.25,248.75,29,57.75,0.53926
30,44,409.5,15,30,0.53884
30,181,335.5,13.5,27,0.5384
30,437,367.5,15.75,31.5,0.53813
30,434.75,64,12,24,0.53778
30,102.75,329.5,12.25,24.25,0.53776
30,426,77,28.25,56.75,0.53764
30,497,93.25,20.75,41.75,0.53747
30,27.5,400.25,14.25,28.75,0.53691
30,117,368.75,13.25,26.75,0.5359
30,92.25,400.5,15,30,0.53539
30,357,329,13.25,26.5,0.53441
30,230,140.25,129,258,0.53441
30,220.25,186.25,60.75,121.25,0.53402
30,289,433,11.75,23.75,0.53362
30,100.5,408.25,13.25,26.25,0.53261
30,547.75,31.25,13.25,26.5,0.53231
30,444.5,104.25,12.25,24.75,0.53195
30,597.5,265.75,15.5,31,0.5319
30,600.75,377,11.5,23,0.53164
30,286,139.75,24.75,49.75,0.53088
30,486.75,20.5,14,28.25,0.53084
30,452.25,374.75,13.25,26.5,0.53056
60,44.5,233,13,25.75,0.5518
60,181.5,243.5,13.25,26.5,0.55077
60,156.25,250.25,15.25,30.5,0.54899
60,523.25,285.75,18,36.25,0.54678
60,148.25,251.75,15.5,30.5,0.54642
60,548.25,31.25,12.5,25,0.54456
60,69.5,262.75,13.75,27.25,0.54327
60,529.25,283.5,19.75,39.5,0.54247
60,372.75,234.75,16.25,32.5,0.54221
60,54.5,235.25,13.5,27,0.5412
60,547.75,303,15.5,30.75,0.53911
60,166,86.5,12.75,25.5,0.53877
60,284,118.25,13.75,27.5,0.53755
60,229.25,279.5,13.25,26.5,0.53746
60,595.25,374.25,12.5,24.75,0.53743
60,539.5,291,15,29.75,0.53662
60,83.75,261.5,16.5,33,0.53619
60,144.75,135,12.75,26,0.53616
60,188.5,243.5,14,28,0.53578
60,76,260.25,16.5,33,0.53512
60,362.25,282,20.75,41.75,0.53314
60,358.25,248.25,36.75,74,0.53294
60,460.75,101.75,14.5,28.75,0.53226
60,204.75,253.25,14.25,28.5,0.53154
60,422.5,10.5,12,24,0.531
60,370.5,127,14.25,28.5,0.53049
60,230.75,201.75,21.75,43.75,0.53047
60,36.25,232.75,13,26,0.53003
90,37.25,382.75,13.75,27,0.56246
90,615.25,138.75,25,50.5,0.54719
90,68.75,333.75,14.25,28.25,0.54622
90,60.75,390,15,29.75,0.54545
90,101.75,392.5,12.25,24.5,0.5416
90,36.25,402.75,15.25,30.75,0.54104
90,55.25,374.25,13.5,26.75,0.54058
90,7.25,402.75,13.25,26.25,0.53822
90,540.25,1,14,27.75,0.53644
90,44.5,375.25,13.5,27.5,0.53413
90,187.5,78.75,17,34,0.53397
90,70.25,372.75,14.25,28.25,0.5338
90,619.75,24.5,14.25,28.75,0.53322
90,112.5,206.75,11.75,23.5,0.53261
90,84.25,393.25,15.75,31.5,0.53255
90,53.75,340.75,13.25,26.75,0.53127
90,600.5,374.5,12,24,0.53042
120,532.75,284.25,14.25,28.25,0.56826
120,557.75,285.5,13.5,26.75,0.5668
120,308.5,293.5,15.5,31,0.55208
120,337.75,203.25,15.5,31,0.55118
120,548.75,284.25,14,27.75,0.55008
120,69.25,261.75,13.75,27.25,0.54561
120,476.5,318,16,32,0.54498
120,549,327.25,14.25,28.75,0.54445
120,571.75,320.5,16.5,32.75,0.54247
120,164,79.25,15.25,30.5,0.5421
120,64.25,371.25,13.25,26.5,0.54056
120,609.25,18.25,13.5,26.75,0.54028
120,532.5,333.75,14.5,29.25,0.53938
120,517,39,12.25,24.75,0.53783
120,508.5,287,15.5,30.75,0.53748
120,195.5,344.5,17.25,34.25,0.53601
120,611.75,282.75,16.75,33.75,0.53582
120,173,336.75,14.75,29.25,0.53538
120,424.75,79,11.5,23,0.53472
120,548.5,27.25,14.25,28.5,0.53415
120,173.25,363.5,13.75,27.5,0.53357
120,532.75,306.25,15,30.5,0.53345
120,284.25,103.75,18.25,36.25,0.53337
120,181,367.25,13.5,27.25,0.53247
120,406.5,1,12,23.75,0.53241
120,588.75,372.5,13,26.5,0.53196
120,324.5,254.5,13.25,26.5,0.53186
120,30,417,14,28,0.5314
150,338.25,204.5,15,30.25,0.55147
150,540.5,336.5,12,24.25,0.54434
150,77.25,77.75,15.25,30.5,0.53995
150,430.5,120.75,11.75,23.5,0.53921
150,253.5,258.75,13.75,27.25,0.53883
150,160.25,21,47,94,0.53854
150,595.75,282.75,14.75,29.5,0.53802
150,148,268.75,17,33.75,0.5341
150,189.75,286,14,28,0.53351
150,469,309.25,15,30,0.53351
150,48,49.5,17,34.25,0.53299
150,429,310.25,13.75,27.25,0.5327
150,-5.75,7.75,48.75,97.75,0.53203
150,515.5,282.5,16.75,33,0.53195
150,502.5,119,13.25,26.75,0.53162
150,20.75,153,11.5,23,0.53052
150,608.75,17.5,13.75,27.5,0.53007
150,457.75,156.5,14.25,28.5,0.53005
180,437.25,309,14,28.25,0.54846
180,93,268,13.75,28,0.5463
180,131.75,381.5,15.75,31.25,0.54443
180,333.25,363.75,14.75,29,0.54307
180,268.75,302.25,15,30,0.54245
180,525,328.25,13.75,27.5,0.54237
180,460.25,301.75,13.5,27,0.54088
180,485.25,340.25,13.25,26.5,0.54051
180,134.25,285.75,13.5,27.25,0.53985
180,389.25,58.75,13,26.5,0.53853
180,252.75,255.25,15,30.5,0.53806
180,443.75,90,13,25.75,0.53724
180,278,356.5,14,28.25,0.53686
180,307.5,5.5,36,72,0.53677
180,516.5,430.25,13.25,26.5,0.53643
180,277.75,254.5,13.75,27.5,0.53581
180,157.75,344.75,13,25.75,0.53551
180,613.25,281.25,13.5,27,0.53526
180,204.5,366.5,13,26.25,0.535
180,534.75,42.25,15.25,30.5,0.53497
180,481.5,403.75,12,24,0.53308
180,173.5,29.25,42.5,85.25,0.53304
180,620,21.25,14.5,29.25,0.53122
180,77.5,78.25,14,28,0.53121
180,204,438.75,12.25,24.75,0.53113
180,469.25,291.75,14.25,28.75,0.53063
180,268.5,253.75,16,31.75,0.53023
210,427.5,325.75,29.75,59.5,0.56552
210,564.5,275.5,15,29.75,0.56511
210,83.75,401,18,35.75,0.56377
210,267.5,330,26,51.75,0.55509
210,164.5,258,15.25,30.75,0.55364
210,343.75,383.5,12.25,24.75,0.55281
210,37,330.75,14,28,0.55042
210,246.25,358,36.5,73.25,0.54818
210,187,398.5,18,36.25,0.54808
210,265.75,362,21.5,42.75,0.54612
210,491.75,335.25,26.25,52.5,0.54607
210,384,324.75,20.75,41.75,0.5455
210,268.75,251.75,15,29.75,0.54512
210,204,266.75,28.25,56.5,0.54413
210,576.5,346.75,19.75,39.5,0.54301
210,594.5,426.25,17.5,34.75,0.54285
210,471.5,392.25,32.25,64.5,0.54145
210,379.5,322.75,15.25,30.5,0.54143
210,199.75,350.75,34.5,69,0.54134
210,382,347.75,14.5,29.25,0.54051
210,443,83.25,14.5,29.25,0.5397
210,426.5,432.75,15.75,31.5,0.53741
210,21.75,87.25,12.5,25,0.53736
210,591.75,102,13.5,27,0.53708
210,197.5,282.75,13.75,27.75,0.53693
210,536.5,371.75,32.25,64.75,0.53661
210,506,353.25,29.25,58.25,0.53655
210,268.25,257.25,16,31.75,0.5363
210,94.75,417,15.5,31,0.53572
210,144.25,132.75,13.25,26.5,0.53545
210,28.5,330.75,15.5,31,0.5352
210,591.75,434.25,13,25.75,0.53499
210,284.75,114,14.75,29.5,0.53493
210,572,322.25,15.5,31.25,0.53419
210,250,319.25,25.5,50.75,0.53403
210,563,399.75,17,33.75,0.53394
210,373,403.75,14.75,29.75,0.53368
210,470.25,375,34.75,69.25,0.53346
210,7.75,15.75,14.25,28.5,0.53323
210,37.5,352.25,13.25,26.25,0.53229
210,452.5,176.25,34,68.25,0.53216
210,570,414,22,44,0.53209
210,156,348.25,14.75,29.5,0.5319
210,434.25,63,12,24,0.53184
210,285.25,253.5,13.5,27.25,0.53152
210,184.25,351.5,12,24,0.53146
210,54,340.75,35.25,70.25,0.53082
210,375.25,163.75,14.5,29,0.53063
210,457.5,341.75,34.25,68.75,0.53055
210,458.5,325.75,28.75,57.75,0.53055
210,202.75,309.5,30,59.75,0.53044
210,504.75,305,11.5,23,0.53042
210,258.75,333.25,18.5,37.25,0.53034
210,467.25,319.5,16.75,33.25,0.5303
210,85,396,14.75,29.5,0.53027
210,299.5,340.75,27.5,54.75,0.53011
240,411.5,266,17,34,0.57182
240,309.25,268,15.25,30.75,0.56352
240,156.5,274,14.5,29,0.5611
240,364.25,257,16.5,32.75,0.56081
240,420.25,259.75,13.25,26.5,0.54355
240,188.5,82.75,14.25,28.25,0.54196
240,108.25,56.5,11.75,23.5,0.54135
240,620,219.75,20.5,41,0.54102
240,452.5,244.75,15,30.25,0.54082
240,500.25,245,14.25,29,0.54034
240,502.5,402,13,26.25,0.53936
240,310,263.25,13.75,27.5,0.53832
240,269.5,185,13,26.25,0.5372
240,92.75,450.25,11.5,23,0.53717
240,389.5,254.25,14.5,29.25,0.53678
240,380,268.5,14.25,28.5,0.53675
240,195.75,203.25,74.25,148.5,0.53609
240,347.75,241.5,15.25,30.75,0.53587
240,156.5,367.75,15,30,0.53521
240,149.5,367,14,28.25,0.53484
240,271,185,13.25,26.5,0.53466
240,180.75,381.5,14,28,0.53461
240,244.5,364.5,15,30.25,0.53441
240,484.5,240.25,15.5,31,0.53415
240,134.25,310.75,16.75,33.5,0.5341
240,372.25,250.5,12.5,25.25,0.53401
240,404,269.5,15.25,30.5,0.53342
240,405.25,260.5,13.75,27.25,0.53306
240,491.25,271.25,17.25,34.25,0.53283
240,358.25,268.25,14,27.75,0.5323
240,285.25,364.25,13.75,27.25,0.53211
240,317,242.25,15.25,30.5,0.53188
240,292.25,264,12.5,25,0.53179
240,332.5,240.5,14.5,29,0.5313
240,341.25,222.25,13.25,26.5,0.53112
240,331,97,13.5,27.25,0.53102
240,44,264.75,15,30.25,0.53096
240,276,269,16.75,33.75,0.5308
240,324.75,247.75,14,27.5,0.53055
240,460.25,170.75,19,38,0.53023
240,534.5,182,11.75,23.75,0.53019
270,-5.75,8,48.75,97.5,0.55863
270,548.25,415.75,14.5,28.75,0.54691
270,308.75,306.75,14,28,0.54285
270,445.5,100.5,12.25,24.5,0.54143
270,103,126.25,12.5,25,0.53882
270,70,265,12.75,25.5,0.53796
270,516.5,20.75,14,28.25,0.53684
270,93,47.25,14,28.5,0.53464
270,331.5,253.5,15,30.25,0.5339
270,476.75,319.75,13.5,27.25,0.53381
270,314,8.25,33.5,66.75,0.5321
270,534,332.75,12.75,25.5,0.53197
270,285,28.25,13.75,27.5,0.53169
270,287,100.75,16.75,33.5,0.53133
270,154.75,396,24,48,0.53116
270,171.75,310,17,33.75,0.5308
270,618.75,219.25,23,46,0.53064
270,534.5,181.25,12,24.25,0.53057
300,13,161.25,11.75,23.75,0.55786
300,316.75,18.5,15.5,31.25,0.5539
300,443.25,83.75,15,30.25,0.54606
300,192.25,293,11.75,23.5,0.53884
300,269,28.75,13.25,26.5,0.53574
300,176.75,366.5,12.25,24.5,0.53375
300,310.75,309,11.5,23,0.53311
300,294.5,408,12.5,24.75,0.53165
300,326.25,24,12.25,24.5,0.53043
330,-2.75,231.25,21.75,43.25,0.53951
330,172.5,10,12.5,25.5,0.53667
330,592,101.5,13,26.25,0.53607
330,391.25,207.25,12.25,24.25,0.53498
330,114.75,116.25,13.75,27.5,0.53297
330,124.75,403,11.5,23,0.53295
330,248,223.25,15.25,30.25,0.53238
330,487,16.25,14,28,0.53195
330,335.5,200.75,18.25,36.75,0.53188
330,165.5,88,12.75,25.75,0.53162
330,318,16.25,29,58,0.53063
330,524.5,29,12,24.25,0.53054
330,293.5,220,17,34,0.53026
360,103.25,131.25,12.75,25.5,0.53681
360,608.75,18.75,13.75,28,0.53254
360,370.75,165.75,13.25,26.75,0.53144
360,547.25,31,13,26,0.53129
360,318,24.75,12,24.25,0.53089
390,529.25,31.25,17.25,35,0.55137
390,613.75,142,27.25,54.75,0.54436
390,547.75,28.5,12.75,25.5,0.54432
390,319.5,6.25,13,25.5,0.54019
390,620,439.5,12.5,25,0.54
390,103.25,129.5,12.25,24.75,0.53762
390,337.25,207.75,16,32,0.5329
390,188,85,15.25,30.5,0.53239
390,425,78.75,30,60,0.53122
390,611,22.75,13.25,26.25,0.53084
390,391,209,12.5,25,0.53034
390,216.75,4.5,17.75,35.25,0.53033
420,547.75,29,13.25,26.25,0.55771
420,140.75,271.75,12.75,25.5,0.54207
420,59.5,271.75,16.75,33.25,0.54062
420,452.5,192.25,13.25,26.25,0.53563
420,246.75,332.5,13.5,27,0.5348
420,619.5,26,13.75,27.5,0.53462
420,163.25,300.75,17.25,34.5,0.53339
420,148.75,305.75,15,29.75,0.53232
420,320.25,440.5,11.75,23.5,0.53175
420,36.25,255.75,12.5,25,0.53169
420,7,256,12.5,25.25,0.53169
420,502,412,12.75,25.5,0.53075
420,560.5,62.5,45.25,90.25,0.53009
450,342.5,352.75,14.75,29.75,0.5542
450,310,328.5,14.25,28.5,0.54092
450,40.75,49,17.75,35.75,0.53967
450,336.75,206.5,18.75,37.5,0.53583
450,558.5,107.75,12.75,25.25,0.53514
450,370.25,168.25,14.75,29.75,0.53494
450,487.5,15.75,12.75,25.75,0.534
450,280.25,414.75,12.5,24.75,0.53279
450,132.5,320.5,13.25,26.5,0.53182
450,294.5,425.25,12.5,24.75,0.5318
450,308.25,412.75,17.75,35.5,0.53134
450,332.75,378.5,13,26.5,0.5311
450,213,296.75,14.75,29.5,0.5304
450,445.75,89,16,32.5,0.53012
480,540,412.25,14.75,29.5,0.55274
480,52.75,427.5,13.75,27.75,0.55186
480,172.75,61,11.5,23,0.55123
480,404,395,15.75,31.75,0.54904
480,589.75,402.5,13.5,27,0.54878
480,595.5,402.25,15.75,31.25,0.54719
480,557.25,420,14,27.75,0.54588
480,156,58.25,23.25,46.75,0.54514
480,564,415,15.5,30.75,0.54222
480,533.25,421.25,14,27.75,0.54084
480,501.25,373.75,14,28,0.53762
480,496,360.75,12.5,25,0.5364
480,285.75,96,17.5,35,0.53612
480,525.25,118.5,12.75,25.5,0.5355
480,365.25,392.5,15,29.5,0.53444
480,358.75,255,22,44.25,0.53427
480,299.75,195.25,14,28.25,0.53275
480,180.5,319.25,14.75,29.75,0.53256
480,547.5,417,16.25,32.5,0.53223
480,75.25,31.5,13,26.25,0.53209
480,381.25,266.5,15.75,31.5,0.53199
480,620,131.75,12.5,25,0.53155
480,524,423.5,12.75,26,0.53114
480,341.75,364.75,13.75,27.75,0.53104
480,43.75,396.5,16,32,0.5309
480,285.25,319,14.5,29.25,0.53083
480,197.25,317.75,13.75,27.5,0.53052
480,-4.25,74.5,34,67.75,0.53008
480,348.75,101,13,25.75,0.53008
480,365.75,205.75,14.25,28.75,0.53007
510,611.5,340.5,16.75,33,0.54598
510,228.25,423,16.5,32.75,0.53709
510,394.25,168,14,27.75,0.53614
510,196,332.25,12.75,25.75,0.53377
510,466,154.5,12.75,25.25,0.53363
510,214.5,79.75,12.5,25.25,0.5332
510,326.5,344.25,58.5,116.75,0.53061
510,296.25,107.5,16,32,0.53012
540,556.5,423.75,14.75,29.75,0.54939
540,571.25,47.5,22,44.25,0.548
540,91.75,89.25,41.5,83.25,0.54297
540,544,56.5,14.75,29.5,0.54135
540,619,53.25,22.75,45.5,0.54078
540,548.25,446.5,15.25,30.5,0.53634
540,598.5,278,20.25,40.5,0.53609
540,445,389,11.75,23.5,0.53415
540,384.5,205.25,13.75,27.25,0.53386
540,332.75,360.75,11.75,23.5,0.53285
540,588,444.75,14.75,29.75,0.53125
540,572.75,78,20.25,40.5,0.53066
540,114.5,89.5,13.75,27.5,0.53061
540,541.25,451.5,13.25,27,0.53052
540,546.75,253,11.5,23,0.53022
540,282.25,399.75,15.5,30.75,0.53021
540,476.25,139.25,12.5,25.25,0.53012
540,613,95.75,13.5,27.25,0.53009
570,596,159,13.5,26.75,0.5537
570,83,324.25,13.75,27.75,0.54498
570,540.25,126.75,12.5,25,0.54399
570,311.75,408.75,12.25,24.25,0.54081
570,438.5,179.25,29.25,58.25,0.53787
570,595.25,148.75,15.25,30.25,0.53673
570,599,431.5,12.75,25.5,0.53569
570,252.5,388,12,24,0.53563
570,102.75,231,30.5,61,0.53462
570,229.25,405,14.25,28.5,0.53458
570,37.75,392.25,13,26.25,0.53414
570,157.25,380.5,12.5,25.5,0.53412
570,415.25,188.5,14.5,29,0.5338
570,572.25,379.75,13.25,26.25,0.53337
570,102,416.5,12.25,24.25,0.53312
570,564.25,431.5,15,30,0.53273
570,60.75,412.75,14,28.25,0.5323
570,469.5,187.25,36.5,72.5,0.53186
570,346.5,72.25,13.5,27.25,0.53173
570,331.75,415.25,16.5,32.75,0.5314
570,558,374.25,13.25,26.75,0.53048
600,421.5,130.25,13.25,26.25,0.55093
600,102.25,336.25,20.25,40.5,0.54909
600,476.5,67,12.75,25.75,0.54856
600,431,349.5,52,104.25,0.54656
600,-2.5,6.5,28.25,56.5,0.54526
600,289.75,178,13.5,26.75,0.54303
600,61,373.5,14.25,28.75,0.53975
600,43.5,331,16.25,32.75,0.53645
600,483.5,229.5,15.5,30.75,0.53604
600,464.25,399.25,26.5,53,0.53565
600,368.75,388.25,12.5,24.75,0.53517
600,8.25,405,11.75,23.75,0.53462
600,36.75,50.5,25.5,51.25,0.53409
600,565,356,12.75,25,0.53381
600,80.5,252.75,12.25,24.5,0.53356
600,206.75,326.25,27.75,55.75,0.53335
600,36.25,75.5,14.25,28.25,0.53138
600,214.25,400,12,24,0.53115
600,37.75,319.75,13,26,0.53055
600,628.5,20,12,24,0.53037
600,-4,56.75,33.25,67,0.53009
630,412.75,316.5,12.5,24.75,0.56051
630,365.5,375.25,12.75,25.5,0.55497
630,611.75,277.5,31.25,62.75,0.55133
630,453.75,140,13,26.25,0.55054
630,491.75,383,16.5,33,0.54742
630,523.75,117,12.75,25.5,0.54692
630,531.5,203.5,18.25,36.5,0.54551
630,404.5,395.5,14.5,29.25,0.54452
630,540.25,360.75,16,32,0.544
630,44.75,374.5,12.75,25.75,0.54378
630,607.75,72.5,15,29.75,0.54322
630,348.5,189,13.25,26.25,0.54243
630,173.25,374.5,14,28,0.54202
630,371,95.25,15.5,31,0.54087
630,397.75,227.5,43.5,87,0.53994
630,571.5,130.5,30.75,61.75,0.53899
630,460.5,360.75,12.75,25.5,0.53795
630,349,400.25,14,28,0.53759
630,154.5,159.25,14,28.25,0.53639
630,468.5,376.5,12.5,25,0.53624
630,133.75,382,14.25,28.25,0.53567
630,438.25,390,13.5,27,0.53554
630,538.25,222.75,36.25,72.75,0.53546
630,100.75,429.5,13.5,27,0.53499
630,581.75,424.75,13.25,26.5,0.53477
630,432.25,284,17.75,35.5,0.53474
630,526.5,179,29.75,59.5,0.53391
630,85.75,106,12.75,25.75,0.53374
630,53.25,365.5,17.25,34.5,0.53317
630,204.75,378.75,15,30,0.53316
630,567,86.5,27.25,54.5,0.53217
630,588.5,349.25,14,27.75,0.532
630,164.25,385,15.75,31.75,0.53194
630,579.75,352.75,15.75,31.75,0.53194
630,412.5,348.25,14.25,28.25,0.53139
630,508,372,16.25,32.5,0.53126
630,116.75,365.75,13.75,27.5,0.53101
630,425,129,25,50,0.53022
660,124.25,75.75,12.5,25,0.55366
660,262,393,13,25.75,0.54669
660,148,315.75,15.75,31.75,0.5429
660,452.75,388.5,14.5,28.75,0.54266
660,534.25,296.25,12.25,25,0.54153
660,567.25,178.5,14.5,29,0.54142
660,570.25,96.75,17,34.25,0.54082
660,67.5,252.75,16.5,32.75,0.54037
660,470.5,427,13.25,26.75,0.53991
660,237,389,14.25,28.5,0.53883
660,83,421.75,16,32,0.53847
660,116.25,278,13.25,26,0.53755
660,511.25,352,51.75,103.25,0.53717
660,585.5,374.5,38.25,76.25,0.53694
660,137.5,167.25,12.75,25.75,0.53666
660,108.5,411.5,13.5,27,0.53606
660,46.5,95.75,13,26,0.53582
660,516.75,15.75,13,26,0.53561
660,613,412.25,13.5,27,0.53531
660,508.5,424.5,12.5,24.75,0.53529
660,148.5,385.75,15,29.75,0.53511
660,503.5,230.75,16.75,33.75,0.53496
660,502,349.75,12,24.5,0.53467
660,536.75,317,11.5,23,0.53421
660,406,424.75,13.5,27,0.53417
660,516,303.75,15.25,30.75,0.53331
660,180,256.5,17,34,0.53298
660,60,364.75,17,34,0.53281
660,252.25,385.5,15.75,31.25,0.5319
660,206.25,89.75,34,68.25,0.53142
660,174,158,13.75,27.75,0.53117
660,156.75,323,14.5,29.5,0.53106
660,12,383.25,16.75,33.5,0.53053
660,411.75,370,14.25,28,0.53043
660,236.75,320.5,15.5,31,0.53027
690,389,371.25,15,30,0.57634
690,260.75,378.75,15.25,30.25,0.56624
690,617.5,83.25,24.25,48.5,0.562
690,510.25,384.5,12.5,25,0.55385
690,600.25,226.5,12.25,24.25,0.55346
690,482.5,105.5,13.75,27.5,0.55305
690,148.5,322.75,11.75,23.5,0.55133
690,588,399.5,13.5,27,0.54644
690,438.5,406,12.75,25.25,0.54337
690,601,89,12.5,24.75,0.5429
690,556,27.5,13.5,26.75,0.54043
690,380.5,378.75,12,24,0.5397
690,100.25,387.5,14.75,29.5,0.53774
690,324.5,394,15.25,30.5,0.53699
690,580,43.25,12.5,25,0.53689
690,51,260.5,13,25.75,0.53687
690,214.75,376.75,12,24,0.53643
690,500,193,13.5,27.5,0.5362
690,333.5,384.25,13.5,27,0.53583
690,602.75,259.75,35,70,0.53578
690,11.75,95.25,13.5,27,0.53511
690,-1.75,43.25,13.5,27,0.53503
690,519,180.5,122,244.5,0.53368
690,580.25,320.5,15,30,0.53315
690,-4.5,210.75,38,76.25,0.5326
690,246.5,360.75,12.5,24.75,0.53204
690,285,387.25,14.5,29,0.53184
690,419.25,203.5,13.75,27.5,0.53173
690,482.25,3,11.75,23.5,0.53171
690,18,84,15.75,32,0.53154
690,201.75,93.25,20,40,0.53125
690,84.25,394.25,16,31.75,0.53078
690,367.75,175.5,18.5,37,0.53064
720,397.25,332.5,13.5,27,0.56226
720,260.5,404.75,15.5,31,0.55351
720,468.25,329,15.25,30.75,0.5533
720,596.75,316.25,14.25,28.5,0.5525
720,364.75,333,15.75,31.25,0.55076
720,276,349.75,16.75,33.75,0.54589
720,532,343.5,14,27.75,0.54579
720,580.75,313.25,12,24.25,0.54499
720,460,322.75,15.25,30.25,0.54465
720,588,322.5,15,30.5,0.54429
720,139.5,320.75,16.75,33,0.54411
720,503.5,315.25,12.75,25.5,0.54328
720,163.75,400.25,16.5,33.25,0.54291
720,459.5,336.25,16,32,0.54207
720,500.75,410.75,14.25,28.75,0.54156
720,101.25,398.25,13.75,27.5,0.54121
720,572,408,15.75,31.5,0.54113
720,325.25,359.25,13.25,26.5,0.54113
720,108.75,352.5,14.25,28.5,0.5406
720,571.75,352,16.25,32.25,0.53914
720,100.25,346.5,14.75,29.75,0.5389
720,117,399.25,14.5,28.75,0.53882
720,196,336,16,32.25,0.53847
720,148.75,299.75,15,30.25,0.53833
720,107.75,332.5,16,31.75,0.53737
720,181,401.5,13.75,27.75,0.53726
720,508,329.25,15.5,30.75,0.53726
720,539,407.5,17.5,35,0.53664
720,429,346.25,15.75,31.25,0.53648
720,452.25,336.5,15.25,30.5,0.53628
720,395.5,405.25,17.5,35,0.53627
720,124.25,331.5,15,29.5,0.53599
720,420.5,319.75,16.75,33.5,0.53598
720,596.5,409,14.75,29.5,0.53573
720,229.5,413.5,13.25,26.5,0.53523
720,452.25,322.25,13.75,27.5,0.53507
720,437.75,323.75,14,28,0.53489
720,581,356.25,14.5,29,0.53472
720,58.75,139,11.5,23,0.53419
720,348,330,15.5,31,0.53407
720,103.75,325,12.75,25.5,0.53401
720,85.25,357.5,14.5,28.75,0.53396
720,213.25,377.5,13.75,27.75,0.53364
720,107.25,321,16.75,33.75,0.53351
720,486,215.25,20.75,41.75,0.53341
720,429.25,320,15.75,31.5,0.53319
720,340.75,70.25,13.5,26.75,0.53305
720,256,348.25,14.5,29.25,0.53265
720,126,304.75,12.75,25.75,0.53221
720,204.25,327.5,12.5,25.25,0.53213
720,119.75,264.25,87,173.75,0.53208
720,363.5,405,18.25,36.75,0.53158
720,149,389.25,14,27.5,0.53137
720,292.5,347.5,15.25,30.75,0.53123
720,388.75,355.25,15.5,31,0.53091
720,485,312.25,13.25,26,0.53073
720,188,330,15.25,30.5,0.53065
720,108,396.5,15.5,30.75,0.53012
720,271.25,345.25,12.25,24.5,0.5301
720,261,101.75,12,24,0.53008
720,557,409.5,14.5,28.75,0.53003
750,547.75,351.75,16.25,32.5,0.57772
750,569,220.25,29.5,58.75,0.56683
750,69.75,374.5,13.25,26.75,0.5622
750,572.25,355,15.25,30.5,0.5527
750,173.5,394.25,13,26,0.5496
750,493,372.75,14.5,28.75,0.54957
750,108.25,376.75,13.25,26.5,0.54911
750,93.75,299.5,13.5,26.75,0.54882
750,156.75,394,14.25,28.75,0.54768
750,581.25,343.75,13.25,26.25,0.54741
750,140,378.25,12.5,25,0.54738
750,564.75,355,14,28,0.54661
750,11.75,258.25,15.25,30.25,0.54541
750,524.5,384.25,14.5,29,0.54423
750,36.5,291.75,15,30,0.54309
750,16.5,62.75,29.5,59.25,0.54217
750,21.25,309.75,14,27.75,0.54179
750,84.25,367.75,15.75,32,0.53902
750,164.5,392.75,15.75,31.25,0.53901
750,300.5,305.25,25.75,51.25,0.53896
750,508.25,375.5,12.5,25,0.53842
750,51.5,365,16.5,33,0.53827
750,-1.5,115.75,12.25,24.25,0.53578
750,186,383.5,13.25,26.5,0.53525
750,36.75,400,17,34,0.53522
750,539.75,379.25,14.75,29.25,0.5351
750,450.5,336.25,55.75,111.5,0.53485
750,236.75,405,15.5,30.75,0.53454
750,125.25,301.5,13.75,27.5,0.53446
750,456,344.25,12,24,0.5344
750,432.75,179.75,26,51.5,0.53403
750,374,366,13.25,26.25,0.53381
750,522.25,364.25,17.75,35.5,0.53351
750,474.75,52.75,14.75,29.5,0.53341
750,491.25,128.75,14,28,0.53325
750,420,52.75,13,26,0.53297
750,540.25,305.25,19.5,38.5,0.53296
750,517.25,377.5,13,26.25,0.53292
750,387,77.75,12.5,25,0.53285
750,517.75,117.75,36,71.75,0.53263
750,175.75,18.75,27,53.75,0.53232
750,100.75,381.5,13.75,27.75,0.53224
750,19.5,280,14.25,28.5,0.53221
750,216.25,8.5,96,192,0.5315
750,458.5,352,17.75,36,0.53149
750,532.5,316.25,15,30.25,0.53147
750,412.25,381.25,16,32,0.53088
750,284.5,25.75,14,27.75,0.53054
750,264.25,166,13.75,27.5,0.5304
750,381.25,443.75,13.5,26.75,0.53021
780,613,403,14.5,28.75,0.55681
780,389,403.25,15,30,0.55465
780,556,419,15,30.25,0.55232
780,92,378,14,28,0.55009
780,263.75,167.25,13.75,27.5,0.54887
780,69,336.75,15.5,31.25,0.54769
780,421.25,381.75,12.75,25.5,0.54727
780,10.25,129.75,16.5,33,0.5472
780,404,378.5,15.5,31.25,0.54712
780,468.25,384.25,15,30,0.54626
780,60,335.75,16.5,32.75,0.54515
780,60.75,397.25,13.75,27.5,0.54421
780,333.25,412.5,14.5,29,0.54419
780,606.75,238.75,20.75,41.5,0.54317
780,204,30.75,12.25,25,0.54214
780,208.75,32.25,12.25,24.5,0.54083
780,584.75,99,11.5,23,0.53996
780,28.5,339,15.5,31,0.53991
780,560,388.75,24,47.75,0.53907
780,294.5,165.25,14.25,28.75,0.53899
780,461.75,399.25,13,26,0.53861
780,244.75,274.75,15.5,31,0.53781
780,226.25,4.25,12.25,24.5,0.53716
780,428.5,341.75,13,26.25,0.53655
780,379.5,402.75,17,34.25,0.53623
780,22.75,12,11.5,23,0.53619
780,611.75,338.5,16,31.75,0.53577
780,452,22,14.75,29.25,0.53528
780,324.25,392.25,16.75,33.75,0.53484
780,370,334.75,18,36,0.53451
780,498.25,245.75,35.5,71.25,0.53447
780,233.75,45.25,13.5,26.75,0.53444
780,100.75,396.75,15,29.75,0.53395
780,341,357,14.25,28.75,0.53329
780,260.5,402.5,15.5,31,0.53323
780,95.25,336,12.5,25,0.53287
780,402.25,407.5,18.5,36.75,0.53268
780,581.5,418,13.75,27.5,0.53234
780,412.5,122,14.5,29.25,0.53233
780,476.75,397.25,14.5,29.25,0.53216
780,565.5,296.25,12.75,25.5,0.5321
780,340.75,411.25,13,25.75,0.5318
780,572.25,15,13.5,26.5,0.53174
780,44.75,393,14,27.75,0.53171
780,603.75,397.25,14.25,28.5,0.53144
780,365.5,419.25,14.5,29,0.53114
780,95,170.75,24.75,49.25,0.53069
780,324.75,401.5,15.75,31.25,0.53057
810,148.25,416.5,15.5,31,0.55013
810,69.75,431.5,13.25,26.25,0.54675
810,501.75,405,22.75,45.25,0.54546
810,419.75,392.25,29.25,58.5,0.54529
810,12.25,202.5,13.25,26.5,0.54383
810,543.75,331,61.25,122.25,0.5436
810,460.5,426.5,14.25,28.5,0.54316
810,618,403.75,23.5,47.25,0.54259
810,556,423,12.75,26,0.54163
810,29.75,237.75,12.75,25.25,0.54075
810,116,50.75,15.25,30.5,0.54058
810,-1.25,423.5,12.5,25.25,0.54032
810,549.75,182.25,15.75,31.5,0.54021
810,348.25,419,14.25,28.5,0.53957
810,371.25,16.25,13.75,27.25,0.53949
810,477.25,411,19.5,39,0.53945
810,132,401.75,16,32,0.53925
810,76.75,389.75,30,60.25,0.5388
810,298,403.5,21.5,43,0.53873
810,154,310.75,13,26,0.53857
810,60.75,381.75,15.25,30.5,0.53848
810,260,210,45.75,91.5,0.5383
810,283.25,403.75,23.75,47.75,0.53827
810,59.25,412.75,18.25,36.75,0.53763
810,76.5,389.5,14.25,28.75,0.53545
810,324.5,403.25,17.25,34.5,0.53543
810,284,399.25,14,28,0.53515
810,589.5,306.5,13.25,26.25,0.53505
810,628.75,229,11.5,23,0.53501
810,389,353.75,12.25,24.75,0.53476
810,460.25,343.25,54.25,108.5,0.53443
810,400.5,399.75,24.5,49.25,0.53425
810,139.75,414.5,16.5,33.25,0.53368
810,458.75,414,18,36,0.53341
810,453.25,409,14.25,28,0.53319
810,165.75,359,43.75,87.75,0.53167
810,492,361.25,16.75,33.25,0.53161
810,612.25,406.5,15.25,31,0.53146
810,505,208.25,13.75,27.25,0.53126
810,74.5,233.75,12,24.25,0.53104
810,558.25,136.5,31.25,62.5,0.53055
810,162,413.25,18.25,36.25,0.53024
810,23,192.75,36,71.75,0.53014
810,108.25,252.75,14.25,28.25,0.53014
840,102.5,380.25,14,28,0.56976
840,427.25,350,51.5,102.75,0.55729
840,526.75,243.75,14,28,0.55468
840,317.5,370.75,14.25,28.5,0.55039
840,545.75,411.5,19,38.25,0.54918
840,197.25,365.75,13.5,27.25,0.54739
840,525.5,182,18,36,0.54529
840,60,351.75,12.25,24.75,0.54486
840,533.25,393,14.25,28.5,0.54298
840,611.75,405.25,13.25,26.25,0.54285
840,408,347,24.75,49.75,0.54268
840,221.25,68.5,12.75,25.75,0.54201
840,522.75,413.5,18.75,37.5,0.54099
840,411.5,186.75,14.5,29,0.54095
840,150.5,351.25,13,26.5,0.54009
840,290.75,366.75,42.75,85.75,0.53966
840,88.75,284.25,15.5,30.5,0.53872
840,250.75,352.25,14.75,29.5,0.53728
840,452.25,389.5,14.75,29.25,0.53558
840,476.75,417.75,14,27.75,0.53468
840,551.25,402.5,25.25,50.5,0.53443
840,326,372,13.75,27.25,0.53419
840,285.25,163.5,14.5,28.75,0.53383
840,409.25,154.5,149.75,299.25,0.53279
840,435.25,252.25,21.25,42.25,0.53242
840,603.5,222.5,35.25,70.5,0.53238
840,309.75,386.5,15,30.25,0.5316
840,212.75,427,14.5,28.5,0.53154
840,344.5,318.25,12.5,24.75,0.53067
840,29.25,291.75,15,29.75,0.53048
840,578,350.75,19.5,39,0.53033
840,407.75,345.75,51.25,102.25,0.53019
870,221,409.25,14.5,29,0.57563
870,28.5,409,15.5,31,0.56806
870,356,366.25,16,32,0.55483
870,468.5,381,15.5,31,0.55433
870,37.75,359.25,12.5,25,0.55323
870,271.25,179.5,13,26.25,0.55173
870,196.75,393.75,13.75,27.25,0.55117
870,557.25,339.5,14.75,29.25,0.54959
870,421,356.5,14.75,29.5,0.54853
870,156,343.25,15.75,31.75,0.54842
870,51.75,366.5,15.5,30.75,0.54839
870,-2.5,126.75,19.5,39,0.54791
870,332.75,370.5,15.25,30.5,0.54712
870,149.5,344,13.5,27.25,0.54674
870,454.5,367.75,12.25,25,0.54666
870,564.75,350,14.5,28.75,0.54628
870,36.5,398.75,15.25,30.25,0.54492
870,370.75,173.5,15.5,31,0.54443
870,85,416.75,14.75,29.5,0.54378
870,203.75,415.25,17.25,34.5,0.54316
870,44.25,85.25,15,29.75,0.5428
870,476.75,371.25,14.75,29.25,0.54258
870,61.25,350.5,13.75,27.5,0.54256
870,523,315.25,17.25,34.75,0.54209
870,397.25,337.25,16.75,33.25,0.54149
870,252.75,426.25,14.5,29,0.54089
870,277.5,399.5,13.5,27.25,0.54055
870,253,269,14.5,28.5,0.53981
870,315.75,169.5,12.75,26,0.53977
870,132,334.5,16.25,32.25,0.53976
870,12.75,395.75,14,28,0.53932
870,146.25,318.25,54.25,108.25,0.5393
870,52.25,411,15,30,0.53929
870,148.5,397.75,15,29.5,0.5386
870,204.5,388,15.25,30.25,0.53815
870,618,337.75,23.25,46.5,0.53783
870,595.75,401.5,16,31.75,0.53781
870,44,399.75,15,30.25,0.53772
870,252,416,17.25,34.25,0.53755
870,422,375.5,13,26,0.53753
870,13.5,114.75,25.75,51.5,0.53699
870,301.25,339.5,13.75,27.25,0.53685
870,539.5,334.75,17,34,0.53677
870,264,161.5,23,46,0.53677
870,12.5,271.75,13.25,26.75,0.53664
870,276.5,290.75,12.25,25,0.53651
870,573.25,384,13.25,26.5,0.5361
870,391,164.5,12.25,24.75,0.53609
870,445.5,397.5,13,25.75,0.53604
870,524,377,15.5,31,0.53589
870,421,340,14.25,28.75,0.53565
870,236.25,414.5,14.25,28.5,0.53545
870,485.5,372.25,12.75,25.75,0.53532
870,277.5,317.75,13.5,26.75,0.53478
870,268.75,408.25,14,28,0.53454
870,136,312.5,11.75,23.5,0.53447
870,228.75,344.5,15.5,31.25,0.53431
870,570.25,148.25,23.75,47.5,0.53396
870,88.25,279.25,13,25.5,0.53388
870,164.5,258,12,24.25,0.53386
870,547.5,353.25,16,31.75,0.5336
870,332.5,326,15.75,31.75,0.53352
870,603.75,384.75,14.75,29.5,0.53346
870,260.75,411.75,15.75,31.25,0.53341
870,212.5,405,15.5,31.5,0.53337
870,599.25,112.5,43,85.75,0.53333
870,140.5,401,13.5,26.75,0.53329
870,52.5,149.5,19.25,38.5,0.53316
870,509,368.75,14.25,28.25,0.53315
870,244.25,205.25,12.5,25.25,0.53298
870,156,389.25,15.5,31.25,0.53289
870,220.75,358,14.5,28.75,0.53267
870,212.5,431.25,15.5,30.75,0.53259
870,20.5,391.75,15,30.25,0.53256
870,391.75,411.5,26.5,53,0.53252
870,549,339.5,13.75,27.25,0.53234
870,582.25,229.25,12.75,25.75,0.53234
870,58.25,393,36.25,72.5,0.53224
870,460,346.5,15.5,31.25,0.53219
870,300,400,16,32.25,0.53196
870,309.25,342.75,13,26.25,0.53165
870,496,295.75,12.25,24.5,0.53147
870,572.5,291.75,15.25,30.75,0.53142
870,36,430,16.25,32.5,0.53134
870,120.5,280.75,11.75,24,0.53133
870,572.25,350,15.5,30.75,0.53126
870,443.75,316.25,12.5,25,0.53114
870,483.5,347,16.25,32.5,0.53106
870,44.75,127.5,18,35.75,0.53098
870,172.5,408.75,12.5,24.75,0.53086
870,308.5,301.75,15,30.25,0.53082
870,556.5,315,13.5,27,0.53078
870,426.25,157.5,119.25,238.5,0.53048
870,278.5,355,13.25,26.5,0.53046
870,165.75,407.25,13,26,0.53023
870,603.25,301.25,17.25,34.5,0.53004
870,191.5,303,78.25,156.25,0.53004
900,39.5,405,14,27.75,0.56304
900,198.75,17.75,15.5,31,0.55693
900,614.75,412.5,13.5,26.75,0.55363
900,60.75,388,15,30,0.54975
900,126,396.75,12.5,25,0.54966
900,375.5,209.75,16,32.25,0.54834
900,457.25,310,26.75,53.25,0.54777
900,283.25,196,23.25,46.75,0.54268
900,68.75,385.75,15.5,31,0.5423
900,491.75,427,13.75,27.75,0.53978
900,24.25,407.75,12.25,24.5,0.53955
900,503,450.75,12.5,25,0.53825
900,221,45.25,13,26,0.53769
900,316.25,408.25,12.75,25.5,0.5367
900,68.5,376,12.25,24.75,0.5357
900,-1.75,390.5,25.25,50.5,0.53541
900,551,182,22.75,45.25,0.53535
900,276.5,412.5,13.25,26.5,0.53533
900,524.25,449.75,12.75,25.25,0.53482
900,483.75,424.75,14.75,29.5,0.53466
900,482.75,254,13,26,0.5345
900,512,198.5,12.75,25.5,0.53437
900,481.75,359.25,12.75,25.75,0.5335
900,498.5,427.5,24.5,48.75,0.53347
900,24,398.5,13,26.25,0.53266
900,395,211.25,19.75,39.25,0.53217
900,503.75,429.75,14,27.75,0.53172
900,611.25,409.25,31,62,0.53137
900,217.5,137,16.5,32.75,0.53108
900,9.75,156.5,18.75,37,0.53081
900,487.75,450.5,12.5,25.25,0.5305
900,408.25,200.5,12.5,25.25,0.53044
900,39,395.75,15.5,31,0.53043
900,32.25,395.75,14,28.25,0.53018
900,558.5,436,12.75,25.5,0.53012
930,44,329.25,15,30,0.57621
930,584.25,241.5,38.25,76.5,0.5544
930,52,329.75,15.25,30.5,0.55417
930,89,383.75,12,24,0.55089
930,276,397.5,12.25,24.5,0.54656
930,220.75,281,14,28,0.54306
930,252.75,380.5,13.5,27,0.54299
930,348.75,269.75,13.5,27,0.54295
930,348.25,333.5,14.5,28.75,0.54198
930,282.25,199,12,24.25,0.54127
930,140,333.5,12,24.25,0.54046
930,362.25,446.5,11.75,23.75,0.53959
930,292.25,268.25,14,28.25,0.53945
930,269.5,13,12.75,25.75,0.53911
930,28.75,331,15.25,30.75,0.53871
930,399.5,424.5,12.75,25.5,0.53836
930,314,214.75,12.75,25.75,0.5381
930,268.5,257,15.25,30.25,0.53793
930,524.25,297,11.75,23.5,0.53772
930,284.25,305.25,15.75,31.5,0.53759
930,626,211.25,14.25,28.5,0.53754
930,261.25,262.25,14,28,0.53677
930,260.75,160.5,152,304.25,0.53525
930,278.5,135.75,19.5,38.75,0.53513
930,124.5,327.75,12,23.75,0.53448
930,515.75,306,16.75,33.5,0.53395
930,144.75,389,15.5,31,0.53355
930,599.25,250.25,42.75,85.75,0.53318
930,236.5,381.5,13.5,27,0.53317
930,212,12.5,15.25,30.25,0.53277
930,626.75,71.75,12.5,25.5,0.53268
930,126.5,403.75,15.25,30.75,0.53261
930,42.75,200.5,12,24,0.53241
930,268.75,274,14.75,29.5,0.53218
930,20.75,331,13,26.25,0.5318
930,389.75,254,14,28,0.53156
930,46.5,75,15,30.25,0.53155
930,215.25,10,19.75,39,0.53119
930,244.75,380.5,13,25.75,0.53067
930,197.5,5.25,14,28,0.53044
960,141,415.5,14,28,0.55779
960,324.5,341.75,16.25,32.5,0.55406
960,564.75,364.75,14,27.75,0.55263
960,214.25,304.75,82.5,165,0.55256
960,52,369.75,14.25,28.5,0.55161
960,603.75,338.25,14.5,28.75,0.5502
960,69.5,383.5,13,26,0.54814
960,281,196.5,12.25,24.75,0.54544
960,120.5,369.75,11.75,23.75,0.54472
960,165.25,402.75,14,28,0.54385
960,171.5,390.5,17.5,35.25,0.5432
960,92.25,374.75,12.25,24.25,0.54304
960,36.5,418.5,15,30,0.5423
960,155,340.5,12.5,25,0.54211
960,125.75,379.25,13.25,27,0.54153
960,219.75,375.25,16.5,33,0.54114
960,549.5,412,14.5,29,0.54104
960,229.75,391.75,13,26,0.54055
960,375.75,392.75,13.25,26,0.53986
960,487.75,193.5,13.75,27.25,0.53964
960,235,42.5,19.25,38.25,0.53955
960,434,299.75,12.75,25.75,0.53932
960,414.75,391.5,16,32,0.53929
960,507.25,445.5,14.75,29.5,0.53923
960,574,217.25,15.25,30.25,0.53848
960,132.75,403.25,15.5,30.75,0.53845
960,187,401.75,18.25,36.5,0.53833
960,60,380.75,16,32.5,0.53805
960,355.75,442.75,16.75,33,0.53798
960,257.75,426.25,17.5,35,0.53796
960,434.5,320.5,12,23.75,0.5378
960,538.75,355.5,17.5,35,0.53768
960,212.5,378.75,13,25.75,0.53724
960,498.25,441.25,16.75,33.75,0.53695
960,51.5,402.5,16.25,32.25,0.53599
960,448.5,316.25,16.25,32.5,0.53596
960,104,393.5,12.25,24.5,0.53573
960,28.75,418.25,15,30.25,0.53441
960,149,412,14.25,28.25,0.53404
960,397,380.5,13.5,27.25,0.53365
960,27.75,401.5,15,29.75,0.53355
960,380,430.5,13,26.25,0.53333
960,211.5,362.75,16.5,33,0.53315
960,38.5,392.5,12,23.75,0.53235
960,508.75,400.5,12.5,25.25,0.53226
960,140.75,381.5,26,51.75,0.53194
960,343.75,380.5,12.5,25,0.53185
960,244,334,14.75,29.5,0.53176
960,357.25,129.25,14.75,29.25,0.53142
960,104.25,378.25,12.75,25.5,0.53126
960,516.25,348,14,28,0.53108
960,548.5,365.75,14.75,30,0.53104
960,260,417,13.25,26.25,0.53075
960,534,160,13.25,26.75,0.53065
990,203.5,350,18.75,37.5,0.57983
990,148,380.25,17,34,0.56105
990,68,384.25,15.75,31.5,0.55872
990,107.25,349.5,17,33.75,0.55563
990,134.25,393,13.5,26.75,0.55092
990,213.75,365,13.75,27.75,0.54679
990,123.75,331.25,13.25,26.5,0.54652
990,148.25,351.75,15.5,30.75,0.54649
990,261.5,317,12.75,25.5,0.54645
990,461.5,217.25,16.5,33.25,0.54472
990,125,355,14.25,28.75,0.54269
990,37,381.25,14,28.25,0.54261
990,115.75,348.5,17.5,34.75,0.54228
990,52.75,381.25,14,27.75,0.54212
990,-2,44,16,31.75,0.54102
990,281.25,193.5,13,26.25,0.53984
990,221,2.75,14.25,28.75,0.5393
990,204,365.5,15.75,31.5,0.53912
990,7.75,399.75,12.25,24.5,0.53903
990,93,403,14.25,28.5,0.53882
990,36.5,407,12.75,25.25,0.53877
990,196.75,372.75,13.5,27.5,0.53806
990,196.5,336.25,12.25,25,0.53764
990,364.75,441.75,15.5,30.75,0.53698
990,77.5,358.5,13.5,27,0.53696
990,93.25,353.5,13,26,0.53694
990,363.25,122.25,14.5,29,0.53639
990,218.5,3.5,11.75,24,0.53636
990,186.75,353.5,21,42.25,0.5362
990,27.25,67,13,26,0.53538
990,572,378.25,12.25,24.25,0.53492
990,539.5,402.5,15.25,30.5,0.53487
990,20.5,411.75,14.75,29.75,0.53461
990,28,393,18,36,0.53458
990,156.75,343.5,14.25,28.25,0.53443
990,509.25,429.5,13.25,26.5,0.53409
990,356.25,441.25,16,32,0.53376
990,242.5,237,14.25,28.5,0.53346
990,236,441,15,29.75,0.53344
990,16.25,385,11.75,23.5,0.53146
990,38,70.5,16.5,33,0.53131
990,317.25,424.5,15.5,30.5,0.53084
990,310,81.25,14,28,0.53071
990,523.25,408.5,17.25,34.75,0.53066
990,58.25,315.25,13,26.5,0.53053
1020,102.25,66.25,14.5,28.5,0.54462
1020,236.75,75.25,13.5,26.5,0.54081
1020,407.25,405.5,12.75,25.5,0.53966
1020,220,132.5,12,23.75,0.53965
1020,472.5,195,12,24.25,0.53913
1020,282.25,324,16.25,32.5,0.53827
1020,208.25,415.75,18.5,37,0.53811
1020,454,404.25,13,26,0.53712
1020,267.75,5.75,13.5,27.25,0.53684
1020,443.75,320.5,12.25,24.75,0.53667
1020,317,314,15.25,30.75,0.53537
1020,286.5,420.25,14.25,28.5,0.53482
1020,602.75,71,12,24,0.53432
1020,209.5,394.5,14.25,29,0.53388
1020,136.75,248.5,110.25,220.5,0.53358
1020,492.5,444.75,12,24,0.53326
1020,271.5,8.25,12.5,25,0.53309
1020,556,401.75,14.75,29.5,0.53268
1020,450.25,149.25,12.5,25.25,0.53263
1020,454,370.75,30.25,60.75,0.53256
1020,503.5,431.25,12.75,25.5,0.53253
1020,197.5,106,12.75,25.25,0.53146
1020,374,118.25,12.25,24.5,0.53095
1020,389,177.5,37,74,0.53074
1020,215,28.25,12.75,25.25,0.53043
1020,87,416.5,12.25,24.25,0.53014
1050,445.5,395.75,14.25,28.75,0.56369
1050,282.25,193.25,14.25,28,0.55522
1050,117.75,419.5,13.25,26.5,0.55309
1050,516.25,416.75,15.25,30.75,0.55136
1050,363.25,333.75,18.5,37.25,0.55015
1050,231.5,404.25,13.5,27.25,0.54885
1050,168,411.75,12.5,25,0.54754
1050,210.5,418.25,15,30,0.5467
1050,492,140,13,26,0.54377
1050,466,6.25,13.5,27.25,0.54268
1050,103.75,384.5,13,25.75,0.54246
1050,222,399.5,18,36.25,0.54233
1050,235.5,313.5,14.25,28.25,0.54153
1050,61,38.5,17.5,35,0.54078
1050,132.5,425.5,13.75,27.25,0.54015
1050,373.25,324.5,13.25,26.75,0.53978
1050,-4.5,126.75,37,74.25,0.53837
1050,27.5,300,12.25,24.75,0.53821
1050,308.75,398.25,13.5,27.25,0.53793
1050,218.5,404.5,22.75,45.5,0.53689
1050,364,309.75,12.75,25.5,0.53659
1050,45,406.75,13.75,27.5,0.53622
1050,261,444.75,15.25,30.75,0.536
1050,379.5,78.25,16.5,33.25,0.53581
1050,-2,178,16,31.75,0.53482
1050,279.75,298.75,19,38.25,0.53475
1050,341.75,372.25,13,26.25,0.53475
1050,299.5,343,14.75,29.75,0.53464
1050,341.25,358.5,13.75,27.5,0.53459
1050,355.5,298.25,12.75,25.25,0.53424
1050,309,194.5,13.25,26.75,0.53416
1050,29.5,26.75,13.5,26.5,0.53402
1050,525,427.5,13,26.25,0.53368
1050,556,428.25,16,31.75,0.53363
1050,568.75,142.75,13,25.75,0.53356
1050,147.75,313.75,13.75,27.5,0.53331
1050,358,321.5,12.75,26,0.53305
1050,319.75,129,12.75,25.75,0.53284
1050,557.75,339.25,12.75,25.5,0.53204
1050,141.75,426.25,13.25,26.25,0.53203
1050,610.25,327.25,13.25,27,0.53202
1050,473.25,135.5,29,58.25,0.53184
1050,349,317,13.5,27.25,0.53169
1050,52.75,396,14.75,29.25,0.53143
1050,269,392.5,13,26.25,0.53129
1050,124.75,417.5,11.75,23.5,0.53054
1050,190.5,352.5,12,24.25,0.5302
1050,387.5,390.25,18.25,36.75,0.53015
1050,540,418.25,13.75,27.25,0.53005
1080,333,380.75,14,28,0.56195
1080,32.5,94.75,15.5,31,0.5581
1080,278,193.75,14,28,0.5512
1080,108,374.25,15.5,31,0.55027
1080,612,280,12.25,24.5,0.54769
1080,285,344.25,15.75,31.25,0.54733
1080,380.25,363,17.75,35.5,0.54327
1080,380.5,392.25,16.25,32.75,0.54236
1080,556.75,435.75,14.5,28.75,0.54201
1080,198.25,432.75,12.75,25.5,0.54194
1080,125,368.5,14.75,30,0.54163
1080,565,359,13.5,26.75,0.53982
1080,116.5,373.5,14.25,28.5,0.53842
1080,413,412,12.25,24.75,0.53804
1080,69,364.5,14.25,28.5,0.53721
1080,52,402.25,14.75,29.5,0.53706
1080,166.25,349,12.25,24.5,0.53704
1080,468.25,353,12.75,25.5,0.53687
1080,556,361.5,15.75,31,0.53631
1080,-3,178,28.75,57.25,0.53565
1080,91.25,350.75,13.25,26.75,0.5355
1080,620.25,378.75,12.25,24.25,0.53541
1080,342,350.5,13.5,27,0.53531
1080,358.25,195,12,24.25,0.53519
1080,292,346.75,18,35.75,0.53498
1080,530.75,354,59,118,0.53492
1080,445,352.75,13.25,26.25,0.53449
1080,537.5,113.5,20,40.25,0.53376
1080,325.25,366,14,28.25,0.53314
1080,507.75,387.25,15.5,31,0.5331
1080,620.25,322.75,19.5,39,0.53245
1080,505.5,334.5,18,36,0.53243
1080,130,4.25,14.25,28.25,0.53236
1080,246.25,400,12,24.25,0.53233
1080,259,184,14,27.75,0.5323
1080,397.5,62.25,12.5,24.75,0.53187
1080,460.5,357.75,14.5,28.75,0.53161
1080,252.5,366.5,16,31.5,0.53149
1080,246.25,364.5,12.5,25,0.53118
1080,534.75,196.5,15,30.25,0.53088
1080,164,410.25,19,38,0.5305
1110,466.25,431.5,13,26,0.56116
1110,452.75,411.75,12.75,25.5,0.55591
1110,116.75,201,14.75,29.5,0.55003
1110,389.5,386.5,14.5,29.25,0.54743
1110,273.5,193,14,28,0.54555
1110,598.5,174,13,26.5,0.54522
1110,482.75,392.25,16.5,33.25,0.54444
1110,312.25,436.5,12,23.75,0.54363
1110,277.25,395.5,13.5,27,0.54322
1110,341.5,413.25,13.5,27.25,0.54278
1110,357.75,411.25,12.5,25.25,0.54229
1110,166,373.25,13.5,26.75,0.54159
1110,612.25,414.5,15.25,30.5,0.54129
1110,548.75,433,15.75,31.25,0.54009
1110,458,243.25,14.25,28.5,0.53984
1110,284.75,362.75,11.75,23.5,0.53897
1110,174.5,397.75,12.75,25.25,0.53875
1110,522,261.25,16,32,0.53831
1110,596.25,350.25,14.25,28.75,0.5363
1110,50,346,17.75,35.5,0.53599
1110,580.25,394.25,15.25,30.75,0.53578
1110,158.25,92.5,17.25,35,0.53557
1110,0.5,15.75,12.25,24.5,0.53543
1110,37.5,410.5,13.5,27.5,0.53525
1110,116.25,383,14,27.75,0.53513
1110,603.5,401.25,15.5,30.5,0.53509
1110,436.5,368.25,13.5,27,0.53499
1110,374.75,101.25,14.25,28.25,0.53454
1110,570,110.25,14.5,28.75,0.53431
1110,54.5,400.75,12,24.5,0.53358
1110,138,317.75,17.25,34.5,0.53291
1110,307.5,339.5,17,34,0.5328
1110,130.25,341,13.25,26.5,0.53259
1110,501.75,413,14,28.25,0.53255
1110,121.75,50.75,18.25,36.5,0.5321
1110,100,363.5,15,29.75,0.53167
1110,580.5,162,23.25,46.5,0.53155
1110,318,343.25,63.75,127.75,0.53153
1110,428,393.25,18.5,36.5,0.53141
1110,563.75,381.75,16,32,0.53119
1110,590,240.75,11.75,23.5,0.53118
1110,588.5,419.75,12.75,25.75,0.53096
1110,20.25,394.75,15.25,30.25,0.53061
1110,564.25,412,15.25,30.75,0.53058
1110,504.25,110,15.25,30.5,0.53036
1110,569.25,240.5,45.5,90.75,0.53025
1110,260.75,428.5,15.25,30.5,0.53022
1140,595,384,16,32,0.57052
1140,460.5,395.25,14.25,28.5,0.56903
1140,67.5,411.25,14.25,28.25,0.54877
1140,299.25,434.75,16.75,33.75,0.5482
1140,36,384.25,12.5,24.75,0.54603
1140,539.75,404,15,29.75,0.54433
1140,230,413.25,12.75,25.75,0.53996
1140,499.75,368.75,13.5,27.25,0.53919
1140,476.5,386.75,15.25,30.75,0.53893
1140,165.25,359,13,25.75,0.5383
1140,156.25,366.5,15.75,31.5,0.53828
1140,203.75,417,17,34.25,0.53827
1140,364.5,348.75,14.25,28.25,0.53812
1140,432.25,135,19,37.75,0.53707
1140,3.25,219.5,12.5,25,0.5366
1140,346.75,3.75,12.5,25.5,0.53651
1140,70.75,9,24.75,49.5,0.53629
1140,266.25,187.75,14.75,29.25,0.53628
1140,19.5,377.75,14.75,29.75,0.53604
1140,446,383.75,13.25,26.25,0.53594
1140,36,401.75,12.5,24.5,0.53561
1140,82.5,368,12.5,24.75,0.53518
1140,387.75,411.5,15.5,31.25,0.53517
1140,323,410,17.75,35.25,0.53516
1140,52.5,383.25,12.75,25.5,0.53499
1140,88.75,385.5,12.5,25.25,0.53424
1140,358.5,401.5,14,28,0.53365
1140,350.25,413,13.25,26.5,0.53364
1140,132.5,380,15,29.75,0.53354
1140,16,152.75,39.75,79.5,0.53337
1140,316.5,375,16.5,33,0.5328
1140,565.5,126.25,13,26.25,0.53264
1140,514.5,391,12.75,25.25,0.5325
1140,198,434.25,12.5,24.75,0.53244
1140,452.75,36.75,12.25,24.25,0.5322
1140,399.75,353.75,12.5,24.75,0.53216
1140,601,275.5,29.75,59.5,0.53182
1140,0,150.25,13,26.25,0.53181
1140,611.75,387.5,12.25,24.75,0.5317
1140,484.75,402,13,26,0.53119
1140,476.25,70.25,16.75,33.5,0.53094
1140,581,34.5,12.25,24.5,0.53068
1140,373,415.25,13.25,26.5,0.53063
1140,318.25,294.5,12.5,24.5,0.53044
1140,366.5,246.75,12.25,24.25,0.53032
1170,61.75,398.75,13.75,27.5,0.54706
1170,378.75,384.5,12.25,24,0.54585
1170,546.75,128.75,12.5,25.25,0.53992
1170,558,351,13,25.75,0.53973
1170,86.5,380,12.5,25,0.53888
1170,169,316.5,17.5,35.5,0.53775
1170,157,396.25,12.25,24.5,0.53683
1170,499.25,110.25,31,62,0.53656
1170,625.25,119,15.5,31.5,0.53582
1170,521.5,6.5,13.25,26.5,0.53567
1170,84.75,390.25,14.5,28.75,0.53518
1170,-1.75,16,12.75,25.25,0.53513
1170,149,300.5,14.5,28.75,0.53465
1170,106.25,350.75,12.25,24.5,0.53444
1170,121.75,148.75,12.75,25.75,0.53201
1170,405.75,26,16.75,33.75,0.53157
1170,331.5,295.75,13,26,0.53034
1170,-1.5,194.75,28.5,57,0.5301
1200,410.25,135.5,16.5,33.25,0.56042
1200,108.5,368.5,15.75,31.5,0.55817
1200,109.25,137.75,13,25.75,0.5489
1200,27.75,366,15,30.25,0.54594
1200,599.5,125.25,17.5,34.75,0.54405
1200,104.5,387.5,12,24,0.54382
1200,500.5,403.75,14.25,28.75,0.54101
1200,262.5,396.5,13.25,26.5,0.54094
1200,455,392.25,13.5,26.75,0.54063
1200,21.75,379.5,13.5,27,0.54021
1200,464.75,141.75,12,24,0.53831
1200,308,400.75,12,23.75,0.53791
1200,268.75,192.25,13.75,27.5,0.53722
1200,540.5,258,22.25,44,0.53659
1200,53,352.25,12.25,24.5,0.53603
1200,564.75,395.75,14.75,29.5,0.53515
1200,435,418.75,12,24,0.53491
1200,124.75,369,14.75,29.5,0.5347
1200,171.5,404,14,28,0.53377
1200,522,96.75,30.75,61.25,0.53355
1200,302,399.25,13.75,27.5,0.53251
1200,424.5,336.75,12,24.25,0.53244
1200,275.5,96.25,13.5,27.25,0.53197
1200,204.25,82.75,14.75,29.75,0.53159
1200,459,352,12.25,24,0.53081
1200,551.75,58.5,12.75,26,0.53073
1200,520,343,11.75,23.5,0.53073
1200,44,350,15.5,30.75,0.53045
1200,26.5,302.25,15.25,30.5,0.53001
1230,234,386.5,13.25,26,0.55077
1230,340.75,386.75,14.5,28.75,0.54541
1230,300,397.5,13.5,27,0.54404
1230,190.25,52,38,76,0.54214
1230,532.75,408.5,16.75,33.5,0.53996
1230,95,399,14,27.75,0.53924
1230,325.75,387.5,15,30,0.53857
1230,355,245.25,16.25,32.25,0.5379
1230,416,356,14.5,29,0.5378
1230,168,448,13,26,0.53677
1230,580,405.75,13.25,26.5,0.53637
1230,194.25,324.75,12,24,0.53563
1230,620,232.5,20.25,40.25,0.53533
1230,68,396.5,14.75,29.5,0.53497
1230,279.25,321.5,12.5,25.25,0.53496
1230,240.75,91,16,32,0.5348
1230,600.25,81.25,13.75,27.75,0.53382
1230,292,394,16.25,32,0.53269
1230,219.75,385.5,14.75,29.5,0.5326
1230,359.25,388.25,13.75,27.75,0.53245
1230,584.25,82.25,13.25,26.75,0.53176
1230,-7.75,141,59,117.75,0.53083
1230,115.75,372.25,15,30,0.53072
1230,240,385.75,12.25,24.25,0.53072
1230,621.5,91,13.25,26.5,0.53015
1230,275.75,380.5,13.25,27,0.53013
1260,36.25,346.25,12.75,25.75,0.55672
1260,20,349,13,25.5,0.55429
1260,71,336.75,13.5,27.25,0.54847
1260,550.25,146,13,26,0.54428
1260,35,335.75,12.75,25.5,0.54396
1260,51,321.25,17,34,0.53922
1260,195.75,312.25,13.75,27.5,0.53718
1260,153.75,183.75,13.25,26.25,0.53628
1260,294.5,408.75,11.75,23.5,0.53592
1260,285.75,301.5,81.75,163.75,0.53504
1260,432.75,390,36.5,72.75,0.53497
1260,607.75,66,36.5,72.75,0.53452
1260,550,411.75,14.75,29.5,0.53438
1260,155.5,53,55,109.5,0.53346
1260,278.25,291.75,30,60.25,0.53238
1260,331,416,19,38,0.531
1260,-3.5,65.5,30,60.25,0.53049
1260,194,53.5,22,44,0.53045
1290,54,312.5,25.25,50.5,0.54541
1290,424.5,27.5,12.5,25,0.54329
1290,105,75.25,24,48.25,0.54191
1290,436.25,170.75,13.75,27.75,0.5417
1290,418.5,330.5,12,24.25,0.53764
1290,19.75,383.75,16,31.75,0.53715
1290,93,400.25,12.25,24.5,0.53653
1290,600.5,78.25,15.75,31.75,0.53598
1290,255.25,298,13.75,27.25,0.5357
1290,308,370.75,18,36,0.53531
1290,360.25,41,12,24,0.53455
1290,276,296.75,14.25,28.75,0.53414
1290,42.25,135.25,14.25,28.5,0.53412
1290,589,373.5,12.25,24.75,0.53265
1290,291.75,385.75,35.25,70.5,0.53184
1290,285,288,85.5,171.25,0.53164
1290,338.75,195.75,13.25,26.75,0.53162
1290,258.25,361,41.5,83,0.53062
1290,525,283,13.25,26.25,0.53061
1290,586.75,278,23.75,47.5,0.53058
1290,290.5,189.25,17,34.5,0.53016
1290,599.25,189.75,23.75,47.25,0.53015
1320,260.5,321.25,40,80.25,0.56015
1320,596.25,347.25,14.25,28.25,0.55806
1320,490.75,364.5,18,35.5,0.55469
1320,603.5,366.25,16.75,33.5,0.54529
1320,262.5,355.5,21.75,43.5,0.54327
1320,347.75,182.25,13.25,26.5,0.54323
1320,418.25,207.5,15.75,31.5,0.54032
1320,237.75,327.5,41.5,82.75,0.53992
1320,564.5,395.75,14.75,29.5,0.53991
1320,284.75,266.25,14.5,29,0.53917
1320,35.75,13.5,12.75,25.25,0.53855
1320,292.25,178.5,15.25,30.25,0.53826
1320,84,307.5,13.5,27.25,0.53687
1320,468.25,384.75,13.75,27.5,0.53673
1320,272,230.5,12.5,24.75,0.53654
1320,549.75,88.5,47.25,94.25,0.53651
1320,28.75,375.25,14.5,29.25,0.53613
1320,40,118.25,13,25.75,0.53597
1320,396,399.5,15.25,30.25,0.53473
1320,192.5,83.25,15,29.75,0.53385
1320,403.5,384.25,16,32.5,0.53358
1320,172.5,272.25,12.5,25,0.53326
1320,202.25,39,12.25,24.25,0.53302
1320,509.5,237.25,13.5,27.25,0.53272
1320,568.25,252.75,12,24.25,0.53264
1320,52,444.5,12.25,24.75,0.53263
1320,604.25,243,15.25,30.75,0.53249
1320,213,243.25,15.25,31,0.5322
1320,46.5,317.5,13.5,27,0.53152
1320,282.25,323.75,13.25,26.25,0.53112
1320,527.25,446.75,12,24,0.53112
1320,92.5,371.25,14.75,29.5,0.53011
1350,76.25,386.25,15,30.25,0.56455
1350,617.5,106,18.75,37.5,0.56189
1350,125.75,390.75,13.25,26.5,0.55328
1350,566,85.75,25.25,50.75,0.55224
1350,108.5,384.75,13,26.25,0.54417
1350,404.5,359,12.25,24.5,0.5427
1350,201,16.75,61.25,122.5,0.54257
1350,149,2.25,12.5,25.25,0.5424
1350,348.25,175.5,14,28.25,0.54148
1350,30.75,358.75,13.5,27,0.54043
1350,163.75,2,24,48,0.53933
1350,174.25,142,13.5,27,0.539
1350,85,367.75,14.75,29.5,0.53891
1350,251.5,30.5,14,27.75,0.5389
1350,85,379.5,14.75,29.25,0.53819
1350,270,303.25,69.25,138.75,0.53695
1350,481.5,24,12.5,25,0.53688
1350,572.25,82.25,18.25,36.25,0.53445
1350,269.25,328.5,12,24,0.53434
1350,284.5,170.75,15,29.75,0.53405
1350,54.5,49,14,27.75,0.53371
1350,357.25,174.75,16,32.25,0.53359
1350,424.25,31.25,12.75,25.75,0.53307
1350,53.75,385.5,13.75,27.5,0.53277
1350,340.75,394.5,14,28,0.53264
1350,506,246.5,13,26.25,0.53225
1350,44.75,384.75,12.5,25.5,0.5322
1350,434.75,391.75,12.25,24.5,0.532
1350,445.25,397.5,13.5,27,0.53195
1350,620.5,79.5,12,24.5,0.53153
1350,76,379.25,14.75,29.5,0.53143
1350,166,398,12.5,25.5,0.53058
1350,626.5,79.75,13.25,26.75,0.53003
1380,460,383.75,16.25,32.25,0.55268
1380,469.25,383.5,14.75,29.5,0.55114
1380,203.25,408,18,35.75,0.55112
1380,271.5,176.75,14.5,29,0.54431
1380,332.75,363.25,26,51.75,0.54271
1380,475.75,348.75,13.25,26.75,0.53882
1380,504.5,131.25,31.25,62.75,0.53872
1380,383,378.25,27.75,55.5,0.53778
1380,555.25,312.25,67.25,134.5,0.53645
1380,4.25,152.5,13.5,27.25,0.53629
1380,543.5,403.25,22.75,45.25,0.53582
1380,276,356,12.75,25.25,0.5356
1380,525.75,264,13.75,27.5,0.53549
1380,-6.25,43.25,47,94,0.53526
1380,503.5,347.5,15.25,30.5,0.53485
1380,331.25,252.5,21.25,42.25,0.53438
1380,234.25,7.5,22.5,45,0.53409
1380,437.75,404.25,12.25,24.25,0.53352
1380,246.5,129.75,14.5,29,0.53315
1380,383,370.5,12.25,25,0.53306
1380,504.5,336.25,12.25,24.25,0.53264
1380,439.75,225.5,12.5,24.75,0.53257
1380,389.25,292.5,14.25,28.5,0.53206
1380,596.75,420.5,14.25,28.25,0.53196
1380,619.25,76.5,14.25,28.25,0.53187
1380,223.25,128.75,31.25,62.75,0.53155
1380,31.75,310,14.5,29.5,0.53037
1380,428.75,366.25,13.75,27.25,0.53025
1380,131.25,317.75,16,32,0.53014
1380,588.25,360.25,12.5,24.75,0.53009
1380,119,373.75,35,70,0.53009
1410,147.75,372.75,34.75,69.5,0.55922
1410,546.75,407.25,21.75,43.5,0.55814
1410,563.75,407.75,16.25,32.75,0.55643
1410,373.5,418.75,15.5,31,0.55319
1410,478,398.75,15.5,30.75,0.55318
1410,266.25,181.75,14.75,29.5,0.55303
1410,466.25,398.5,17.75,36,0.55155
1410,422.5,382.5,35,70,0.55083
1410,41.5,355.5,48.25,96.75,0.55039
1410,73.25,404.5,24.25,48.5,0.54822
1410,238,129.75,14.25,28.25,0.54709
1410,125,371,35.75,71.25,0.54694
1410,396.75,387.5,34,67.75,0.54512
1410,91.25,416,16.75,33.5,0.5444
1410,518.75,400,12.75,25.5,0.54415
1410,194.75,369.75,36.25,72.75,0.54251
1410,483.5,410,19.25,38.5,0.54241
1410,341,390,32.25,64.5,0.54136
1410,506.75,414,18.75,37.25,0.54094
1410,602.75,398,27.25,54.5,0.54071
1410,215,341,22.75,45.5,0.54027
1410,122.75,416.25,16.25,32.5,0.5398
1410,331,398,20,39.5,0.53961
1410,393.25,413.5,17.5,35,0.53948
1410,108.25,417.25,15.5,30.5,0.53913
1410,267.25,393,27.75,55.5,0.53897
1410,134.75,376.75,34.75,69.25,0.53883
1410,411,417.5,16,31.75,0.53841
1410,512.25,147.25,12.5,25.25,0.53831
1410,380.5,418.75,15.5,31,0.53746
1410,97.75,408.75,21.25,42.5,0.53744
1410,623.75,271.5,18.25,36.5,0.53731
1410,348,424.75,15.25,30.75,0.53727
1410,429.75,421.5,13.75,27.25,0.53717
1410,454.5,407.75,20,40,0.53683
1410,448.25,382,21.25,43,0.53679
1410,226.5,367.5,39.75,79.75,0.53644
1410,472.25,409.5,21,41.75,0.536
1410,139.5,417.75,16,32,0.53597
1410,120.5,44.5,30,59.75,0.53595
1410,309.5,421.5,14.75,29.75,0.53592
1410,580.5,390.5,31.25,62.5,0.53583
1410,260,407,14.5,28.75,0.53557
1410,172,415.5,16.75,33.5,0.53469
1410,124.25,407.75,13.25,26.75,0.53443
1410,357,420.75,15,30,0.53432
1410,234.25,414.5,17.75,35.75,0.53432
1410,262.25,305.25,73.25,146,0.53428
1410,335.5,389.75,29.75,59.25,0.53421
1410,245,423.75,13.75,27.5,0.53409
1410,37.25,436.75,13,26.5,0.534
1410,155.5,416.25,16.75,33.5,0.5333
1410,131.25,415.25,17.75,35.75,0.53318
1410,139,412.5,14.25,28.5,0.53317
1410,228,415.5,16.5,33.25,0.53297
1410,230,383.5,34.25,68.25,0.53296
1410,285.5,267.25,18.75,37.5,0.53294
1410,492.5,371.75,26.25,52.5,0.53211
1410,109.25,408.5,12.25,24.75,0.5318
1410,202.75,412.5,18.75,37.5,0.53155
1410,286.5,297.25,23,45.5,0.53146
1410,419.25,414,17.5,35,0.53141
1410,114,373.75,36.25,72.5,0.5313
1410,148,416.75,16.75,33.25,0.53117
1410,-11.25,272.75,90.5,181,0.53076
1410,110.75,388,25.75,51.25,0.53005
1440,211.5,390,17,34,0.57763
1440,405,386.5,14.25,28.5,0.5565
1440,539,422,17,34,0.55646
1440,507.75,410,15.75,31.5,0.5547
1440,252.75,388.5,15,30.25,0.5522
1440,609.75,132.25,32.25,64.5,0.55201
1440,564.5,368.75,15,29.75,0.54985
1440,340.5,386,16,32.25,0.54958
1440,613.25,428,14.25,28.75,0.5467
1440,333.25,341.5,14,28,0.54529
1440,238.5,130,15,30,0.54464
1440,571.25,417.75,16.75,34,0.54369
1440,93.5,418.75,13.75,27.75,0.5434
1440,379.25,420.75,18,36,0.54326
1440,372.5,401.25,15.5,30.75,0.54319
1440,603.75,352,15.75,32,0.54279
1440,220.5,378.25,14,28,0.54257
1440,196.75,425.5,15.25,30,0.54233
1440,437.25,404.5,13,26.25,0.54223
1440,216.75,6,12.25,24,0.54165
1440,230.5,8.5,13.75,27.5,0.54164
1440,188.5,424.5,16,31.5,0.54156
1440,139.5,404,17,33.75,0.54092
1440,562.75,396.25,18,36,0.5396
1440,368.25,165.75,24.75,49.5,0.53917
1440,593.75,6.25,12.5,25.25,0.53907
1440,341,409.25,12.5,25.25,0.53869
1440,187.5,392.25,16.75,33.25,0.53805
1440,156.25,406.5,15.25,30.5,0.538
1440,84,399.5,13.25,26.5,0.53768
1440,598,342.25,13,26,0.53734
1440,276.25,280,12,23.75,0.53705
1440,547.5,423.25,16.5,33.25,0.53699
1440,285,428.75,14,28,0.5368
1440,130.25,401,18.75,37.5,0.53678
1440,516.75,405.25,14.5,29,0.53663
1440,532.5,394.5,15.25,30.75,0.5366
1440,597.75,430.25,14,28,0.53658
1440,373,430,14,28,0.53645
1440,544.5,315.25,70.25,140.5,0.53635
1440,389.25,394,14.25,28.25,0.53594
1440,476.75,405.5,15,29.75,0.5359
1440,14,188.25,25.5,51,0.53563
1440,468,415.5,16.25,32.75,0.53526
1440,389,96.25,11.75,23.5,0.53524
1440,380.25,193,12,24,0.53511
1440,341.25,430.75,13.75,27.75,0.53495
1440,548,410.75,16.25,32.25,0.53488
1440,540.5,386.25,13,26,0.53434
1440,344.25,183.75,15.75,31,0.53419
1440,175.25,380.5,12.75,25.25,0.53372
1440,158,336.5,13,26,0.53364
1440,365.75,235.25,14.25,28.5,0.53348
1440,316.75,343.25,13.75,27.75,0.53333
1440,21.25,412,14.25,28.25,0.53326
1440,268.25,379.75,15.5,31,0.5332
1440,590,35.5,14.5,28.75,0.5331
1440,297.75,394.25,31.5,63,0.533
1440,535.25,290.75,28.25,56.75,0.53287
1440,86.75,269.75,88.25,176.75,0.53215
1440,477.25,341.5,12.75,25.75,0.53214
1440,365.25,427.75,15,30.25,0.5316
1440,13,412.5,14,28,0.53139
1440,452.25,375.25,12.5,24.75,0.53138
1440,453.25,431.25,13.75,27.5,0.53133
1440,29.25,300,13.75,27.25,0.53129
1440,100.5,427.25,14.25,28.5,0.53126
1440,277.25,370.5,45.75,91.5,0.531
1440,253.5,167.75,13.5,26.5,0.53096
1440,444,386.5,15.75,31,0.53082
1440,453.5,407.25,13.75,27.5,0.53048
1440,164.5,404,15,30.25,0.53029
1440,394.75,91.5,18,36,0.53016
1440,195.75,392.5,16.25,32.75,0.5301
1440,125.5,418.75,14.5,29.25,0.5301
1470,230,6.5,14.5,28.75,0.55949
1470,404.25,314,15,30.25,0.55646
1470,444.75,318.25,15.5,31.25,0.55626
1470,0,144.75,13,26,0.55318
1470,476.5,316,15,30,0.55095
1470,69.25,380.25,13.75,27,0.54896
1470,216.5,4.25,12.75,25.5,0.54814
1470,467.5,319,16.5,32.75,0.54652
1470,416.5,284.25,12.25,24.5,0.54492
1470,48.5,124.75,44.75,89.25,0.54175
1470,259.25,104,13.75,27.75,0.54096
1470,168.5,305.75,12,23.75,0.53968
1470,347.75,417,15.5,31,0.53904
1470,292.5,427.75,14.5,28.75,0.53874
1470,265.25,328.75,63.25,126,0.53832
1470,547.25,423,16,31.75,0.53713
1470,476.75,349.25,12.75,25.25,0.53687
1470,628,160.75,12.5,25.25,0.53671
1470,439.5,183.5,140,280.5,0.53659
1470,542.5,130.25,22.25,44.25,0.53645
1470,595.5,93.5,25.25,50.5,0.53594
1470,460,321,15.75,31.5,0.53575
1470,356.5,281.75,15.25,30.5,0.53483
1470,476.5,339,15.25,30.5,0.5346
1470,100.5,369,13.75,27.25,0.53457
1470,110.25,389,13.25,26.75,0.53455
1470,491.75,320.25,16,32,0.53444
1470,55,283.5,12.25,24.75,0.53416
1470,422.5,284.5,12.25,24.5,0.53392
1470,60.5,296.25,14.5,29.5,0.53388
1470,403.75,339.25,15.5,31,0.53377
1470,617,197,24.75,49.5,0.53374
1470,475.25,434.25,16.5,32.75,0.53365
1470,355.75,254.75,15.75,31.75,0.53329
1470,422.25,133,12.5,25.25,0.53326
1470,333.5,285.5,14.25,28.5,0.53316
1470,60,304.75,16.5,33,0.53287
1470,469.25,171.5,22.25,44.5,0.53285
1470,32.75,78,11.5,23,0.53263
1470,581.25,387,34.25,68.25,0.53244
1470,43.25,117.25,16.5,32.5,0.53228
1470,443.5,287.75,13,26,0.53216
1470,269.25,177.75,14.5,29.25,0.5321
1470,284.5,335,11.75,23.5,0.53209
1470,78.25,118.5,21.25,42.5,0.53168
1470,573.25,427.5,13.25,26.25,0.53157
1470,571.75,276,16.75,33.75,0.53126
1470,588,269,11.5,23,0.53074
1470,357.75,184.5,15,30,0.5305
1470,628.5,289,12,23.5,0.53046
1470,465,396.75,31,62.5,0.53001
1500,452,362,15,29.75,0.56184
1500,455,313.25,12.25,24.75,0.55506
1500,260.25,384.25,15.75,31.5,0.55165
1500,37,324.25,14.25,28.5,0.54816
1500,230.75,373,13,26,0.54816
1500,83.5,420,18.25,36.5,0.54766
1500,140.75,336.5,13,26,0.54587
1500,556,380.75,15.75,31,0.54384
1500,341,387.75,14,28.5,0.54337
1500,460.25,402.75,15,30.25,0.54227
1500,15,32.25,12.25,24.5,0.54193
1500,396.5,86.75,14.25,28.25,0.54137
1500,555,259.75,38.75,77.75,0.53868
1500,437.75,409,14.25,28.75,0.53855
1500,148.25,336.5,16,31.75,0.53796
1500,516.75,379.5,14.25,28.75,0.53771
1500,371.75,181,25,49.75,0.53604
1500,491.5,148.75,14.5,29,0.53599
1500,204.5,12.25,13,26,0.53537
1500,396.5,406.75,14.5,29.25,0.53528
1500,164.5,379.5,14.75,29.25,0.53483
1500,108.5,337.5,14,28.25,0.53482
1500,-2,102.25,25.5,50.75,0.53467
1500,348.25,401.5,14,28,0.5341
1500,35.5,40.75,14,27.5,0.53403
1500,36,21.75,12.5,24.75,0.53261
1500,264.75,299.75,12,24,0.53246
1500,340.25,336,15,29.75,0.53225
1500,76.25,315,14.75,29.25,0.53212
1500,274.75,187.5,14.25,28.75,0.53201
1500,403.5,401.75,16.25,32.5,0.53192
1500,341,412.5,12,24,0.53177
1500,600,268.5,11.75,23.75,0.53165
1500,244.25,343.25,12.5,24.75,0.53155
1500,95.75,343.5,13,26,0.53134
1500,115.5,344,18,36.25,0.53122
1500,300.5,401,12.5,25,0.53094
1500,557,360.5,13,25.75,0.53093
1500,46.75,149.25,11.5,23.5,0.53083
1500,300.25,310.75,16.25,32.25,0.53064
1500,124.25,370.5,15,29.5,0.53059
1500,563.25,211.25,63.75,127.25,0.5303
1530,558.5,271,93,186.25,0.55307
1530,123.75,383.5,12.5,25,0.55166
1530,468.25,386.75,15,29.5,0.55062
1530,509.5,358.5,13.5,26.75,0.5501
1530,28,382.25,17,34.25,0.54939
1530,268.5,375.5,15.5,30.5,0.54651
1530,452.5,347.75,15.25,30.75,0.54621
1530,375.75,70.5,13,26,0.54417
1530,151.5,134.5,13,26.25,0.54314
1530,518.75,149.75,12,24,0.54201
1530,614,134,12,24,0.54167
1530,477.5,102,15,30,0.54159
1530,317.5,396.5,13.5,27.25,0.54083
1530,515.25,95.25,41.5,83,0.53957
1530,21.25,412.5,14,27.75,0.53931
1530,229.75,123.75,13.5,27,0.53898
1530,460.25,370.5,13.75,27.5,0.53878
1530,124.5,368,16,31.75,0.53827
1530,236.75,380.75,15.5,31,0.5371
1530,397.5,105.75,171.25,342.75,0.53622
1530,436.25,355,12.5,25.25,0.53589
1530,100.5,395.75,14.5,28.75,0.53543
1530,547.25,412,14.75,29.25,0.53526
1530,331,127.5,14.75,29.25,0.53504
1530,130.5,80.25,13,26,0.53476
1530,540.5,378.25,12.25,24.5,0.53473
1530,29,409.5,15.25,30.75,0.53456
1530,96,368.75,21.25,42.5,0.53364
1530,501,335.5,15.25,30.25,0.53267
1530,220,356.5,14.25,28.5,0.53254
1530,469.25,352.5,14.25,28.75,0.53228
1530,233.75,351.25,18.25,36.25,0.53168
1530,357.5,374.75,13,26,0.53167
1530,18.25,331,19.5,39,0.53111
1560,44.25,105,13.25,26.5,0.56464
1560,452.75,379.75,14.5,28.75,0.55575
1560,515,354.5,17.25,34.5,0.5555
1560,482.75,315.75,12.5,25,0.55396
1560,539.5,358.5,15.75,31.5,0.55216
1560,419.5,351.5,16.25,32.75,0.55127
1560,508.75,373,14.5,29,0.54995
1560,468.75,378.25,15,30.25,0.54947
1560,445.25,360.75,14,28.25,0.54871
1560,380.25,361,13,26,0.5484
1560,360.5,308.5,12.75,25.5,0.54446
1560,23.75,381.25,12,24,0.54392
1560,404.5,385.75,15.75,31.75,0.54344
1560,25.25,260,12,24.25,0.54322
1560,468.25,361,15.5,30.75,0.54203
1560,164.75,276.25,85.75,171.75,0.54128
1560,556.5,340.5,13.25,26.75,0.54101
1560,6.5,269.25,13.25,26.5,0.54091
1560,445.25,343.25,13.75,27.75,0.53929
1560,492.75,354,15.25,30.5,0.53923
1560,213.5,98.5,13.75,27.5,0.53889
1560,308.75,324.25,16,32.25,0.53865
1560,411.75,355.25,15.5,31,0.53849
1560,469.25,346,15.25,30.25,0.53771
1560,474.75,26.25,13.75,27.5,0.5375
1560,137.25,405.75,16.5,33.25,0.53668
1560,533,362.25,13.5,27.25,0.53515
1560,60,270.75,12.75,25.5,0.53489
1560,112.25,367.75,12.75,25,0.53488
1560,532.25,255.5,12,24,0.53476
1560,526.5,281.5,13,26,0.53393
1560,161,302.25,29.75,59.25,0.53333
1560,276.5,322,16,32.25,0.53329
1560,464,216,12.75,26,0.53315
1560,177.5,368.25,12.25,24.25,0.53277
1560,207.25,315.75,12.5,24.75,0.53274
1560,604.5,123,13,25.75,0.53273
1560,374.25,303.75,13,26,0.53249
1560,6.5,284,12.25,24.5,0.53242
1560,601.25,11.25,14.5,29,0.5319
1560,508.5,332.75,12.75,25.75,0.53177
1560,426,349.25,29.25,59,0.53157
1560,276.5,308,14.25,28.75,0.53145
1560,492,372.5,15.5,31,0.53143
1560,523.75,353,16,32.25,0.53124
1560,498.5,352.5,18.75,37.5,0.53105
1560,404,396.25,15.25,31,0.531
1560,390.75,325,11.5,23,0.53097
1560,461.75,348.25,14,28.25,0.5308
1560,611.75,386,13,25.75,0.53075
1560,333.5,360.5,12.5,25.5,0.53062
1560,466.5,292.75,12.25,24.5,0.53056
1560,342.5,69.75,14.75,29.5,0.53053
1560,469.75,4,17.75,35.5,0.53051
1560,44.5,390.25,13,26.25,0.53008
1590,229.25,379.75,14.25,28.75,0.57058
1590,500,419,16,31.75,0.56205
1590,108,346.25,15.75,31.25,0.55668
1590,548.25,416,16,32.25,0.55444
1590,13.5,89.5,14,28.25,0.55413
1590,44.5,335.25,12.75,25.75,0.55356
1590,212.75,376.5,14.25,28.5,0.55275
1590,501.25,355.75,15,29.75,0.54936
1590,556.25,364,15.25,30.5,0.54745
1590,493.75,235,15.75,31.5,0.54649
1590,587.25,414.5,15.75,31.5,0.5463
1590,316.25,197,12,24.25,0.54584
1590,183.25,374,13.5,27,0.54564
1590,397.25,385,13,26,0.54451
1590,203.5,373.25,17.5,35,0.5434
1590,220.75,432.75,12.25,24.75,0.54215
1590,372,361.5,45.75,91.25,0.54139
1590,243.25,141.75,153.75,307.25,0.54097
1590,95.75,311.75,12.75,25.25,0.54009
1590,588.25,366.75,14.25,28,0.53998
1590,130.25,372.25,20.25,40.5,0.5395
1590,317.25,376.5,14.25,28.5,0.53902
1590,371.25,370.75,15.25,30.75,0.53846
1590,213.5,357.5,13.25,26.5,0.53822
1590,140.5,368,12.5,25.25,0.53735
1590,515.75,418,16,32,0.53708
1590,220.75,360,12.5,25.25,0.53707
1590,242.75,355.25,17.5,35,0.5369
1590,620.25,341.25,12.25,24.5,0.53665
1590,342.5,122.25,12.75,25.25,0.53643
1590,36.75,345,14.5,29.25,0.53588
1590,406.5,55,13.25,26.5,0.53577
1590,403.5,349,55,109.75,0.53569
1590,285.25,383.75,13.25,26.5,0.53565
1590,580,419.75,15.75,31.25,0.53562
1590,212.25,365.75,13.25,26.25,0.53552
1590,508.25,355.25,15,29.75,0.53534
1590,172.25,374.75,12.75,25.25,0.5351
1590,389.5,372,14.5,28.75,0.5348
1590,625,90,16.5,33,0.53471
1590,72,307,12,23.75,0.5347
1590,345.75,188.75,22.5,44.5,0.53412
1590,517.5,357.75,13.5,27,0.53404
1590,408.25,254,12,24,0.53373
1590,165.25,376.75,13.75,28,0.53361
1590,534.5,246.5,21.25,42,0.53324
1590,186.75,372.25,15.25,30.75,0.53289
1590,86.25,376,13,26,0.53264
1590,487.75,357.75,12.75,25.5,0.53263
1590,84,48,13,26.25,0.53233
1590,291.5,35.25,13.5,26.5,0.53222
1590,493.75,356,15,29.75,0.5321
1590,299.25,363.25,17,34,0.53199
1590,403.75,367.25,15.5,31,0.53192
1590,-3.75,97.5,30.25,60.5,0.53153
1590,44.75,384.75,14.75,29.25,0.53135
1590,280,101,13.75,27.5,0.5312
1590,326.5,371.5,13.25,26.5,0.53096
1590,358,371.75,12.75,25.75,0.53008
1620,86.5,342,12.75,25.5,0.56441
1620,92.5,404,14.75,29.25,0.56422
1620,259.5,309.25,16.5,32.75,0.55869
1620,581,331.75,14.75,29.25,0.55368
1620,403.75,342,13.75,27.25,0.55337
1620,253.25,305.75,16,31.75,0.54885
1620,204.5,321.75,14.75,29.75,0.54878
1620,100,353.5,16,32,0.54836
1620,44,358.5,14.75,29.25,0.54707
1620,604,360.75,15,30,0.54661
1620,396,344.75,12.25,24.75,0.54568
1620,564,336.75,15.75,31.5,0.54555
1620,483.75,138,13,25.75,0.54544
1620,625.75,282.5,15.25,30.25,0.54541
1620,485,79.75,12.75,25.25,0.54399
1620,219.5,269.5,17.75,35.5,0.5437
1620,228.5,273,15.5,31,0.54364
1620,70.25,141.75,12.5,25,0.54324
1620,255.75,302,13.5,27,0.54143
1620,515.5,305.25,16.75,33.75,0.54141
1620,563.25,255.5,16.5,33,0.54128
1620,372.25,253,17.5,35,0.54042
1620,180.25,427.5,14.75,29.25,0.54025
1620,253.5,322.5,13.5,27.25,0.53945
1620,332.5,283.25,15.5,30.5,0.53803
1620,-2.75,228,22.75,45.25,0.53751
1620,493.5,301.75,13.25,26.5,0.53748
1620,509.25,297.25,14,28,0.53621
1620,460.5,34.25,14.25,28.25,0.53594
1620,20.75,377.75,15.75,31.5,0.53587
1620,411.75,410.75,14.25,28.75,0.53565
1620,420.25,26.75,21.75,43.25,0.53564
1620,263.5,292.75,12.5,24.75,0.53549
1620,484,67,12.75,25,0.53506
1620,124.5,319.25,16.5,33,0.53441
1620,92.75,362.25,15,30,0.53347
1620,276.5,393,15.5,31.25,0.53343
1620,502.75,288.75,12.5,25,0.53334
1620,444.75,133.25,11.5,23,0.53331
1620,148.25,314.5,15.75,31.5,0.53309
1620,446,327,12.75,26,0.53287
1620,293.5,359.75,13.25,27,0.53286
1620,596,352.25,15,30.25,0.53281
1620,148,305,15.75,31.75,0.53279
1620,84.75,402.75,15.25,30.5,0.53277
1620,247.25,273.5,13.25,26.5,0.53265
1620,236.75,315.5,14.5,29.25,0.53256
1620,284.25,292.5,14.75,29.75,0.53248
1620,262,270.75,13.25,26.25,0.5324
1620,604.75,349.75,14,28.25,0.53234
1620,331,384.25,13,26.5,0.53231
1620,319.75,328.75,12,24,0.53215
1620,140.75,62.5,15.75,31.5,0.53184
1620,252.5,408,12,24.25,0.5311
1620,53,356.25,14.25,28.25,0.53099
1620,275,297.25,12,24,0.53048
1650,357.75,310,13.75,27.5,0.5693
1650,500.5,401.75,15.5,30.75,0.56098
1650,116.5,410.25,15,29.75,0.55812
1650,317.25,395,14.5,28.5,0.55795
1650,333.75,393.25,13.25,26.75,0.55206
1650,204,391.5,16.25,32.5,0.55181
1650,199,319,13.25,26.25,0.54678
1650,277.25,331,14,28.25,0.54489
1650,231,308.75,14,27.75,0.54325
1650,260.75,358.5,15,30,0.54275
1650,448,384.5,12.25,24.5,0.54246
1650,212.75,330.25,15,29.75,0.54217
1650,477.25,355.75,14.5,28.75,0.54111
1650,252.25,376.25,15.75,31.75,0.54079
1650,343,356.25,14,28.25,0.54057
1650,244.75,354.5,15,29.75,0.5398
1650,107.25,381.5,17,33.5,0.5392
1650,468,298.75,16.5,33,0.53891
1650,604.25,404.75,13.25,26.25,0.53885
1650,397,393,13.25,26.5,0.53883
1650,227.75,403.25,16.75,33.25,0.53819
1650,283.75,320.75,17,33.5,0.53785
1650,348.75,391.25,13.5,26.5,0.53764
1650,455,284.5,12,24,0.53672
1650,348,379.5,15,29.75,0.53656
1650,324.5,384.5,16.75,33.75,0.535
1650,405.5,371.25,29,58,0.53474
1650,139.5,378.25,13.5,27,0.53473
1650,491.75,363,16,32.25,0.53432
1650,157,165,14,28,0.53388
1650,299.75,377.5,16.5,33,0.53367
1650,357,184.5,12.5,25,0.53305
1650,500.75,359.25,14.25,28.25,0.53274
1650,356,380.25,15.25,30.5,0.53266
1650,380.75,297.25,15,30.5,0.53228
1650,429.5,409.25,14.5,29.5,0.53193
1650,556.25,376,12.5,25,0.53183
1650,7.75,371,12.75,25.5,0.53183
1650,389,299.5,14.75,29.25,0.53168
1650,300.25,354.75,12.75,25.5,0.53162
1650,212.75,353.5,15,30.5,0.53141
1650,436.5,338.25,16,31.5,0.53085
1650,135.25,355.25,13.25,26.25,0.53065
1650,373,307,14.75,29.5,0.53061
1650,508.5,406.75,13,25.75,0.53049
1650,204.75,325.75,15.25,30,0.53046
1650,613,353.5,14.5,29.25,0.53036
1680,557,374.75,13.75,27.5,0.54976
1680,414,400.5,12.25,24.5,0.5468
1680,193.75,73.5,19.25,38.75,0.54663
1680,116.25,378.25,15.75,31.25,0.54281
1680,3,139.25,18.5,37.25,0.54247
1680,588.5,411.25,14.5,29.25,0.54229
1680,420.25,400.5,12.75,25.25,0.54176
1680,77.5,350.5,13.25,26.75,0.54129
1680,336.25,318.75,13,26,0.54067
1680,84.25,352.75,15.75,31.5,0.53887
1680,130.25,308.75,37,74,0.5384
1680,-1.75,4.25,13,25.75,0.53716
1680,37.5,334,13.5,27.25,0.53639
1680,60,349.75,17,33.75,0.53639
1680,93.25,357.75,13.5,27,0.53619
1680,539,416.25,16,32.25,0.53605
1680,51.75,328.5,15.75,31.5,0.53564
1680,596.25,360.75,13,25.5,0.53522
1680,212.25,394,15.75,31.5,0.53464
1680,223,76,12.75,25.25,0.53448
1680,486,347,12.25,24.5,0.53394
1680,64.5,314,11.75,23.5,0.53367
1680,131.25,10.25,15,30,0.5333
1680,366.25,401.25,12.5,24.75,0.53315
1680,426.75,401.25,12.5,24.75,0.53309
1680,564.75,393.25,14.75,29.75,0.53293
1680,588.25,358.25,15.75,31.5,0.53282
1680,411,400.75,12.25,24.75,0.53273
1680,131,143.25,158,316,0.53246
1680,581.25,361.5,14,28,0.5323
1680,299.5,362,16.25,32.5,0.53217
1680,236.25,371.25,14.5,29.5,0.53209
1680,187.75,381.25,16.5,32.75,0.53112
1680,260.25,368.75,12.5,25.25,0.53083
1680,373,364.5,14,27.75,0.53057
1680,294,23.75,15.5,31,0.5304
1710,181.75,368.25,13,26,0.56322
1710,487,138.75,26.25,52.5,0.55914
1710,460.25,418.75,15.25,30.75,0.55895
1710,594.25,413.5,18,36,0.55649
1710,187,363.25,16.25,32.5,0.55492
1710,428,356.75,13.75,27.5,0.55381
1710,609.75,410.75,18.75,37,0.54617
1710,477.75,424.25,13,26.25,0.54509
1710,309,380,15.5,31,0.54451
1710,444.25,355.75,12.25,24.25,0.54432
1710,322.75,345.25,18.25,36.75,0.54302
1710,309,369.75,15.25,30.75,0.54283
1710,173.5,367.5,13.75,27.75,0.54282
1710,348,363.5,16,32.25,0.54202
1710,131.75,72.5,14.5,28.75,0.54188
1710,183,325,13.5,27,0.54129
1710,285,370.5,14.75,29.25,0.53991
1710,324,297.75,12,24,0.53939
1710,381.25,357.75,15.25,30,0.53931
1710,477.25,355.25,15,30,0.53839
1710,261.25,411.5,14,28.25,0.53829
1710,406.75,354.5,14.25,28.5,0.53797
1710,309.25,397,14.5,29,0.53786
1710,202.75,369,15.25,30.5,0.5373
1710,576.75,188.5,41,82.5,0.53604
1710,275.75,320.25,16.75,33.5,0.53579
1710,411.5,417.75,16,32,0.53535
1710,588.25,407.5,12.75,26,0.53513
1710,359.75,343,13,26,0.53509
1710,169.25,276.75,86.5,173.25,0.53498
1710,316.5,194,77.5,155.25,0.53486
1710,197.75,99,13.25,26.75,0.53394
1710,325.75,212,14.5,29.25,0.5329
1710,117,75.75,12.75,25.75,0.53266
1710,-7.25,255.75,57.5,114.75,0.53255
1710,276.5,353.5,15.25,31,0.53125
1710,188.25,356.25,13.25,26.75,0.53109
1710,75.5,322,16,31.75,0.53094
1710,325.25,334.25,13.75,27.5,0.53086
1710,-1.75,123.25,13.5,27.25,0.53054
1710,24.25,69.75,14.25,28.5,0.53033
1740,294,375.25,13,25.75,0.55899
1740,40.25,416.75,12,24.25,0.55823
1740,302,418.75,14.5,29.25,0.54768
1740,180.75,396.75,14,28,0.54586
1740,229.25,409.75,14.25,28.75,0.54581
1740,277,408.5,15.25,30.75,0.5449
1740,566.75,345.25,13.75,27.5,0.54323
1740,302,359.25,13.75,27.25,0.54008
1740,469.5,324.5,14,28.25,0.53884
1740,373.75,386.75,12.75,25.5,0.53824
1740,460,323,15.5,30.75,0.53818
1740,447,416.5,23.25,46.75,0.53736
1740,443,317.5,13.75,27.5,0.53701
1740,56.25,387.25,18.25,36.75,0.53656
1740,493,370.75,14.75,29.75,0.53648
1740,518.5,433,11.75,23.25,0.53638
1740,123,354.25,14.25,28.5,0.53542
1740,586.5,436.25,12.5,24.5,0.53487
1740,448.25,317.25,14,28,0.53476
1740,556.5,435.5,12.25,24.25,0.53467
1740,121.75,363.25,18.5,37.5,0.53466
1740,84.25,396,15.25,30.75,0.53444
1740,525.25,71.25,13,26.25,0.53432
1740,216.75,387.75,13.5,27,0.53412
1740,556,344.5,13,25.75,0.53391
1740,432.5,292.75,15.25,30.25,0.53336
1740,276.5,390.75,16,32,0.53318
1740,466.75,316.5,11.75,23.5,0.53206
1740,108.5,452.25,11.75,23.5,0.53201
1740,333.5,427,14,27.75,0.53198
1740,74.25,396.5,17.25,34.5,0.53186
1740,627.5,127.75,13.5,27.25,0.5312
1740,348.5,382.25,17.25,34,0.53108
1740,542.5,392.75,12,24.25,0.53103
1740,268,387.5,16.75,33.5,0.5309
1740,484,183.5,12,24,0.5309
1740,520.25,392,12.75,25.5,0.53075
1740,22.75,222,18.25,36.5,0.53051
1770,510.25,322.5,73.75,147.75,0.54826
1770,54.5,389,13.5,27,0.54107
1770,628.75,124,11.5,23,0.54098
1770,562,290,91,182,0.53925
1770,558.25,178.75,13.5,27.25,0.53915
1770,386.25,391.5,12.75,25.5,0.53628
1770,220.75,447.5,12.75,25.25,0.53604
1770,518.75,439.25,12.75,25.25,0.53463
1770,80,302,12.5,25,0.53451
1770,232,416.75,12.5,25.25,0.53446
1770,99,385.75,18.5,37.25,0.53417
1770,625,274.75,15.75,31.5,0.53372
1770,590.5,111.25,14.75,29.75,0.53331
1770,359.75,395.75,12.5,25,0.5327
1770,618.25,31.25,19,37.75,0.53129
1770,470.75,31.75,16.75,33.25,0.53012
1770,131.25,24.25,32,64.25,0.53001
1800,44.5,315.25,13.25,26.25,0.55618
1800,20.75,307,13.75,27.25,0.54888
1800,116.75,348.25,14.25,28.75,0.54797
1800,20.75,330.25,15,30.25,0.54592
1800,286,153.5,12.25,24.25,0.54589
1800,37.25,410,13.75,27.25,0.54505
1800,84.5,329.5,15.75,31.75,0.54428
1800,293.75,365.75,14,27.75,0.54396
1800,77,331.5,14,28.25,0.5415
1800,611.5,369.5,15.25,30.5,0.54084
1800,28.75,320.5,15.5,31.25,0.54079
1800,59.75,311.5,12.5,25,0.54079
1800,566.5,89,12.25,24.5,0.54042
1800,372,96.25,12.5,25,0.53995
1800,180.75,384.25,13.75,27.25,0.53723
1800,117,316,12.75,25.5,0.5368
1800,300.25,379.75,13.75,27.5,0.5365
1800,315.75,269.5,46.25,92.25,0.53645
1800,60,284,19,38,0.5363
1800,37.25,318.5,14,28,0.53601
1800,20,313.75,15.25,30.75,0.5356
1800,611.25,207.5,16.25,32.5,0.53531
1800,100,371,15,30,0.53531
1800,441.75,378.5,16.5,32.75,0.53484
1800,6.5,377.5,14,27.75,0.53444
1800,450.75,133.5,17,33.75,0.53292
1800,245.75,372.25,14.25,28.5,0.53286
1800,564,258.25,16,31.75,0.53271
1800,212.5,364,14,28.25,0.53234
1800,282,69.75,12.25,24.25,0.53207
1800,92.25,370.25,15.5,31.5,0.53205
1800,576.5,203,11.5,23,0.53126
1800,588.25,241.5,16.25,32.25,0.5309
1800,419,373.75,12.25,25,0.53087
1800,85.25,355.5,14.75,29.75,0.53084
1800,92.5,323.5,15.5,31,0.53075
1800,435.25,97.25,15,30,0.53045
1800,123.75,399.75,16.5,32.75,0.53024
1800,280,341.25,14,27.75,0.5302
1830,84.5,402.5,12.5,24.75,0.55306
1830,586,51.25,13.75,27.5,0.5512
1830,397.25,364.75,13.5,27.25,0.54869
1830,299.5,401.75,15.5,30.5,0.54819
1830,588.25,426.5,14.5,29,0.5477
1830,180.75,285,14,28,0.54627
1830,364.25,336.5,15.5,31,0.54576
1830,261.25,381.25,13.75,27.5,0.54521
1830,540.25,158,12.5,24.75,0.54517
1830,293,400.75,15.5,31,0.54502
1830,483.75,354.75,16,32.25,0.54433
1830,294.5,332.5,12,24,0.54293
1830,21.5,368.25,13.25,26.25,0.54171
1830,220.25,287,16,32.25,0.54088
1830,316.75,401.75,15.25,30.5,0.53921
1830,118.25,336.25,13,26.5,0.53754
1830,197.25,333.25,13.75,27.5,0.53703
1830,339.25,103.75,14.5,28.75,0.53702
1830,220.5,329,16,32,0.53696
1830,195.25,320.75,17,34,0.53582
1830,300.75,368.5,15,30.25,0.53531
1830,471,355.75,13,26.25,0.53508
1830,-1.25,152.25,12,24,0.53441
1830,550,340,12.75,25.75,0.53384
1830,340.5,289,15.25,30.25,0.53337
1830,476,79,14,28.25,0.53306
1830,75.75,300,14,28,0.53298
1830,317.5,289.25,13.25,26.5,0.53287
1830,612.25,137,13.5,27,0.53254
1830,612.75,413.75,15,29.75,0.53224
1830,186.25,108.75,12.75,25.5,0.53214
1830,205.25,122.25,13.5,27.25,0.53188
1830,274,314.25,20.5,41.5,0.53156
1830,553.25,431.5,12.5,24.75,0.53148
1830,204.5,385.75,15.5,30.75,0.53134
1830,236.5,283.5,14.5,29,0.53083
1830,28.75,408.5,11.75,24,0.5301
