30,133,420.5,14.5,29,0.56635
30,103.25,400.25,13,26,0.56214
30,124.75,396.25,14.75,29.5,0.56129
30,29.5,94,61.5,123.5,0.56086
30,214,383.5,13.25,26.75,0.55694
30,31.5,47.5,12.5,24.75,0.55555
30,180.5,396.75,15,29.75,0.55432
30,56.75,97,61.5,123,0.55011
30,365.25,436.75,14.5,29.25,0.55011
30,212.5,318,15.25,30.5,0.54936
30,196.75,419.25,15.5,31,0.54878
30,437,401.75,15,29.75,0.54754
30,564.75,412.75,14.25,29,0.54753
30,524.5,336.75,13,26.25,0.54657
30,69.75,398.75,13,26.25,0.54609
30,51.5,32.75,16.25,32.25,0.54434
30,-6.5,92.75,67,134,0.54297
30,358.5,430.25,13.5,26.75,0.54284
30,412.25,350.75,13.75,27.75,0.5427
30,108,432.25,14.75,29.75,0.54257
30,252.25,356.5,13.5,27.25,0.54256
30,422,353.25,12.75,25.5,0.54137
30,173.75,397.25,13.75,27.25,0.54126
30,607.75,383.75,12.25,24.5,0.53922
30,84.75,19.75,15.25,30.75,0.53903
30,612.25,432.25,15.5,30.5,0.53871
30,100.25,436.75,14.5,28.75,0.53859
30,203,70.5,20,39.75,0.53846
30,84.5,369.5,15.5,31.25,0.53797
30,456.5,40.25,12.25,24.5,0.53734
30,92,391.5,15.75,31.25,0.53668
30,588.25,12.5,14.25,28.25,0.53645
30,76.25,379.25,12.5,25.25,0.53635
30,-6.5,167.25,54.5,109,0.53626
30,397.25,344.75,13.25,26.5,0.53587
30,261.5,322.5,14.5,29.25,0.53586
30,360.25,321,12,24,0.53534
30,79.75,186.5,12.75,25.25,0.53528
30,604.5,398.75,13.5,27,0.53481
30,348,381.5,14,28,0.53456
30,373.25,431.25,13.75,27.5,0.53423
30,237.5,352.25,12.5,25.25,0.53408
30,102.25,32.75,12,23.75,0.53381
30,424.5,148,34,68.25,0.53364
30,504,375.25,13,26.25,0.53324
30,222,74.75,18,36,0.5329
30,571.75,422.25,16.5,33,0.53262
30,156.25,418.75,13.75,27.5,0.53257
30,431.25,181.5,20.75,41.75,0.53224
30,391,20.75,12.5,24.75,0.53205
30,13,321.5,13.5,27.25,0.53205
30,196,312.25,13,26,0.53201
30,513.75,264.5,22.25,44.75,0.53194
30,517.75,421,14,28,0.53191
30,294.5,281,12.25,24.75,0.53147
30,116.75,395.25,15.25,30,0.53121
30,564.5,424.75,14.75,29.5,0.5312
30,12.75,280,11.5,23,0.53099
30,292,447,13.75,27,0.53048
30,218.5,303.75,13,25.5,0.53004
30,442.5,133,16.5,32.5,0.53001
60,213,426,14.5,28.5,0.5634
60,164.5,416.75,15.75,31.75,0.56255
60,157,404.5,14,28,0.55913
60,437.25,403,15.25,30.25,0.55902
60,220.5,430.75,14.5,29,0.55227
60,204.75,427.25,14.5,29,0.55158
60,232,404.5,13,26,0.54945
60,172.5,391.75,15.75,31.25,0.54897
60,365,391.75,16,31.75,0.54895
60,19.5,87.5,66.25,132.5,0.54795
60,517.5,14.25,12.75,25.25,0.54761
60,187.75,418.25,15.25,30.75,0.54632
60,79.25,376.75,12.75,26,0.54524
60,380.5,399.75,12.5,25,0.54502
60,60.25,257.5,12,24,0.54461
60,509,16.75,14,28,0.54457
60,174,424.25,13,26,0.54446
60,28.75,257,14.25,28.25,0.54283
60,536,17,13,25.75,0.54281
60,148.5,410.75,15,29.5,0.54213
60,459.5,403.5,15,30,0.5418
60,318.25,408,12.25,24.75,0.54049
60,292,400.25,13,26,0.53965
60,436.25,253.25,14,28.5,0.53956
60,508,417.75,15.5,31,0.53868
60,540,417.5,14.75,29.25,0.53714
60,252.75,400.75,15.5,31.25,0.53641
60,376.75,4.5,12,24.25,0.53626
60,321,368.25,52.25,104.25,0.53593
60,307.75,384,45,89.75,0.53574
60,516,416.75,15.5,31,0.53538
60,-8.75,77.25,71,142,0.53529
60,438.75,388,13,26.25,0.53512
60,433.75,400,12.25,24.75,0.5351
60,478.5,194,13.5,27,0.53507
60,452,412,15.5,31,0.53465
60,414.25,254,14,28,0.53456
60,350,297.75,14.25,28.25,0.53432
60,353.75,54.5,144.25,288.75,0.53431
60,260.75,412.25,15,30,0.5338
60,107.75,89.75,15.75,31.75,0.53326
60,309.25,388.25,14.25,28.25,0.53302
60,292,401.75,36.5,73.25,0.53232
60,348.25,309.25,15.75,31.25,0.53225
60,468.75,408,13.25,26.25,0.53224
60,324,52.25,13.5,26.75,0.53208
60,115.75,421.5,17.25,34.25,0.53186
60,309.75,395,14.5,28.5,0.53178
60,373.75,417.25,14.5,29.5,0.53143
60,165.5,86,14.25,28.5,0.53141
60,277.5,113.5,144,288.25,0.53136
60,306.25,188.25,20.75,41.5,0.53136
60,124.75,46.25,35.5,70.5,0.53121
60,389,427.75,14,28,0.53098
60,525,413.5,13.5,26.5,0.53069
60,51,400.25,17.25,34.5,0.53058
60,341,312.25,14.25,28.75,0.53046
60,172.25,195.75,18,36,0.53031
60,325.25,240.75,14.5,29.25,0.5303
60,111.75,197.5,18.25,36.25,0.53029
60,219.5,63.5,15.5,31.25,0.53007
90,109,390.25,13.75,27.25,0.56442
90,69,410,14.75,29.5,0.55407
90,129.5,67.25,12.75,25.25,0.55334
90,603.5,347.25,12.5,25,0.55319
90,173.5,416.5,14.5,29.25,0.5518
90,353.5,172.75,13,26.25,0.54952
90,99.75,385,15.75,31.25,0.54855
90,141,389.75,13.75,27.25,0.54851
90,28.75,315,12.5,25,0.54845
90,61.25,409,13.75,27.25,0.54756
90,93,383.25,12.75,25.75,0.54711
90,86.25,341.25,13.25,26.75,0.54667
90,170.5,268.5,14.5,29.5,0.54601
90,580.5,415.25,16.5,33.25,0.54378
90,156.5,394,14.75,29.25,0.54345
90,70,357.75,14.25,28.75,0.5417
90,116.25,318.75,16.25,32.5,0.54118
90,365.5,201,16.5,32.75,0.5408
90,474.5,382.25,13.75,27.5,0.54076
90,171.75,37.25,14.25,28.75,0.54076
90,380,411.75,13.75,27,0.54023
90,576.25,17.75,12,24.25,0.53994
90,180.75,416.75,14.25,28.5,0.5396
90,550.25,371.5,12.75,26,0.53947
90,243.75,423.25,16.75,33.5,0.53932
90,125.25,330,14.5,28.5,0.5387
90,541.75,395,13,26,0.53849
90,396.25,403,15,30.25,0.53753
90,156.5,256.25,13.5,26.75,0.53682
90,108.25,337,15.25,30.25,0.53675
90,57.75,258,15.25,30.5,0.53654
90,187.75,16,13.5,27,0.5361
90,285.5,291,13,25.75,0.53574
90,172.5,407.5,12.5,25,0.53546
90,607.25,156,36.5,73.25,0.53521
90,197.25,421,14.75,29.5,0.53514
90,189,414.75,13,26.25,0.53497
90,118.25,391.25,12.75,25.75,0.53487
90,103,295,12.75,25.5,0.53475
90,388.75,408.25,13.25,26.75,0.53471
90,201.75,134.5,17,34,0.53458
90,226.25,360.25,11.75,23.5,0.53438
90,613.5,11.5,13.5,27.25,0.53427
90,166.25,188.5,26.75,53.25,0.53424
90,134.75,320.75,13,26.5,0.53328
90,140.25,271.5,13,26.25,0.53325
90,43.75,320.5,15.75,31.5,0.53313
90,37.75,193,13.5,27,0.5329
90,533.75,377.75,13.25,26.75,0.53284
90,509.25,355.75,13.75,27.5,0.53261
90,398.25,318.25,15.25,30.25,0.53243
90,592,343.75,23.25,46.75,0.53236
90,326.5,26.75,42.25,84.75,0.53215
90,366,27.25,12.75,25.75,0.53186
90,276.25,408.75,11.75,23.5,0.53182
90,84.5,385,12.25,24.75,0.5316
90,460.5,364,13,26,0.5314
90,324,301.25,14.5,28.5,0.53117
90,164,398.25,16,31.75,0.53087
90,466.75,359.25,12.25,24.25,0.53071
90,527.25,359.75,12.25,24.75,0.53038
90,529.5,110.5,15.25,30.5,0.53037
90,362.25,180.25,16.75,33.5,0.53021
90,269.25,158,17.75,35.5,0.53018
90,91.5,310.5,16.25,32.5,0.53011
120,36.75,440.75,14.5,29.25,0.58017
120,265,13,12,24,0.54936
120,76.5,436.25,18.25,36.25,0.54618
120,64.5,18.25,12.25,24.25,0.54533
120,82.75,392.5,41.5,83.5,0.54475
120,487.5,176.75,24,48,0.54249
120,528.25,312.75,79.5,159.25,0.54234
120,177.75,378.25,47.75,95.75,0.54202
120,106.25,434,18.5,36.75,0.53988
120,260.75,368.5,52.5,104.75,0.53961
120,161,391.5,41,81.5,0.53946
120,60,438.5,17,34,0.53938
120,542.75,357,13.5,27.25,0.53918
120,191,378.75,47,94.25,0.53682
120,555.25,180.25,19.25,38.25,0.53641
120,101.75,395.75,38.25,76.75,0.53628
120,579,181.75,16.25,32.25,0.53599
120,178.5,90.25,29,58,0.53576
120,116,433.75,16.25,32.25,0.53546
120,146.75,388.5,42.25,84.25,0.53487
120,223.25,379.5,46.25,92.25,0.53346
120,452,400.75,36,72,0.53297
120,369,108,38.75,77.25,0.53206
120,208.25,382,45.25,90.25,0.532
120,282.5,370.75,51.25,102.75,0.53154
120,281,12.25,13.75,27.5,0.53128
120,244,382.75,44,88,0.53127
150,295,106.5,172.25,344.5,0.54534
150,500.25,52.25,16,31.75,0.54021
150,332.25,31.5,12.5,25.25,0.54
150,494,131,13,26,0.53881
150,252.5,99.5,12.25,24.25,0.53794
150,509,53.5,14,28.25,0.53754
150,469.5,75.5,14.25,28.5,0.53746
150,604.25,400,14,27.75,0.53691
150,462,88.25,12.5,25,0.53586
150,485.75,279.75,15,29.75,0.53507
150,83.5,360.75,40,79.75,0.53478
150,380.5,32.75,12,24,0.53436
150,240.75,393,11.5,23,0.53171
150,574.75,62,73.5,146.75,0.53134
150,167,267.25,14.75,29.75,0.53106
150,294,34.5,14.75,29.25,0.53101
150,573.25,327.5,13,26,0.5303
180,317,378,15,30,0.57797
180,437.25,391.75,13,25.75,0.56952
180,29,372.75,14,28.5,0.56777
180,156,415.75,15.75,31.5,0.56752
180,357,31.25,17.25,34.25,0.56174
180,492,412.75,13.75,27.75,0.5608
180,356.75,397,14,28,0.5597
180,412.25,368,13,25.75,0.55548
180,445.5,304,13.75,27.5,0.55398
180,324,12.25,13,26.25,0.55251
180,393,31.5,15.5,31,0.55185
180,164,405.75,15.5,31,0.54883
180,380,396.75,16.75,33.5,0.54859
180,381.5,107.75,13.25,26.5,0.54835
180,604.75,278.75,13.25,26.75,0.54724
180,476.75,375,15.75,31.75,0.54674
180,572.25,300.25,14.75,29.5,0.54636
180,501.5,357,14,28,0.54542
180,586.75,280,12.5,25,0.54541
180,468.5,353.5,15,29.75,0.54446
180,355.5,381.75,17.75,35.5,0.54337
180,532.25,421.25,17.5,34.5,0.54336
180,485.75,369.75,12.5,24.75,0.54261
180,408.75,31.5,16.5,32.75,0.54184
180,516,346,15.25,30.5,0.54117
180,373.25,389.75,13.5,27.25,0.54102
180,289.75,30,16.5,32.75,0.54055
180,214.5,165.5,12.25,24.75,0.54053
180,284.5,9.5,12,23.75,0.54005
180,516.5,411.5,15.25,30.5,0.54002
180,597.25,280,13.25,26.75,0.53965
180,364.5,300,15.75,31.5,0.53956
180,516.75,2.25,13.5,26.75,0.53914
180,508,416,14,28,0.53872
180,491.75,405.25,15,30,0.5385
180,509,352.75,14,28,0.53808
180,199.5,132,12.75,25.75,0.53774
180,309,381,13.75,27.75,0.5376
180,577,277.25,13.75,28,0.53701
180,544.25,392.5,21,42,0.53694
180,191,419,14.75,29.75,0.5369
180,178.75,258,14.75,29.75,0.53685
180,463.75,42.25,15.25,30.75,0.53673
180,547.5,155.75,12.75,25.75,0.53663
180,347.25,358,16.25,32.25,0.53613
180,388.25,393.75,16,32,0.53613
180,483.5,376.5,17,34,0.53529
180,332.25,365.75,14.25,28.25,0.53524
180,324.5,345.5,16.25,32.75,0.53515
180,21.75,352.25,12,24,0.53471
180,524.75,25,13.5,26.75,0.53451
180,392.75,28.75,13,25.75,0.5341
180,526.25,1.5,11.75,23.75,0.53401
180,540.5,413.75,13.25,26.25,0.53382
180,376.5,375.75,24.75,49.5,0.53378
180,531.25,394.25,15.25,30,0.53356
180,231.5,326.75,13,26,0.53333
180,627,11,13.25,26.75,0.53321
180,330.25,261.5,29.25,58.5,0.53321
180,181.75,354.25,15.5,30.75,0.53267
180,532.5,336.75,12,24,0.53263
180,610,255.75,15,30,0.53261
180,331.75,416.75,16.5,33,0.5326
180,418.75,26.75,19.75,39.5,0.53235
180,43.5,328.75,15.75,31.75,0.53234
180,182.25,341.25,15.5,31,0.53233
180,197.5,343.75,13.25,26.5,0.53224
180,58.75,191.25,18.5,37,0.53216
180,176.75,359.25,12.5,25.25,0.53213
180,397,367.75,14.25,28.5,0.53211
180,289.75,406,14.5,29,0.53193
180,333,390.25,14.75,29.5,0.53183
180,547.5,407.75,12.5,25.25,0.53142
180,555,348.5,14.5,29,0.5313
180,437.75,344.75,15.75,31.25,0.53108
180,437,286.5,13.25,26.5,0.53101
180,410.25,21.5,15.75,31.5,0.5307
180,412.5,96.25,12.75,25.75,0.53025
180,467.75,378.5,15.5,31.25,0.53009
210,109,173.5,13,26,0.57502
210,181,23,13.25,26.25,0.55787
210,483.5,312.5,15.25,30.25,0.55586
210,324,12.25,13,26.25,0.55251
210,597.75,416.75,16,32.25,0.54872
210,332.5,381,13.75,27.5,0.54689
210,71,381.25,13.5,27,0.54538
210,544.5,299,12,24.25,0.54475
210,569.5,302.5,13,25.75,0.54474
210,200,286,13.25,26.5,0.5446
210,351.75,31.25,18.25,36.25,0.54404
210,26.25,116,14.25,28.25,0.54368
210,475.5,291.75,14,27.75,0.54288
210,218.75,53.75,14,27.75,0.54232
210,395.75,18.25,16.25,32.25,0.5418
210,357.5,342.75,13.75,27.5,0.54161
210,284.75,395.75,13.75,27.25,0.54141
210,212,445,16.5,33,0.54127
210,412.25,210.75,13.25,26.5,0.54053
210,284.5,9.5,12,23.75,0.54005
210,525,363,13.75,27.25,0.53964
210,620.25,435.75,12.5,25,0.53853
210,565,400.5,13.25,26,0.53671
210,32.5,15,11.75,23.5,0.53661
210,454.75,206.75,11.5,23.25,0.53655
210,408.25,99,13.25,26.25,0.53654
210,229.75,36.75,12.75,25.75,0.53587
210,250.5,50.25,15.25,30.5,0.5358
210,519.25,376.75,12,24,0.5356
210,316,90.75,12.5,25,0.53521
210,621.75,32.5,12.75,25,0.5352
210,293,95.25,17.5,35.25,0.53457
210,291.5,296.75,25.25,50.5,0.53455
210,453.25,420,14.25,28.25,0.53446
210,262,337.75,13.5,27.25,0.53433
210,407.75,9.75,13,26,0.53422
210,137,172,13,26.25,0.53375
210,467.25,270.25,17.25,34.5,0.53358
210,598,357.25,13.5,27,0.53331
210,459,318,17.75,35.75,0.53315
210,155.75,225.75,12.75,25.25,0.53311
210,442.25,46.5,15.75,31.5,0.53299
210,348.75,29,12.25,24.5,0.53297
210,200.25,441,18.75,37.75,0.53272
210,131.75,155.25,49,98,0.53269
210,139.5,366.75,16.5,33,0.53265
210,183.75,208.25,12.5,24.5,0.53257
210,243,201.75,12.5,25.5,0.53256
210,156.25,344.25,12.5,25.25,0.53256
210,365,340.5,15.75,31.25,0.53195
210,452.25,337.25,15.25,30.5,0.53194
210,68.25,130.5,12.25,24.5,0.53184
210,124.25,373.5,13,26,0.53178
210,102.75,343.5,14.5,28.75,0.5317
210,208.5,280.5,12.25,24.75,0.53154
210,468,288.25,16.5,33.25,0.53055
210,103.5,349.5,13,26.25,0.53053
210,379.75,306.75,13.75,27.5,0.5305
210,20,400.75,15,29.75,0.53047
210,284.75,111,16.5,33,0.5303
210,290.75,30.25,16.5,33.25,0.53021
210,237,387.75,14.25,28.5,0.53008
240,372.75,408,14.75,29.5,0.56008
240,525.5,376.5,12.5,25,0.55403
240,584.5,318.75,13.25,26.5,0.55368
240,68.75,174.5,16.25,32.5,0.55309
240,108.25,401.25,13.5,26.75,0.55258
240,415.25,415.75,12.75,25.25,0.55011
240,587.25,376,12.75,25.5,0.54967
240,580.75,443.75,15.25,31,0.54926
240,301,418,12.25,24.5,0.54723
240,576.75,374.75,14,28,0.54584
240,277.5,362.5,15.5,30.75,0.54453
240,308.75,442.75,15.5,31,0.54449
240,396.25,303.5,12.25,24.25,0.54441
240,252.5,49.25,12,24,0.54286
240,163.75,399.75,15.75,31.5,0.54281
240,484.25,410,13.5,27,0.54228
240,539.75,399,14.75,29.25,0.54172
240,508,442.5,12.25,24.5,0.54057
240,473.75,379.5,16.75,33.5,0.5404
240,604.25,406.75,14,28.25,0.53995
240,420.75,424.25,14,28.25,0.53853
240,132.5,443.75,17.75,35,0.53756
240,509.5,412.75,13.25,26.75,0.5366
240,310.25,432.75,14,27.5,0.53631
240,322.5,431.5,12.25,24.5,0.53545
240,599.5,358,13.5,27.25,0.53503
240,420,368,12.25,24.5,0.53467
240,586.5,329,13.25,26.25,0.53453
240,305,431.25,12.5,24.75,0.5344
240,569.25,10.5,15.25,30.25,0.53435
240,516.5,451.75,13.25,26.5,0.53422
240,134.25,397.25,13.75,27.25,0.53406
240,551.75,376,13.25,26.75,0.53315
240,311.75,15.25,12,24.25,0.53311
240,555,354,21,42.25,0.53292
240,372.25,382.25,14.75,29.75,0.53273
240,412.25,315,13.5,26.75,0.5321
240,278.25,263.75,14.25,28.5,0.53177
240,157.75,396.25,13,26.5,0.53172
240,556.75,387.5,16.5,33,0.53167
240,329.75,192.75,13.25,26.75,0.53146
240,101.75,416.5,14.75,29.5,0.53138
240,105.5,209.75,14.25,28.5,0.53108
240,397,399.5,13,26,0.53097
240,195.5,90.25,13.5,27,0.53094
240,139.25,160,14.5,29.25,0.53082
240,253.5,392.25,14.5,29.25,0.5305
240,107.5,364,12.75,25.25,0.53046
240,290.75,30.25,16.5,33.25,0.53021
240,81.5,382.25,13,26.25,0.53012
240,628.25,121.25,12.25,24.5,0.53003
270,374,383.25,12.25,24.75,0.57163
270,277.5,368.75,13.75,27,0.56912
270,144,3,13,25.75,0.56826
270,21.25,105.25,14,28,0.56532
270,389.75,435.75,14,28,0.56391
270,435.25,401.25,16,32,0.56384
270,302.75,423.75,13,25.75,0.56092
270,500.25,416.25,15.5,30.75,0.55856
270,598,385.75,13.25,26.75,0.55791
270,381.75,334.5,13.25,26.5,0.55326
270,373,437.5,13.75,27.75,0.553
270,567.25,340.5,13.25,26.75,0.55214
270,508.75,309,14.25,28.25,0.55124
270,371.25,260,13.25,26.25,0.55056
270,396.5,325.25,14.25,28.5,0.55019
270,580.25,325.5,13.75,27.25,0.54976
270,316.5,409.5,16.5,32.75,0.549
270,443.25,352,13.5,27.25,0.54741
270,404.25,12,12.5,25,0.54698
270,69,324.75,14,28,0.54674
270,628.25,159.5,12.5,25,0.54629
270,582.5,391.25,12.75,25.5,0.54618
270,521,198.5,12.75,25.5,0.54606
270,22.75,31.25,13,25.75,0.54512
270,487.25,436.25,13.25,26.5,0.54482
270,253,394,15,30,0.54464
270,220.25,381.75,14.75,29.5,0.54456
270,316.5,368.75,12.25,24.5,0.54438
270,101,437.5,13.75,27.25,0.54301
270,462.25,345.25,12.5,25.25,0.54295
270,117,431,15.25,30.75,0.54252
270,497.75,197,14.25,28.5,0.54231
270,587.75,103.75,29.75,59.25,0.54197
270,547.75,359.75,12.5,24.75,0.54192
270,190.25,416.75,14.75,29.25,0.54151
270,68.75,299.75,14.75,29.5,0.54117
270,50.75,172,12.5,25,0.54048
270,195,416.5,14.25,29,0.54032
270,506.75,428.75,17.75,35.5,0.5399
270,55,407.25,13.5,27,0.53956
270,356.5,423,13.25,26.5,0.53951
270,363.5,308,14.25,28.75,0.53921
270,323.25,400.25,12.25,24.5,0.53893
270,374,331,12.75,25.25,0.53885
270,163,371.25,17,34.25,0.53845
270,468.25,367.25,16.25,32.75,0.53839
270,236.25,352.75,15,30.5,0.53774
270,132.75,434.25,15,30.25,0.53766
270,508.25,405.25,12.25,24.25,0.53752
270,334,88.5,12.25,24.25,0.5373
270,140.5,434.25,15.5,31.25,0.53721
270,628,111.5,12.5,24.75,0.53719
270,316.5,393.25,11.75,23.75,0.53648
270,83.25,434.5,14.75,29.5,0.53644
270,220.5,419.75,14.5,29.5,0.53634
270,598.5,347.5,12.5,24.75,0.53625
270,304,391.5,12.25,24.75,0.53592
270,28.25,420.25,24,47.75,0.5359
270,580.5,346.5,15,30,0.53586
270,154.25,372.75,11.75,23.75,0.53583
270,53.5,161,18,36,0.53563
270,459.75,367.5,16,32.25,0.53548
270,37,313.25,14.25,28.5,0.53533
270,604.75,398.5,13.75,27.5,0.53496
270,166,421.75,13.25,26.5,0.53477
270,96.75,428.25,13,26,0.53463
270,472,433,13.5,27,0.53438
270,467.5,353.25,15.25,30.75,0.53438
270,227.25,367.25,17.75,35.75,0.53434
270,252.75,48.25,11.75,23.5,0.53432
270,458.5,437.75,13.5,26.75,0.53428
270,268.75,369.75,15,30.25,0.53415
270,605,345.25,14.5,29,0.53406
270,24.25,364.75,11.75,23.5,0.53406
270,132.75,335.25,21.25,42.5,0.53389
270,228.5,376.5,15.5,31,0.53377
270,268.75,384.75,15.75,31.5,0.53343
270,156.5,348.75,12.25,24.75,0.53319
270,335.75,316.25,12.25,24.75,0.53313
270,112,279.75,12.25,24.75,0.53309
270,244.5,349.25,15.5,31,0.53224
270,310.25,11.25,14,27.75,0.53197
270,317,87.5,13.25,26.5,0.53178
270,219.75,400.25,16.5,33,0.53173
270,196,288.75,12.25,24.75,0.5316
270,354.75,321.75,18.25,36.75,0.53117
270,352.75,276,11.5,23,0.53106
270,110,439.5,13,26,0.53089
270,-0.5,110.75,14.25,28.25,0.53082
270,588.25,350.5,13,25.75,0.53074
270,389,394,15.25,30.25,0.53071
270,63.75,138.5,24.25,48.5,0.53064
270,399,384.25,14.75,29.75,0.5306
270,551.5,359,12.5,24.75,0.53028
270,290.75,30.25,16.5,33.25,0.53021
270,380.25,434.25,14.5,29,0.53018
270,284.75,367,14.25,28.5,0.53014
270,499.25,432,16.25,32.5,0.53014
270,150,6.5,13.75,27.75,0.53004
300,532,403.25,15,29.5,0.5758
300,580.25,442.25,15.5,31,0.56915
300,277,330,15.25,30.5,0.56734
300,132,421.25,16.5,32.75,0.56664
300,518.25,407.25,12.75,25.5,0.56651
300,197.25,358.75,14,28.25,0.56552
300,482.5,442,18.5,37,0.56293
300,280,431.75,12.75,25.5,0.55997
300,324.75,308.5,14.25,28.5,0.55929
300,60.75,385.75,15,30.25,0.55905
300,26.75,153.25,13,26,0.55861
300,140.25,400.5,16.25,32.5,0.5579
300,92.25,385.25,15.5,31,0.5577
300,338.25,405.5,13.5,27,0.55658
300,340.5,369.5,12,24,0.55421
300,260.25,443,14,28,0.55183
300,502.5,375.75,13.25,26.25,0.55124
300,165.75,439.25,13.25,26.5,0.55034
300,156.25,385.5,14.75,29.5,0.54952
300,204.5,364,14.75,29.5,0.54936
300,364.5,400,11.75,23.5,0.54927
300,597.5,372.5,14.25,28.25,0.54849
300,328.25,432.25,12.25,24.25,0.54804
300,220,398.25,15.25,30.25,0.54765
300,148.25,346.5,15.75,31.5,0.54645
300,93,350.5,13.25,26.25,0.54604
300,100.5,348.5,14.25,28.75,0.54539
300,183.25,209.75,14.5,29.25,0.54532
300,108,444.75,15,30,0.54515
300,300.5,423.5,12.25,24.5,0.54478
300,156,411.25,14,28,0.54455
300,125.25,324.75,13.5,27,0.54417
300,332.75,360.25,15.75,31.5,0.54382
300,204.5,435,15,30.25,0.5435
300,97.75,210.75,17,34.25,0.54329
300,516,380.25,15.25,30.5,0.54329
300,53.25,161.5,18,35.75,0.54308
300,196.75,433.75,15,30,0.54302
300,148.75,326.25,14,27.75,0.54251
300,333.75,302.75,14,28.25,0.54232
300,68.5,384.75,15.5,31.25,0.54228
300,141.75,329.25,13.5,27.25,0.54172
300,228.5,398.75,15.5,30.75,0.54166
300,172.5,366.75,15.75,31.5,0.54155
300,164,333.5,15.5,31,0.54111
300,300,325.5,14,28,0.54041
300,475,391,16,32.25,0.53983
300,70.25,288.5,12.5,25,0.5398
300,107.75,385,16,31.75,0.53963
300,36.75,358.25,14,28,0.53952
300,354.75,184.5,13.75,27.25,0.5395
300,141.5,430,13,26.5,0.53929
300,477.25,351.75,13.25,26.5,0.53914
300,380,344,12.25,24.25,0.53897
300,482.25,396.5,17.75,35.25,0.53894
300,572.5,338,13.5,27.25,0.53889
300,588.75,450.25,14,28,0.53889
300,61.75,364.5,13.25,26.5,0.53887
300,276.5,431.5,12.75,25.75,0.53865
300,116,438.5,16.75,33.75,0.53857
300,340.75,303.25,16.25,32.5,0.53849
300,462.25,432.5,20.5,41.5,0.53833
300,221,335.5,12.5,25,0.53788
300,300.5,440.25,12.5,25,0.53785
300,365,303,15,30,0.53764
300,284.75,318.75,13.75,27.5,0.5371
300,357.75,400,12.25,24.25,0.53666
300,204.75,448.5,12.5,25.25,0.53655
300,571.75,391.5,12.25,24.5,0.53647
300,316.25,432.25,12.25,24,0.53555
300,489.25,416.5,20.25,40.5,0.53554
300,271.25,409,19.75,39.5,0.53512
300,197.75,332.5,12.5,25,0.53506
300,232.25,451.75,12.25,24.5,0.53475
300,540.25,355.75,12.75,25.75,0.5342
300,278,372.5,13,26.25,0.5337
300,108.5,335,15,30.25,0.53307
300,547,439,17.75,35.5,0.53304
300,38.25,150.75,16,32,0.53282
300,124.75,346.5,14,28,0.53281
300,156.25,330.25,15.25,30.25,0.53273
300,470,391.5,12.75,25.25,0.53271
300,69.25,360.5,15.5,30.75,0.5327
300,292.25,331.25,14.5,29,0.53244
300,36.25,408,15.5,30.75,0.53195
300,571,361.75,20.25,40.75,0.53191
300,532,400.25,13.5,26.75,0.5317
300,108.25,372.25,15,30.25,0.53161
300,588.25,305,13.5,26.75,0.53146
300,212.25,355.5,15.25,30.75,0.53126
300,230.75,245.5,18.25,36.75,0.53112
300,187.5,379.5,16.25,32.25,0.53097
300,244,37.5,13.5,27,0.53095
300,378.25,385,19.75,39.5,0.53095
300,254.25,27.75,17.25,35,0.53071
300,547.25,213.25,14,28,0.53031
300,290.75,30.25,16.5,33.25,0.53021
330,261,433.5,15,29.75,0.56143
330,317.5,356.75,13.5,27.25,0.55859
330,333.5,358,13.25,26.5,0.5564
330,344.5,261.25,12.75,25.75,0.55611
330,183.25,373.5,30.25,60.75,0.55534
330,437.75,386.75,14.75,29.5,0.55507
330,197,354.75,15,30,0.55454
330,220.5,412.25,14,28,0.55301
330,612,328,15.5,31.25,0.55149
330,268.5,393,15.5,31.5,0.55101
330,236.25,403.5,12.75,25.5,0.55064
330,509.25,411.5,13.75,27.75,0.54738
330,51.5,301,16.5,33,0.54595
330,317,439.75,12.75,25.25,0.54513
330,219.5,383,13.5,27,0.54508
330,317.5,428.75,12.5,25.25,0.54368
330,485.75,420.25,15.25,30.5,0.54205
330,287.5,259.25,13.75,27.25,0.54205
330,588.25,342.75,15,30.25,0.54178
330,535,150.75,18.5,37,0.5413
330,236.5,427.5,13.5,27,0.5408
330,115,143.25,22,44,0.54077
330,555.75,400.75,16,32,0.5396
330,334.5,316.25,12,24,0.53936
330,197,382,14.5,29,0.53891
330,281,260.25,13.5,26.75,0.53863
330,581,330.75,14.75,29.5,0.53744
330,549.75,343,13.5,26.75,0.53686
330,413.25,305.25,12.75,25.75,0.53686
330,333.5,336.25,13.75,27.75,0.53678
330,556.25,428.5,12.5,25.25,0.53647
330,260.5,419.75,15.25,30.75,0.53645
330,254,407.75,15.5,31,0.5363
330,294.5,315,12.75,25.25,0.53593
330,428,352.25,15.5,30.75,0.53547
330,-12.5,254.5,104.5,209.25,0.53524
330,248.5,372,11.75,24,0.53519
330,93.5,37.75,12.75,25.5,0.53497
330,389,296.25,15.25,30.25,0.53492
330,242.5,407.25,11.5,23,0.53472
330,88.25,197.5,14.5,29.25,0.53468
330,523.5,136.75,12.5,25,0.53464
330,292.5,295.25,13,26,0.53436
330,409,198,16.25,32.5,0.53383
330,425.5,56.75,12.75,25.25,0.53364
330,262,342,13.5,27,0.53361
330,375,305.25,12.5,25.25,0.53334
330,134.75,393,13.25,26.5,0.53327
330,69.5,161.75,13.25,26.25,0.53323
330,362.75,195.75,12.75,25.75,0.53273
330,341.25,334,13.5,27,0.53252
330,508.75,435,14.5,29,0.53238
330,317.5,380.5,13.5,27,0.53231
330,285.75,360,13,25.75,0.53224
330,476.75,193,13.25,26.5,0.53216
330,44,312,14.75,29.25,0.53205
330,573.25,326,13.75,27.5,0.53196
330,539.25,386,16.5,33.25,0.53189
330,625.75,192.5,14.25,28.75,0.53185
330,332.25,260,18.25,36.5,0.53181
330,444,433.75,12.75,25.5,0.53104
330,220.75,435.5,13.5,27.25,0.53104
330,212.75,394.25,14.75,29.5,0.53102
330,29,301.5,14.25,28.75,0.53098
330,38.25,148.25,12.25,24.75,0.53083
330,68.5,299,14.25,28.5,0.53053
330,229.25,410.5,14.25,28.5,0.53035
330,411.75,437,12.25,24.5,0.53032
330,294.5,391.25,12.25,24.5,0.53019
330,529,63.5,25.25,50.75,0.53016
360,319.5,400,12.75,25.5,0.56049
360,480.5,407.5,12.5,25,0.5564
360,166,381,12.75,26,0.55308
360,100.75,396.25,14,28.25,0.55124
360,498.5,416.75,12.25,24.25,0.55058
360,100,378.75,15.25,30.75,0.5489
360,108.25,395.75,15.25,30.25,0.54815
360,491.75,404.75,14.25,28.5,0.54625
360,597.5,428.25,13.25,27,0.54377
360,52.25,409,15.5,30.75,0.54318
360,60.5,411.25,14.25,28.5,0.5425
360,307.25,100,14.75,29.5,0.54121
360,340.5,400.5,12.25,24.5,0.54107
360,594.25,197.75,12.75,25.75,0.541
360,470,381,14.25,29,0.54002
360,89.75,379.25,18.25,36.25,0.53929
360,419.75,208.5,13,25.75,0.53909
360,510.75,428.25,12,24,0.53813
360,132.75,369.25,16,31.75,0.53793
360,113.75,291,89.75,179.25,0.53633
360,532.5,184.5,15.75,31.5,0.53538
360,46.25,90.75,45.25,90.25,0.53527
360,550.5,333,37,74.25,0.53505
360,503,414.75,13,25.75,0.53417
360,71.25,390.25,12.75,25.75,0.53348
360,498.5,408.75,11.75,23.75,0.5331
360,385.75,96.5,18,36.5,0.53272
360,625.5,97,14.25,28.75,0.53254
360,276,436.75,16.5,33.25,0.5324
360,268.75,376.75,14.75,29.25,0.53172
360,109.25,132,13.5,27,0.53114
360,395,117.5,13.75,27.5,0.53073
360,437.75,3,15,30.25,0.53071
360,516.5,412.75,14.25,28.5,0.5307
360,268.75,434.75,13.75,27.25,0.53058
360,396.5,428.25,14.5,29.25,0.53055
360,600,331.75,17,33.75,0.5303
360,588.75,432,13.75,27.25,0.53025
360,380.5,379.75,14.75,29.5,0.53005
390,229,412.75,14.25,28.25,0.5756
390,213.75,392,13,26,0.57515
390,-2,71.75,21.25,42.75,0.56865
390,53.5,396.5,12.75,25.5,0.56288
390,295.25,91.75,12.25,24.75,0.55953
390,284.75,398.25,14,28,0.55586
390,476.5,390,13.25,26.75,0.5557
390,244,409.75,15.5,30.75,0.55478
390,459.75,383.75,14.25,28.5,0.55383
390,588.25,418.5,14.25,28.5,0.55329
390,580.25,397.5,15.25,30.25,0.55313
390,589,397.75,13.75,27.5,0.55082
390,536.25,378.5,11.75,23.5,0.55012
390,396.75,412.25,14.5,29,0.54998
390,412.25,412.5,13.25,26.25,0.54939
390,500,391.25,12.75,25.75,0.54759
390,216.25,306.75,12.5,25.25,0.54627
390,539.5,391,14.75,29.25,0.54501
390,45,394.75,13.25,26.5,0.54438
390,373.5,256.75,13.25,26.5,0.54391
390,356.25,246.5,15.75,31.25,0.5435
390,236,410.5,15.25,30.5,0.54327
390,117,399.5,15,30.25,0.54325
390,357.75,354.25,13.5,26.75,0.54278
390,365.5,254.75,14.75,29.5,0.54241
390,124.5,396.75,14.5,29,0.54129
390,205.25,334.75,13.5,27,0.54112
390,442.5,191,89.5,178.75,0.54088
390,227.5,91.5,18.75,37.5,0.54041
390,342,250.5,13.75,27.5,0.54022
390,596.25,396.25,14.75,29.5,0.54004
390,445,401.5,14.5,29,0.53963
390,540.25,420.5,12.75,25.5,0.53962
390,326.25,241.5,14,28.25,0.53908
390,572.5,415.25,14.5,29.25,0.53881
390,314.75,227.75,14.25,28.5,0.53804
390,491.25,396.25,14.5,28.75,0.53803
390,373.75,353.75,21.75,43.25,0.53742
390,375.5,384.25,16,32.5,0.53658
390,365.25,246.5,15,30.25,0.53653
390,350,246.25,14,28.5,0.53631
390,532.75,393,14.25,28.75,0.53607
390,420.5,407,15.5,30.75,0.53598
390,57.5,110,26,52.25,0.53576
390,137.25,196,14.5,29.25,0.53551
390,127.5,402.75,24.75,49.75,0.53536
390,340.5,240.5,16.75,33.75,0.5352
390,380.25,251.75,12.75,25.5,0.53507
390,355.25,212.75,13,26.25,0.535
390,557.5,388,14.5,29,0.53451
390,336.25,297.25,12.25,24.5,0.53411
390,346.75,369,18.25,36.25,0.53381
390,85.75,191.5,14.25,28.75,0.53359
390,292.5,398.5,13,26.25,0.53334
390,601.25,208.5,29.5,59,0.53323
390,140.5,412,12.5,25.25,0.53321
390,323.75,378,17.25,34.25,0.53233
390,118,202,13,26,0.5322
390,419.5,326.5,13.25,26.75,0.53196
390,67.25,191.75,20.5,41.25,0.53139
390,-9.25,304,81,162,0.53103
390,124,403,13.75,27.5,0.53094
390,149,396.5,14.5,29,0.53068
390,76.25,388.5,15.25,30.5,0.53029
390,255.75,167.25,13.5,27.25,0.53022
420,508,384.75,13.25,26.25,0.56038
420,508.5,331.5,14.75,29.5,0.55997
420,379.75,288.25,15.75,31,0.55794
420,389.75,341.5,14.5,29.25,0.55723
420,547.75,369,13,26.25,0.5564
420,292.25,367.25,14.75,29.75,0.55567
420,316.5,353.25,16.25,32.25,0.55536
420,500.25,378.75,15.25,30.5,0.55458
420,433,175,12.25,25,0.55205
420,308.25,369.25,16.5,33,0.55195
420,484.25,299.25,15.75,31.25,0.55049
420,179.25,312.25,12.25,24.5,0.54877
420,267.25,359.25,17.5,34.75,0.54852
420,68.5,414.25,13.25,26.5,0.54841
420,468.5,281.25,12.5,24.5,0.54762
420,626.5,254.5,13,26.25,0.54705
420,605,416.5,12.75,25.75,0.54689
420,-2.5,198.5,19.25,38,0.54665
420,310.25,226.5,17.25,34.25,0.54631
420,84.25,362.25,15.25,30.5,0.54605
420,604.5,269,18.25,36.25,0.54585
420,253.75,369,14,28,0.54563
420,260.75,304.5,15,30,0.54524
420,323.5,181.75,13.25,26.25,0.54468
420,468,320.75,16,32,0.544
420,580.75,395,15.25,30.75,0.54374
420,340.5,238.25,13.75,27.25,0.54312
420,237,386.25,15.5,31.25,0.54279
420,539.5,368.5,16,31.75,0.5427
420,116.75,378.5,15.5,31.25,0.54245
420,437.75,323.5,14.75,29.25,0.54203
420,612.75,408,12.75,25.75,0.54086
420,453.5,348,13.5,27,0.54056
420,299.75,377.5,15.5,30.75,0.54046
420,564.25,384.25,15.25,30.5,0.54041
420,411.75,318.75,16.75,33.25,0.54037
420,580.75,360.75,12.5,25.5,0.54027
420,67.5,345,16.25,32.5,0.54016
420,285,366.25,14.25,28.75,0.53866
420,229.25,397.25,14,28,0.53854
420,52.75,191.5,18.75,37.5,0.53848
420,69.75,166.25,28.25,56.75,0.53833
420,151.25,193,46,92.25,0.53805
420,364.5,88.25,11.75,23.5,0.538
420,530.75,369.5,16.25,32.5,0.53764
420,68.5,353.25,15.5,30.75,0.53722
420,501,393.25,14.25,28.5,0.53692
420,267.75,352.25,17.5,35,0.53671
420,459.75,284,15.75,31.5,0.53623
420,452.25,298.75,15.25,30.25,0.53612
420,420.5,301.5,16,32,0.53607
420,263.5,422.75,12.75,25.5,0.5358
420,405,327,13.75,27.5,0.53539
420,364.5,391.5,12.75,25.25,0.53505
420,-18.25,153.5,156.25,313,0.53466
420,380.25,412,13.5,27,0.53463
420,219.5,381.25,16.5,33,0.53455
420,604.5,282.75,21.5,43,0.53431
420,370.5,185.75,16.25,32.25,0.53404
420,489.5,315,20.25,40.5,0.53384
420,107,380.75,16.75,33.75,0.53381
420,290.5,351,17,34,0.53371
420,254.5,320.5,12.25,24.25,0.53339
420,-3.5,130,29.25,58.75,0.53324
420,229.25,315,13.25,27,0.53319
420,404.25,337.5,14.75,29.75,0.53297
420,500.75,316,12.75,25.75,0.53292
420,524.5,324.5,16,32,0.53278
420,561,341,43.5,87.25,0.5327
420,141.25,322.5,14.5,29.25,0.53268
420,493.25,290.75,15,30.25,0.5326
420,363,247,26.5,53,0.53251
420,565.25,189.25,29,58.5,0.53195
420,293.75,424,15.25,30.5,0.53189
420,47,416.25,12.25,24.25,0.53184
420,396.5,301,14.25,28.75,0.53178
420,268,301.75,17.5,35,0.53176
420,539.75,260.5,14,28.25,0.53167
420,26.5,215.75,16,32.25,0.53163
420,232,339.5,12.25,24.5,0.53157
420,315.5,417,12.75,25.75,0.53149
420,428.5,288.25,12,24.25,0.53131
420,326.75,423.25,13.5,27.25,0.53106
420,75.5,190.75,16.25,32.75,0.53097
420,262,71.25,14,27.75,0.53096
420,343,381.5,14.5,29,0.53092
420,353.5,183,13.25,26.5,0.53081
420,548.75,13.75,12,24,0.53056
420,485.25,328.5,13.5,27,0.53046
420,428.5,383.75,13.75,28,0.53026
420,461,299.75,14,27.75,0.53009
420,348.5,239.5,13.25,26.25,0.53008
450,493.25,387,13.5,26.75,0.58574
450,235.75,391.75,15.25,30.5,0.57576
450,534,312.75,12.25,24,0.56643
450,108.5,400.25,14.5,29.25,0.56637
450,564.75,394.5,14.5,28.5,0.56225
450,85.75,384.25,13.75,27.75,0.56172
450,446.5,357,14,28,0.55539
450,584.5,288.5,12.25,24.5,0.55529
450,100,385.75,15.25,30.5,0.55423
450,20.25,360.25,15.75,31.25,0.5537
450,443.25,177.75,14.5,28.75,0.55305
450,317,373.5,14,27.75,0.5512
450,564.5,299.75,15,30,0.55037
450,99.75,346.5,15.75,31.25,0.54952
450,277.75,356.25,14.25,28.5,0.54923
450,140.5,381,14.75,29.25,0.54888
450,333.25,278.75,15,30,0.54836
450,331.5,290.75,17.5,35.25,0.54834
450,436.25,429.5,16.5,33.25,0.54793
450,445,270.75,14.75,29.25,0.54777
450,348.5,320.5,13.5,27,0.54759
450,486,400,12.75,25.25,0.54757
450,373.25,424.75,13.75,27.25,0.54688
450,507.5,402.25,15.75,31.5,0.54685
450,597,384.5,13.5,27,0.5463
450,404.5,351.25,15.75,31.25,0.54627
450,15,105.75,34.75,69.5,0.54617
450,570.5,192,12.75,25.5,0.54548
450,389.75,398.75,13.5,26.75,0.54508
450,324.75,393,15.25,30.25,0.54495
450,241.25,61.25,14,27.75,0.54449
450,93,389.5,13.75,27.25,0.54392
450,382.5,385.5,12,24,0.54144
450,116.75,348.5,14.75,29.5,0.54128
450,572,314.75,15,30,0.54086
450,309.5,433.25,12.5,25,0.54062
450,556.5,384.75,15.25,31,0.53973
450,509.75,370,13,26.25,0.53959
450,275.25,414.5,17.5,35,0.53936
450,460,260.5,14,27.75,0.53929
450,294.75,342.25,13.25,26.5,0.53866
450,244.25,389.75,16,32.25,0.53864
450,140.75,350.75,15.5,31.5,0.53832
450,564,192.75,12.25,24.25,0.53829
450,148.5,402,15.5,30.75,0.53807
450,236.5,290.25,11.5,23.5,0.53769
450,523.75,399.25,17,34.25,0.5376
450,156.5,351,15.25,30.25,0.53751
450,506.75,300.5,17,34,0.5375
450,396.5,343.5,13.5,27,0.53732
450,452.5,365.25,15.75,31.5,0.53676
450,492.25,398.25,15.5,30.75,0.53654
450,592,175.25,21.25,42.75,0.53618
450,422,360.5,13,26.25,0.53614
450,276.25,374.75,13,26,0.53594
450,126,424.75,12.75,25.25,0.53563
450,532.5,331.25,14.5,29,0.53538
450,557.5,414,14.25,28.5,0.53524
450,353.25,192,12.75,25.5,0.53521
450,502.75,293.25,14.25,28.5,0.53521
450,269.25,357.5,13,26.25,0.53496
450,355.75,273,15.75,31.5,0.53496
450,588.75,302,14,28,0.53494
450,564.75,276.25,14,28.5,0.53461
450,1,185.25,14.5,28.75,0.53456
450,443.75,400.75,19.5,38.75,0.53454
450,285,372.75,14,28.25,0.53438
450,461.5,379.5,13.25,26.75,0.53434
450,316.5,344.25,15.75,31.5,0.53429
450,515.75,386.25,16,32,0.53412
450,459.75,273.75,16.25,32.5,0.53397
450,334.25,370.5,23,45.75,0.53393
450,156.5,400,13.25,26.5,0.53391
450,149,379,14,28,0.53377
450,120,401,12.25,24.75,0.53375
450,348.5,262,12.5,24.75,0.5337
450,278.5,441.5,12.75,26,0.53358
450,21.5,317.75,13.5,26.75,0.53349
450,581,421.25,14.5,29.25,0.53338
450,220.25,321.5,16,32.5,0.53324
450,382,362.5,12.5,25,0.53313
450,349,398.5,13.25,26.5,0.53307
450,132.25,359.5,14,28,0.53299
450,348.75,299,13.5,27,0.53296
450,477.5,387.25,13.5,27,0.53247
450,532,384.75,12.75,25.5,0.53243
450,196.25,360.5,15.25,30.75,0.5323
450,270.5,248.75,12,24.25,0.53229
450,189.75,332.5,12,24.25,0.53228
450,289,288.25,17.5,34.5,0.5322
450,545.75,403.25,18.75,37.25,0.53208
450,516,293.25,12.75,26,0.53186
450,500.5,406.5,13.25,26.25,0.53184
450,252,375.5,16.5,33,0.53182
450,582,354,12.75,25.25,0.53168
450,414.75,403.25,13.5,27.25,0.53151
450,331.75,353,17,34,0.53142
450,134.5,98.75,13.75,27.5,0.53141
450,493,300.5,14.5,29,0.53135
450,572,269,16.25,32.5,0.53134
450,542,414,13.75,27.25,0.53118
450,100.75,190,13.5,26.75,0.53095
450,554.5,269.25,19.25,38.25,0.5309
450,52.25,377,15.25,30.5,0.53059
450,0.5,94.75,12.5,25.25,0.53046
450,398.25,416.5,12.25,24.75,0.53036
450,353.25,73.5,12.25,24.5,0.53025
450,524.75,375.5,12.75,25.75,0.53016
450,108,279.75,12.25,24.5,0.53008
480,332.75,404.25,14.5,28.75,0.58094
480,531.5,353.75,14.25,28.75,0.57707
480,260.5,383.75,15.75,31.25,0.5762
480,356.75,398,14.75,29.75,0.56888
480,300.5,291,15.25,30.5,0.56554
480,484,410.75,14.75,29,0.56516
480,490.75,404.25,17.75,35.25,0.5639
480,484.5,387,13.5,27.25,0.55604
480,372.25,303.25,13,25.75,0.55529
480,268.25,340,15.25,30.25,0.55407
480,36.75,386,14.75,29.75,0.55138
480,500.75,356.75,14,28.25,0.55033
480,402.75,383.25,17,34.25,0.55008
480,572.75,416.25,13.25,26.5,0.54907
480,221,359,13.5,27,0.54795
480,263.5,407.5,12.75,25.25,0.54785
480,467.25,335.25,17,33.5,0.54747
480,555.25,426,16.5,33,0.54697
480,100.25,329.5,15,30,0.54602
480,327.25,372,12.75,25,0.54537
480,358,421,13.75,27.75,0.5453
480,380.5,427.25,12.5,25.5,0.54526
480,477,389.75,13.5,27,0.54522
480,301.25,340,14.75,29.75,0.54487
480,325,295,13.75,27.5,0.54438
480,133.75,315.75,13.5,27.25,0.54352
480,60.25,47,55.5,110.75,0.54325
480,404.5,356,14.5,28.75,0.54322
480,100.5,317.25,13.75,27.75,0.54227
480,508,350.25,13.75,27.5,0.54196
480,540.25,431.5,13.25,26.25,0.54187
480,132.25,379,14.75,29.75,0.54147
480,438,406,14.25,28.75,0.54146
480,594.5,329.25,12,24,0.54104
480,139.75,368.25,12.5,25,0.5406
480,451.5,368.5,16.5,32.5,0.54054
480,460.25,339.25,14.75,30,0.54047
480,107.5,304.25,16.25,32.5,0.54032
480,444.75,353.75,15.25,30.75,0.54027
480,348.25,397.25,16.5,32.75,0.53967
480,468.25,427,14.25,28.5,0.53948
480,276,271.5,16.5,33,0.53895
480,158,420.5,12.5,24.75,0.53874
480,397.25,312.25,14.75,29.75,0.53873
480,613.5,319,13,25.75,0.53795
480,229.5,427.75,14,28.25,0.53773
480,291.75,289,16,32.25,0.53757
480,445.25,364,14.5,29,0.53679
480,429.5,417.5,16.25,32.75,0.53666
480,181,298.75,14.25,28.5,0.53641
480,580,407.25,12.75,25.25,0.53616
480,564.5,417.75,14.5,29,0.53602
480,92.75,327.5,14,27.75,0.5359
480,108,411.5,13.75,28,0.53581
480,150.25,386.5,15.25,30.5,0.53554
480,84.25,411.5,14.75,29.25,0.5355
480,317,351.75,13.25,26.25,0.53544
480,252.25,70.5,12.5,25.25,0.535
480,244.25,418,15.75,32,0.53497
480,341.5,359.25,12.5,24.75,0.53488
480,308.75,278,13.25,26.25,0.53467
480,464.25,411.5,12.25,24.5,0.53462
480,604.5,408.5,12.75,25.5,0.53455
480,462,189,16.25,32,0.5344
480,198.25,113.5,17.75,35.75,0.53427
480,149.25,375.5,13.75,27.75,0.53413
480,525,427.25,13.25,26.75,0.53394
480,99.25,384.25,16.5,33.25,0.53378
480,146.5,174.25,19,38.5,0.53365
480,375,316,12.5,25.25,0.53346
480,-0.25,209.5,13.75,27.5,0.53294
480,460.5,408.75,12.25,24.5,0.5329
480,165.5,396.25,13.75,27.25,0.53282
480,308.25,347.75,16.75,33.75,0.5327
480,234.75,413.5,17.25,34.5,0.53267
480,526,361.75,12.75,25.25,0.53265
480,256.5,69.5,13.25,26.75,0.5326
480,468.5,423.75,13.25,26.75,0.53256
480,317.5,410.75,14.5,29.5,0.53241
480,77.75,195.5,18.5,36.75,0.53238
480,369.25,366.25,19,37.75,0.5323
480,315.75,394.25,16.5,32.75,0.5321
480,386,355.5,17.25,34.5,0.53196
480,518,355.5,14.5,29,0.53139
480,483.25,153.75,15.5,31.25,0.53128
480,204.5,305.25,12.25,24.75,0.53124
480,60.75,205,16.75,33.5,0.53123
480,285.25,267.75,13.75,27.75,0.5312
480,148.5,308.5,15,29.75,0.53118
480,360.5,108.75,11.75,23.5,0.53112
480,487.5,305.75,28.25,56.5,0.53109
480,212.25,365.25,14,28.25,0.5308
480,291,406.75,17,34.25,0.53074
480,168.25,321.25,12.25,24.5,0.53027
480,365.25,288,14,28,0.53012
480,335.75,368.5,12.75,25.75,0.53005
510,77.5,333.75,13.75,27.75,0.58613
510,523.75,311.5,14.25,28.5,0.57178
510,572.25,416.25,16,32.25,0.56692
510,173.25,423.25,13.5,27.5,0.56465
510,461,419.75,14,27.75,0.56302
510,142,422.75,13.5,26.75,0.56293
510,444,327.75,12.75,25.5,0.55358
510,93.25,360.25,13.25,26.5,0.55126
510,52.25,340.5,14.25,28.5,0.54994
510,424.25,326,13,26.25,0.54948
510,539.25,303.25,17.25,34.5,0.54795
510,405.25,398.75,13.25,26.5,0.54628
510,245.75,344.5,13,26,0.54586
510,300.5,407,13,26.25,0.54577
510,285.25,415.5,13,25.75,0.54569
510,627,119,13.25,26.5,0.54527
510,260.25,393.5,16,32.25,0.54461
510,252.25,297.25,15.75,31.75,0.54439
510,269.75,375.75,13.75,27,0.54435
510,452.25,123.75,21.5,43,0.54347
510,221.25,361,13.5,27,0.54284
510,590,359.25,12.75,25.75,0.54275
510,158.25,365.75,13.5,27,0.54266
510,360.75,259.25,12,24.25,0.54255
510,579.75,282.25,17,33.75,0.54235
510,390.5,414.25,13.25,26.25,0.54233
510,540.25,330.5,14.25,28.5,0.5422
510,259.75,335.75,16.5,32.5,0.54214
510,260.25,299,16.25,32.75,0.5421
510,15.25,204.75,12.5,25.25,0.54141
510,469,331.75,15,30,0.54117
510,477.5,365.75,13.5,27.5,0.54105
510,302.5,319,13,26.5,0.54051
510,332.75,263.25,12.5,25,0.53997
510,606,428.25,14,28,0.53971
510,477,429,12.25,24.75,0.53914
510,158,424.75,12.25,24.25,0.53899
510,611.5,332.75,15.25,30.5,0.53868
510,243.75,283.25,15,30,0.53851
510,269,399.25,14.25,28.5,0.53839
510,459.5,345.75,16.5,33,0.53823
510,502.25,129,12.5,25,0.53805
510,236,290.5,14.75,29.5,0.53781
510,134.5,384,13,26.25,0.53768
510,308.25,424.25,12.5,25,0.53763
510,98.5,35,55.5,111,0.53744
510,190,379.5,14.25,28.25,0.53705
510,331.75,348.5,12.25,24.75,0.53689
510,214.25,278,13,26.25,0.53685
510,53.75,365.5,13.75,27.5,0.53664
510,429.5,399,13.75,27.5,0.53657
510,563.5,359.25,16.25,32.5,0.53623
510,21.75,349,13.75,27.25,0.5361
510,529.5,230.75,12.75,25.5,0.53608
510,368,274.25,14.5,29,0.53602
510,437.25,326.5,13.5,27,0.53598
510,459.5,350.5,16.75,33.5,0.53579
510,235.25,284.5,14.75,29.5,0.53551
510,109.25,351,13.5,27.25,0.53527
510,69,366,13.75,28,0.53523
510,28.5,343,12.75,26,0.53489
510,437,415.75,15.5,31,0.53475
510,567.25,336.5,13.25,26.5,0.5339
510,308.5,365.75,13.75,27,0.53383
510,556,287,16,31.5,0.53374
510,589,300.25,13.5,26.75,0.53362
510,375.5,181.5,17.25,34.75,0.53348
510,368.25,428.75,12.5,25,0.53343
510,36,304.5,13.25,26.5,0.53317
510,195.25,399,17.5,35.25,0.53312
510,-2.5,107.75,18.75,37.5,0.53307
510,84.25,353.25,15.75,31.25,0.53302
510,204.75,364.25,14.5,28.75,0.53292
510,99.25,400.75,17.25,34.25,0.53264
510,126.25,433.75,12.5,24.5,0.53231
510,425.5,406.75,23.25,46.75,0.53223
510,594.25,154,12.25,24.5,0.53214
510,166.5,321.75,12,24,0.53161
510,411.75,336,20.75,41.5,0.53151
510,245,300.5,14.5,29,0.53136
510,92.5,394,12.75,25.25,0.53133
510,260.5,287.75,13,26,0.53119
510,550,305,14.25,28.75,0.53113
510,333.5,380.75,13.75,27.25,0.53104
510,332.25,360.5,12.25,24.5,0.53092
510,172.5,67.25,37.75,75.5,0.5308
510,355.5,316.5,17.25,34.5,0.5306
510,611.75,327,13,26,0.53043
510,295.75,310.5,12.5,25,0.53043
510,212.25,409.5,15.75,31.25,0.53004
540,508.25,376.5,12.25,24.75,0.55923
540,26,57.75,40.5,81,0.55052
540,524.25,310.25,13.5,27,0.55002
540,541.5,424.25,13.25,26,0.54842
540,411.5,419.75,17,33.75,0.54564
540,229.75,414.75,14.75,29.75,0.54556
540,85.75,407.25,13.5,27.25,0.54359
540,349,310.5,13,25.75,0.54115
540,488.25,360.5,12,24,0.54071
540,325,371.75,14,28,0.54071
540,340.75,393.5,13.75,27.5,0.54042
540,476.5,409,13,26,0.54002
540,162.25,416.75,14.75,29.25,0.53999
540,519.25,310.25,13.25,26.75,0.53837
540,256.25,69.25,13,26.5,0.53824
540,102,384.25,13.25,26.25,0.53814
540,428.5,424.5,12.25,24.25,0.53774
540,212,368,16,32,0.53768
540,296.25,94.25,12.25,24.75,0.53751
540,96.25,385,12.25,24.5,0.53747
540,551,188,25.25,50.25,0.53724
540,105,399.25,18,36.25,0.53662
540,357,417.25,15.5,30.75,0.53565
540,461.25,427.5,14.5,28.75,0.5355
540,340.75,416,12.5,25.25,0.53356
540,500.75,368.5,11.75,23.75,0.53335
540,252.25,70,12.5,25.25,0.53317
540,537.75,178.5,16.75,33,0.53288
540,187.75,387.25,17,33.75,0.53278
540,277.5,362.75,14,28.25,0.53234
540,381.75,319.75,13.75,27.5,0.53075
540,284.25,258.5,21.75,43.75,0.53068
540,308.5,423.5,14.75,29.25,0.53006
570,86,413.25,13.5,27,0.58487
570,313.75,109.25,13,25.75,0.57786
570,218.5,37.5,13.75,27.5,0.57321
570,445.25,331.75,14.75,29.75,0.57203
570,164,413,14.25,28.25,0.55769
570,317.5,414.25,13.75,27.5,0.55134
570,558.25,310.75,14.75,29.75,0.5506
570,252,70.75,12.75,26,0.54913
570,331.75,404.75,12.5,24.75,0.5479
570,516.5,402.5,15.25,30.5,0.54577
570,333.75,165,12.75,25.5,0.54508
570,628.5,64.5,12,23.5,0.54402
570,468,396.5,13.75,27.75,0.54398
570,563,335.5,17,33.75,0.54357
570,267.25,72,13.5,27,0.54079
570,374.5,54.5,12.25,25,0.54042
570,414,372.75,13.75,27.5,0.53981
570,551.75,422.75,12.5,25,0.53965
570,532.25,395.75,15,29.75,0.53962
570,537.5,412.25,14.5,28.75,0.53928
570,2.25,52,44,88,0.5388
570,71.25,415.75,12.25,24.75,0.53867
570,423.5,371.75,14,28,0.53808
570,556.5,312.25,16.5,33,0.53754
570,330.25,112.75,12,24,0.53522
570,256.5,70.5,12.75,25.25,0.53487
570,151.25,415,13.25,26.5,0.53399
570,535.75,311,12.75,25.5,0.53358
570,588.25,424.5,14.75,29,0.53338
570,572,328.5,15,30,0.53311
570,308,419.5,15,30,0.533
570,172.25,416,12.5,25,0.53288
570,104.75,284.75,56.25,112.25,0.53282
570,80.25,416,12.25,24.5,0.53273
570,212.5,44,15,29.75,0.53272
570,192.25,346.25,14.75,29.5,0.53192
570,341.5,424.5,12.5,25,0.53176
570,400,434.75,12.25,24.25,0.53176
570,542.75,164.5,13.25,26.5,0.53168
570,230.5,368.5,12.75,25.25,0.5312
570,267.75,93.5,17.75,35.25,0.53101
570,93.25,79,13.25,26.5,0.53069
570,472.25,142.25,15.25,30.5,0.53056
570,158,336.75,26.75,53.25,0.53015
600,218.5,37.5,13.75,27.5,0.57321
600,316.75,106,13.25,26.5,0.55463
600,583.5,1.25,14.75,29,0.54979
600,172,350.25,13.5,27,0.54792
600,267.75,95,16.5,33,0.54524
600,604,372.25,14.75,29.25,0.54519
600,269,91,13.25,26.5,0.54393
600,256.5,70.75,12.75,25.75,0.54358
600,437,355,16.5,32.5,0.54302
600,502.25,31.75,12,24,0.54294
600,118,370.5,15,30.25,0.54261
600,88.5,266.75,101.25,202.25,0.54236
600,428.25,364.75,14.75,29.5,0.54196
600,151.5,375.75,12.5,25,0.54023
600,470.75,400.75,14.5,28.75,0.53873
600,477,407.5,13.25,26.25,0.53862
600,102.5,201.25,12,24,0.53828
600,332.25,109,13,26,0.5379
600,445,292.75,12.75,25.5,0.53694
600,491.75,403,17.25,34,0.5369
600,335.75,167.25,13.75,27.25,0.53649
600,437.5,378,15.25,30.25,0.53535
600,140,379.5,12.75,25.5,0.53483
600,212.5,44,15,29.75,0.53478
600,86.75,40.25,11.75,24,0.53473
600,508.75,409,11.5,23,0.53438
600,292,379.5,15,29.75,0.53355
600,550.5,432.5,13,26,0.53268
600,95.5,31.5,19,37.75,0.53263
600,377.75,122.25,34,68,0.53229
600,460.5,441,14.5,29,0.53194
600,624.5,160.25,17.25,34.75,0.5319
600,464.5,199,16,32.5,0.53174
600,445.5,347.25,14,28.25,0.53117
600,199.5,159.25,40.25,80.5,0.53113
600,109.5,419.25,21.75,43.5,0.53086
600,396.5,374.25,15.75,31.25,0.53071
600,595,365.75,15.75,31.5,0.53059
630,315.5,107.75,13.25,26.75,0.5743
630,575.75,120,25,50.25,0.55058
630,512.75,80,33,65.75,0.54133
630,312.5,196.75,12.5,25,0.54042
630,408.25,81,12.25,24.5,0.5375
630,381.75,414.5,27.5,55,0.53678
630,299.25,367.5,16.5,33.25,0.53676
630,405.75,41,27.5,55.5,0.53522
630,624.25,18.25,17.5,35.25,0.53514
630,345.25,358.25,56.25,112.25,0.5347
630,429.75,146.25,15.5,31,0.53345
630,299.5,424.5,15.25,30.75,0.53269
630,22,206.75,16,32.25,0.53265
630,332,111,12.5,25,0.53258
630,357,425.75,14.75,29.75,0.53254
630,413,165.75,25,50,0.53151
630,220.75,172.25,12.75,25.5,0.53107
630,428.25,193.5,13.25,26.5,0.53073
630,229.75,217.5,18.25,36.75,0.53034
630,499.25,257.25,104.75,209.75,0.53034
630,483.5,106.25,24,48,0.53033
660,314.5,110.5,13.5,27.25,0.55766
660,611.75,244.75,12.75,25.5,0.54722
660,597.25,67.25,45.25,90.75,0.54663
660,309,203.75,12.75,25.25,0.53908
660,-11.5,178.75,96.75,193.5,0.53908
660,150.25,421,11.75,23.5,0.53901
660,579.25,126.25,21.25,42.5,0.53617
660,628.5,19.5,12.25,24.25,0.53616
660,125.25,347.5,14.25,28.5,0.53416
660,332.75,395.5,13.5,27,0.53377
660,154.25,19.75,204.5,409.25,0.53374
660,182.25,296.75,12.25,24.75,0.53362
660,608.75,378.25,16.5,33.25,0.53351
660,478.75,105,11.5,23,0.53143
690,314.75,113.5,13.5,27.25,0.57318
690,601.5,96.25,39.5,78.75,0.54211
690,401.25,163.5,14.75,29.5,0.54146
690,153,243.75,21,41.75,0.54044
690,494.75,127.5,47.75,95.5,0.53771
690,86,36.25,19.5,38.75,0.53728
690,334.5,172.25,17.75,35.5,0.53226
690,514.75,85,33.5,67,0.5314
690,627.5,128,13.25,26.25,0.53068
690,439,164,12.75,25.75,0.53063
690,162,173,12.25,24.25,0.53062
690,362,1,13.25,26.25,0.53024
720,314.5,116.75,14,27.5,0.55814
720,309.75,211,12.25,24.5,0.55439
720,420.5,154.25,25.25,50.75,0.54348
720,579.75,144.5,18,36,0.53997
720,625.75,172,14.75,29.25,0.53795
720,510.75,30.25,14.75,29.25,0.53549
720,580,130,25.25,50.5,0.53486
720,72.25,225.25,33.5,67,0.53421
720,67.25,48,35,70.25,0.53408
720,619.75,344.5,12.75,25.5,0.53237
720,210.5,184.25,12.75,25.75,0.53229
720,508.25,368,12.25,24.75,0.53182
720,452.5,357,11.75,23.5,0.53133
720,401.5,165,13.75,27.25,0.5306
720,611.5,142.75,13,26.25,0.53019
750,315,119,13.75,27.25,0.56709
750,18.5,192.5,18.75,37.75,0.55055
750,412.5,283.75,12.5,24.75,0.54863
750,309.5,213,12.75,25,0.54436
750,380.5,348,12,23.75,0.54176
750,70.75,56,30.5,61.25,0.53817
750,626,179.25,14,28,0.53698
750,626.25,163.5,13.75,27.75,0.53652
750,-6.75,192.5,53.75,107.75,0.53511
750,602.25,102.5,37.25,74.75,0.53506
750,534,417.5,14.5,29,0.53476
750,510.5,30.25,15.75,31.5,0.53271
750,27.75,207.25,18,36.25,0.5308
750,104.75,449,11.5,23,0.5302
780,310.25,215,12.5,24.75,0.56202
780,314.5,120.5,13.75,27.75,0.5453
780,510.5,34,15.75,31.25,0.53626
780,157.25,193.75,19,37.75,0.53566
780,401.75,171,13,26,0.53346
780,302.75,2.75,33,66.25,0.53193
780,585.25,131.5,19.75,40,0.53193
780,169.75,204.75,13.5,27,0.53169
780,165.25,194.5,19.25,38.25,0.53052
780,625.75,165.5,14.5,29,0.53033
780,196,418.75,15.75,31.75,0.53001
810,141.25,431.5,14,27.5,0.55484
810,584.25,344.75,12.25,24.75,0.5448
810,307.25,400.25,12.25,24.75,0.54385
810,606.75,8,13.25,26.5,0.54219
810,239.25,336.75,12.75,25.25,0.54128
810,315,121.5,13.75,27.5,0.53927
810,148.5,445,15.5,31,0.53909
810,579.5,122.5,31.75,63.5,0.53909
810,180,438.25,16.5,32.75,0.53885
810,511,34.5,14.75,29.75,0.5387
810,353,320.5,11.75,23.75,0.53736
810,508,445,14.5,29,0.53731
810,302.75,4.25,32.75,65.5,0.53628
810,63.5,33.75,47.25,94.5,0.53574
810,292,417.5,14.75,29.75,0.53568
810,330.5,125,12.25,24.5,0.53524
810,596,346.5,14.75,29.75,0.53452
810,309,215.25,12.5,25.25,0.5345
810,588.5,157.25,12.75,25.25,0.53389
810,548.5,366.25,12.75,26,0.53359
810,116.75,203.75,14.25,28.5,0.53323
810,405.25,285.75,13.75,27.5,0.53321
810,604.25,115,33.75,67.75,0.53287
810,93,445.25,13.75,28,0.53282
810,508.5,372,12.75,25,0.53235
810,531.5,453,13,26,0.53233
810,86.25,391.25,12.75,25.75,0.53198
810,307.5,1,12.75,25.5,0.53176
810,332.25,442.75,13,26,0.53142
810,134,201.5,14.75,29.5,0.53082
810,319.5,431,13,26,0.53066
810,195.75,442,17.75,35.75,0.53057
810,299.75,411.75,14.5,28.75,0.53047
840,315,120.75,13.75,27.5,0.55934
840,364.75,328.75,12,24.25,0.55075
840,309,214.75,12.5,25,0.54907
840,596.5,87,46.5,93.25,0.54624
840,296.25,412.75,14.25,28.5,0.54194
840,477.25,169.25,25.75,51.5,0.54057
840,300.75,122,12,23.75,0.53987
840,405.25,281.75,13.75,27.5,0.53811
840,67.75,376.5,12.5,25.25,0.53718
840,299.5,413.75,13.5,27.25,0.53514
840,69.75,416.5,12.5,25.25,0.5344
840,293,3.5,42.75,85,0.53316
840,221.75,235.25,24,47.75,0.53277
840,613.75,227.75,12,24,0.53133
840,596,397.25,14.25,28.25,0.53078
840,550.5,146.75,12.75,25.5,0.5303
870,314.5,120.5,14,27.5,0.5619
870,309,215.5,12.5,25,0.54863
870,597.25,77.5,46,92,0.54306
870,334.5,177.25,17.5,35.25,0.53803
870,581,127.75,28.5,57,0.53663
870,138.5,369,24,47.75,0.53621
870,511,34,14.75,29.5,0.53582
870,478.5,181,19.25,38.25,0.53301
870,294.5,3.25,42.5,85,0.53264
870,316.75,337.5,12,24,0.53258
870,554.25,34.25,12.75,25.25,0.5313
870,348.5,404.5,26.5,53,0.53123
870,507.5,371.5,13.75,27,0.53086
870,611.75,147.5,12.5,24.75,0.53025
900,314.5,120.5,13.75,27.75,0.55926
900,308.5,215.25,12.5,24.5,0.54766
900,580.25,121.75,31.25,62.75,0.54215
900,588.75,155.75,12.5,25.25,0.53995
900,134.75,411.5,12.75,25.75,0.53873
900,625.75,176.25,14.75,29.25,0.53726
900,190,261.25,12.25,24.75,0.53512
900,72.5,58.25,29.25,58.5,0.53463
900,432.5,263.5,12.25,24.75,0.53274
900,598.75,95.5,42.5,85.25,0.53228
900,133,194.25,18.25,36.25,0.53173
930,314.75,121,13.5,27.25,0.55089
930,309.25,215.5,12.25,24.75,0.5504
930,202.75,437,12.75,25.25,0.54026
930,601.25,100.25,39.75,80,0.53886
930,181.5,308.75,12.5,25,0.5358
930,492.25,409,12.5,25.5,0.53558
930,365.25,348.25,13.75,27.5,0.53448
930,325.75,336,13.25,26.25,0.53407
930,54.5,366.25,13,26,0.5338
930,511.75,36.25,13.5,27.5,0.53253
930,340.5,337.75,15,30,0.53192
930,132.5,127,35.5,71.25,0.53173
930,47.75,6.25,71,142,0.53068
930,300,2.75,36.5,73.25,0.53026
930,173.75,275,28.75,57.25,0.53024
930,408.5,337,11.75,23.5,0.53015
960,111.5,262.5,14.75,29.25,0.55728
960,307,1,12.5,24.75,0.55073
960,580.25,120,32.25,64.25,0.54982
960,315,122.5,13.5,27,0.54734
960,308.75,216,12.5,25,0.54441
960,125,199.75,30.25,60.5,0.544
960,441.25,205,12.75,25.5,0.54169
960,142,201.75,14.75,29.5,0.53944
960,606.25,7.5,13.75,27.5,0.53875
960,596.5,82,46.75,93.75,0.53868
960,311.25,340.75,12.5,24.75,0.53738
960,302.75,4,32.5,64.75,0.53729
960,83.5,431,16.75,33.5,0.53727
960,141.25,182.25,49.75,99.5,0.53651
960,581.25,152.75,16,32.25,0.53488
960,611.75,148.25,12.5,25,0.53389
960,397.25,294.5,13.25,26.5,0.5327
960,46.25,10.5,68.5,136.75,0.53167
960,331,404,14.5,29.25,0.5307
960,202.75,175.75,18,36,0.53069
990,314.5,122.5,13.5,27,0.55954
990,595.5,80.75,47.75,95.5,0.55148
990,587.75,138,14,27.75,0.54684
990,405.5,283.5,13.75,27.75,0.5444
990,411.75,338,16,32.25,0.54107
990,302.25,336.25,12.75,25.5,0.53979
990,405.25,292.25,14.25,28,0.53888
990,308.75,215.75,12.5,24.75,0.5365
990,209.75,189,13,26.25,0.53602
990,330.75,124.25,12.5,25.25,0.53444
990,494.75,135.75,47.75,95.75,0.53396
990,219.75,235.25,23,46.25,0.53313
990,506.5,441,17,34.25,0.53297
990,604.75,4.75,15,30,0.53209
990,306.75,1,12.5,25,0.53184
990,329.75,172.5,22.5,44.75,0.53041
990,302.5,4.75,32.75,65.5,0.53025
990,556,242,12.75,25.75,0.53016
1020,315,122.25,13.5,27,0.54828
1020,219.75,234.5,24,48,0.54717
1020,309,215.5,12.75,25.5,0.54576
1020,595.25,79.5,47.75,95.25,0.5434
1020,330.25,124.75,13,25.75,0.54068
1020,537.5,188.75,26,51.75,0.53996
1020,524.75,248.5,11.75,23.5,0.5398
1020,302.5,4.75,32.75,65.5,0.53736
1020,203.5,183.75,14.5,29.25,0.53721
1020,70,55.75,32.5,65,0.53338
1020,307,1.25,13,25.75,0.53288
1020,181.5,264.5,12.5,25,0.53244
1020,48.75,43.5,47.5,95,0.53164
1020,542,208,25.5,51.25,0.53067
1050,309,434.25,13,26.25,0.55254
1050,314.5,122,14,27.75,0.55143
1050,556.5,453.5,12.5,24.75,0.5448
1050,581,152.25,16.5,33,0.54299
1050,612.75,393.75,15.5,30.5,0.54231
1050,387,412.25,14.75,30,0.54177
1050,303,5,32,64.25,0.53943
1050,306.75,1,12.75,25.75,0.53827
1050,588.5,156.25,12.25,24.5,0.53602
1050,154.5,450.5,13.5,27,0.5359
1050,324,403,15,29.75,0.53516
1050,496.5,136,47.5,94.75,0.53509
1050,500.75,368.25,16.75,33.75,0.53496
1050,74.5,62.5,26.25,52.5,0.53429
1050,606.25,8,13.5,26.75,0.53272
1050,323,378.75,19.25,38.25,0.53265
1050,348,425.25,14.25,28.75,0.53246
1050,572,345.25,12,24,0.5323
1050,190.75,432,12.25,24.5,0.53217
1050,588.5,350.75,14.25,28.25,0.53157
1050,292.25,428,15.5,31,0.53131
1050,438.25,185,13.5,27,0.53124
1050,511.25,35.5,14.25,28.75,0.53107
1050,201.25,168.25,21.75,43,0.53103
1050,54.25,436.25,13.25,26.25,0.53082
1080,309.25,215.25,12.25,24.5,0.56639
1080,314.75,121,13.75,27.25,0.55819
1080,138.75,198.25,16,32.25,0.54582
1080,370.5,345,12,24,0.54486
1080,601.5,105.75,38,76.25,0.53927
1080,401.5,171.25,13.75,27.5,0.53617
1080,500,366.25,16.75,33.25,0.5355
1080,300.5,2.5,34,68,0.53547
1080,480.25,408.5,23,46.25,0.53531
1080,-3,205,23,46,0.53497
1080,51,194.25,20,40,0.53435
1080,432.75,263,13,25.75,0.53308
1080,459.25,185.75,13.75,28,0.53252
1080,626.75,164.25,14.5,29.25,0.53232
1080,628.25,137,12,24.5,0.5323
1080,339.5,401.25,15.5,31.25,0.53227
1080,586.25,136,17.75,35.5,0.53144
1080,123,348.5,14.25,28.75,0.53121
1080,356.25,98,12.25,24.75,0.53016
1080,455,187.75,14.5,29,0.53001
1110,314.75,120.75,13.5,27,0.56797
1110,308.75,215.25,12.5,25,0.55674
1110,364,327,12.75,25.75,0.54875
1110,405.25,286.25,13.25,26.5,0.54752
1110,625.75,165.75,15,29.75,0.53988
1110,461.5,186.25,15,29.75,0.53882
1110,579,138.25,23,46,0.53769
1110,408.75,333,11.5,23,0.53593
1110,301,2.5,34,68.25,0.53584
1110,609.25,111,34.25,68.5,0.53485
1110,340.75,347.5,14.25,28.5,0.53232
1110,612.5,147.75,12,24,0.53178
1110,628.5,28.25,12,23.5,0.53142
1110,0,203.75,12.75,25.5,0.53089
1110,614.75,448.5,12.25,24.75,0.5307
1140,314.25,121.25,13.25,26.75,0.55553
1140,309.25,215.25,12.5,24.75,0.55262
1140,600.5,100.25,39.75,79.5,0.54895
1140,464.5,185.25,14.75,29.75,0.5396
1140,157,164.25,17.75,35.75,0.53946
1140,60.75,373,11.5,23,0.53845
1140,626.5,179,13.75,28,0.537
1140,454.25,183.25,16.5,32.75,0.53685
1140,364.25,327,13.25,26.5,0.53674
1140,470.25,180.75,18.25,36.75,0.53534
1140,401.75,162,14.75,29.5,0.53509
1140,412,330.5,15.5,31.5,0.53469
1140,588.75,156,12.5,25.25,0.53431
1140,47.5,34.75,55,109.75,0.5337
1140,131.25,140,18.25,36.5,0.53219
1140,422.75,247,11.5,23,0.5308
1140,311.25,327,13,25.75,0.53054
1140,288.25,328.75,12,24,0.53041
1140,618.75,354.75,14,27.75,0.53031
1170,314.5,121.25,13.25,26.75,0.56045
1170,308.5,215,12.5,25,0.55366
1170,364.5,327.75,12.75,25.25,0.53913
1170,627.25,179,13.5,27,0.53595
1170,596.5,81.75,46.5,93.25,0.5332
1170,202.5,417,14.5,29.25,0.53157
1170,-3.75,190.75,31,62,0.53051
1170,580,134.25,24.5,49,0.53042
1170,0.25,188.5,13.25,26.5,0.53035
1170,389.5,64.75,14.25,28.5,0.53014
1200,314.5,120.25,13.75,27.75,0.56048
1200,402.25,287.75,12.5,25.25,0.55245
1200,428,346.5,12.75,26,0.54894
1200,308.75,215.25,12.25,24.5,0.54616
1200,595.25,77.75,48.25,96.75,0.5425
1200,626.5,177.75,14.25,28.5,0.54154
1200,73.75,59.5,28.25,56.25,0.53503
1200,484.5,240.75,12,23.5,0.53461
1200,506.25,444.25,12.25,24.75,0.53328
1200,136.25,191.5,61.25,122.5,0.53255
1200,506.75,371.25,13.5,27,0.53181
1200,579.5,143,20,40.25,0.53169
1200,473.5,186.75,14.25,28.5,0.53126
1200,438.25,184.75,13.5,26.75,0.53067
1230,314.75,122.5,13.5,26.75,0.55852
1230,596.75,77,46.25,92.75,0.54698
1230,609,270.25,35.75,71.5,0.54077
1230,471.5,167.25,29,58,0.53888
1230,51.5,46,45.75,91.75,0.53869
1230,208.75,190.75,12.25,24.5,0.53711
1230,412.75,302.75,12.75,25.5,0.53664
1230,581.5,153,16.25,32.75,0.53603
1230,303,4.5,32.25,64.75,0.53424
1230,308.75,336.75,12.25,24.75,0.53301
1230,588.75,157,12.25,24.5,0.53241
1230,487.75,244.75,12.75,25.5,0.53226
1230,275.75,413,12.75,25,0.53176
1230,222.25,235,23.75,47.25,0.531
1260,314.25,121,13.5,27,0.5629
1260,478.75,179.5,20.5,40.75,0.54754
1260,47.25,29.5,59.25,118.5,0.5423
1260,460.75,444.75,13.25,27,0.54176
1260,482.75,424.75,16.5,33,0.5414
1260,309.25,215,12.25,24.75,0.54075
1260,449.5,180.25,17,33.75,0.53769
1260,401.5,171.25,13.25,26.5,0.53626
1260,300.75,121.25,12,23.75,0.53587
1260,596.5,177.5,16,32.25,0.53504
1260,183,261.75,14,27.5,0.53485
1260,323,405.25,13.25,26.25,0.53012
1290,314.75,120,13.75,27,0.56079
1290,208.75,188.25,12.25,24.5,0.54692
1290,577.25,183.5,27.75,55.5,0.53957
1290,68.75,379,11.5,23,0.53889
1290,309.5,213.75,12.75,25.25,0.53799
1290,404.5,279.75,13,26,0.53764
1290,242.5,401.75,23.5,46.5,0.53648
1290,180.75,428.75,14,28.25,0.53519
1290,84.25,428.25,14.5,29,0.53256
1290,126,200.25,14.5,29.5,0.53236
1290,190.25,259.75,12,24.25,0.53219
1290,376.25,281,12,24,0.5318
1290,480.5,426.75,12.5,25,0.53179
1290,588.5,365,17,34,0.53127
1290,607.75,6.5,12.5,25,0.531
1290,109.75,199.25,15.75,31.5,0.531
1290,138.5,195.25,16.75,33.5,0.53039
1290,450,184,14.5,29,0.53026
1320,314.75,120.75,13.75,27.25,0.56318
1320,565.75,183.5,27.25,54.25,0.55288
1320,596.75,78,47,93.75,0.54585
1320,308.5,215.25,12.5,25,0.54206
1320,438,182.75,14.25,28.25,0.54002
1320,140.5,201,15,29.75,0.53881
1320,448.25,181.25,17.25,34.5,0.53766
1320,401.5,170.75,13.25,26.5,0.53763
1320,170.75,264.25,34.75,69.75,0.53538
1320,481,175.75,22.5,44.75,0.53454
1320,364.75,327.5,12.5,25.25,0.5337
1320,408.5,320.75,11.75,23.5,0.53215
1320,239.75,334.5,12.5,24.75,0.53139
1350,315,121.25,13.5,27,0.56282
1350,555.5,179.25,26.75,53.5,0.5516
1350,310,214.75,12.5,25,0.54922
1350,432.75,263,13.25,26.75,0.54322
1350,343.5,416.5,12.25,24.25,0.53648
1350,540,433.25,14.25,28.75,0.5348
1350,57.25,137.5,12,24,0.53299
1350,626.25,179.75,13.75,27.75,0.53022
1380,548.5,188.25,23.75,47.75,0.5569
1380,309,217.25,12.5,25,0.55239
1380,314.25,122.75,13.75,27.5,0.5478
1380,401.5,172.5,13.5,26.75,0.54523
1380,490,184.25,18.5,36.75,0.54507
1380,404.25,297.75,12.75,25.5,0.54283
1380,482.5,181.5,21.25,42.5,0.54103
1380,508.5,374.5,12,24.25,0.54026
1380,109,363.75,14.5,28.75,0.538
1380,555.5,181.25,14.25,28.25,0.53517
1380,625.5,167.5,16,32,0.53412
1410,541.25,183.5,25.5,50.75,0.55743
1410,611.25,332.25,13,26,0.54837
1410,551.75,183.5,12.75,25.5,0.54334
1410,348.25,329,12.25,24.5,0.54215
1410,495.75,193.25,13.75,27.5,0.54107
1410,404.25,294,13.75,27.5,0.53948
1410,503.75,118,59.25,118.5,0.53581
1410,314.5,122.5,13.5,27.25,0.53562
1410,51.75,72.25,24,48.25,0.53547
1410,597.5,78.25,44.75,89.25,0.53532
1410,303.5,4.75,30.75,61.75,0.53381
1410,626.5,179.75,15.25,30.25,0.53246
1410,342.75,6.5,12,23.5,0.5316
1410,588.75,347.5,12,24.25,0.53099
1410,15.25,4.5,25.25,50.5,0.53099
1440,534.25,184.5,24,47.75,0.57636
1440,401.5,170,14.25,28.75,0.55624
1440,594.25,77.25,49.75,99.25,0.54674
1440,-1,227,13.75,27.25,0.54438
1440,500,195.25,13,26,0.54272
1440,404.5,277,14,27.75,0.5422
1440,583.25,137.75,16.25,32.5,0.53968
1440,580.75,119,32.5,65.25,0.53764
1440,480.25,173.25,25.5,51,0.53288
1440,304.75,137.5,35.5,71.25,0.5326
1440,401.25,159.75,25.25,50.5,0.53151
1440,414.5,328.5,12,24,0.53043
1470,50.5,45.25,42.75,85.5,0.54066
1470,307.25,216,12.25,24.5,0.53872
1470,408.25,90.5,12.25,24.75,0.53843
1470,536.25,179.75,13.75,27.5,0.53574
1470,89.5,205,15.25,30.75,0.53376
1470,419.75,194.25,126.5,252.75,0.53364
1470,118.75,197,18.25,36.5,0.53361
1470,571,210.75,12.25,24.25,0.53298
1470,103,375,13,26,0.53197
1470,505.5,188.25,15.5,30.75,0.53138
1500,315.25,116.75,13.75,27.25,0.55278
1500,588.25,138.75,19.25,38.5,0.55178
1500,349.5,411.5,14.5,29,0.5461
1500,243.5,374.75,49.5,98.75,0.53995
1500,80.25,424.25,12.25,24.75,0.53834
1500,48.5,7.75,66.5,132.75,0.53748
1500,468.75,412.25,14.75,29.25,0.5371
1500,427.75,384.75,19.75,39.75,0.53625
1500,52,407.75,15,30,0.53476
1500,-2.75,55.5,22,43.75,0.53287
1500,615.5,263.75,12.5,25,0.53282
1500,388.5,377.5,15.75,31.25,0.53279
1500,511.75,281,14.25,28.25,0.53223
1500,453.75,378.5,13.5,27.25,0.53219
1500,421.25,398,14.5,28.75,0.53192
1500,300,308.5,13.75,27.5,0.53161
1500,500.75,199.5,12.75,26,0.53086
1500,92,367.25,15.75,31.5,0.53038
1500,537,401.25,14.5,29,0.53021
1530,492,229,13,26,0.55319
1530,-8.5,247,67.5,135.25,0.54882
1530,141,427.5,14.5,29,0.54467
1530,606.75,157,17.25,34.5,0.54369
1530,193.75,55,12.5,25,0.54319
1530,438,341.25,14.25,28.25,0.54264
1530,359.75,428,12.75,25.5,0.54261
1530,468.5,432.25,12.25,24.5,0.54146
1530,603.75,137.25,24.75,49.75,0.54042
1530,296.25,176.25,34.5,69.25,0.53806
1530,319.75,124,13.75,27.5,0.53721
1530,347,430,13.25,26.5,0.53694
1530,477,266.75,13.25,26.5,0.53514
1530,93.25,433.75,13.25,26.25,0.53443
1530,300,355.75,14.25,29,0.53382
1530,473.75,204.5,12.5,24.5,0.53376
1530,76.25,424.75,12.5,24.75,0.53326
1530,397,53.25,13.75,27.25,0.53134
1530,420.25,167.75,25.75,51.5,0.53025
1560,470.25,359.25,13.25,26.25,0.56159
1560,291.75,400.75,12.5,25.25,0.56072
1560,324.75,349.25,16.5,32.75,0.55808
1560,84.5,393.75,15,30,0.55718
1560,538,45,17.75,35.5,0.55714
1560,324.25,121.5,13.75,27.75,0.55351
1560,484,363.5,14.5,29.25,0.55149
1560,132.75,331,14,28,0.55007
1560,310.75,347.5,13.5,26.75,0.54947
1560,300,327.25,13.25,26.25,0.54802
1560,475.25,267.25,13.5,27,0.54591
1560,52.75,415.75,12.5,25,0.54395
1560,510,415.75,12.5,25,0.54333
1560,276.25,400.25,12.25,24.5,0.54333
1560,31.25,25.25,61.5,122.75,0.54122
1560,172.5,433,15.5,31,0.53968
1560,44.5,302.5,13,26,0.53906
1560,83.75,406.25,17,34,0.5379
1560,159.25,153.75,16.25,32.75,0.53734
1560,173,275.5,14.5,29,0.53659
1560,492.75,311.75,13,26.25,0.53628
1560,459.75,333,15.75,31.5,0.53584
1560,277.75,434,14.5,28.75,0.53462
1560,414.5,68.25,12,24,0.53439
1560,125.75,141.5,21.5,43.25,0.53415
1560,283,396.75,13.25,26.5,0.53274
1560,477.25,364.25,14,28.25,0.53265
1560,342.5,38.75,20.75,41.75,0.53258
1560,78,399.25,12.5,25.25,0.53253
1560,60.5,416,13.25,26.25,0.5323
1560,108.5,390.75,13,26.25,0.53183
1560,341.5,124,15.5,31.25,0.53164
1560,302,407.5,13,26,0.5316
1560,120.25,317.5,12,23.75,0.53119
1560,492.75,416.25,15,30.25,0.53105
1560,165,277.5,14.25,29,0.53094
1560,60.25,409,12.25,24.25,0.53093
1560,112.25,381.5,12.25,24.75,0.53028
1560,370.75,419,12,24.25,0.53019
1560,375.25,400.75,15,30.25,0.53009
1590,284,338,15.75,31.5,0.56954
1590,327.25,112.25,16.75,33.25,0.56379
1590,264.25,327.75,12.5,25.25,0.56009
1590,92.25,352,16,32,0.55931
1590,84.75,354.75,15.25,30.25,0.55707
1590,391.25,337.25,12,24.25,0.55666
1590,52.75,411.25,14.5,29,0.55517
1590,316.5,344.75,15.5,31.5,0.55298
1590,86,366,13.5,27,0.54942
1590,307.75,342.75,16,32.5,0.54888
1590,348.75,428.25,12.75,25.75,0.54879
1590,140.75,195,13.5,27,0.54831
1590,301.25,345,14.5,29.25,0.54767
1590,396,433,16.25,32,0.54551
1590,62.25,415.25,12.25,24.25,0.54526
1590,568,254.5,13,26.25,0.54463
1590,595.75,380.75,14.25,28.25,0.54451
1590,446.25,404.5,15,29.75,0.54384
1590,255.75,431.5,12.5,25,0.54344
1590,269,434.75,13.75,27.75,0.5433
1590,284.5,345.25,16,32.5,0.54313
1590,441.5,72.5,12,24,0.54298
1590,455.5,307.25,13.5,26.75,0.54263
1590,365.5,386.75,14.75,29.5,0.54234
1590,204.25,376.5,13.25,26.5,0.54231
1590,628.25,229.75,12.75,25.5,0.54192
1590,172.25,320.5,13,26.25,0.54158
1590,527.5,311.75,12.5,25,0.53997
1590,510.25,231.25,12.75,25.5,0.53982
1590,389.25,1,11.75,23.5,0.53953
1590,603.75,350.25,15.25,30.25,0.53929
1590,51,301,12.5,24.75,0.53924
1590,172.25,329,12.5,25.25,0.53919
1590,501.75,318.25,15,30,0.53914
1590,76.75,417.25,14.5,29,0.53907
1590,30,287.5,14.25,28.75,0.53869
1590,627.25,128,13.75,27.5,0.53859
1590,615.75,184.5,13.25,26.5,0.53807
1590,301.75,411.5,13.5,27,0.53764
1590,327.75,336,12.5,25.25,0.53625
1590,493.5,270.5,13.5,27,0.53601
1590,107.5,427.25,16,31.5,0.53557
1590,406.5,435.25,14.5,29,0.53512
1590,132.25,347.5,14.5,29.25,0.535
1590,540.25,379,13.25,26.5,0.53498
1590,557,350,15,29.75,0.5349
1590,468.75,125.5,21.5,43,0.53479
1590,603.5,218.25,14.5,29,0.53468
1590,107.75,398.75,15.75,31.5,0.53451
1590,588.5,394,15.25,30.25,0.53401
1590,296,327.75,12.75,25.25,0.5336
1590,550,355.75,13.25,26.5,0.53311
1590,40.25,375,12.75,25.25,0.53283
1590,292.25,328.25,12.75,25.5,0.53248
1590,271,332,14,27.75,0.53244
1590,322.5,413.75,12.5,24.75,0.53243
1590,324.25,335.25,13,25.75,0.53232
1590,46.75,374.75,12.75,25.75,0.53214
1590,403.75,419.5,15.75,31.25,0.53204
1590,582,384.5,16.5,33.25,0.53203
1590,134.25,405.75,13.75,28,0.53189
1590,35.5,136.25,47.5,94.5,0.53143
1590,51.75,264,14.25,28.75,0.53124
1590,230,414.5,14.25,28.25,0.53122
1590,145.25,407.25,12.5,25.25,0.5312
1590,427.75,19.5,13.25,26.75,0.53118
1590,564.75,29,13,26,0.53104
1590,402.75,327,12.75,25.5,0.53102
1590,102,425,12,24,0.53076
1590,593.75,329.5,18.5,37,0.53074
1590,485.5,362.25,16.25,33,0.53067
1590,293.25,402.75,14,27.75,0.53062
1590,212.75,390.5,12.75,25.5,0.53057
1590,108.75,303,23.25,46.5,0.53056
1590,36.25,290.75,12.5,25,0.53041
1590,540,369.25,16,31.75,0.53039
1590,422.25,430.75,12.25,24.5,0.53035
1590,612,382,15.75,31.5,0.53025
1620,156.25,446,15.25,30.5,0.55758
1620,337,103.5,19.5,39,0.55297
1620,86,431,12.5,25.5,0.54841
1620,387.5,350.25,13.75,28,0.54478
1620,520.5,384.75,15.5,31,0.54402
1620,421.75,419.75,14.25,28.75,0.54307
1620,365.25,442.25,13.75,27.5,0.54239
1620,62.25,379.75,13.75,27.75,0.5423
1620,526.25,278.75,14.25,28.25,0.5413
1620,291.25,436.25,19.25,38.5,0.54123
1620,396,428.25,14.75,29.5,0.54116
1620,113,215.5,13,26.25,0.54083
1620,94.75,431.25,12.25,24.75,0.53959
1620,332,391.25,12.75,25.75,0.53863
1620,188.25,343.75,12,24.25,0.53794
1620,332.25,398.75,12.5,25.25,0.53783
1620,230,447.25,12,24,0.53698
1620,610,188.75,32.75,65.25,0.53685
1620,205,393.5,15,30,0.53672
1620,11.5,210.5,21,42.25,0.53515
1620,466.25,26.75,12.5,25,0.53493
1620,534,349,12.75,25.5,0.53429
1620,65,291,40.5,81.25,0.53427
1620,516.75,208,12.75,25.25,0.53397
1620,345.75,290.25,13.25,26.25,0.53391
1620,374.25,445.75,14,28,0.5336
1620,71.25,374.75,11.75,23.75,0.53295
1620,485,408.5,13.25,26.75,0.53179
1620,358.25,445,12.75,25.25,0.5316
1620,116.5,376.75,12,23.75,0.53158
1620,61,401.25,15,30.25,0.53151
1620,380.25,393,12.5,25,0.5314
1620,122.5,403.75,33.75,67.5,0.53126
1620,94.75,177,35.5,71,0.53115
1620,380.5,354.5,12.25,24.25,0.53104
1620,122.75,428.25,21.75,43.5,0.53066
1620,294.75,397,12.25,24.75,0.53065
1620,320.25,334,25,50.25,0.53032
1620,625,121,16.25,32.25,0.53021
1650,456.25,336.5,12.5,25,0.55797
1650,21.75,338.25,12.75,25.75,0.55189
1650,328.75,89.75,23,46,0.55034
1650,148.75,156.25,14.75,29.5,0.54573
1650,-5.5,168.5,43.75,87,0.54152
1650,348,364.75,13.75,27.5,0.54139
1650,8,217.25,17.75,35.25,0.54013
1650,313.75,417,19.25,38.25,0.5397
1650,502,424,12.25,24.25,0.53805
1650,-5,161.25,40.25,80.5,0.53766
1650,156.5,416,12.25,24.5,0.53744
1650,359.25,382.75,13.5,26.75,0.537
1650,538.25,297.5,12.5,24.75,0.53587
1650,499.5,255.5,13,26,0.53567
1650,603.75,425,14,28.25,0.53546
1650,538.25,283.75,14.75,29.5,0.53539
1650,405.5,241.25,19,38.25,0.53535
1650,365.75,370.75,11.75,23.75,0.5351
1650,346.5,428.25,18.75,37.5,0.53452
1650,531.75,410,13.25,26.75,0.53399
1650,116.25,143.5,35,70.25,0.53178
1650,552.75,336,12.25,24.5,0.53146
1650,626.5,192,12.25,24.75,0.53112
1650,341,379.5,14.75,29.5,0.53102
1680,628.75,140,11.5,23.25,0.54815
1680,54.25,288.75,12.25,24.75,0.54795
1680,327.75,320,12.25,24.5,0.54483
1680,311,240.75,13.25,26.5,0.54364
1680,98.25,155,29.25,58.25,0.54352
1680,328.5,79.25,25.25,50.25,0.54303
1680,560,292.5,14.75,30,0.54241
1680,340.25,406.75,13,26,0.54089
1680,350.5,82.25,24.25,48.5,0.54014
1680,143.5,153,14.75,29.75,0.5399
1680,511,443.75,14.5,28.75,0.53954
1680,305.75,83,23,46,0.53953
1680,143.75,5.25,12.75,25.5,0.5395
1680,348.75,320.75,12.75,25.5,0.5394
1680,69,281.25,12.75,25.5,0.53783
1680,625.25,62.25,16.25,32.5,0.53775
1680,242.5,389,38,76,0.5367
1680,241.25,244,14.25,28.75,0.53669
1680,326.25,386,14.25,28.5,0.53656
1680,83.5,379.75,14,28.25,0.53557
1680,462,332.25,12.75,25.25,0.53397
1680,620.25,49.25,21,42.25,0.53308
1680,386.75,327,11.5,23,0.53275
1680,582.25,228.5,11.75,23.5,0.53233
1680,165.5,208.25,77,154.25,0.53208
1680,438.75,281,11.5,23,0.53155
1680,445.25,415.75,14,27.75,0.53143
1680,279.5,169,13.25,26.25,0.53122
1680,316.25,399.5,18,35.5,0.53021
1680,231.25,418,14,28,0.53006
1710,320,408.5,12.25,24.5,0.56823
1710,305.75,81,23.75,47.5,0.55285
1710,389.5,403,14.5,29.25,0.54441
1710,332.75,304.25,14,28,0.54367
1710,437,231,13,26.25,0.54132
1710,302.5,406.5,13,26.25,0.54078
1710,613.25,132.75,13,26.25,0.5407
1710,90.25,118.5,25.75,51.5,0.53863
1710,538,282.5,13,26.25,0.53833
1710,588.5,297.5,18.75,37.75,0.5382
1710,238,392,14.5,29,0.53792
1710,252,403.5,13,25.75,0.53757
1710,392.75,384.5,12.5,25,0.53754
1710,618,237,17.25,34.75,0.53634
1710,502.5,38,13,26,0.53632
1710,446,187.25,12.25,24.5,0.53578
1710,357.75,169,28.75,57.25,0.53514
1710,427,158.5,12,24,0.53486
1710,129.25,69.25,29.5,58.75,0.53429
1710,-19,145,164,328,0.53403
1710,348.25,405.25,14,27.5,0.534
1710,573.5,204,14.75,29.75,0.53396
1710,499.5,11.75,17.25,34.5,0.53347
1710,613.5,145.5,12.5,25,0.53295
1710,453,316.25,30,60,0.53207
1710,612,62.75,12.75,25.25,0.53153
1710,276.5,289.75,16,32,0.53092
1710,613.5,53.25,25,50,0.53005
1740,427,381.5,16,31.75,0.57452
1740,261.5,383,15.25,30,0.5587
1740,507.75,287,15,29.5,0.55426
1740,109.25,353.5,14.25,28.75,0.55071
1740,319.75,108,17.5,35,0.55007
1740,106.75,420.75,18,36,0.54852
1740,456.25,355,12.5,25,0.54754
1740,579.25,165.25,12.5,24.5,0.54625
1740,172.25,389.75,13,25.75,0.54596
1740,250.75,318.75,11.75,23.5,0.54485
1740,52.5,411.75,14.75,29.5,0.54389
1740,183.75,377,12.5,25.25,0.54337
1740,468.25,412,13.75,28,0.54185
1740,596.25,158.25,15.25,30.5,0.54135
1740,560.75,430.25,12.75,25.5,0.54082
1740,68.25,417.5,14.75,29.5,0.54006
1740,324,438.25,17,34,0.539
1740,164.75,377,14.75,29.5,0.53854
1740,412,412,24,47.75,0.53837
1740,429.5,424.75,15.25,30.5,0.53759
1740,392,189.25,22,43.5,0.5373
1740,492.25,394.5,12.75,25.5,0.5363
1740,220.75,432.5,12,24.25,0.53621
1740,134.75,452.75,13.5,26.5,0.53604
1740,367,10.75,26.5,53,0.53508
1740,422,220.75,13,26,0.53371
1740,305.5,80.75,24,48,0.53345
1740,60.75,417.5,15.5,31,0.5332
1740,623.5,316,14.25,28.5,0.53307
1740,255,368.75,14,28.25,0.53304
1740,293.5,430,13.75,27.5,0.53267
1740,605.25,213.75,15,29.5,0.53254
1740,516.5,47.75,11.75,23.25,0.53244
1740,514.5,309.75,13.5,27.25,0.53244
1740,443.25,227,19.5,39,0.53226
1740,410.5,237,46.75,93.5,0.53167
1740,528,52,12,24.25,0.53158
1740,178.75,390.5,16.25,32.5,0.53114
1740,142,41.25,12.5,25,0.53108
1740,580.5,378.25,12.25,24.75,0.53076
1740,460,387,15.25,31,0.53064
1740,490,379.75,19,38.25,0.53046
1740,344,407.75,13.25,26.75,0.53031
1740,143,140.5,11.75,23.5,0.53009
1740,383.5,244.25,34.5,69.25,0.53005
1770,173.5,426.25,14.25,28.5,0.56881
1770,68.75,403.75,14.75,29.5,0.56393
1770,223.25,444.25,12.75,25.5,0.56388
1770,150.25,428,12.5,25.25,0.5549
1770,108.5,373.75,14.75,29.5,0.55102
1770,332.25,123,12.25,24.25,0.55034
1770,243.75,336,13.75,27.5,0.54992
1770,319.25,107.75,18,35.5,0.54763
1770,598.5,26,12.5,25.25,0.54305
1770,204,348.25,23,46.25,0.54299
1770,392.25,221,13.5,27.5,0.54271
1770,532,296,12.25,24.25,0.54212
1770,386,212.25,12.5,25,0.54141
1770,344.75,427.5,12.5,24.75,0.54073
1770,621.75,85,13,26,0.54029
1770,437.25,373.25,12.25,24.75,0.54012
1770,254,442.75,14.25,28.25,0.54009
1770,552,80.25,34.25,68.25,0.54008
1770,76,404.5,17,34.25,0.53966
1770,188.25,415.5,13.5,27,0.53915
1770,437.25,414,14.25,28,0.53913
1770,456.5,393.25,12.5,25.25,0.53887
1770,428,400.25,12.25,25,0.53872
1770,557.75,435.25,13.5,27.25,0.53868
1770,390,208.25,18.25,36.25,0.53862
1770,61,406.5,14.25,28.25,0.53849
1770,284.75,383,15.25,30.5,0.53786
1770,381.25,414,14.5,29,0.53762
1770,618.25,149,20,40,0.53715
1770,380.5,268,13,26,0.53624
1770,358.25,373.5,12.5,25.25,0.53609
1770,298.75,376,12.5,25.25,0.53608
1770,305.5,80.5,24,48,0.53574
1770,350.75,423,13,26.5,0.53541
1770,132.25,420.25,12.5,25.25,0.53539
1770,468.75,377,11.5,23,0.53493
1770,550.75,249.5,12.75,25.5,0.53491
1770,547.25,45,12.75,25.5,0.53474
1770,123.25,406,18,36,0.53424
1770,237.25,333.5,13.5,27.25,0.53416
1770,624,319.25,14.25,28.75,0.53363
1770,220,432.25,12.25,25,0.53362
1770,163.75,245.5,15,30,0.53348
1770,304.5,376.5,12.5,25.25,0.53316
1770,613.25,38,27.75,55,0.53305
1770,132.5,102.75,14,28.25,0.53285
1770,594.5,164.5,12.5,25.25,0.53271
1770,85,394.5,14.75,29.5,0.53248
1770,92.5,387.5,14.5,28.75,0.53224
1770,382.5,188.25,13,26,0.53197
1770,614,389.5,14.75,29.75,0.53179
1770,363.75,413,15.25,30.25,0.53168
1770,132.75,37.25,12.5,25.25,0.53158
1770,138,332.75,19.25,38.25,0.53157
1770,558.25,399.5,12.5,25,0.53151
1770,250.5,339,12.5,25,0.53138
1770,143.25,443.75,14.25,28.25,0.53095
1770,422.75,6.25,18.25,37,0.53094
1770,438.25,14.75,15.25,30.25,0.53081
1770,140,308.75,13.75,27.5,0.5304
1770,-18.5,154.75,160.5,320.5,0.53008
1800,436.75,428.25,13.25,26.75,0.57063
1800,69.5,396.75,14,27.5,0.56911
1800,364,356.25,13.75,27.75,0.5589
1800,218.25,171.75,12.25,24.75,0.55723
1800,311.5,39.75,12.75,25.5,0.55429
1800,532.75,441.75,14.75,29.75,0.55418
1800,535,222,19.25,38.75,0.55101
1800,164.25,419,15.5,30.5,0.55033
1800,196.75,408.75,15.5,31,0.54993
1800,221.25,429.25,13.75,27.75,0.54942
1800,285,430.25,13.75,27.5,0.54879
1800,348.25,338.25,13.75,27.5,0.54775
1800,325.5,359.25,13.25,26.5,0.54728
1800,476.25,275.75,13,26,0.54676
1800,269.25,431.5,13.75,27.5,0.54669
1800,304.25,331.75,12.75,25.5,0.54666
1800,404.25,414.5,17.5,34.5,0.54553
1800,492,438.25,16.75,33.5,0.54507
1800,278.25,326.75,13,26,0.54303
1800,421.5,370.75,15,30.25,0.5421
1800,307.75,432.5,12.5,25.25,0.54107
1800,172,408.75,15.5,31,0.54101
1800,332,72.5,12.25,24,0.54033
1800,476.75,396,14.25,28.5,0.54006
1800,336,73,13,26,0.53996
1800,158.5,329.25,13,26,0.53983
1800,205.5,419.75,13.25,26.5,0.53914
1800,408,326.5,13.5,26.75,0.53888
1800,493.5,424.5,15,30,0.53858
1800,459,399.25,17.25,34.75,0.53842
1800,524,171.5,36.75,73.25,0.53795
1800,421.75,429.5,13.25,26,0.53769
1800,305.5,79.25,24.75,49.75,0.53746
1800,611.25,262,13.5,26.75,0.53704
1800,359.75,64.25,12.75,25,0.53687
1800,164.25,376.5,12.5,25,0.53671
1800,413.5,418.75,14.75,29.5,0.53664
1800,364,414.75,13,25.75,0.53616
1800,258.5,332.25,18.25,36.75,0.53565
1800,135,447.5,13,26.25,0.53543
1800,337,430.5,11.75,24,0.53505
1800,423.75,76,16.25,32.5,0.5347
1800,388,191.5,13.5,27,0.53467
1800,342.5,327.25,12.5,25.25,0.53438
1800,220.75,178.75,58,115.75,0.53421
1800,427.75,385.5,13,26,0.53419
1800,380.5,356.75,16,31.75,0.53308
1800,286.25,370.25,14.5,29,0.53266
1800,205,336.5,14,28,0.53256
1800,88.75,5.25,12.75,25.5,0.5325
1800,332.25,29.5,15.25,30.75,0.53222
1800,264.5,224.5,17,34,0.53187
1800,86.25,387.75,13,26.25,0.53113
1800,580,441.5,16,32.25,0.53112
1800,494,256.5,13.75,27.5,0.53111
1800,376,320.25,12.5,25,0.53109
1800,349,20.5,12.75,26,0.53102
1800,595.75,427,15.25,30.75,0.53087
1800,403.5,189.25,14,27.75,0.53056
1800,212.25,440.5,13,25.5,0.53049
1800,171.5,433.75,22.75,45.5,0.53041
1800,116.25,453.75,12,24,0.53023
1800,166,115.25,13,26,0.53021
1800,539.5,438.75,14.25,28.5,0.53018
1800,300.25,330.5,13.25,26.75,0.53017
1830,124.5,394.25,14.75,29.5,0.57375
1830,365.5,416.75,14.5,28.75,0.56125
1830,92.25,426.75,15.5,31,0.55846
1830,533.5,433.75,14.5,29,0.55637
1830,356,441,15,30,0.55609
1830,476.25,340.25,12.75,25.75,0.55494
1830,533.25,366.5,14,28,0.55394
1830,364,15.5,13.25,26.25,0.55391
1830,99.75,411,15.25,30,0.55152
1830,501,357.5,13.5,27.25,0.55136
1830,611.75,381.75,17,33.75,0.54958
1830,188,406.5,13,26,0.54947
1830,443.5,402.75,13.75,27.25,0.54929
1830,381.75,427.75,13.5,27,0.54882
1830,115.5,375.5,12.5,25.25,0.54697
1830,117,393,14.25,28.5,0.54631
1830,84,216.25,13,26,0.5462
1830,131.75,390.75,15.5,31.25,0.54496
1830,116.75,384.25,15,30.25,0.54419
1830,317.5,389.75,13.5,27.25,0.54414
1830,340.5,443.75,15.5,31.25,0.54296
1830,172.75,408.75,15,30,0.54221
1830,172.5,385.25,15.75,31.5,0.54211
1830,373.5,14.75,13.5,27,0.54184
1830,357.75,16.75,13,25.75,0.54144
1830,484.5,436.75,13.75,27.75,0.54115
1830,405.25,417.75,15.5,31.25,0.5407
1830,556.5,315,12.75,25.5,0.53984
1830,293,409.25,14,27.75,0.5398
1830,549,448.75,14,27.75,0.53978
1830,539,445,16.25,32.5,0.53976
1830,340.5,437.75,14,28,0.53971
1830,181,413.75,13.5,27.25,0.5397
1830,549.5,372,15,29.75,0.53948
1830,155.75,342.75,16.5,33,0.53921
1830,180.75,450.25,13.5,27,0.53912
1830,454.75,344.75,13.75,27.25,0.53899
1830,72.5,419,11.75,23.5,0.53884
1830,444.25,425.5,12,23.75,0.53841
1830,369.75,182.25,12.25,24.5,0.53774
1830,519,358.25,12.5,25.5,0.53732
1830,373.25,413.25,13.75,27.75,0.53705
1830,212.5,400,13.75,27,0.53563
1830,233.5,360.75,19.5,39.5,0.53516
1830,519.25,262,12.75,25.5,0.53492
1830,299.75,376.75,16,32,0.53477
1830,140,5.5,11.75,24,0.53431
1830,578.5,286.75,14.25,28.5,0.53336
1830,132.5,417.25,16,32,0.53297
1830,540.25,361.75,12.5,25,0.53282
1830,341.75,363.25,13.75,27.5,0.53262
1830,325.25,444,14.5,28.5,0.53235
1830,44.75,24,12.25,24.75,0.53216
1830,1,100.5,36.25,72.5,0.53204
1830,159.25,307.25,13,26,0.53182
1830,590.5,332.25,14.5,29,0.5316
1830,213.75,170.75,12.5,25,0.53139
1830,149.75,396,14.25,28.5,0.53136
1830,164,422.25,16.25,32.5,0.53116
1830,197,404.25,14.25,28.25,0.53098
1830,396.5,318,14.75,29.5,0.53054
1830,291.25,429.75,17.25,34.5,0.53051
1830,80.5,416.75,12,23.5,0.53048
1830,307,397.75,18.75,37.25,0.53041
1830,106.25,51.5,14.75,29.5,0.53004
