30,364.25,40,12.75,25.5,0.55528
30,-0.75,112.75,16,31.5,0.55095
30,324.5,81.5,14,27.75,0.54558
30,157.5,11.5,13.25,26.75,0.53709
30,264.5,303.75,12.25,24.75,0.53704
30,-2,54,20,40.25,0.53492
30,236.25,3,14.75,29.5,0.53468
30,506.75,69.75,13,26,0.53404
30,355.25,331.5,14.75,29.25,0.5338
30,7,264.5,12.25,24.5,0.53328
30,401,299,19.75,39.75,0.53307
30,477,406.75,16,32.25,0.53222
30,333,59,15,30,0.53193
30,545.25,134.75,14.25,28.75,0.53129
30,491.5,417.5,14,28,0.53092
30,208,250.5,12.25,24.75,0.53056
30,586.75,261.25,13.75,27.25,0.53016
60,217.75,96,13.5,27.5,0.54267
60,370.25,312.25,16,32.5,0.54158
60,507,71,12.5,25.25,0.53945
60,374,68.75,13.25,26.5,0.53738
60,360.25,80.75,11.75,23.75,0.53656
60,-2.5,54.5,19.25,38.5,0.53641
60,206,28,12.5,24.5,0.5322
60,465.25,446,14,28,0.53218
60,168.75,282.75,11.75,23.5,0.53095
60,340.75,59.5,15.25,30.75,0.53075
90,507.25,70.5,12.75,25.5,0.54493
90,433,105.75,12.25,24.75,0.54241
90,606.5,398.5,13.75,27.25,0.53781
90,108.25,260.5,12,24.25,0.53655
90,372.5,75.5,11.75,23.25,0.53591
90,152,28,12.25,24.75,0.53517
90,122.75,361,40,79.75,0.53286
90,484.25,336.75,12,24.25,0.53271
90,222.5,12,13.5,26.75,0.53244
90,200.25,190.25,12.75,26,0.53243
90,219.25,180,22,43.75,0.53037
90,341,55.75,14.25,28.5,0.53024
120,511.75,69.5,13.25,26.25,0.54356
120,324.5,70.5,13.5,27,0.54134
120,185.5,177.5,12.25,24.75,0.53977
120,627.5,222,13.5,26.75,0.53934
120,71.5,390.75,17.5,35.25,0.53897
120,-10.5,72,88.5,177.25,0.53611
120,90,43.5,49,98.25,0.53571
120,196.75,20.5,15,29.75,0.53473
120,152.25,116.75,13.75,27.5,0.53276
120,344.75,401.75,35.5,70.75,0.53273
120,265,235.25,15.5,31,0.53242
120,343.25,91,12,23.75,0.53188
120,621.5,42.5,20.75,41.5,0.5317
120,268.75,46.5,14.5,28.75,0.53168
120,131.75,345.75,64.25,128.25,0.53118
120,191,5.25,14.25,28.5,0.53083
120,278,84.5,12.25,24.25,0.5305
120,392,409.75,24,48,0.53048
120,268,315,17.75,35.5,0.53022
120,204,326.25,12.25,24.25,0.53005
150,344,29.25,11.75,23.25,0.55268
150,257.25,26.25,20,40.25,0.55219
150,226.5,19.5,13.75,27.5,0.55181
150,355.25,31,13.5,26.75,0.54468
150,324.75,33.25,15.75,31.25,0.54255
150,466.25,412.5,12.75,25.25,0.53899
150,476.25,51.75,30.25,60.25,0.53707
150,121.75,333.5,68.5,137.5,0.53644
150,533.25,414.75,13,26.25,0.53528
150,31.25,16,13.75,27.25,0.53511
150,333.5,30.5,14.5,28.75,0.53336
150,301,44.5,12,24,0.53265
150,490,88,12.75,26,0.53249
150,123,141,21.25,42.25,0.53197
150,618.75,260.5,22.75,46,0.5319
150,251.5,11.25,13.5,26.75,0.5313
150,403,162,13,26.25,0.53115
150,278.5,73.25,12.25,24.5,0.53084
150,109.25,444.25,12.25,24.75,0.53048
150,117.25,391,25.75,51.5,0.5304
180,341.25,72.25,14.5,29,0.56373
180,331.75,81.25,16.5,33.25,0.55235
180,374.25,21,12.75,25.5,0.54613
180,164,28.5,13,26,0.54561
180,231,6,15.25,30.5,0.54548
180,183.75,428.5,12.5,25,0.54471
180,310.25,93,13.75,27.25,0.54333
180,347.5,40.5,12,24,0.54311
180,108,403.75,12.5,24.75,0.5429
180,316.75,38.25,15,30,0.54275
180,315.75,9.5,15.5,30.5,0.54185
180,494.5,393.25,12,24.5,0.54042
180,252.25,10.5,26.75,53.25,0.54008
180,148.25,23.75,15.25,30.5,0.53953
180,347.5,60.25,15.5,30.75,0.53834
180,324.25,66,13.5,27,0.53833
180,436.75,328.5,12.75,25.5,0.53729
180,292.5,434.75,13.25,26.5,0.53686
180,250,359.75,14.25,28.75,0.53664
180,308.25,21.75,16.25,32.5,0.53648
180,73.75,63.75,17,34.25,0.53621
180,197,428.25,14.5,28.75,0.53593
180,272,3.75,12.25,24.25,0.53575
180,599.5,415.75,13,25.75,0.53531
180,220.5,413.75,13.75,27.5,0.53509
180,175,94.75,70.5,140.75,0.53444
180,563.25,398,13,26,0.5343
180,293,72,15.5,31.25,0.53404
180,492.25,341,12,24.25,0.53375
180,317.75,361.75,13.25,26.25,0.53277
180,159.5,417.5,13.75,27.5,0.53233
180,207,411.25,12.25,24.5,0.53232
180,328,18.75,13.25,26.25,0.53187
180,324.5,78.5,12.25,24.5,0.53121
180,472,385.25,14.75,29.75,0.53097
180,174.25,8.75,13.25,26.75,0.53061
180,316.25,22.75,12.25,24.5,0.53041
180,460.5,434.25,14.25,28.75,0.53025
180,264.75,420.25,13.25,26.25,0.53007
210,310.5,431.75,13,26,0.56729
210,524.25,403.25,14.75,29.5,0.56506
210,278.25,429.5,13.5,27,0.56379
210,460.5,379.75,14.5,29.25,0.56236
210,76.5,392,15,29.75,0.55536
210,291.75,346.25,15.5,31,0.55425
210,293.25,2,12.75,25.5,0.55273
210,235,25,13.25,27,0.55215
210,259.5,429.75,13.5,27.25,0.55167
210,92.75,374.5,14,28,0.55157
210,123.75,390.25,13.5,27,0.54955
210,131.75,388.5,14.75,29.5,0.54691
210,219.5,25.5,13.75,27.5,0.54551
210,445,371.25,15.25,30.5,0.545
210,76.5,419.75,14.75,29.5,0.54442
210,236.75,424.25,15,29.75,0.54434
210,342.25,425,12.25,24,0.54413
210,99.5,385,16.5,32.5,0.54406
210,77,379.75,13.75,27.5,0.5433
210,452.75,375.75,12.75,25.75,0.54297
210,347,413.25,17,34,0.54286
210,308.5,341.75,13.5,27.25,0.54217
210,37,395,14.25,28.25,0.54116
210,83.75,416.5,16.25,32.25,0.54108
210,60.75,386.75,15.25,30.5,0.5409
210,400.25,14.25,12.75,25.5,0.54074
210,318.75,29.75,13.5,27,0.54044
210,349,33,13.75,27.75,0.53935
210,204.25,367.25,15.5,30.75,0.53883
210,549.75,390.75,13.5,27.5,0.53807
210,332.5,40.75,12.25,24.5,0.53708
210,195.5,367.75,12.75,25.25,0.53688
210,160,369.25,12.5,25,0.53655
210,164.75,379.25,14.5,29,0.53642
210,253.75,15.75,25,50,0.53639
210,283.5,44.5,20,40,0.53633
210,238,339.5,15.5,30.75,0.53632
210,214.5,26.75,13,26.25,0.53631
210,63.5,147,29.5,58.5,0.53628
210,326.75,71.75,13,26,0.53611
210,350.75,424.5,12.5,25.25,0.53586
210,398.25,410,15.25,30.5,0.53563
210,172.75,431,12.75,25,0.53546
210,274.75,61.75,18,35.5,0.53517
210,150.5,375.25,12.75,25.75,0.53508
210,484.25,417.75,12,24,0.53504
210,256,379.25,12.75,25.25,0.53484
210,484.5,423.75,14,28,0.53449
210,331.5,433.5,13.25,26.5,0.53446
210,364.5,417.75,16.5,33.25,0.53438
210,173,396.25,14.75,29.75,0.53438
210,331.75,78.25,17.5,35,0.53367
210,324.75,28.25,13.75,27.5,0.53352
210,566,383.5,13,26,0.53348
210,212.25,384.25,16.25,32.5,0.53341
210,373.5,414.75,13.75,27.25,0.53323
210,66.25,103.25,12.25,24.75,0.53309
210,531.75,392.75,16.25,32.25,0.5324
210,285.25,68.75,13.75,27.75,0.53228
210,292.75,283,16.5,32.75,0.53163
210,579.5,431.5,16.25,32.25,0.53154
210,606.75,416.5,12.25,24.5,0.53144
210,315.25,6.25,16.5,33.25,0.53105
210,376,331.25,13.25,26.75,0.53102
210,320,353.75,12,24.25,0.53099
210,259.25,424,13,26,0.53094
210,357.25,364.5,13,26.25,0.53077
210,406.75,143,11.5,23,0.53064
210,212.25,355.5,16,31.75,0.53039
210,569.75,15.25,14.5,29.25,0.53029
210,387.75,409.25,16.75,33,0.53019
240,244,327.75,12.75,25.25,0.5589
240,336.5,29.25,25.25,50.25,0.55624
240,134.5,23.5,12.5,25,0.55112
240,73.25,77.25,16.75,33.25,0.55003
240,380.25,48.5,12.75,25.25,0.54839
240,96,376.25,15.25,30.75,0.54469
240,344.75,28.25,12.25,24.5,0.54307
240,266.25,25.5,26.75,53.5,0.54253
240,329.5,33.5,16.75,33.5,0.54241
240,295,412.5,13.75,27.75,0.54239
240,472.25,360.5,12.25,24.25,0.54151
240,245.75,14.25,13.25,26.75,0.54124
240,158.75,422.75,13.5,26.75,0.54123
240,117.75,28,13.75,27.75,0.5409
240,344.25,81,12.5,25,0.54032
240,230,329.75,13.75,27.5,0.53971
240,504.25,431.25,12,24,0.53937
240,348.25,444.25,13.5,27,0.53931
240,416.25,360,12.25,24.25,0.53716
240,412.5,45.5,11.75,23.75,0.53643
240,236.75,332.25,13.5,27.25,0.53637
240,351.75,29,13,26,0.53612
240,378.5,34.5,18.25,36.25,0.53568
240,412,31.75,13.75,27.75,0.53521
240,408.25,66.25,11.75,23.25,0.53477
240,516.75,440.25,13.75,27.75,0.53386
240,274.5,303.75,14.25,28.5,0.53386
240,317.25,75.75,15,30,0.53344
240,308.5,371.25,13.25,26.25,0.53205
240,341.5,429,13.5,27.5,0.53149
240,343.25,68.5,14.25,28.75,0.53111
240,212,351.25,12.75,25.5,0.53094
240,371,31,14,27.75,0.53086
240,197.75,368.5,12.5,25,0.53076
240,275.25,46,18,36,0.53061
240,37.75,83,13.5,27,0.53051
240,296,405.25,34.25,68.5,0.53041
240,395.75,15.5,16.5,33.25,0.53036
240,510,429.25,12.75,25.75,0.53017
240,493.25,430.75,17.25,34.25,0.53008
270,359,21.25,13.75,27.5,0.55712
270,51.5,64.5,16.25,32.5,0.5565
270,380.25,70,13.25,26.75,0.55398
270,352,22.75,13,25.75,0.54873
270,278.25,58.25,13.75,27.25,0.54833
270,285,3.25,15,30.25,0.54808
270,527.5,423.5,12.25,24.75,0.54402
270,132.75,423,12.5,25.25,0.544
270,61,443.5,14.5,29,0.54368
270,343,17.25,13.5,27,0.54092
270,428,23.5,13,26.5,0.54008
270,335.5,27.5,14.25,28.75,0.53849
270,324.5,73.25,15.75,31.75,0.53766
270,268.5,74.5,15.5,30.5,0.53748
270,411.25,429.5,17.75,35.5,0.53745
270,540.5,138.25,11.75,23.5,0.53734
270,523.25,423.5,12.75,25.5,0.53686
270,172.5,162.75,12.75,25.5,0.53639
270,390.25,7.25,12.75,25.5,0.53572
270,376,384.5,13,26,0.53565
270,278.25,17.25,13.25,26.5,0.53559
270,301,4.75,14.75,29.75,0.53558
270,113.25,185.5,27.5,54.75,0.53492
270,520.75,422.25,13.25,26.5,0.53363
270,260,69.5,14,27.75,0.53351
270,626.75,272.75,12.5,24.5,0.53339
270,182.5,202.5,12.25,24.5,0.53304
270,276.25,79,12.75,25.5,0.5328
270,485,423.25,13,25.75,0.53267
270,55.75,62.5,17.75,35.5,0.53162
270,422.25,170.75,12.25,24.75,0.53156
270,335.75,327.5,12.5,25.5,0.53099
270,208,84.25,14,27.75,0.53056
270,262.75,10,13,26.25,0.53029
300,252.25,336.25,12.25,24.75,0.57078
300,229,7,14.5,29.25,0.56983
300,530.5,362.75,14.75,29.5,0.54966
300,396.5,27.25,13.75,27.75,0.54947
300,260.25,3,16,32,0.5487
300,438,335,14,28,0.5482
300,355.75,72,12.25,24.5,0.54762
300,-8.75,116,72.5,145,0.54582
300,331.25,33.25,14.25,28.5,0.54504
300,460,346.75,15,30,0.54468
300,69.5,398.5,15.75,31.5,0.54412
300,355.25,375,16.75,33.75,0.5439
300,21,227.25,14.25,28.75,0.54351
300,405.5,39,13,26.25,0.54264
300,444.5,3.25,14.5,29.25,0.542
300,404.5,33.25,12.75,25.25,0.54197
300,324.75,50.25,14.5,28.75,0.53969
300,445.5,429,13.75,27.75,0.53941
300,610,443,12.5,25.25,0.53911
300,298.25,408.75,30.5,61.5,0.53901
300,108.75,101,11.5,23,0.53898
300,138.25,241.75,13.25,26.5,0.53857
300,468,346.5,15,29.75,0.53848
300,356.75,336.75,12.5,24.75,0.538
300,132.5,33.5,13.25,26.75,0.53786
300,212.5,4.25,12.5,25,0.53786
300,435,413.25,17.75,35.5,0.53775
300,499.5,100,24.25,48.5,0.53756
300,301.25,113.75,15,30,0.53712
300,348.75,70.5,13,26.25,0.53599
300,325.5,81,14,28,0.53416
300,395.5,4.25,18.25,36.75,0.53365
300,314.25,46.25,30.25,61,0.53364
300,-4,183.5,32,64.25,0.53357
300,344.75,68.75,11.75,23.75,0.53339
300,300,8.5,13.5,27,0.53317
300,484,348.25,16,32,0.5328
300,282.25,270.75,15.25,30.75,0.53275
300,281.5,43.75,15.25,30.25,0.53266
300,108.5,354.5,11.75,23.75,0.53265
300,580.5,360.5,12,24.25,0.53237
300,69,364.25,12.5,24.75,0.5322
300,36.5,433.75,17.25,34.25,0.53153
300,260.75,367,13.5,26.75,0.53139
300,189,363.75,16,32,0.53124
300,589.75,246,18.75,37.5,0.5311
300,317.5,83.5,13.25,26.25,0.53098
300,613.25,333.25,15,30,0.53097
300,333,61.75,15.5,31.5,0.53037
300,412.75,344,13.5,26.75,0.53029
300,268.75,366,13.25,26.75,0.53003
330,69.25,397,13.5,27,0.572
330,379.25,411.25,14.75,29.5,0.55754
330,324.5,77,12.25,24.5,0.55334
330,460.75,412.25,14.25,28.75,0.54873
330,220.75,12.75,13,26,0.54514
330,299.75,415.75,16.5,32.75,0.54505
330,220.75,406.25,13.5,27,0.54472
330,116.75,388.25,15,29.75,0.54318
330,501.25,395.5,13.5,27,0.54298
330,126.25,416.5,12.5,25.25,0.54272
330,44.5,393.25,13,25.75,0.53912
330,309.5,431.5,14,28,0.53868
330,468,398.5,14.75,29.75,0.53766
330,304,12.25,12.25,24.75,0.53755
330,50.25,393.25,12.25,24.75,0.53731
330,276.75,65,16,31.75,0.53699
330,115.5,139.25,18.25,36.25,0.53697
330,292,72.25,13.75,27.5,0.53692
330,334.75,60.5,16.5,32.75,0.53614
330,334,430.25,13,25.75,0.53607
330,53.5,225.75,14.5,28.75,0.5339
330,378.5,217,11.75,23.75,0.53329
330,539.75,417.25,14.75,29.25,0.53287
330,355.75,69,12.5,24.75,0.53273
330,617,91.5,25.5,51,0.53272
330,290.5,9,12.5,24.5,0.53271
330,327.5,35.25,12.75,25.25,0.5327
330,294.25,52.5,13.75,27.75,0.53223
330,252.5,8.5,12,24,0.53201
330,605,415.5,13.25,27,0.53195
330,283.25,8.75,19.75,39.5,0.53106
330,104.25,444,12,24,0.53044
330,23,352.5,13.5,26.75,0.53039
330,627.25,139.5,13.5,27.25,0.53005
360,460,413.5,15.25,30.75,0.55399
360,219.75,10.75,13.25,26.5,0.54991
360,140,430.25,17.25,34.75,0.54934
360,400,417,12,24.25,0.54431
360,355.5,34.5,13,26,0.54412
360,243.75,30,13.5,27,0.54369
360,371.75,47,13,26.25,0.54243
360,307.5,97,17.25,34.75,0.54158
360,-3,36,25,50,0.5393
360,84.5,432.5,12.5,24.75,0.5389
360,528.25,105.5,12.75,25.25,0.53448
360,348.75,411.25,13.5,27.25,0.53374
360,395.5,381.25,12,24,0.53343
360,154.25,198.5,12,24.25,0.5319
360,519.75,314.25,15,30.25,0.53141
360,548.75,91,11.75,23.5,0.53006
360,176.75,418,16.75,33.5,0.53005
390,381.5,413,13.5,26.75,0.56982
390,543,389.5,13.25,26.5,0.56585
390,363.5,32.5,17.25,34.5,0.55958
390,172.25,425.5,12.5,25,0.55942
390,220.5,372.75,13.25,26.5,0.55452
390,607,400.25,12.25,24.5,0.55342
390,452.5,393.5,15.5,31,0.54818
390,205.25,396.75,13.75,27.5,0.54792
390,532.25,403.75,15.25,30,0.54788
390,513,92,28,55.5,0.54765
390,286,70.5,12.75,25.5,0.54391
390,124,396.75,13.5,26.75,0.54375
390,203,382,17.5,35,0.54269
390,261,373.25,15.25,30.5,0.54013
390,613,362.25,13.25,26.25,0.53997
390,221,393.75,14.5,29,0.53922
390,540,389.5,13.5,27,0.53882
390,527.5,425,12.5,24.5,0.5378
390,436,392.75,15.75,31.25,0.53756
390,347.25,395.5,17.25,34.5,0.53736
390,531,377.75,13.5,27,0.53705
390,276.25,7.5,13.25,26.25,0.53651
390,300.75,125,11.75,23.5,0.53585
390,116.25,404.25,16.25,32,0.53567
390,403.5,424,13.25,26.5,0.53437
390,452,389,14.5,29.25,0.53436
390,284,25.75,13.5,27,0.53363
390,357.75,407,12.75,25.75,0.53312
390,77.5,415,13.25,26.5,0.53279
390,131.75,410,17,34.25,0.53259
390,256.5,14,12,24,0.53251
390,268.75,23.75,17,34,0.53236
390,404,15.5,15,30.25,0.53197
390,470.5,91.25,15.25,30.75,0.53164
390,157,410,14.75,29,0.53154
390,290.25,16.5,17.75,35.75,0.53148
390,268.5,7,14.75,29.25,0.5314
390,564,402.5,15.5,31.25,0.53139
390,549,408.75,15.25,30.25,0.53134
390,315.75,65,16.5,32.75,0.53118
390,448.25,25.5,12,24,0.53108
390,324.75,398.5,12.5,25,0.53078
390,179,424.75,12.25,24.75,0.53005
420,523.75,394.25,15.5,31.25,0.55722
420,229.25,428,14,28,0.55529
420,309,8.5,13,26,0.55329
420,116.25,424.25,13.25,26.25,0.553
420,333.25,346.75,14.25,28.25,0.55219
420,279.75,68.75,15.25,31,0.5518
420,292,26.5,14.75,29.75,0.54869
420,148,432.5,11.75,23.25,0.54788
420,532.5,416.75,12.5,25,0.54673
420,523.25,380,14.5,29,0.54661
420,300,12,16,31.75,0.54585
420,564,154.5,12.25,24.5,0.54484
420,588.5,410.5,14,28,0.54186
420,134.25,398.75,13.75,27.25,0.54155
420,308,133.5,12.75,25.5,0.54004
420,244,25,15,30.25,0.53994
420,555.75,426,15.75,31.5,0.53958
420,360.5,80.75,11.75,23.5,0.53923
420,421.75,44.5,14.25,28.25,0.53864
420,468,413.5,14.5,29,0.53833
420,213.25,395,14.25,28.5,0.53815
420,347.25,347.25,17.75,35.5,0.53713
420,276.75,10,15.5,30.75,0.53673
420,301.75,7,14,27.75,0.53672
420,336.5,50.25,12.75,25.25,0.53664
420,252.25,19.25,15,30.25,0.53656
420,491.5,428.75,13.75,27.75,0.53656
420,252.75,433.75,12,24.25,0.53594
420,301,67.5,14.5,29.25,0.5358
420,269,14,13,26.25,0.53549
420,324.25,385,16.5,33.25,0.53495
420,285.75,74.5,13.25,26.5,0.53489
420,152.5,93.75,11.5,23.5,0.53477
420,173.75,424,13,26,0.53431
420,332.5,375.5,16.25,32.25,0.53359
420,-3.25,43.5,27.5,55.25,0.53324
420,565.5,415.5,13,26.5,0.53288
420,246.25,15,14.5,29,0.5327
420,253.25,409.25,15,30,0.53261
420,248,375.75,12.5,24.75,0.53196
420,284.25,18,16,32,0.53195
420,239.25,13.75,13.25,26.5,0.53156
420,-1.75,49.5,15.25,30.25,0.53153
420,240.25,408.5,12,24.25,0.53114
420,164.25,432.5,16,31.75,0.53085
420,593.25,148.25,15.5,30.75,0.53046
420,515.5,359.75,12.75,25.25,0.53036
420,340.75,362.75,15.25,30.5,0.53026
420,469,428.5,14.75,29,0.53024
420,555.5,392.75,16,31.5,0.53022
420,316,137.5,13.25,26.25,0.53012
450,22.5,218.25,17.25,34.25,0.56072
450,508,24,14.25,28.75,0.55646
450,156.75,400,13.5,27,0.55308
450,340.5,80.25,13,26.25,0.55262
450,518.75,24.75,12.25,24.5,0.55174
450,160.5,35.75,17,34,0.54906
450,453.25,414.5,13.25,26.25,0.54869
450,317.75,49,11.75,23.5,0.54764
450,306.25,445.75,15,30,0.547
450,172,403.25,16.75,33.5,0.54636
450,276.25,271.5,12.5,24.75,0.54487
450,381.25,435,14.5,29.5,0.54341
450,618,95.5,23,46,0.54251
450,221,412.25,13.75,27.75,0.54216
450,151.75,358,12.5,24.75,0.54062
450,276,365.5,16.25,32.25,0.53991
450,396.25,403.25,14.5,29,0.53862
450,268.75,10,14.25,28.25,0.53832
450,327.75,88.75,12.75,25,0.53807
450,334.25,80,12.75,25.75,0.53733
450,491.75,399.5,12.5,25,0.53722
450,252,15.25,16.25,32.25,0.53661
450,84.25,424,15.75,31.75,0.53656
450,325.75,76.75,15.25,30.5,0.53643
450,515.5,9.25,16.5,33,0.53625
450,106,95,14.25,28.5,0.53529
450,476.25,423,13.5,27,0.53512
450,140.5,406,16,32,0.535
450,189.5,403.5,15,30.5,0.5346
450,510.25,440.25,12.5,25,0.53374
450,322,310,12.75,25.5,0.53374
450,420.25,6.5,16.75,33.75,0.53372
450,620.25,418.5,12.25,24.75,0.53345
450,369,375,14,27.75,0.53335
450,389.25,11.5,15,30.25,0.53283
450,156.25,432.25,12.5,25,0.53217
450,189.25,428.75,13.25,26.5,0.5319
450,541.5,248.5,114,228,0.5317
450,421.5,436.25,14,27.75,0.53163
450,228,422.5,17,34.25,0.53144
450,203.75,407,16.75,33.25,0.53124
450,572.75,448.5,12.75,25.25,0.53104
450,620.5,124.5,12.25,24.75,0.53094
450,208.25,198.75,14,28,0.53067
450,268.75,25.25,15.5,31,0.53052
450,284.25,364.75,16.75,33.5,0.53037
450,525.5,358,13,26,0.53016
450,260.25,409,15.75,31.25,0.53007
480,252.25,431.25,16.75,33.25,0.58038
480,277.5,16.25,14.5,29,0.56445
480,367.25,378,13.5,27.25,0.5611
480,84.75,424.5,12.75,25.75,0.55905
480,341.25,87.75,13.25,26.5,0.55092
480,549.75,380.75,13.25,26.5,0.5478
480,412,39.5,12.75,25.5,0.54744
480,36,26.5,15.75,31.5,0.54666
480,243.5,433,15.75,31.25,0.54665
480,262.5,19.75,13.75,27.25,0.54387
480,283.5,78.75,15,30.25,0.54329
480,123.25,112.25,17.5,35.25,0.54305
480,318,412,12.5,25.25,0.53954
480,587.75,402.75,17,33.75,0.5395
480,261,353.5,12,24,0.53941
480,-4,198.75,31.25,62.75,0.5393
480,246.75,351.75,12.75,25.5,0.53817
480,262.5,418.5,14,28,0.53814
480,564.25,389,15.25,30.5,0.53728
480,556.25,377,13.75,27.25,0.53635
480,550,367.25,12.75,25.5,0.5353
480,571.75,360.25,15.5,31,0.53516
480,332.25,14.75,16.5,33,0.53427
480,268.5,29,14.5,28.75,0.53424
480,293.75,34.5,13.5,27.25,0.53412
480,213.5,408.25,14,28,0.5335
480,119.25,215.5,13.25,26.5,0.53327
480,341.5,398.25,13.75,27.5,0.5328
480,437,427.25,15.75,31.25,0.53256
480,247.5,80.5,12.5,24.75,0.53252
480,283,32,16,32,0.53235
480,516,426.75,15.25,30.75,0.53225
480,588.25,100.75,14.75,29.25,0.53174
480,302.75,88.5,12.5,25,0.53145
480,538,401,19.75,39.75,0.53131
480,125,58.75,17.5,34.75,0.53122
480,107.5,445,16.75,33.25,0.53098
480,315.25,452,13.5,27,0.53068
480,223.5,359.25,12.5,25,0.53067
480,-2.25,15.5,18,35.75,0.53029
480,389,394.5,11.75,23.5,0.53018
510,283.75,82,16.25,32.5,0.57276
510,228,13,17,33.75,0.56595
510,292,82.5,15.75,31.25,0.56105
510,205.25,3.75,13.5,27,0.54983
510,331.5,102,13.25,26.75,0.54957
510,316.75,100.75,14.5,29,0.54737
510,468.5,377.5,13.5,27.5,0.5445
510,524.5,383.25,15.25,30.5,0.5427
510,301,82,14.75,29.5,0.54198
510,549.5,388.5,14,28.25,0.54173
510,8.5,44.5,11.75,23.25,0.54162
510,299.25,5.25,16,31.5,0.5416
510,156.5,399.25,12,24.25,0.54136
510,299.75,403.25,15.75,31.25,0.54136
510,33.75,434.75,19.5,39.25,0.54074
510,181,106.5,11.75,23.5,0.53933
510,588.25,421.75,14.25,28.25,0.53778
510,555.5,399.25,16.5,33,0.53726
510,353.75,13.5,18.75,37.5,0.53638
510,261.25,360.75,11.75,23.5,0.53624
510,292,33.25,15.25,30,0.53613
510,605.75,89,15,30.25,0.53523
510,439.25,28,13,26,0.53517
510,276.75,86.5,14.75,29.25,0.53512
510,284.5,417.75,12.25,24.5,0.53495
510,246,10.5,12.25,24.5,0.53433
510,613.5,363,13.75,27.75,0.53345
510,141.5,400,12.25,24.75,0.53285
510,251.75,376.5,18.25,36.25,0.53206
510,236.5,9.5,12.25,24.5,0.53166
510,460.25,379.25,14.75,29.5,0.53115
510,326.25,94.75,14.25,28.25,0.53101
510,28.5,18.25,14.5,29.25,0.53094
510,100,120.25,12.75,25.75,0.53074
510,217.25,428.75,12.75,25.75,0.53069
510,272.25,62.5,11.75,23.5,0.53058
510,228.25,354.75,20.5,41.25,0.5304
510,104,381.25,13.5,27,0.53026
540,165.25,383.25,13.75,28,0.56946
540,180.5,388.25,14.75,29.25,0.55616
540,307.75,96,13,26.25,0.55523
540,238.5,357.75,13.75,27.25,0.55394
540,300.25,73.5,25.5,51,0.55321
540,358.75,397.25,13.75,27.5,0.55174
540,445.25,399,13.25,26.25,0.54943
540,204.5,395,15.25,30.5,0.54913
540,84,409.5,14,28,0.54893
540,204,368.25,16,31.75,0.54864
540,477.5,427.5,14,28,0.5474
540,260.25,349,13.5,26.75,0.54652
540,189.25,379,13.75,27.25,0.54578
540,93,407,13.25,26,0.54533
540,229.25,348.75,14.25,28.5,0.54423
540,276.5,74.25,16,32.25,0.54341
540,300.25,80.75,12.75,25.5,0.54287
540,212.75,365,15,30,0.54214
540,180.5,379.25,14.5,29,0.54208
540,556.75,386.25,15.5,30.75,0.54039
540,90.75,47.5,12.5,25,0.5403
540,539.25,381,16.25,32.75,0.54013
540,612.25,342,15.75,31.25,0.53977
540,245.75,359.75,12.75,25.5,0.53969
540,173.25,378,14.25,28.25,0.53917
540,292,68.5,14.5,28.75,0.53909
540,364.5,388.75,16.5,33.5,0.53842
540,276.5,354,14.5,28.75,0.53831
540,29.25,320.25,16,32.25,0.53765
540,244.5,366,15.5,31,0.53734
540,80.25,141.5,14.5,29.5,0.53657
540,116.25,17.5,15.5,31,0.53639
540,311.5,370.75,12.5,25.25,0.53639
540,604,337.5,14.25,28.5,0.53636
540,269.5,15,13,25.75,0.5359
540,484.5,412.75,13.75,27.25,0.53587
540,180.75,418.25,14.5,29,0.53521
540,40.25,206.75,12.5,24.5,0.5346
540,257.75,51,21.5,43.5,0.53394
540,340.5,95.25,14.5,28.75,0.53387
540,220.75,418.5,14.5,29,0.53357
540,196,416,16,32.25,0.53335
540,512,399.5,12.75,25.5,0.53329
540,430.25,12.5,12.25,24.5,0.53288
540,539.75,356.5,14.75,29.5,0.53259
540,-2.75,177.5,22,44,0.5325
540,100.75,424,13,25.5,0.5325
540,597.5,327.25,13.25,26,0.53231
540,269.5,341,15.25,30.25,0.53221
540,292,88.25,14.5,29,0.53133
540,102.75,156.25,13,25.75,0.53098
540,445,340.5,15,30.25,0.53096
540,348.5,376,13,25.75,0.53082
540,308.25,75.25,13.5,27,0.53079
540,525.75,423.75,12.5,25.5,0.53078
540,526,156.5,12,24,0.53077
540,300.75,355.5,11.75,23.75,0.53068
540,278,65.5,12.75,25.25,0.5306
540,390.5,392.25,12.25,24.75,0.53053
540,548,404.25,15.5,31,0.53021
540,533,343.25,13.25,26.5,0.53008
570,183.5,10,13,25.75,0.55619
570,277.25,40,14.75,29.25,0.55542
570,244.75,18,15.5,30.5,0.55435
570,340.75,17.25,15.25,30.75,0.54671
570,576.25,41,12,24,0.54649
570,356,13.25,15.5,31.25,0.54469
570,212.25,11.5,15.75,31.75,0.54465
570,261.75,44.75,13.75,27.75,0.54425
570,208.5,14,11.75,24,0.5435
570,277.75,138.25,13.5,27.25,0.54349
570,297.5,20.75,30.5,61,0.54223
570,276.25,86,13.5,27.5,0.54106
570,269.25,47,13,26,0.54007
570,268,17.5,17.25,34.5,0.53741
570,284.25,131.5,13.75,27.25,0.53702
570,128.25,320.75,13,26,0.53696
570,570,372.75,12,24,0.53682
570,277,15,14.75,29.25,0.53484
570,148.5,22.5,13,26.25,0.53341
570,514.75,391.5,42.5,84.75,0.53338
570,87.25,358,12.75,25.75,0.5332
570,499,246.5,16,32.25,0.53314
570,199,369.25,20,40,0.53279
570,479,436,13.5,27,0.53231
570,196.25,30.5,16.25,32.5,0.53225
570,144.25,354.5,11.75,23.5,0.53217
570,470.25,415.25,13.25,26.75,0.53183
570,86.25,66.5,13,25.75,0.5317
570,227.25,31,17.75,35.5,0.53169
570,-1.75,25,14,28,0.53115
570,267.75,91.25,16.75,33.5,0.53106
570,-2.5,200.5,20,40.25,0.53025
600,468.5,407.75,13,26,0.54857
600,428.75,394,15,29.75,0.54817
600,402.75,293,13.75,27.5,0.54796
600,178.75,416.75,12.25,24.5,0.54765
600,283.25,59.75,19,37.75,0.54463
600,69.25,428.75,13.75,27.75,0.54283
600,308.25,351.5,16,31.75,0.54257
600,435.75,372,14.25,28.75,0.54087
600,357.5,378.5,13.25,26.25,0.54077
600,285.5,96.25,13.75,27.75,0.54064
600,195.25,107.75,13.5,27,0.53996
600,132.25,392,13,26,0.53875
600,420.75,392.25,16,31.75,0.53689
600,534.25,409.75,12.25,24,0.53545
600,508.25,368.25,12.75,25.5,0.53526
600,359.75,65.5,12.75,26,0.53517
600,411.5,370,15,29.75,0.53515
600,341.75,353.25,14,28.25,0.53487
600,498.5,143.75,13.5,26.75,0.53477
600,426.25,376,12.75,25.25,0.53469
600,548,356.25,16.25,32.25,0.53405
600,299.25,77.25,18.75,37.5,0.53386
600,312.25,81.5,12,24,0.53273
600,180.25,379,14.5,29,0.53216
600,93.5,387.25,14,28,0.5321
600,586.5,431,18.25,36.5,0.53195
600,572.25,355.75,15,30,0.53163
600,556.75,357.25,14.5,29,0.53155
600,327.75,49.5,12.5,24.75,0.53138
600,248.25,3.25,12.5,25.25,0.53112
600,467.75,388.5,16.5,33.25,0.53074
600,141.25,401.75,14.25,28.75,0.53059
600,313.25,73.25,30.5,60.75,0.53056
600,583.75,427,13.5,27.25,0.5303
600,363.75,163.25,13.75,27.25,0.53028
600,156.75,380.25,13.75,27.5,0.53015
600,445.5,388,13.25,26.75,0.53005
630,405.75,414.25,13.25,26.75,0.55761
630,524.75,315,15.25,30.5,0.55298
630,580.5,395.5,15,30.25,0.54744
630,316.25,73.25,16,32,0.54611
630,380.5,407.25,16.25,32.5,0.54582
630,248.75,18,29.75,59.5,0.54536
630,44.75,137.5,12,24,0.54416
630,203.5,10.75,14.5,28.75,0.54315
630,308.75,23.25,14,28.25,0.54138
630,282.75,192.5,14,28,0.54008
630,506.75,62.5,12.75,25.75,0.53992
630,183.5,22.25,13.25,26.25,0.53931
630,198,422.25,13.25,26.75,0.53884
630,299.5,25.25,16.75,33.75,0.53838
630,348.25,84,14.75,29.75,0.5382
630,184,59.5,12,24,0.53817
630,284,26.75,27,54.5,0.53816
630,259.75,61.5,16.75,33.25,0.53775
630,330.25,33,17,33.75,0.53774
630,452,265.75,14.25,28.75,0.53695
630,510,310.5,13,25.75,0.53678
630,247.25,412.75,13,25.75,0.53608
630,19,386,15.25,30.5,0.53588
630,612,150.5,21,42,0.53579
630,565.75,376,13,26,0.53575
630,40.5,283,12.5,25.25,0.53548
630,580,375.25,13,25.75,0.53485
630,613,322,14.75,29.5,0.53383
630,540,393.25,12.25,24.5,0.53339
630,302,423.75,12.75,25.5,0.53334
630,428.5,363,14,28,0.53283
630,338.5,82.25,15,30.25,0.53181
630,396,390,12.5,25.25,0.5318
630,347.5,43.75,14.25,28.5,0.53179
630,413.75,384.75,12.5,25,0.53149
630,246.25,8.75,12.25,24.75,0.53134
630,29.75,297.5,13,26,0.53094
630,133.25,360,13.5,27,0.5307
630,141,374.75,13.75,27.5,0.53042
630,605,314.75,13.25,26.5,0.53008
660,604.25,406.75,14.5,29,0.57618
660,198,358,13.75,27.75,0.56846
660,196.75,29.75,14,28.25,0.56842
660,332,89.25,13.5,27.25,0.55542
660,532.25,343.75,12.75,25.75,0.55383
660,325.5,25.25,14,28.25,0.55047
660,604.25,413.25,14.25,28.25,0.54948
660,281.25,64.25,20.25,40.5,0.54811
660,180.5,32.75,14.5,28.75,0.5477
660,261.5,31.5,14.25,28.25,0.54764
660,581.25,302.25,14.25,28.5,0.54697
660,308.75,13,11.5,23,0.54678
660,180.5,55.75,14.25,28.75,0.54609
660,603.25,286.75,17,34.5,0.54598
660,125.5,382.25,13.75,27,0.54561
660,310,295.75,14,28.25,0.54531
660,288.25,418.75,12,24,0.54521
660,598.75,3.75,13.25,26.5,0.54512
660,356,423.75,13.75,27.25,0.54407
660,588.5,363.5,14,28.25,0.54324
660,141,63.75,14.5,29,0.54321
660,299.5,411.5,15,30.25,0.54296
660,540.25,7.25,12.5,25.25,0.54291
660,564,309.75,13.5,27,0.54236
660,191,374.5,13.25,26.5,0.54233
660,518.25,362.5,14.25,28.5,0.54226
660,612.75,287,15,29.75,0.5409
660,540,360.25,13.75,27.5,0.54088
660,516.5,382.5,13.5,27.25,0.54039
660,620.25,384.5,12.25,24.25,0.53932
660,202.75,346,20.25,40,0.53915
660,188.75,32,12.75,25.5,0.53888
660,300.25,28.25,12.5,24.5,0.53865
660,492,154.25,14.25,28.25,0.53727
660,188,151,12.5,25.5,0.53718
660,375.75,40,15.5,31,0.5365
660,266.5,68.5,14.5,28.75,0.53574
660,588.75,404.75,13.5,27,0.53513
660,612.25,408.75,11.75,23.5,0.53484
660,579.5,277,14.75,29.25,0.5348
660,485.25,262.75,13,26,0.53476
660,187.25,6.75,16,32,0.53459
660,492,412.5,18.25,36.25,0.53451
660,283.25,6.25,16.25,32.25,0.53394
660,624,28.25,17.75,35.5,0.53384
660,555.75,309.75,13.25,26.5,0.53381
660,376.25,183.25,12.5,25,0.53378
660,76.25,408.5,12,24,0.53374
660,91.5,125.75,17,34,0.53351
660,617.75,44,19,38,0.53246
660,116.25,107.5,16,31.75,0.53241
660,364,27,13,25.75,0.53232
660,357.75,370.5,13,26.25,0.53221
660,493.5,324.25,14,28,0.53201
660,205,427.75,14,27.75,0.53173
660,165.75,419.75,13.25,26.5,0.53161
660,245.25,374.75,14.25,28.25,0.53144
660,380.5,361.25,12.25,24.75,0.53116
660,454,350.75,13,26,0.53101
660,100.5,303,12.5,25.25,0.53083
660,459.5,229.75,12.25,24.25,0.53051
660,564.25,359.25,15.5,31,0.53045
660,296,117,12.5,24.75,0.53042
660,615.5,416.75,12.25,24.75,0.53036
660,454,124.5,16.75,33.75,0.53036
660,519.25,432,12.25,24.5,0.53015
660,140.5,374.25,14.25,28.75,0.53011
690,394.25,69.75,13.75,27.5,0.55804
690,292.25,59.75,13,25.75,0.55746
690,324.5,74.5,15.5,31,0.55253
690,124,53.25,20.25,40,0.55082
690,604.25,73.25,13.25,26.25,0.54919
690,300.25,85.25,14.25,28.5,0.54522
690,261.5,27.5,13.5,26.75,0.5449
690,395,78.75,13,26,0.54381
690,572.25,9.75,14.25,28.75,0.54308
690,293.25,10.25,13.75,27.75,0.5422
690,283.5,76.25,17,34.25,0.542
690,156.25,31,14.25,28.5,0.5416
690,340.25,18.5,14.75,29.5,0.54104
690,156.25,83.25,13,26,0.53923
690,245.75,30.25,13.5,27,0.53878
690,197.25,446.5,13,25.75,0.53834
690,162.25,178.5,12,24,0.53714
690,620.5,85.75,12,24,0.53687
690,574,134.25,12.5,24.75,0.53522
690,282.25,437.5,13.25,26.5,0.53483
690,253.75,27.5,13.5,26.75,0.53439
690,243.25,264.5,17,34,0.53414
690,187.75,24.25,12.75,25.25,0.53363
690,277,26.25,15,29.75,0.53362
690,324.5,89.5,12,24.25,0.53299
690,564.75,408.25,26,52.25,0.53282
690,261.75,75.75,14,27.75,0.53211
690,177.5,28.5,19,38.25,0.53192
690,331.25,78,29.25,58.5,0.53182
690,21.75,403.75,14.75,29.25,0.53124
690,261,98.75,14.75,30,0.5309
690,69.75,422,15.25,30.5,0.53064
720,605,357.5,13.5,27.25,0.58199
720,373,388.25,14.75,29.25,0.56087
720,243.5,399.25,15.5,31,0.55451
720,220.75,366.75,13.25,26.75,0.5515
720,365.5,411,14.75,30,0.55061
720,235.25,402.5,15.25,30.5,0.54831
720,347.75,387.75,14.75,29.5,0.54824
720,389.5,70,14.5,29,0.54796
720,551,400.5,12,24,0.54739
720,348.5,123.75,13.5,27,0.5473
720,460.75,279.25,14.25,28.5,0.54599
720,294.5,85.25,12.75,25.75,0.54446
720,373.25,416,15.25,30.75,0.54434
720,404,422,13.25,26.75,0.5443
720,308,344.75,13.25,26,0.54354
720,365.5,89.75,13.75,27.75,0.54344
720,299.5,128,15.25,30.5,0.5428
720,258.25,317.5,77.25,154.5,0.54247
720,315.25,436,14.25,28.25,0.5419
720,355.5,97,15.75,31.25,0.54174
720,528.25,407.25,12.75,25.25,0.54172
720,92.25,42,15.25,30.25,0.54158
720,557.5,350.25,13.5,27,0.54151
720,406,20.75,13,26.25,0.54097
720,540,412,13.75,27.25,0.5403
720,587.5,391.75,16.25,32.5,0.5402
720,316.25,128.75,16.75,33.5,0.54004
720,564.5,83.75,66.75,133.5,0.53976
720,588.5,351.5,14.5,29,0.53881
720,334,427.25,14.5,29.25,0.53831
720,144.75,425.5,20.5,41.5,0.53769
720,398.25,64.5,11.75,23.5,0.53733
720,78.5,179.5,16.75,33.5,0.53718
720,380.5,70.5,13.5,27,0.53714
720,358,385,12,24,0.53714
720,507,350,16.75,33.75,0.53661
720,435.25,349,18.25,36.75,0.53656
720,382.75,57.25,13.75,27.5,0.5361
720,364.25,31.75,13.25,26.75,0.53599
720,224.75,8.5,19.25,38.75,0.53575
720,286.5,334.25,13.5,27,0.53545
720,469.25,328.25,14,28,0.53539
720,452.5,380,14.5,28.75,0.53525
720,92.5,379.5,14.75,29.25,0.53522
720,389.75,432.25,13.25,26.5,0.53487
720,204.5,397.5,14,27.75,0.53462
720,444.5,352.75,12.25,24.25,0.53436
720,251.75,16.5,13.25,26.25,0.5339
720,581.5,411,13.5,26.5,0.53287
720,246.25,27.75,12.5,24.75,0.53265
720,252.5,392.25,12.5,24.75,0.532
720,205.25,373.75,13.75,27.75,0.53198
720,315.25,21.5,13.25,26.75,0.53176
720,358.25,27.75,12.25,24.25,0.5312
720,572.75,348.75,14,28.5,0.5311
720,491,383.25,18,35.5,0.53105
720,267.5,112.25,12.75,25.25,0.53071
720,604.25,336.5,12.5,25.25,0.53055
720,230,366.5,13.25,26.25,0.53037
720,141,28.5,11.75,23.75,0.53031
720,-2.5,19,19.25,38.5,0.53003
750,325.25,347.75,14.75,29.25,0.56632
750,20,323.75,15.75,31.5,0.55673
750,229,23,13,26,0.5557
750,244.75,28.25,14.25,28.5,0.55136
750,187.75,202,17,33.75,0.54962
750,64,29.75,12.5,25,0.54548
750,183,140.75,25.75,51.75,0.54536
750,291.75,312.75,14.75,29.5,0.54498
750,477.75,378,12.25,24.5,0.54386
750,412.25,44.25,12.5,25.25,0.54375
750,124,357,15.75,31.5,0.54182
750,524.5,353.5,15.25,30.5,0.54149
750,258.75,79.75,16,32,0.54059
750,548.25,344.5,12.75,25.5,0.54014
750,509,414.5,14,28.25,0.53914
750,92,76.75,12,23.75,0.53858
750,275.75,31.25,17,34,0.5381
750,364.25,353,11.5,23,0.53809
750,222.75,364.5,13.25,26.5,0.53798
750,221.25,9,12.5,25.25,0.53709
750,500,349,14.25,28.5,0.53708
750,156.5,361.75,13.5,27.25,0.53605
750,27.25,7.75,26,52.25,0.53604
750,391,63.75,12,24.25,0.53586
750,471.5,344.75,13.25,26.5,0.53524
750,231.25,13,14,28,0.53409
750,291.75,18.75,15,30.5,0.53406
750,322.5,82.25,13.25,26.25,0.5336
750,385.5,242.75,22.25,44.25,0.53352
750,348.75,61,11.5,23,0.53345
750,38,331.25,12.75,25.75,0.53344
750,341.75,59.5,12.5,25,0.53328
750,492.25,417,12.5,24.5,0.53322
750,308.75,339.25,15.5,30.75,0.5324
750,396.5,402,15.25,30.25,0.53238
750,481.75,362.75,19.5,39,0.5322
750,346.75,124,13,26,0.53178
750,235.75,15.5,12.75,25.5,0.53079
750,141.25,80.75,12,24,0.53076
750,556.75,352.75,15.25,30.75,0.53045
750,122,198,13.5,26.75,0.53029
750,604.25,407.75,15.75,31.25,0.53021
780,196.75,16.5,15,29.75,0.57586
780,212.75,5.5,15,29.75,0.55237
780,85.5,30.75,14.5,29,0.5521
780,68.5,71.5,15,30,0.55186
780,164.5,33.5,12,24.25,0.54956
780,260.25,90.25,15.75,31,0.54892
780,60.25,48,16.5,33,0.54865
780,55,15.75,13.5,27.25,0.54832
780,180.75,4.25,14.5,29,0.54738
780,109,422,13.75,27,0.54704
780,323.25,61.25,19,38,0.54694
780,108.25,59.25,13.25,26.25,0.54694
780,28.5,49,16,31.75,0.54274
780,236.75,91.25,13.5,27.25,0.54258
780,359.75,23,12.75,25,0.5389
780,221,84.75,13.75,28,0.53865
780,264.25,39.25,32.25,64.25,0.53819
780,292.75,35.5,14.25,28.75,0.53679
780,229.25,427,14.5,28.75,0.53604
780,278.25,16.5,13.75,27.25,0.53568
780,205,32.25,14,28,0.53568
780,360,64,12.25,24.5,0.53568
780,309,53.75,14,28,0.53505
780,21.25,64.75,12.5,25,0.53491
780,318,47,12.75,25.75,0.53457
780,452.5,396.75,13.25,26.5,0.53435
780,448,10,13.5,27,0.53405
780,472,381.25,15.25,30.25,0.53378
780,395.5,74.5,13,26.25,0.53359
780,189.25,19.25,14.5,29.25,0.53346
780,269,86.75,13.75,27.25,0.53334
780,380.25,320.5,12,24.25,0.53294
780,188.5,419.25,14.25,28.25,0.53285
780,77.5,22.5,13.5,27,0.53278
780,544.25,424.5,12.25,24.75,0.53276
780,278.75,51.75,37.5,75,0.53168
780,84.5,307.75,12.25,24.25,0.53162
780,314.25,30,19.25,38.25,0.5316
780,332,9,13,25.5,0.53146
780,128.75,393,11.5,23,0.53145
780,178.5,408.5,13.25,26.5,0.53135
780,181,12.25,13.75,27.5,0.53126
780,420.5,331.5,13,26.25,0.5311
780,389.5,58.25,12.5,25.25,0.53107
780,124.75,50.5,14.5,29.25,0.53106
780,362,292.25,12.5,24.75,0.53102
780,29.25,191.75,30.25,60.5,0.53074
780,69,21.5,13.75,27.5,0.53061
780,123.75,200,24.25,48.25,0.53055
780,284.75,19,15.75,31.5,0.53025
810,188.25,18.75,15,30.25,0.56566
810,348.5,113.75,12.75,25.5,0.55158
810,374.25,65,14.75,29.5,0.54902
810,350.75,40.25,13.75,27.5,0.54771
810,28.5,20.5,14.25,28.25,0.54509
810,340.75,417.25,15,30,0.54358
810,260.75,118.5,13.5,26.75,0.54338
810,213,73.25,14.75,29,0.54333
810,252.25,120.25,12.25,24.75,0.54256
810,414.5,419,13.5,26.75,0.54247
810,261.25,26,15.25,30.25,0.54046
810,-1.5,217.5,12.75,25.5,0.5403
810,22.25,35.5,14.25,28.25,0.54025
810,276.5,74.5,16,31.75,0.53976
810,196.5,17.5,16,32,0.53937
810,580.75,400.25,12,24.25,0.5382
810,406,32,12.5,24.75,0.53774
810,285,26,14.5,29.25,0.53744
810,316,162.75,12.25,24.5,0.53731
810,390.75,65,14.5,28.75,0.53716
810,248.25,120.25,12.25,24.25,0.53691
810,252,18.5,12.75,25.5,0.53644
810,437.5,408.5,12.75,25.5,0.53602
810,242.75,120.75,11.75,23.75,0.53484
810,276.75,128.5,13,25.75,0.53475
810,317.5,92,13.5,26.75,0.53373
810,299.75,30.5,15.25,30.25,0.5336
810,242.25,89.75,12.25,24.5,0.53334
810,220.75,60.25,13.5,27.25,0.53309
810,308,44.75,14,28,0.53262
810,428.5,381.5,13.5,27,0.53166
810,63.75,209.75,12.5,25,0.53137
810,492,433.25,13.25,26.5,0.53135
810,276.5,43.75,15.25,30.5,0.53134
810,300.75,95.75,13.25,26.25,0.53131
810,292.25,137.75,13.25,26.25,0.53039
840,494,429.5,12.75,25.75,0.57411
840,380,398,13,25.75,0.54711
840,263.25,76,12.25,24.75,0.54674
840,235.5,13,12.75,25.25,0.54416
840,613,340.25,14.75,29.5,0.54078
840,428,18,13,25.75,0.54028
840,342.5,448.5,12.75,25.75,0.53976
840,421,412.75,13.75,27.5,0.53921
840,33.25,191.75,12.25,24.5,0.53855
840,453.5,427.75,12.5,25,0.53807
840,124,229.75,12.25,24.75,0.53801
840,427.75,91,18.75,37.25,0.5379
840,229.5,22.75,12.75,25.5,0.5371
840,605.75,339.75,14.25,28.5,0.53652
840,60.75,329.75,14,27.5,0.53635
840,156.75,386.75,14,28,0.5358
840,51,195.75,32.5,65,0.53572
840,318,76,13,25.75,0.53571
840,477.25,76,12.5,25,0.53571
840,132,444.5,16,31.75,0.53561
840,444.75,28,13.5,27,0.53561
840,256.5,15.75,12,24.25,0.53546
840,420.5,16.75,13,26,0.53445
840,289.25,17.75,14.75,29.5,0.53407
840,261.25,125,11.5,23,0.53366
840,355.25,387.25,14.75,29.25,0.53326
840,332.25,224.5,12.5,25,0.53248
840,252,89.75,12.5,25.25,0.53227
840,318,156,12.75,25.75,0.53218
840,178.25,45,17,34.5,0.53217
840,283.25,17.25,14,28.5,0.53206
840,159.5,106.25,13,26.25,0.53205
840,212.5,42.75,14.5,29,0.53185
840,323.75,443.25,13,26,0.53183
840,399.5,414.75,12.5,25.5,0.53144
840,628.25,48.25,12.5,25,0.53141
840,342.75,77,11.5,23,0.53137
840,96.5,305,12.25,24.5,0.53098
840,511.25,245,32.25,64.25,0.53065
840,131,381.25,17.75,35.5,0.53039
870,613.25,183.5,13,26,0.56161
870,188.25,38.75,13.25,27,0.56129
870,213.25,323,14.75,29.75,0.55606
870,177.75,211,25,49.75,0.55051
870,285,17.25,14,28.5,0.54917
870,308.75,15.5,16,32.25,0.54747
870,607.25,312.75,11.75,23.75,0.5471
870,262,120.25,13,26,0.54668
870,492.5,385,15.75,31.25,0.5459
870,349,379.75,18.5,37.25,0.54196
870,181.5,367.5,12.75,25.25,0.54153
870,440.25,382,23.75,47.75,0.54073
870,468.25,430.25,13.25,26.25,0.53986
870,365,408.25,15.25,30.25,0.53982
870,236.25,110,16.5,33,0.53923
870,348,322.75,14.5,29,0.53898
870,247.25,126.75,13,26.25,0.5383
870,229.25,20.75,14,28,0.53789
870,407,424.75,12.75,25.25,0.53757
870,163.75,421.5,16.5,32.5,0.53751
870,388.75,368.25,12.5,24.75,0.53712
870,530,192.5,12,23.75,0.53647
870,213.25,21.25,14.25,28.5,0.53641
870,496.25,180.25,12.25,24.5,0.53631
870,412.5,366,14.5,29.5,0.5359
870,141.5,381,13.75,27.5,0.53585
870,60.5,311.25,15.5,30.75,0.53575
870,237,13.5,13,25.75,0.53531
870,197,334.75,15,30.25,0.53499
870,316,58.25,15.25,30.5,0.53438
870,610.75,150.5,17,33.5,0.53433
870,603.5,368.5,16,32,0.53383
870,93,114.5,14.5,29.25,0.53374
870,220.25,106.75,16,31.5,0.53371
870,236.75,19.75,14.5,29.25,0.53365
870,292.75,15.75,14.25,28.75,0.53359
870,197,374,13.75,27.25,0.5333
870,229.25,443,15,30.25,0.53324
870,253.75,116.25,14,27.75,0.53324
870,612.75,369.5,14.75,29.5,0.53307
870,157.5,411.75,14.25,28.25,0.533
870,278,447,13,26,0.53252
870,220.5,67.25,13,26,0.53228
870,6.75,173.75,11.75,23.25,0.53221
870,312.75,41,11.5,23,0.53217
870,254.75,62.5,12,24.5,0.5319
870,20.25,13.75,13,26,0.53187
870,402,219.5,15,30.5,0.53129
870,276.75,14.75,14.75,29.5,0.53103
870,504,53.75,13.5,27,0.53018
870,-1,91.5,15.25,30.5,0.53009
870,203.75,33.5,16.75,34,0.53006
900,181.25,415.75,13,25.75,0.55538
900,172.5,380,14.75,29.25,0.5492
900,181.25,379.75,13.75,27.75,0.54864
900,380.5,408.25,12.25,24.75,0.54801
900,262.75,34.25,13,26.25,0.5477
900,189,379.5,14.25,28.75,0.54535
900,263.25,360,12.25,24.25,0.54523
900,291.5,313.25,15.5,31,0.54492
900,148.5,378.5,15.25,30.5,0.5443
900,220.25,386.75,14.25,28.25,0.54294
900,252,359.75,12.75,25.5,0.54203
900,196,431.75,12.5,25.5,0.54174
900,320.25,135.75,12.75,25.75,0.54117
900,332.25,362.25,16.5,33,0.53987
900,316,366,16.5,32.75,0.53919
900,263,28,12.75,25,0.53904
900,333.5,208,22.5,45.25,0.53886
900,26.5,216.5,22.75,45.5,0.53841
900,101,297.75,13,26,0.53806
900,212.5,325.75,16.25,32.5,0.53759
900,319.25,438.5,13.25,26.75,0.53687
900,27.5,416.75,15.5,31,0.5364
900,388.25,425.5,12.5,25,0.53595
900,251,114.75,14.25,28.5,0.53519
900,271.25,84.25,12.75,25.75,0.53497
900,275.5,283.25,13.5,26.75,0.53449
900,325.75,307.5,14.75,29.5,0.53445
900,212.75,383,13.5,27,0.53427
900,164.25,415.5,16,32,0.5339
900,258.25,359.75,12.5,25,0.53303
900,370,405,18,35.5,0.53302
900,165.25,382.75,13.25,26.25,0.53213
900,338,63,15.75,31.5,0.53209
900,312,453.5,12.25,24.5,0.53203
900,199,432,12.75,25.5,0.5318
900,128.25,297.5,11.75,23.75,0.53171
900,386.5,412,14.5,29.25,0.5317
900,316,270.25,12.5,25.5,0.53164
900,248,36,12.25,24.5,0.53164
900,214.25,431.25,12.75,25.75,0.53161
900,208,359.5,19.5,39,0.5311
900,67.5,26.5,13.25,26.5,0.53105
900,54,12.25,13,26,0.53102
900,404,418.5,15,30,0.53072
900,293,108.25,14,27.75,0.53065
900,220.75,424.25,14.25,28.75,0.53029
900,340.5,78,12.25,24.25,0.53015
900,347.75,351,13.25,26.75,0.53008
930,251.75,401.25,13.5,26.75,0.5616
930,376,223.5,12.5,25,0.5541
930,426.5,417,14.25,28.75,0.5534
930,300.25,420,13.75,27.25,0.54943
930,362.5,437,12.25,24.75,0.54779
930,588.25,433.5,13,26.25,0.54221
930,277.75,68.5,14,28,0.54201
930,604.25,96.25,14.25,28.5,0.54135
930,77.75,302.25,14,27.75,0.54109
930,545,166,14.25,28.5,0.53939
930,285.25,69,15,30.25,0.53901
930,53,441.5,12.5,25,0.53886
930,60.75,337,11.5,23,0.5385
930,60.5,434.5,14.5,29.25,0.53815
930,101.5,407.75,12.75,25.75,0.53705
930,400.75,385,11.5,23,0.53651
930,244.25,416.5,12,24.25,0.53637
930,428,447.75,13.75,27.75,0.53552
930,262.25,101.5,13.5,26.75,0.53437
930,292.25,423,17,33.75,0.53431
930,317.25,378.75,14.25,28.25,0.53385
930,364.25,48.75,13.5,26.75,0.53378
930,355.75,25.5,14,28,0.53358
930,310.75,122.5,13.25,26,0.5334
930,37,335.5,14.25,28.25,0.5333
930,526.25,209.25,14,28,0.53284
930,317,445.75,15.5,30.75,0.53275
930,551.75,410,12.5,25.25,0.53272
930,220.5,47.25,12.5,25,0.5325
930,176.5,74.75,21.75,43.5,0.53199
930,19.5,88.75,13.75,27,0.53187
930,84.25,430,12.75,25.5,0.53142
930,460,442.5,17.25,34.75,0.53117
930,310.25,368.5,13,25.75,0.53095
930,223.75,277,14.25,28.25,0.53079
930,560.75,35.75,12.25,24.75,0.5306
930,482.25,46.25,26.5,53,0.53049
930,445.5,444,14.75,29.75,0.53025
930,368.25,59.75,13,26,0.53012
960,168,425.5,12.75,25.5,0.5622
960,212.75,435.75,15,29.75,0.55886
960,513.25,418,15.25,30.75,0.5559
960,142.75,412.5,12.5,24.75,0.55017
960,311.25,448,12.25,25,0.54682
960,279.25,79,13,25.75,0.54392
960,348.5,452.75,12.25,24.5,0.54344
960,404.25,432.25,11.75,23.75,0.54173
960,583.75,120,12.75,25.75,0.54169
960,79.75,135,12.75,25.75,0.54114
960,108.5,129.25,12.25,24.75,0.54024
960,327.25,444.5,13.25,26.75,0.53982
960,309,448.75,12.25,24.5,0.53787
960,28,169.5,13,26,0.53764
960,110.25,448.5,12.75,25.75,0.53743
960,333.75,293.5,13.5,26.75,0.53742
960,467.25,106.25,17,34.25,0.5372
960,477.25,116.25,13,26.25,0.53681
960,619.25,94.5,22,44.25,0.53644
960,347.5,217.5,15.75,31.75,0.53629
960,319.5,56,15.75,31.5,0.53627
960,351.75,418.5,13,25.75,0.53573
960,591.75,156.5,13.25,26.5,0.53534
960,454.5,138.25,11.75,23.5,0.5353
960,503.25,22.25,12.25,24.75,0.53502
960,303.25,108.25,13.75,27.75,0.53495
960,391,412,14.75,29.5,0.53441
960,172.5,443.75,14.5,29.25,0.53332
960,125,16.25,14.25,28,0.53307
960,412,398.5,13.25,26.5,0.53296
960,147.5,94.25,17.5,35,0.53295
960,389.25,341,12,24,0.53266
960,237,424.5,14.75,29.25,0.53158
960,101.5,24,13.5,27,0.5312
960,212.75,429.75,15,29.75,0.53083
960,213.5,43,15.5,31.25,0.53074
960,420.5,55.75,15,29.75,0.53051
960,76.5,85,11.75,23.75,0.53029
960,261,447,15.25,30.5,0.53014
990,260.5,354.75,14.75,30,0.59064
990,365.75,449.25,12.75,25.75,0.56813
990,76.25,391.75,15.75,31.25,0.56584
990,102.5,336.25,12.5,25,0.56353
990,204.25,400.25,15.75,31.25,0.56085
990,86,385.5,13.25,26.5,0.55986
990,388.75,404.75,16.25,32.5,0.55934
990,476.5,393.5,15.75,31.75,0.55635
990,300.25,401,15.25,30.25,0.5542
990,181.25,428,14,27.75,0.55305
990,61,342.75,13.25,26.5,0.55192
990,125,373.75,14,28.25,0.55161
990,52,386,15.75,31.25,0.55127
990,69.25,395.25,14.75,29.75,0.55117
990,333.5,430.75,13.5,26.75,0.55101
990,408,209.75,18.25,36.5,0.55059
990,44.25,388,14.5,29,0.54959
990,277.75,398,13.5,26.75,0.54907
990,364.25,356.25,12.25,24.5,0.54866
990,245.5,349.75,13.5,27,0.54865
990,20.5,304.75,15.5,31,0.54841
990,20.25,433,12.25,24.5,0.54782
990,220.5,369.25,15.25,30.5,0.5478
990,104.75,54.25,12,24.25,0.54758
990,91.75,337,16.25,32.75,0.54741
990,373.25,408.5,14.25,28.5,0.54717
990,252.25,441.75,16.75,33.25,0.54633
990,170.75,165.75,14.75,29.25,0.5463
990,565,308,13.5,27.25,0.54567
990,324.25,94.5,14.25,28.5,0.5455
990,189,327.25,13.5,26.75,0.54509
990,188,388,14,27.75,0.54507
990,276.5,316,15.75,31.75,0.54499
990,374,171.75,37.5,75.25,0.5448
990,173.75,382,13.5,27,0.54365
990,252,400,12.75,25.5,0.5435
990,301.25,440,12.5,24.75,0.54329
990,172.5,401,16.5,32.5,0.54318
990,519.25,424.5,12.25,24.5,0.54217
990,100.5,380,14.75,30,0.54182
990,197.25,405.5,14,27.75,0.54139
990,486.25,68,13.25,26.25,0.54117
990,487.75,104.25,12.5,25,0.54115
990,212.25,327,13,26,0.54107
990,29.5,383,13.25,26.5,0.54086
990,204.75,57.5,15.25,30.25,0.54034
990,192,401.25,12.25,24,0.54025
990,111,418.25,13,26,0.54012
990,324.5,432.25,11.75,23.75,0.5394
990,212,400,16,32,0.53932
990,324.75,443.75,15.25,30.5,0.5393
990,150.25,99.75,15.25,30.75,0.53916
990,396.75,402.75,14,27.5,0.53907
990,12.5,350.75,13.25,26.25,0.53876
990,180.75,27.75,14.25,28.75,0.53855
990,359,406,13.25,26.75,0.53849
990,502.5,368,12.5,25,0.53842
990,115.75,316,17.25,34.75,0.53736
990,300.25,315.5,15,29.75,0.5373
990,262.25,428.5,13.75,27.5,0.53725
990,165.25,379.75,13.75,27.5,0.53712
990,164.75,402.5,14.75,29.75,0.53709
990,580.75,317,15,30,0.53699
990,108.25,370,14.25,28.5,0.53681
990,133.5,414,13.75,27.75,0.53674
990,40.5,282,12,24.25,0.5367
990,92.5,387.5,14.5,29,0.53651
990,85,399.5,13,26,0.53573
990,306.75,224.25,12.25,24.5,0.53557
990,69.25,375.75,13,25.5,0.53515
990,237.5,431,13.5,27,0.53507
990,92.75,63,13.25,26.75,0.53487
990,317,323,15.25,30.5,0.53487
990,155.75,407.5,16,31.75,0.53446
990,277.5,439.25,13.75,27.25,0.53438
990,230.25,439.75,12.5,25,0.53425
990,356.25,444.25,15,30,0.53404
990,119.75,22.5,12.75,25.75,0.53366
990,284.5,404.75,15.75,31.5,0.53364
990,349.5,417.75,16.25,32.5,0.53323
990,347,31.75,15.5,31.25,0.53294
990,43.75,337.75,16,31.75,0.53289
990,299.75,303.25,13.75,27.75,0.53222
990,147.75,320.25,14.75,29.75,0.5322
990,547.75,418.75,12.75,25.5,0.53218
990,220.25,387.75,15,30,0.53191
990,285,435.5,14.25,28.75,0.53148
990,440.25,85,11.75,23.5,0.53143
990,80.75,274.5,11.75,23.5,0.53128
990,52.25,415.25,14.5,29.25,0.53124
990,293,392.75,12.75,25.5,0.53117
990,412,121,63.5,126.75,0.53109
990,254,352.5,13,25.5,0.53104
990,23.75,15.5,12.75,25.25,0.53093
990,381.5,400.25,13.5,27.25,0.53089
990,491.75,33,13.5,27.5,0.53084
990,189.5,362,13.25,26.5,0.53077
990,44,290.25,14.75,29.5,0.53076
990,155.75,319.25,15.25,31,0.53045
990,364.5,392,13.25,26.5,0.53024
1020,156,172.5,13.75,28,0.56379
1020,86.25,18.75,13,26.5,0.56354
1020,96,337.25,21.5,43.25,0.56193
1020,430.25,452,13.75,27,0.56145
1020,117.5,12.75,13.5,26.5,0.5608
1020,216,430.75,12.75,25.75,0.5605
1020,110.75,119.5,12.75,25.25,0.56022
1020,69.75,104,13.5,26.75,0.55915
1020,141.25,392.5,13.25,26.5,0.55304
1020,156,80.75,12.25,24.5,0.55254
1020,108.5,13.5,14,28.25,0.55205
1020,548.5,435.5,14.5,29,0.55097
1020,500.5,190.75,18,36,0.54921
1020,406,150.75,45.5,91.25,0.54875
1020,44.75,29.5,12.5,24.75,0.54791
1020,604.5,450.75,12.75,25.5,0.54736
1020,276,429.25,13.75,27.25,0.54697
1020,84,38.25,16.25,32.25,0.54687
1020,372.75,26.5,14.75,29.25,0.54641
1020,344.5,75.5,14.75,29.25,0.5461
1020,151.25,81.5,12.25,24,0.54589
1020,620,422.75,12.25,24.75,0.54541
1020,358,36.5,13,26,0.54518
1020,363.25,395.75,19.5,39,0.54443
1020,548.25,48.25,12.5,25.5,0.5444
1020,167.75,95.25,13,26.25,0.54327
1020,558.5,288,13.75,27.5,0.54319
1020,460,265.5,12.75,25.5,0.54202
1020,79.25,19.25,13.5,27.25,0.54019
1020,332.5,416.75,12,23.75,0.53985
1020,540,43.75,13.25,26.5,0.53939
1020,-2.75,141.5,20.75,41.5,0.53929
1020,87,81.25,13.25,26,0.53925
1020,221,429.5,13.75,27,0.53905
1020,155.25,90.25,13.5,27,0.53897
1020,173.25,34.75,15.75,31.75,0.53816
1020,142,413.75,12.5,25.25,0.53752
1020,547.75,403.25,15.5,31,0.53662
1020,269.5,12,12.75,25.25,0.53637
1020,69.5,296.75,13.25,26.25,0.53547
1020,397.25,29,14,28.25,0.53537
1020,43.25,287.5,16.75,33.5,0.53521
1020,563,43.25,18,35.75,0.53471
1020,446.75,196.5,24,48.25,0.53466
1020,181.25,440,12.5,25,0.53451
1020,310,45.5,14,27.75,0.53385
1020,67.5,75.25,16.5,32.5,0.53367
1020,572.5,72.5,14.75,29.25,0.5336
1020,69.75,408.75,13,25.75,0.53315
1020,22,15.5,14.75,29.75,0.53299
1020,518.75,420.75,14,28,0.5321
1020,595.5,354.75,15.5,30.75,0.53209
1020,229.75,15.75,13.5,27.25,0.53179
1020,519,8.75,12.25,24.75,0.53164
1020,552.5,32.75,12,23.5,0.53141
1020,80,403.5,23.75,47.5,0.53128
1020,167.5,78.5,13,26,0.53126
1020,217,196.25,12,24,0.53124
1020,119.75,119.75,12.5,24.75,0.53111
1020,116,35.5,16,32,0.53077
1020,86,341.75,21.25,42.5,0.5306
1020,100.25,434.5,12.75,25.75,0.53033
1020,140.25,36.75,12.5,24.75,0.53029
1020,28.5,26.25,20,40.25,0.53028
1020,508,18.75,15.75,31.25,0.53025
1050,568,284.25,12.5,25,0.56053
1050,516.25,364.75,14.5,29.25,0.55607
1050,260,382.75,16,32.25,0.55283
1050,156.75,28,14,28,0.55224
1050,437.5,447.5,14.25,28.5,0.55135
1050,397.25,219.75,13.25,26.25,0.55098
1050,99.75,417,15.5,31.25,0.54739
1050,59.75,400,16,31.75,0.54505
1050,565.25,191.25,13.5,27,0.54361
1050,379.5,328,16,32.25,0.54348
1050,266.75,372.75,14,28,0.5429
1050,344.5,221.75,12.5,25.25,0.54255
1050,361.5,57,16.25,32.5,0.54166
1050,372,356,13.25,26,0.54036
1050,490.75,442.5,17,34,0.53947
1050,317,412.5,14.5,29.25,0.539
1050,197.5,410.75,14,27.75,0.53883
1050,40.75,62.5,21,42,0.53843
1050,484.75,391.5,12.5,24.75,0.53803
1050,150.25,309.25,14.75,29.75,0.53795
1050,389.25,409.25,12.5,24.75,0.53779
1050,460,360.5,12.5,25,0.53769
1050,533.75,340.5,13.25,26.75,0.53741
1050,588.75,160.5,13.5,27,0.53726
1050,291.75,401.5,13.75,27.5,0.53677
1050,24.25,59,11.75,23.5,0.53674
1050,342,366.75,12.75,25.25,0.53575
1050,550.25,371.75,13.75,27.5,0.53489
1050,428.25,398,12.75,25.5,0.53485
1050,147.75,313,13.25,26.25,0.53479
1050,524.5,348.5,14.5,29,0.53468
1050,496.25,207.25,21.75,43.5,0.53467
1050,507,40.5,106.25,212.5,0.53458
1050,425.25,431.75,19.25,38.25,0.53433
1050,180.5,427.25,14.5,29,0.53418
1050,324.5,364.5,14,28,0.53384
1050,349,331.5,13.5,27,0.53351
1050,550,193.25,12.75,25.5,0.5334
1050,165.5,441.5,13.5,27,0.5333
1050,148.5,62,12.25,25,0.53313
1050,110,416,15.75,31.75,0.53313
1050,309.75,386.25,15,29.75,0.53295
1050,252.75,367.75,15.5,31,0.53276
1050,509,376,14.25,28.75,0.53231
1050,339.25,221.25,12.75,25.5,0.53229
1050,59.75,420.5,12.25,24.75,0.53205
1050,140.75,60.25,14.75,30,0.53169
1050,95,295.5,26,52.25,0.53127
1050,277.5,258.75,14.75,29.5,0.53124
1050,318.25,125.75,12.25,24.5,0.53121
1050,548.5,430,14.75,30,0.53102
1050,86.25,14.5,12.5,25,0.53094
1050,405.75,366.5,13.25,26.5,0.5307
1050,468.25,431.25,16.5,32.5,0.53065
1050,340.5,318.75,14.5,29,0.53044
1050,599.25,292.25,13.5,27,0.53044
1050,379.5,377.5,15,30.25,0.53041
1050,476,31.25,12.75,25.25,0.53034
1050,397,400,13,26,0.53031
1080,277,420.25,14.75,29.25,0.58288
1080,428,382,14.5,29.25,0.58181
1080,221,433,13.75,27.75,0.56833
1080,187,36.5,15,30,0.56798
1080,460.75,406.5,14.5,29,0.56722
1080,358.75,400.75,14,28.25,0.56556
1080,180.75,327.5,13,26,0.56026
1080,357,404.75,14.25,28.25,0.55964
1080,189,390,15,30,0.55745
1080,260.5,381.5,14,27.75,0.55722
1080,204,416.5,16,31.75,0.55615
1080,331,417.25,15,29.75,0.55398
1080,77.25,34.25,14,27.75,0.55055
1080,245.5,418.25,14.5,29,0.54969
1080,132.5,364.75,14,28,0.54965
1080,156.25,354,15,30.25,0.54927
1080,365.5,363.75,14.5,29.25,0.54838
1080,260.75,426.5,15.25,30.5,0.54809
1080,390,402.75,14,28,0.54763
1080,461,382.25,13.75,27.5,0.54737
1080,361.25,399.5,17.5,35.25,0.54672
1080,268.75,379.25,15.5,30.75,0.54625
1080,395.25,414,17.75,35.75,0.54577
1080,382.25,440.5,12.25,24.5,0.54515
1080,101.25,355,15,30.25,0.54479
1080,444,399.75,12.75,25.25,0.54477
1080,48.75,392,12.75,26,0.54401
1080,341,446,14.25,28.25,0.5432
1080,525,90.75,81.5,163,0.54244
1080,318,407.25,13,26.5,0.54243
1080,573,430.25,13.75,27.75,0.54229
1080,178.5,19.25,14,28.25,0.54199
1080,309.5,407.75,12.75,25.5,0.54167
1080,294.25,383.25,13,26.25,0.54061
1080,348.75,309.25,13,26.5,0.54039
1080,214.25,335.75,12.75,25.75,0.54023
1080,248,24,12.25,24.25,0.53931
1080,263.25,310.25,12.75,25.75,0.53917
1080,363.75,350.5,18,36.25,0.53909
1080,379.75,383.5,16.5,33.25,0.53907
1080,478.25,410.75,19.25,38.5,0.53894
1080,147.5,441.25,18.75,37.5,0.53872
1080,149.5,356.5,13.75,27.75,0.53866
1080,497.25,399.25,12.25,24.75,0.53856
1080,202.25,372.25,32,63.75,0.53837
1080,214,424.5,13.25,26.5,0.5381
1080,528,140.5,23,46,0.53703
1080,252.5,448.25,14,27.75,0.53687
1080,227.5,391.5,12.5,24.75,0.53665
1080,483.25,388.25,16,31.75,0.53654
1080,118.75,42.75,13.5,27.25,0.53653
1080,254.75,292,19.5,39,0.53621
1080,422.25,427.75,15.25,30,0.53595
1080,350,350,13.75,27.25,0.53553
1080,52.5,382.25,13.5,26.75,0.53538
1080,585.5,208.75,24.5,48.75,0.53536
1080,484.75,396,14.5,29.25,0.53524
1080,74.5,71.75,12,24,0.53519
1080,472,393.25,13.25,26.25,0.53501
1080,198.25,440.25,12.5,25.25,0.53492
1080,181,408.5,14,27.75,0.53473
1080,155.25,14,13,26,0.53418
1080,188.25,316.75,14.25,28.5,0.53397
1080,267.75,288.5,12.25,24.25,0.53397
1080,404.75,403.5,15.25,30.5,0.53333
1080,555.5,322,14.75,29.5,0.53328
1080,236.5,431.5,16.75,33,0.53308
1080,71,372,14.25,28.5,0.53306
1080,21.25,153.5,17.5,35.5,0.53288
1080,204.5,400.75,16,32,0.53287
1080,303.5,313.5,20.25,40.5,0.53279
1080,356,331.5,14.75,29.25,0.53274
1080,250,394.5,30.5,61,0.53249
1080,44.75,40,20.25,40.5,0.53241
1080,382,404.5,14.25,29,0.53237
1080,361.75,409.5,20.5,41,0.53218
1080,118.25,431.5,12,24,0.53204
1080,597,68.25,13,26,0.53153
1080,307.5,297.25,12.25,24.75,0.53136
1080,395.5,39.75,15,30,0.5313
1080,339.5,381.5,18.5,36.5,0.53128
1080,212,432.25,16,32,0.53124
1080,60.5,412.5,13,25.75,0.53119
1080,61.25,76.25,13,26,0.53105
1080,252.5,363.5,16.25,32.75,0.53072
1080,203,333.25,18,35.75,0.53057
1080,514.25,138.75,13.5,27.25,0.53056
1080,182,311.25,12.75,25.5,0.53043
1080,39.5,411.75,14,28,0.5304
1080,294,407.75,13,25.75,0.53031
1110,317.25,405.25,13.75,27,0.59341
1110,92.75,54.25,13.5,27,0.57349
1110,277.25,383.5,16,32,0.57177
1110,20.5,356.75,14.25,28.25,0.56103
1110,37.25,44.5,14,28.25,0.55713
1110,44.25,355.75,14,28,0.5564
1110,132.75,33.75,14.5,28.75,0.55109
1110,61,321.5,15.5,31.25,0.54957
1110,347,442.5,17.25,34.25,0.54951
1110,268.75,428.25,15,30,0.54804
1110,219.5,93.5,30.25,60.5,0.54783
1110,421.5,387.75,14.5,29,0.54783
1110,182.5,69.75,14,28.25,0.54705
1110,445.5,398,13.5,27,0.54651
1110,134.5,57,13,25.75,0.54569
1110,37.75,20.25,13,25.75,0.54422
1110,245.5,419,14,27.75,0.54319
1110,549,374.25,13.75,27.25,0.54318
1110,612.75,435.25,15,30,0.5425
1110,498.5,375.75,12,24,0.54233
1110,549,366,14,28.25,0.54072
1110,125,41.25,15.5,31.5,0.54062
1110,84.75,442.75,16,32,0.54002
1110,355.5,438.25,16.75,33.75,0.53992
1110,564.75,417.5,12.25,24.25,0.53957
1110,156.75,384,14.5,29,0.53828
1110,41,36.5,34,67.5,0.53818
1110,308.5,408,15.75,31.5,0.53807
1110,138.25,38.75,28,55.75,0.53715
1110,52.25,34.5,14.25,28.25,0.5371
1110,436.75,438,13.5,27.25,0.53696
1110,44.25,33,14.5,29,0.53621
1110,69,432.25,15.75,31.75,0.53618
1110,564,194.5,15.75,31.5,0.5357
1110,20.75,79,14.25,28.25,0.53533
1110,429,204.75,12,24,0.53489
1110,26.5,333.5,17.75,35.25,0.53488
1110,19.75,42.5,18.25,36.25,0.53476
1110,148.5,424.25,12.75,25.25,0.53392
1110,132,353.25,16.75,33.5,0.53336
1110,560.5,343,12.75,25.75,0.53328
1110,179.25,344,12.25,24.5,0.53321
1110,220.5,399.25,13,25.75,0.53298
1110,287.75,382.5,13,25.75,0.53292
1110,316.5,443.5,15.5,31.25,0.53258
1110,243.5,211.25,15,30,0.53249
1110,92.75,387,15,29.75,0.53242
1110,596,437.5,14.75,29.5,0.53231
1110,195.5,287,26,52.25,0.53231
1110,75.25,75.25,12.25,24.5,0.53222
1110,557.5,380,14.25,28.5,0.53211
1110,420.75,377.5,12,24,0.53196
1110,20.75,70.75,14.5,29.25,0.53192
1110,28.25,309.25,14,28.25,0.53183
1110,459.25,439,17.25,34.75,0.5318
1110,164.75,33.5,13.5,26.5,0.53151
1110,372.5,347.5,12,24,0.5314
1110,487.5,37,59,118,0.53139
1110,518.75,374,13.5,27.25,0.53076
1110,380.25,412.5,12.75,25.5,0.53059
1110,220,423.75,16,31.75,0.5305
1140,355.5,426.5,15.25,30.5,0.56114
1140,36.25,27.25,15.25,30.5,0.5569
1140,604,92.5,14.5,28.75,0.55171
1140,156.75,21.5,14,28,0.5505
1140,165.25,355.5,14,28,0.54998
1140,587.75,384.25,17.5,35.5,0.54944
1140,189.25,341.5,13.5,27.25,0.54938
1140,60,33.75,13.25,26.5,0.54838
1140,373.25,410.5,14.25,28.5,0.5479
1140,328,440,12.75,25.75,0.54736
1140,36.75,312,14.5,28.75,0.54696
1140,438,427.75,14.25,28.5,0.54473
1140,572,416.5,15.75,31.25,0.54444
1140,597,401,14.5,29,0.54426
1140,402,407.5,12.5,25.25,0.54339
1140,28.25,15.25,12.75,25.25,0.54001
1140,128.25,23.75,12.5,25.25,0.5398
1140,445.25,438,14.25,28.25,0.53956
1140,270,36.75,12,24,0.53934
1140,336,174.25,19.5,39,0.53917
1140,318.25,385.75,12.25,24.5,0.53896
1140,164.5,380.5,13.75,27.25,0.53881
1140,312,415.75,12.25,24.25,0.53868
1140,462.75,97,11.5,23,0.53845
1140,148.75,32,14.5,29,0.538
1140,334.5,441,11.75,23.75,0.53754
1140,214.25,39.75,13,25.75,0.53736
1140,556,447.25,15.5,31,0.53621
1140,460.25,430.75,13.5,27.25,0.53561
1140,365.25,412.75,14.5,28.75,0.5355
1140,354.25,377,11.75,23.5,0.53545
1140,118.25,426,13,26.5,0.53496
1140,97.25,24.25,12,24,0.53432
1140,113.25,440,12.25,24.5,0.53432
1140,181.25,43.25,14.75,29.5,0.53398
1140,605.5,386.5,15,30,0.53345
1140,66,407.75,12.5,24.75,0.5329
1140,389,425.5,15.75,31.25,0.53258
1140,124.5,409.25,12,24,0.53241
1140,428.75,424.25,18,36,0.53214
1140,492.25,420.75,13.25,26.75,0.53211
1140,100.75,377,11.75,23.5,0.53161
1140,54.5,331.5,13.25,26.75,0.53149
1140,299.25,208.25,14.25,28.5,0.53144
1140,157.25,427.75,14.25,28.75,0.53108
1140,69.5,351.5,13.5,27.25,0.53107
1140,111.25,32.25,15,29.5,0.53056
1140,582,398.25,12.75,25.25,0.53041
1140,44,39.5,16.25,32.5,0.53025
1170,60.5,322.25,14.25,28.75,0.55478
1170,215,33.25,15.25,30.75,0.54823
1170,403.5,373.75,13,26.25,0.54512
1170,379.75,420.75,13.5,27,0.54317
1170,350,343.75,26,52.25,0.54307
1170,418,85.25,13.5,26.75,0.54156
1170,404.75,444.75,14.25,28.75,0.54133
1170,516.5,379.75,13.75,27.75,0.54087
1170,156.25,18.75,13,26,0.54034
1170,548.5,293,12.25,24.25,0.53864
1170,551.25,215,13.25,26,0.53861
1170,352,65.25,15,29.75,0.53844
1170,289.25,128.5,14.5,28.75,0.53801
1170,348.75,368.25,13.25,26.75,0.53651
1170,197.5,428.75,14,28,0.53543
1170,60.5,35.5,16.75,33.75,0.53509
1170,578,362.75,18,36.5,0.5348
1170,567,361.25,13.75,27.25,0.53469
1170,341.25,450.25,13.75,27.5,0.53451
1170,68.25,53.75,13,25.75,0.53437
1170,397,372.25,12.75,25.75,0.53422
1170,247.75,344.25,12.75,25.5,0.53416
1170,328,352.5,35.75,71.5,0.5335
1170,376.5,377,11.75,23.5,0.53314
1170,53,26.75,15,30,0.53301
1170,204.25,429,16,32,0.53248
1170,408.75,139,11.5,23,0.53193
1170,27.25,348.75,17.75,35.75,0.53191
1170,317.75,429,13.75,27.5,0.53176
1170,130.75,432,12,24,0.53173
1170,68,28,15.75,31.25,0.53138
1170,28,28.25,14,28,0.5307
1170,294.75,278.5,11.75,23.75,0.53065
1170,244.5,363.5,12.25,25,0.53051
1170,384.5,299.75,18,36,0.53026
1170,246,351.25,12.5,25,0.5302
1170,235,412,18,35.5,0.53005
1170,592.75,361.25,11.5,23,0.53005
1200,300.75,433.25,15.75,31.5,0.55882
1200,550,431.5,12.25,24.75,0.55378
1200,159.25,53.25,13.75,27.25,0.5506
1200,443.75,431.75,12.5,24.75,0.54915
1200,556,419.25,15.75,31.25,0.54802
1200,52.25,276.5,14.75,29.5,0.54706
1200,470.25,448.75,14.25,28.5,0.54618
1200,308.75,444.5,15.5,31,0.54338
1200,339.25,415,19.25,38.25,0.54139
1200,173.75,415.5,13,25.75,0.54002
1200,151.25,54.75,13.5,26.5,0.53959
1200,563.75,412.25,15.75,31.5,0.53948
1200,298.75,414.5,18.25,36.5,0.53935
1200,284.75,331.25,13.5,27,0.53897
1200,252.25,432.5,16.25,32.25,0.53846
1200,564.75,443.5,14.25,28.75,0.53783
1200,147.5,446,16,32.5,0.53692
1200,292,393.25,15.5,31,0.53637
1200,355.75,350.25,16.5,32.75,0.53612
1200,341.75,452,13.25,26.75,0.53536
1200,172.25,43.25,13.25,26.5,0.53533
1200,403.5,411.75,16,31.75,0.53453
1200,44.25,277.75,14,28,0.53452
1200,285,452,13.5,26.75,0.53437
1200,106.5,252.25,18.5,37,0.53395
1200,150.25,13.5,13.25,26.5,0.53342
1200,540.75,407.5,12.5,25,0.53314
1200,598.25,29,13.25,26.5,0.53288
1200,216.5,439,12.75,25.25,0.53283
1200,276.5,345,15.5,31,0.53236
1200,243.5,437.5,14.5,28.75,0.53229
1200,340.5,11.75,11.5,23,0.53228
1200,69.75,422.5,14,28,0.53222
1200,165.5,53.5,13.75,27.25,0.53214
1200,424.25,209.75,12.75,25.75,0.53211
1200,-1.25,105,21.5,42.75,0.53172
1200,294.5,310.25,13,26,0.53126
1200,76.25,426,15,30,0.53115
1200,153.25,54.5,13.5,27,0.53089
1200,256.5,440.75,12,24.25,0.53089
1200,628.5,157.5,12,24,0.53079
1200,452.25,428.5,15.25,30.5,0.53051
1200,253.75,331.5,13.75,27.25,0.53039
1200,86.5,424.5,12.25,24.5,0.53036
1200,44.5,287.75,13.25,26.75,0.53008
1230,380,413.75,13.5,27.25,0.58533
1230,285,316.75,14.25,28.25,0.5717
1230,59.75,37.25,14.25,28.75,0.56998
1230,244.25,334.75,12.5,25.25,0.56866
1230,284.75,416.5,14.75,29.5,0.55299
1230,316.25,337.5,12.25,24.5,0.55168
1230,548.25,388.75,14.25,28,0.55094
1230,204.75,395,14.75,29.75,0.55075
1230,134,418.75,14.5,29,0.54849
1230,421.5,340.75,14.25,28.25,0.54827
1230,277.5,315.25,14,28,0.54707
1230,299,339.5,17.25,34.25,0.54699
1230,3.5,94.25,19.5,38.75,0.54664
1230,414.75,399.75,13,26.25,0.54634
1230,618.5,64.75,13.25,26.5,0.54626
1230,101,65.75,13.25,26.25,0.546
1230,141.25,427.75,14.5,29,0.54356
1230,347.5,410.75,15.25,30.75,0.54169
1230,268.75,316.5,15,30,0.54162
1230,380.5,350,13.75,27.5,0.54162
1230,212.25,417.25,11.75,23.75,0.54144
1230,469.25,443,14.25,28.5,0.54117
1230,40,28,13,25.75,0.54096
1230,316.75,296,12.5,25.25,0.54026
1230,606,448.5,12.25,24.5,0.54011
1230,148.5,424.5,15,29.5,0.54
1230,364.25,400.5,17,34,0.53973
1230,213,401.75,15,30,0.53951
1230,276,247.25,12.75,26,0.53899
1230,603.25,419.5,16.75,33.5,0.53876
1230,419,411.25,14.75,29,0.53773
1230,373.25,359.25,14,27.5,0.537
1230,406.25,409.5,15.5,30.75,0.53648
1230,68.25,62.75,16,32.25,0.53607
1230,390.25,338.5,13.5,26.75,0.53604
1230,125.5,45.5,13,26,0.53592
1230,299.75,284,14.75,29.75,0.5357
1230,300.25,303.75,13,25.5,0.53561
1230,78.5,346.25,11.75,23.5,0.53432
1230,366,320.25,13,26.25,0.53402
1230,348.25,368,13,26.5,0.53386
1230,276.5,377.5,11.5,23.5,0.53368
1230,165.75,415.25,12.75,25.5,0.53364
1230,165.5,40,13.75,27.25,0.53304
1230,340.75,442.25,15,30,0.53295
1230,228.5,418.5,15,30,0.53287
1230,316.5,347,15,29.75,0.53281
1230,28,367.25,15.75,31.25,0.53273
1230,358.25,391,13.25,26.75,0.53269
1230,468.25,360,13.75,27.75,0.53223
1230,492,423.75,13,26,0.53168
1230,52.25,195.75,24.75,49.5,0.53137
1230,475,418.25,19,38.5,0.5313
1230,181.5,392,12.75,25.5,0.53124
1230,512,116.5,13,25.75,0.53104
1230,373.75,408.5,12.75,25.75,0.53099
1230,361.75,113.5,16,32,0.53095
1230,276.5,430,15.75,31.75,0.5308
1230,284.75,437.75,14.5,29,0.53076
1230,77.75,49.75,15.5,31.5,0.53072
1230,372.5,428.25,14.75,29.25,0.53055
1260,451.75,399.25,13,25.75,0.57499
1260,324.25,347.25,15.75,31.25,0.55462
1260,301.25,423,14,28,0.54338
1260,428.5,404.25,13.5,26.75,0.54278
1260,212.25,332,12.25,24.25,0.54188
1260,332.75,346.75,15,30,0.54007
1260,261.75,317.75,13.75,27.5,0.53911
1260,467,408.75,12.25,24.5,0.53864
1260,563.75,431.75,12.5,24.75,0.53743
1260,197,421.25,14,28.25,0.53699
1260,278.25,418.5,13.5,27.25,0.53644
1260,77.25,26.25,14,27.75,0.53632
1260,13.5,84.75,14.5,29,0.53599
1260,348.25,346.25,14,28,0.53575
1260,-2.75,110,22.75,45.5,0.53515
1260,294.25,409.25,13,26,0.53409
1260,84.75,435,14.5,28.5,0.53302
1260,454.25,433.25,13.5,26.75,0.53301
1260,332.25,310.25,20,40.25,0.5328
1260,28.25,20.75,18,36.25,0.53257
1260,37.25,15.75,13.75,27.25,0.53231
1260,156.75,61,11.5,23,0.53225
1260,293.75,146.5,12.75,25.75,0.53216
1260,308.75,427.25,15.75,31.75,0.53207
1260,487.75,401,12,24.25,0.53183
1260,515.25,68,12,23.75,0.53133
1260,364.5,391.5,12.5,25.5,0.53094
1260,541,378.5,11.75,23.75,0.53087
1260,276.25,400.75,16.5,33,0.53067
1260,87.75,190.5,12,24,0.53005
1290,406,431.5,12.75,25.75,0.57838
1290,421.75,425.75,13.5,27,0.55573
1290,251.25,6.25,14,28.25,0.55154
1290,334.25,344.5,12.25,24.5,0.54853
1290,148,273.75,12.25,24.25,0.5468
1290,300.25,222.75,14.5,29.25,0.54557
1290,244.25,418.5,12.5,25,0.54489
1290,212.75,402.75,15.25,31,0.54485
1290,212.5,347.75,15,29.75,0.54322
1290,110.25,433.5,12.5,24.75,0.54318
1290,364.25,415.5,12.5,25,0.54151
1290,149,418.75,14.5,29.25,0.54085
1290,443.25,118.75,12.75,25.25,0.54026
1290,328,3.25,12.25,24.5,0.54002
1290,348.75,349.25,13.75,27.5,0.53934
1290,100.5,413.75,14.25,28,0.53853
1290,595.5,339.75,15.75,31.25,0.53821
1290,469.25,425.25,13,26,0.53808
1290,460.75,434.75,14.25,28,0.53802
1290,148.25,388.5,15.75,31.75,0.53767
1290,252.5,377.75,15.25,30.5,0.53749
1290,566.75,407.5,12.75,25.5,0.53735
1290,55.25,421.25,12.75,25.5,0.53732
1290,276.75,393.5,15.5,31.25,0.53707
1290,316.25,231.25,12,24.25,0.53619
1290,135.75,71.75,12,24,0.53596
1290,291.25,242,15.5,30.75,0.53473
1290,300.25,253.5,16,31.5,0.53419
1290,485,97.25,16,32.5,0.53324
1290,479.75,391.75,12.25,24.75,0.53289
1290,187.25,337.25,16,32,0.53259
1290,54,331.75,13.25,26.75,0.53198
1290,198.5,426.25,11.75,23.5,0.53149
1290,500.5,158.75,12.5,25,0.53123
1290,204.5,69.75,11.75,24,0.53119
1290,164.75,361.25,22.5,45.25,0.53109
1290,507.75,434.25,13.75,27,0.53091
1290,196.5,30.25,12.25,24.5,0.53089
1290,22.75,393.25,42.25,84.75,0.53078
1290,416.25,416.25,12.5,25,0.53067
1290,388,335.25,17,34,0.5304
1290,617.75,53.5,24.25,48.25,0.53017
1320,365,339.5,14.75,29.5,0.58375
1320,357.5,430.75,13.25,26.5,0.56525
1320,212.25,431.25,12.75,25.5,0.55659
1320,341,353.25,15,29.75,0.55434
1320,365,287.25,13,26,0.55302
1320,243,358.5,13,26,0.5511
1320,613,128.5,14.75,29.25,0.55067
1320,173.25,383,14.25,28.5,0.54787
1320,610.25,16.5,34.5,69.25,0.54717
1320,240.5,336.75,12,24,0.54702
1320,77.5,410.25,14.25,28.5,0.54484
1320,380.25,366.5,16.5,33,0.54247
1320,221,1.75,12,24,0.54244
1320,310,369.5,13,26,0.54116
1320,287.25,229.5,13.5,27,0.5411
1320,380.25,336.75,15,30,0.53959
1320,548.75,395.25,14.75,29.25,0.53917
1320,420.75,371.75,15,29.75,0.53873
1320,44.75,320.75,12.25,24.75,0.53774
1320,232,376.75,12.5,24.75,0.53713
1320,115.75,139.5,12.5,24.75,0.53695
1320,309.75,386.5,14.25,28.75,0.53686
1320,292.25,394.75,14.25,28.5,0.5361
1320,396.75,385,14,27.75,0.53495
1320,582.75,73,12,23.75,0.53439
1320,229.5,419,14,27.75,0.53301
1320,180,377,11.75,23.5,0.53281
1320,436.75,370.75,15.5,31,0.53271
1320,587.75,140.75,15.5,31.25,0.53267
1320,211.25,368.5,16.25,32.75,0.53256
1320,103,355.75,14.25,28.75,0.53254
1320,307.5,434.25,15,30,0.53225
1320,35.5,139.75,18.25,36,0.53211
1320,118.25,254.25,13.5,27,0.53204
1320,315.75,388.25,13.25,26.25,0.53136
1320,237,8.5,11.75,24,0.53128
1320,43.25,375.5,20.25,40,0.53052
1320,133,185.25,12.75,25.75,0.53048
1320,188.5,18.75,12,24.25,0.53006
1350,204.75,394.5,13,26,0.55214
1350,407.75,351.25,12.5,25.5,0.55185
1350,8.75,342.75,12,24.25,0.54592
1350,323.5,364.5,18,35.75,0.54533
1350,220.75,336.25,13,26,0.54496
1350,164,413.75,16,32.25,0.54454
1350,155.75,415.25,16.25,32.25,0.54392
1350,173,367.5,15,30,0.54318
1350,498.5,121,15,29.75,0.54126
1350,333.5,415.5,13.75,27.25,0.54057
1350,565,392.75,12.25,24.25,0.5396
1350,380.25,394.25,16.25,32.5,0.53872
1350,301.5,347.25,14.75,29.25,0.53757
1350,380.5,288.5,12,24,0.5372
1350,348.5,342,13.25,26.75,0.53719
1350,580.25,306.25,15.75,31.75,0.53714
1350,324.25,334.75,16.5,33,0.53698
1350,508.25,442.25,12.25,24.5,0.53685
1350,309.25,358.75,15.25,30.5,0.53677
1350,355.5,291.25,15.25,30.5,0.53522
1350,323.75,393,17.5,34.75,0.53518
1350,204.75,325,13.5,27,0.53482
1350,164.5,379.25,12,23.75,0.53442
1350,340.75,293,14,27.75,0.53441
1350,492.75,418.5,15.5,30.5,0.53403
1350,370.5,277,13.75,27.25,0.53369
1350,156,247.5,12.75,25.25,0.53343
1350,372.25,350.75,16.5,33.25,0.53278
1350,101.25,414.5,13.5,26.75,0.53267
1350,556.5,383.25,12.75,25.75,0.53239
1350,613.5,72,13,25.75,0.53141
1350,107.5,398.5,15.5,31.25,0.53108
1350,413.25,340.75,13,26,0.53105
1350,292,363,13,26.25,0.53077
1350,514.25,56.75,13.5,27.25,0.53067
1350,537,204.75,12.25,24.25,0.53041
1350,140,410.5,13.25,26.5,0.53009
1380,108.25,416,15,30.5,0.56488
1380,197,416.25,14.75,29.25,0.55229
1380,37,300.5,14.25,28.25,0.54782
1380,420.75,170,28.25,56.25,0.54775
1380,382,376,12.75,25.5,0.54735
1380,190,32,12.5,25.25,0.54723
1380,132.5,416,15.25,30.75,0.54652
1380,85.25,46.75,14.75,30,0.54467
1380,220.75,315.25,15.5,31.25,0.54448
1380,172.75,402,12.25,24.5,0.54363
1380,114,45,12.25,24.5,0.54358
1380,237,427.75,13.75,27.25,0.54277
1380,359.5,304.75,13.25,26.75,0.53939
1380,68,15.25,15.25,30.5,0.53835
1380,86,296.5,12.75,25.75,0.53807
1380,204.75,32.5,12,24.25,0.53763
1380,128,49,11.75,23.5,0.53757
1380,287.25,95.5,15,30,0.53741
1380,620.25,320.5,12.25,24.5,0.53721
1380,98.75,256.75,18.25,36.5,0.53684
1380,156.25,351.25,12.5,24.75,0.53673
1380,467.5,427,16.5,33,0.53535
1380,70,303.75,13,26.25,0.53523
1380,237,310.25,13.75,27.5,0.5351
1380,188.75,403.5,14,28.25,0.53509
1380,290,16.75,14,28,0.53501
1380,191.75,379.25,14,27.5,0.53455
1380,290.25,41.75,15.5,31,0.5339
1380,342.75,314.75,14.5,28.75,0.53293
1380,316.25,213,12,24,0.53254
1380,157,413.75,14,28.25,0.5325
1380,308.75,302,13.5,26.75,0.53246
1380,332.25,423.5,12.5,25,0.53175
1380,260.5,416.25,15.75,31.5,0.5313
1380,8.25,330,12.25,24.75,0.53129
1380,232.25,142.75,11.75,23.75,0.53058
1380,172.25,379.5,13.5,27.25,0.53027
1380,20.75,341.5,14.5,29.25,0.5302
1380,389,63.5,14,27.75,0.5301
1410,165.5,406.5,13.5,27,0.57809
1410,399.25,368.75,12.75,25.5,0.56943
1410,183,322.5,13.75,27.25,0.56435
1410,293.25,295,13,26.25,0.56196
1410,300.25,284.5,15,29.75,0.56189
1410,557.5,308.75,14.5,29,0.56148
1410,380.25,351.75,15.75,31,0.55778
1410,479,368.75,12,24,0.55538
1410,319.75,402,12.25,24.25,0.55394
1410,558.25,431.75,12.75,25.75,0.55386
1410,315.5,399,13.75,27.5,0.55148
1410,557,316.5,14,28,0.55085
1410,595.25,311.5,16.25,32.25,0.54895
1410,356.75,380.75,14,27.75,0.54831
1410,148.75,44.25,14.5,28.75,0.54645
1410,76.5,287.75,15.25,30.75,0.54593
1410,421.5,403.25,14.5,28.75,0.5456
1410,324,415,17,34.25,0.5448
1410,219.75,336,16.5,32.75,0.54259
1410,277.5,244.5,13.5,27.25,0.54201
1410,564.75,315.25,14,27.75,0.54061
1410,265.5,328.25,12.5,25,0.53971
1410,469.25,341.5,13.75,27.25,0.53933
1410,141.5,44.25,13.75,27.5,0.5391
1410,572.25,310.25,13.5,27,0.53823
1410,179,312.25,12,24,0.53779
1410,386.75,293,15.5,30.75,0.53771
1410,189.75,340.75,14.25,28.75,0.53715
1410,272,401.25,12,24.25,0.53653
1410,108.5,421.5,14.75,29.75,0.53631
1410,340.75,328.25,13,25.75,0.53613
1410,582.25,352.25,12.5,24.75,0.53613
1410,491.75,267.5,12.5,25.25,0.53606
1410,180.5,50,14.5,29,0.53525
1410,381.25,379,14.75,29.75,0.53514
1410,613.5,295.75,12.5,25,0.53448
1410,92,380.5,16,32,0.53421
1410,293.75,273.25,13,26.25,0.53395
1410,316.75,270.5,14.5,28.75,0.53391
1410,355.5,400.75,16.75,33,0.53378
1410,487.75,426,12.5,25,0.53359
1410,172.5,425,15.5,31,0.53322
1410,309.25,428.75,13.75,27.5,0.5326
1410,389,369.25,15.75,31.5,0.53253
1410,349.25,403.5,14.5,29,0.53252
1410,572.75,421,13.5,27.25,0.5325
1410,149.75,342.5,13,26,0.53236
1410,21,291.25,14.25,28.25,0.53234
1410,348.75,335.25,13.25,26.5,0.53211
1410,19.75,356,12.5,24.75,0.53185
1410,410.25,385.5,20,40,0.53175
1410,346.25,368.25,11.75,23.5,0.53124
1410,148.5,363.25,15.5,31,0.53109
1410,411.75,423,16.5,33,0.53109
1410,12.5,281.5,15.75,31.25,0.53034
1410,310.25,310,13.75,27.75,0.53033
1410,225,128.75,17.5,34.75,0.5301
1440,324.5,322.5,14.75,29.75,0.5673
1440,125.5,380,13.5,27,0.56197
1440,422.25,397.5,12.75,26,0.55843
1440,117.75,434.5,12.25,24.75,0.54989
1440,7.25,57.5,12.5,25.25,0.54771
1440,625.75,411.75,14.75,29.5,0.54632
1440,60.25,296.5,16.25,32.5,0.54283
1440,556.75,410.75,14.25,28.5,0.54073
1440,333.5,311,13.75,27.5,0.5402
1440,172.5,378.75,13.25,26.5,0.53856
1440,581.75,430.75,13.5,27.25,0.53778
1440,579.25,312.25,15.5,31,0.53693
1440,220.5,317.5,13.25,26.5,0.5362
1440,364.25,408.5,12,24,0.53516
1440,389.25,371,14.75,29.5,0.5347
1440,187.5,9.5,12,24,0.53469
1440,411,408.5,12.25,24.75,0.5345
1440,52,417,15,30.25,0.53316
1440,51.5,295.5,15.5,31,0.53272
1440,405.25,265.75,103.5,206.75,0.53267
1440,197,401.25,14.25,28.5,0.53192
1440,157.25,179,13.25,26.25,0.53092
1440,137,9.75,11.5,23.5,0.5308
1440,421.5,417.5,14.75,29.5,0.53002
1470,372.25,325.5,13.25,26.25,0.56543
1470,117.5,399.5,14,28.25,0.56351
1470,287.5,221.75,12.75,25.5,0.5635
1470,260.75,401.75,15.25,31,0.55997
1470,198,413.75,13.25,26.5,0.55978
1470,125.5,379.25,13.75,27.25,0.559
1470,484,416.5,12.25,24.75,0.55542
1470,102.5,414.75,13,25.75,0.55356
1470,197,349,13.75,27.25,0.54761
1470,206.75,347.25,17,34.25,0.54736
1470,348.5,368.25,13.25,26.25,0.54587
1470,13.5,38.75,14.25,28.25,0.54581
1470,317.25,316,14,27.5,0.54476
1470,501.75,361.75,12.75,25.75,0.54391
1470,260.75,329.25,15.5,30.75,0.54341
1470,208.25,384.25,12.25,24.25,0.54282
1470,70,278.75,13,26,0.5427
1470,107.75,391.5,16.25,32.75,0.5424
1470,220.75,419,16,32.25,0.54067
1470,140.75,378.5,14.25,28.5,0.54066
1470,69.25,286,13.75,27.5,0.53964
1470,204.25,365.5,12,24,0.53938
1470,180.25,386.25,15.25,30.5,0.53869
1470,156.5,365.25,14.5,28.5,0.53826
1470,301,270.25,14.5,29,0.53825
1470,316,387.5,15,30,0.53824
1470,276.75,410.25,15.75,31.5,0.53815
1470,76.25,282.5,15.75,31.25,0.53666
1470,327,252,13,26,0.53659
1470,35.75,117,15,30,0.53622
1470,108.25,251.75,14.25,28.75,0.53608
1470,563.25,414.5,16.75,33.5,0.53585
1470,356,396.25,15.75,31.5,0.53578
1470,308,241.5,18,36.25,0.53539
1470,442.25,394.5,14.25,28.5,0.53504
1470,148.5,344.75,12.25,24.25,0.53499
1470,516.75,6.75,17.75,35,0.53433
1470,85,265.5,15.5,31,0.53424
1470,564.75,389,11.5,23,0.53408
1470,461.25,396.5,39.75,79.5,0.53402
1470,61.75,279.5,13,26,0.53309
1470,424.5,428,12,24,0.53295
1470,101.5,388,13.25,26.25,0.53217
1470,341,304.25,14.5,29,0.53165
1470,303,239.5,13.25,26.75,0.53142
1470,387,303.75,12.25,24.5,0.5312
1470,355.75,323,15,30,0.53085
1470,271.25,222.5,13,26,0.53058
1470,-2.75,427.5,22.75,45.75,0.53058
1470,444.5,417,15.25,31,0.53027
1470,612.5,338.5,14.5,28.75,0.5301
1470,481.75,78.5,14.25,28.75,0.53004
1500,380,295.25,13,25.75,0.57649
1500,212,370.25,16,31.75,0.55048
1500,516.25,370.25,15.25,30.25,0.54936
1500,44.25,250.25,14.25,28,0.54934
1500,317.75,300.25,13.75,27.5,0.54811
1500,421,371.75,14,28,0.54647
1500,581.5,285.75,13.75,27.75,0.54424
1500,229,341,14.25,28.5,0.54286
1500,556.75,347,12.25,24.75,0.54206
1500,365.5,431,14.5,28.75,0.5417
1500,181.25,340.5,12.5,24.75,0.54137
1500,272.5,289.5,11.75,23.5,0.54093
1500,356.5,302.75,12.75,25.5,0.53918
1500,16.25,27.25,13.25,26.75,0.53859
1500,437.75,400,13.25,26.5,0.53805
1500,246,380,14.25,28.5,0.53775
1500,184.25,364.5,12.25,25,0.53745
1500,411,400.5,12.5,25,0.53649
1500,302.25,294.5,12.5,24.75,0.53644
1500,531.75,366.5,13.5,27.25,0.53634
1500,284.75,387.75,15,30,0.53588
1500,342.5,290.5,12.25,24.5,0.53551
1500,165.5,374.75,13,25.75,0.5349
1500,476.75,331.75,13.25,26.25,0.53489
1500,92.75,260.75,14,28,0.53473
1500,606.5,425.75,14.25,28.75,0.53466
1500,100.75,400.5,12,24,0.53465
1500,299.5,321.5,15.75,31.5,0.53447
1500,249.5,298.25,15.75,31.5,0.53441
1500,588,23,12.25,24.5,0.53426
1500,317.5,287,13.75,27,0.53426
1500,172.5,416.25,16,32.5,0.53336
1500,446,186.25,22.5,45,0.53277
1500,80,256.5,12.5,25.25,0.53251
1500,396.5,71,14.75,29.25,0.53206
1500,149.25,347.5,13.75,27.5,0.53194
1500,616.5,41.5,25.25,50.75,0.5314
1500,269.75,377.25,12.25,24.25,0.53075
1500,219.75,316.75,21.5,43,0.53058
1500,302.25,399.5,13.5,27.25,0.53038
1500,575.5,118.25,38.25,76.75,0.53037
1530,437.75,424.25,12.25,24.75,0.5674
1530,445.25,426.5,14.75,29.75,0.56667
1530,307,400,13.25,26.75,0.55225
1530,332.75,399.75,16.75,33.5,0.54551
1530,117.5,411.75,14.25,28.25,0.5416
1530,342.5,330.25,12,24,0.54118
1530,516.5,66,13.5,26.75,0.54082
1530,596.25,84.75,12.25,24.75,0.54076
1530,195.25,24.25,13.75,27.25,0.54022
1530,218.25,187.75,45.25,90.75,0.5402
1530,413.25,394.25,14.5,28.75,0.54004
1530,227.5,429.25,13.75,27,0.53877
1530,422.25,408.25,13,26.25,0.53808
1530,582.25,398.75,12.75,25.25,0.53691
1530,382.25,302,13,26.25,0.53649
1530,213.5,423.25,13.75,27.75,0.53565
1530,17.25,324.5,21,42,0.53435
1530,317,1,11.75,23.5,0.53432
1530,604.25,54.5,15.25,30.5,0.5341
1530,388.25,429.75,13.25,26.75,0.53409
1530,579.25,61,14.75,29.75,0.53281
1530,28.25,343.25,13,26.25,0.53259
1530,100.5,432.75,13.5,27.25,0.53253
1530,466,420.5,12.5,25.25,0.53243
1530,562.25,10,15,30,0.53177
1530,538.25,385.75,15,30.25,0.53144
1530,499,77.5,12.75,25.75,0.53129
1530,188.25,16.25,12.25,24.25,0.53087
1530,301.5,415.25,13.75,27.75,0.53084
1530,278,45,13.75,27.25,0.53036
1530,156.25,371,15.25,30.75,0.53022
1530,437.5,411.25,13.25,26.25,0.53014
1560,470,445.5,13.25,26.75,0.55815
1560,339,392.75,12.5,24.75,0.55663
1560,373.5,381.75,13.5,26.75,0.55256
1560,604.25,32.75,13.75,27.5,0.55074
1560,149.75,430.75,13,25.75,0.54897
1560,164.75,396.75,13.75,27.25,0.54424
1560,351.25,412.25,14.25,28.75,0.54397
1560,171.25,384.25,24.25,48.5,0.54307
1560,604.5,305.5,15.25,30.25,0.54072
1560,437.25,396.75,14.75,29.5,0.54024
1560,524.75,416.25,15.5,31,0.53978
1560,451.25,399.75,15.5,31,0.53898
1560,436.25,332.25,12.75,25.5,0.53886
1560,60.25,276.75,14,28.25,0.53787
1560,92.5,305.5,12,24,0.53736
1560,148.5,271.5,11.75,24,0.53721
1560,311.75,255.5,12.25,24.75,0.53622
1560,436.5,401.75,15.75,31.5,0.53613
1560,172.25,384.25,12.75,25.5,0.53591
1560,127.25,416.75,13.25,26.75,0.53487
1560,234,420.5,18,36,0.53483
1560,124,397.5,12.75,25.5,0.53451
1560,460.5,169.25,14.25,28.25,0.5345
1560,164.25,348.25,15.75,31.5,0.5342
1560,-2.75,431.5,20.5,40.75,0.53386
1560,178,430.5,12.25,24.25,0.53365
1560,486,403.75,14.75,29.75,0.53311
1560,342.25,378.5,14.75,29.25,0.53262
1560,86.75,270.25,13.75,27.75,0.53256
1560,453.5,444,16,31.75,0.53253
1560,278.5,44.75,13.25,26.5,0.53244
1560,116.25,412.25,17,33.75,0.53196
1560,394.5,369.75,18.25,36.25,0.53159
1560,421.75,399.25,12.75,25.5,0.53154
1560,115.75,255.75,17,34,0.53081
1560,60.5,264.75,14.5,28.75,0.53078
1560,174.75,453,11.5,23,0.5303
1560,366.75,28,18.25,36.25,0.53008
1590,309.75,235.25,14.25,29,0.55496
1590,196.25,369,14,28.25,0.55483
1590,357.25,408,13.75,27.5,0.55467
1590,212.25,385,15.75,31.5,0.55331
1590,412.75,413.75,13.75,27.5,0.55273
1590,275.75,297.75,15.5,30.75,0.55215
1590,390,375.5,13,25.75,0.54891
1590,164.5,314,15,29.75,0.54836
1590,467.75,422.25,17,33.5,0.54628
1590,347.5,273.75,15.75,31.25,0.54624
1590,166,408.75,13,25.5,0.54416
1590,261.25,340,14.25,29,0.54414
1590,588,284,15,30,0.54331
1590,317,410,14.75,29.75,0.54267
1590,582.5,59.25,12.5,25.5,0.5425
1590,60.5,289.75,15.5,30.5,0.54177
1590,573,417.25,15,30,0.54174
1590,387.5,342.25,13.5,26.5,0.54138
1590,204.5,360.75,12,24,0.54135
1590,51,281.75,17.25,34.75,0.54113
1590,158,399.25,16.75,33.5,0.5407
1590,546.75,299.75,17,33.75,0.54069
1590,363,329.75,15.25,30.5,0.54047
1590,189,411.5,12,24.5,0.54023
1590,566,231,12,24,0.54009
1590,84.25,254.25,16.25,32.5,0.53955
1590,300.5,235,12.75,25.5,0.53945
1590,396.75,385.5,16,32.25,0.53942
1590,28,311.25,15.5,31,0.53925
1590,190,350.5,13,26.25,0.53864
1590,236.5,343.75,12.75,25.75,0.53846
1590,188,304.75,12.25,24.75,0.53822
1590,245,337,15.5,31,0.53778
1590,151.75,377.25,12.5,25,0.53746
1590,355.25,288,12.25,24.75,0.53728
1590,519.75,305.75,12,24,0.53705
1590,341.5,430.25,13.25,26.25,0.53703
1590,208,360,12.5,24.75,0.53685
1590,221.5,386.25,14.75,29.75,0.53663
1590,325.75,408.5,13.5,26.5,0.53609
1590,27.5,285.75,15.5,31,0.53582
1590,582.75,107,20,40.25,0.53542
1590,245.75,381.25,12.75,25.75,0.53526
1590,427.5,407,16.5,33.25,0.53477
1590,316.5,151,12,24,0.53462
1590,84.75,409.5,12.25,24.25,0.53414
1590,500.5,267.75,12,24,0.53395
1590,410.5,26.25,12.25,24.75,0.5337
1590,491.25,398.25,16.25,32.5,0.53294
1590,483.75,418.5,15,30.25,0.53275
1590,225.75,379.75,17,34,0.5323
1590,116.25,417,15.75,31.5,0.53209
1590,440.25,134.25,28,56,0.53202
1590,156.5,232,12.25,24.75,0.53193
1590,332,414.5,13,26.25,0.53137
1590,341.25,159.25,23.5,47,0.53119
1590,359.5,287.25,12.75,25.75,0.53083
1590,270,432,12.5,24.75,0.5307
1590,323.5,334.5,17.75,35.25,0.53039
1590,333.25,331.75,14.25,28.75,0.53029
1590,300.75,217,11.5,23,0.53027
1590,501,392.75,15.25,30.75,0.53019
1590,102.5,261.75,13.5,27.25,0.53014
1590,212.25,378.5,15.75,31,0.53011
1620,44.75,400.25,12.5,25,0.56458
1620,228.25,349.25,16.25,32.75,0.55529
1620,278.25,415.5,13,25.75,0.55379
1620,124.25,395.5,15.75,32,0.55185
1620,20,313.75,15.5,31.25,0.54969
1620,276.5,344.25,12.25,24.75,0.54694
1620,206,352.5,12.25,24,0.54641
1620,493.25,363.5,15.25,30.25,0.54539
1620,294.5,302.25,12.75,25.75,0.54483
1620,44,283.25,15,30,0.54436
1620,212.75,349.75,15,29.75,0.54394
1620,315.5,274.5,15,29.75,0.54343
1620,157.25,370.75,14.25,28.75,0.54304
1620,380.75,416.5,12,24,0.54244
1620,220.5,353.5,15.5,31.5,0.5422
1620,339,414.75,13.5,27,0.54127
1620,59.75,285.5,17.5,34.75,0.5406
1620,196,183.25,12.25,24,0.5403
1620,389,416.25,12.75,25.5,0.53957
1620,349.75,280.75,12,24.25,0.53933
1620,627.25,164.75,14.25,28.25,0.53854
1620,20.5,309.75,14.5,28.75,0.53801
1620,308.25,321.75,16.5,33,0.53773
1620,211.75,417.75,17,33.75,0.53695
1620,524,419.75,16.5,33.25,0.53683
1620,318,408.25,13,26,0.5367
1620,380.75,388,14.75,29.5,0.53658
1620,188,396.25,15.75,31.5,0.53558
1620,285.5,375.5,12.75,25.25,0.53487
1620,51,287.75,17,33.5,0.53467
1620,539.75,410.5,13.75,27.5,0.53426
1620,95.5,361.75,12,24.5,0.53424
1620,592.5,267,13.75,27.25,0.53419
1620,460.5,356.5,14.5,28.75,0.53366
1620,373.25,146,30.5,61,0.53362
1620,69.75,284.5,13,26,0.53335
1620,196.75,29,14,28.25,0.53333
1620,67,69.75,68.25,136.5,0.53267
1620,332.5,299.75,15.75,31.5,0.53251
1620,301.25,319.5,14.5,28.75,0.53241
1620,487.25,360.25,12.25,24.25,0.53226
1620,222.75,408.75,13,26.25,0.5322
1620,182.25,396,12.25,24.75,0.53211
1620,340,258.5,12.5,25,0.53206
1620,438.5,341.25,13.5,27,0.53164
1620,118,402.25,12.75,25.75,0.53147
1620,343.75,407,12.25,24.75,0.53108
1620,351,148.75,22.25,44.5,0.53064
1620,333.25,415,14,27.5,0.53028
1620,107.75,270.75,12.75,25.5,0.53009
1620,485.5,57.75,16.25,32,0.53009
1620,358.25,298.75,29.25,58.75,0.53002
1650,141,368.75,14.75,29.5,0.57163
1650,294.75,412.5,12.75,25.75,0.55308
1650,292.5,384.25,14.25,28.5,0.54962
1650,148.5,407,15,30.25,0.54959
1650,254,284.25,13.5,26.75,0.54768
1650,141.25,410.5,14.25,28.5,0.54642
1650,134,367.25,13.5,27,0.54609
1650,446,416,12.75,25.75,0.54587
1650,303.25,389.25,14.5,28.75,0.54544
1650,128.5,351.25,12.5,25.25,0.5443
1650,515.25,416.5,13,26,0.54393
1650,508.75,398.75,14.25,28.25,0.54385
1650,108.25,352.5,14.5,29,0.54377
1650,496.25,403.25,12,24.25,0.5437
1650,166,235.75,13,25.75,0.54333
1650,172.25,384.5,13.25,26.25,0.54246
1650,228.5,351.75,16.25,32.5,0.54134
1650,156.5,422.75,13,25.75,0.54069
1650,220.25,131.25,17.5,35,0.54069
1650,332.5,236,16.5,33,0.54055
1650,149,380.75,14.25,28.75,0.54008
1650,393.25,369.5,12.25,24,0.53929
1650,485,367.5,12.75,25.5,0.53773
1650,452.25,337.75,14.25,29,0.5373
1650,198,415.25,12.5,25,0.53716
1650,45,416.75,11.75,23.75,0.53687
1650,117.25,362,13.75,27.25,0.53624
1650,355.5,3.75,16.25,32,0.53592
1650,70.5,288.75,12.25,24.25,0.53568
1650,343,39,13,26.5,0.53534
1650,302,427.75,13.75,27.5,0.53529
1650,425.25,385.5,15.25,30.75,0.53463
1650,117.75,394.75,12.75,25.75,0.5344
1650,309.75,428,13,26.25,0.53411
1650,156.25,373.75,16.25,32.25,0.53394
1650,347,148.5,11.75,23.5,0.53358
1650,59.5,274.25,17.5,35.25,0.53296
1650,56.25,44.5,14,28,0.53293
1650,428.25,323.5,14,28.25,0.53247
1650,220.75,416.75,12.25,24,0.53228
1650,240,299,13,26,0.53201
1650,212,333.75,16,32,0.53195
1650,460,336,15.25,30.75,0.53175
1650,612.5,48.25,15.5,31.25,0.53122
1650,351.75,240,17.75,35.75,0.53068
1650,325.75,397.75,13,25.75,0.53027
1680,324.25,368.25,16,31.75,0.57382
1680,609.5,108,21.5,42.75,0.56615
1680,20.25,271,13,26,0.56434
1680,492.25,406,13.5,27,0.56278
1680,156.25,378.5,12.75,25.75,0.55836
1680,28.75,271.75,12.75,25.5,0.55439
1680,100,409.5,15.75,32,0.55379
1680,324.25,19.75,14.25,28.25,0.54731
1680,292.5,364.5,14.75,29.25,0.54709
1680,316.5,384.5,15.25,30.75,0.5467
1680,69,406.25,13.75,27.75,0.54647
1680,540.25,409,13,25.75,0.54404
1680,221,430.5,13.5,27.25,0.54101
1680,228.5,416.5,12,24.25,0.54014
1680,140.5,345.75,12,23.75,0.53971
1680,313.25,5.25,13.75,27.5,0.53935
1680,76.25,428.5,14.5,29,0.53923
1680,610.5,224.25,21.25,42.25,0.53888
1680,242.75,400,12.25,24.75,0.53781
1680,187.25,9.25,17.75,35.75,0.53708
1680,36.5,288.25,15,30.25,0.53682
1680,484,370.5,14,28,0.53653
1680,271.25,14.25,19.5,39,0.53587
1680,171.5,15,15.25,30.5,0.53538
1680,510.25,74.5,12.75,25.5,0.53531
1680,92.75,405.25,14.5,28.75,0.53505
1680,249.5,293.75,16.75,33.5,0.53415
1680,84.5,280.5,12.5,24.75,0.53414
1680,324.5,258.25,13.5,26.5,0.53389
1680,76.25,417,14.5,29.25,0.53289
1680,602.5,423.75,18.5,36.75,0.53223
1680,164.5,243.75,12,24.25,0.53207
1680,456.75,18,23,45.5,0.53151
1680,359.25,422,13,26,0.53143
1680,84.25,102.5,12.75,25.5,0.53134
1680,297.75,29.75,12.75,25.5,0.53123
1680,485.5,404,13.5,27,0.53016
1710,485,417.25,13.75,27.5,0.55473
1710,538.25,220,12.5,24.75,0.55439
1710,317.25,403.75,14,28.25,0.54945
1710,156.5,401.75,14.5,29,0.54837
1710,419.75,336.5,13.25,26.5,0.54516
1710,308.5,396,13.75,28,0.54228
1710,197.5,381.25,13.25,26.75,0.54162
1710,448.5,368.25,12.25,25,0.54158
1710,327.5,350.75,12.75,25.75,0.54008
1710,167.75,22.75,13,26,0.53943
1710,117,391,14.5,28.75,0.53937
1710,485.5,431,12.75,25.25,0.53923
1710,507.75,312.25,16,31.75,0.5378
1710,348.75,303,12.75,25.5,0.53676
1710,276.25,366.25,13,25.75,0.53636
1710,324,422.75,15.5,31.25,0.53636
1710,107.25,391.5,16.75,33.25,0.53585
1710,204.5,398,15,29.75,0.53572
1710,37,275.5,14.25,28.25,0.53518
1710,316,348,12.25,24.75,0.53496
1710,86.5,392.25,12,24,0.53348
1710,466.75,419.25,12,23.75,0.53273
1710,516.25,309.25,13.75,27.75,0.53252
1710,120.25,336,12.25,24.5,0.5324
1710,210.5,413.25,18.25,36.5,0.53202
1710,485,384.25,13.25,26.25,0.53156
1710,519.75,415.25,20,40.25,0.53128
1710,273.5,347,16.5,33.5,0.53107
1710,301.5,350.5,12.25,24.25,0.53098
1710,611.75,442.5,16.75,34,0.53077
1710,354.75,322.25,15.5,31,0.53068
1740,214,318,13.5,27,0.55953
1740,227.75,15.5,12.75,25.5,0.55043
1740,324,359.5,14.25,28.25,0.54821
1740,460.5,415.5,12.75,25.5,0.54815
1740,141.75,398.5,13,26.25,0.54812
1740,277.5,411.5,14,28,0.54804
1740,523.75,327.75,12.75,25.5,0.54794
1740,0.5,11,12.75,25.5,0.54473
1740,189,22.75,13,26.25,0.54468
1740,220.5,371.75,13.75,27,0.54332
1740,449,195.25,15.5,31.25,0.54154
1740,607.75,214.25,18,36.25,0.54089
1740,373.75,411.5,14,28.25,0.53938
1740,426,347.25,17.75,35.75,0.53926
1740,438,407.5,12.5,25.25,0.53843
1740,310.75,357.25,13.25,26.75,0.53826
1740,354,13.25,26,52,0.53817
1740,367.75,401,15.75,31.5,0.53794
1740,556,386.25,13.5,27,0.53685
1740,356.75,399.5,16.25,32.75,0.53489
1740,204.25,392.25,12.25,24.25,0.5343
1740,309.25,21.25,12.75,25.5,0.53412
1740,241,185.75,13.75,27.5,0.53402
1740,439,447.25,12.5,25,0.53374
1740,0.75,32.75,11.75,23.5,0.53366
1740,134.5,380.25,13.75,27.75,0.53314
1740,134.5,322.25,12,24,0.53306
1740,445,366.25,13.5,27,0.53297
1740,39.5,392,19.25,38.5,0.53284
1740,187.5,355,14.75,29.75,0.53225
1740,580.75,394,14.25,28.5,0.5317
1740,179.25,400.5,12,24,0.53153
1740,323.75,16.75,12,24,0.53153
1740,460,405,12.75,25.5,0.53074
1740,221.25,332.5,13,26.25,0.53057
1740,452.5,447.75,12.75,25.5,0.53045
1740,213.5,390,13.75,27.75,0.53013
1770,148.25,384.75,13,25.75,0.55155
1770,317.75,388.25,13,25.5,0.54767
1770,221,384,13.5,27.25,0.54481
1770,511.75,299.5,14.25,28.25,0.54449
1770,379.25,395,16,31.75,0.54165
1770,309,307.25,14.5,29,0.53897
1770,325.5,287.75,12.5,25,0.53868
1770,500,416,16,31.75,0.53852
1770,373.25,425.75,14.75,29.25,0.53836
1770,52.5,379.25,14,28.25,0.53777
1770,373.5,330.75,15,29.75,0.53757
1770,133.5,379.5,13.25,26.25,0.53712
1770,224,18,15.5,31,0.53627
1770,340.25,304,12.25,24.5,0.53497
1770,475.5,414,12.75,26,0.53479
1770,397,408.5,13.5,26.75,0.53431
1770,214,371.75,13.25,26.75,0.53431
1770,517,120.25,13,25.75,0.53405
1770,347,417.5,12.75,25.5,0.5334
1770,282.5,344.25,11.75,23.5,0.53275
1770,618.5,192.5,11.75,23.75,0.53274
1770,431,321.25,12,24,0.53213
1770,221,360,12.5,25.25,0.53211
1770,244.75,335.5,13.25,26.5,0.53157
1770,37.5,269.5,13.5,27.25,0.53147
1770,300.25,348.75,16.25,32.25,0.53133
1770,100.5,337,14.75,29.5,0.53073
1770,557.25,41,12,24,0.53073
1770,55.5,358.75,12.25,24.75,0.53042
