30,452,29.25,13.5,27.25,0.57886
30,573.75,102,13.5,27,0.56336
30,469.5,22.5,13.25,26.25,0.55352
30,532,5.25,13.75,27,0.55183
30,394.75,282,94,188,0.55087
30,452,24.5,13.75,27.5,0.55035
30,37,59,14,28.25,0.54991
30,220.25,32.25,12.5,25,0.54827
30,509,59,13.75,27.5,0.5465
30,34.5,35.75,14.75,29.5,0.54464
30,206,13,12.75,25.25,0.54264
30,87.75,32,12.5,25,0.53959
30,229.75,21,14.25,28.25,0.53905
30,603.5,139.75,13,26.25,0.5383
30,260,362.5,15.5,31,0.53796
30,499,123,14.75,29.5,0.53762
30,236.5,20,14.5,29.25,0.5374
30,4.75,182.5,14.75,29.75,0.53679
30,148.25,16.25,15.75,31.75,0.53651
30,471,414.75,25.25,50.5,0.53634
30,476,103.75,12.25,24.75,0.53617
30,192.25,118.5,12.25,24.5,0.53569
30,307,174.5,14,27.5,0.53559
30,292.75,219,13.75,27.5,0.53554
30,500.5,52.75,14.25,28.5,0.53533
30,329.75,273.75,96.25,192.5,0.53529
30,487.25,121,13,26,0.53513
30,476.75,10,15.5,31,0.53448
30,620.25,159.75,12,24,0.53434
30,152.25,32.75,11.75,23.5,0.53415
30,516.25,75.25,14.5,28.75,0.53342
30,37.5,15.5,13.25,26.25,0.53315
30,71.75,49.5,12,24.25,0.533
30,494,53.25,14,28.25,0.53292
30,449,260.75,103.75,207.25,0.53275
30,491.25,63.5,17,34,0.53253
30,225.25,429,17.25,34.25,0.5323
30,445,34.75,15.25,30,0.53175
30,500.25,66.75,14.5,29.25,0.53141
30,451.25,12.5,14.75,29.75,0.53132
30,462,86,13.25,26.25,0.5313
30,469.75,421.5,13.5,27,0.53092
30,483.25,8,15.75,31.5,0.53073
30,437.25,44,14.25,28.75,0.5306
30,397.75,228.25,12.5,25.25,0.53031
30,191.5,32.75,12.75,25.75,0.53002
60,572.5,401,14.5,29,0.59495
60,277.25,236.75,14.25,28.5,0.57944
60,364,416.5,16,32,0.5737
60,422.25,400.5,12.25,24.25,0.56576
60,523.75,255,12.75,25.75,0.56537
60,285.25,48.75,14.25,28.5,0.56509
60,460.25,337.5,15.75,31.75,0.5646
60,307.5,399.5,16.75,33.25,0.56436
60,556.25,336.5,16.25,32.75,0.56121
60,173.75,248,13.5,27.25,0.56019
60,20,8.25,16.5,33.25,0.55933
60,253.5,275.5,13.75,27.25,0.55912
60,164,368.75,16.25,32.25,0.55856
60,507.75,337.5,15.75,31.5,0.55549
60,404.5,336.25,17.25,34.25,0.55483
60,172.25,370.5,13.25,26.5,0.55417
60,507.5,240.75,16,32.5,0.55329
60,346.75,347.5,20,40,0.55195
60,596.25,131,15,29.75,0.55195
60,357.75,420.75,14.25,28.5,0.55192
60,161.75,334.5,21.5,42.5,0.5515
60,54.25,8.25,12.5,25,0.55141
60,508.5,66.75,15,30,0.55126
60,444,240.25,12.5,25,0.55103
60,133.75,262,14.25,28.5,0.55074
60,468,409,15.75,31.5,0.55047
60,357.75,259.5,14.5,29.25,0.55034
60,429,338,15.75,31.75,0.55033
60,172.25,394.25,15.25,30.5,0.54982
60,460.25,235.5,15.25,30.25,0.54826
60,332,255,18.25,36.25,0.54813
60,476.25,256.75,15.25,30.25,0.54769
60,548.75,18.5,15.25,30.75,0.5474
60,348.5,324.5,14,28.25,0.54714
60,92.25,9,15.75,31.25,0.54695
60,204.5,385.25,15.5,31,0.54684
60,199.25,324.75,13.75,27.5,0.5466
60,469.75,343.75,13,26,0.54655
60,300.25,237.25,15.5,30.5,0.54615
60,267.5,315.25,19,37.75,0.54593
60,437,321.75,15.5,30.75,0.54551
60,355.75,422.75,13.5,26.75,0.54516
60,557,115.75,15,29.75,0.54483
60,261.25,413,13.75,27.75,0.54449
60,452.25,251.75,14.75,29.5,0.54447
60,308.5,238.75,13.25,26.5,0.54396
60,332,261.25,23.5,46.75,0.54394
60,476,355.25,15,29.75,0.54349
60,396.5,305.5,15.75,31.5,0.54344
60,220.25,385.75,16.25,32.5,0.54341
60,148.25,267.75,15.25,30.75,0.54336
60,20.75,50.75,15.25,30.75,0.54323
60,452,258.5,15.75,31.25,0.54304
60,116.5,242,15,29.75,0.54256
60,116.75,402,15.5,31,0.54229
60,328.25,243.5,14.5,29,0.54223
60,292,237.5,15,30,0.54189
60,618.5,151.25,22.5,45.25,0.54169
60,348,253.75,14.75,29.25,0.54136
60,400,166.5,16,32,0.54135
60,36.25,349.5,15.5,30.5,0.54115
60,188.5,384.75,15.5,31.25,0.54108
60,212.5,348.25,14.75,29.25,0.5409
60,549.5,130,15.5,31,0.54078
60,348.25,266.5,14.75,29.5,0.54033
60,564.75,419,14.25,28.75,0.54032
60,35.75,8,16,32,0.54015
60,346.75,415.75,24.5,49,0.54002
60,371,364.5,18,35.75,0.53994
60,44,268,15,29.75,0.53987
60,507.75,279.5,92.75,185.5,0.53978
60,276.75,1.5,16,31.5,0.53972
60,322.5,251.5,19.5,39.25,0.53956
60,235.25,367.25,16.75,33.25,0.53955
60,290.75,247.5,17.25,34.5,0.53948
60,571.75,288.75,16,32,0.53946
60,228.5,384,16,32.25,0.53934
60,572.25,273.75,15.25,30.75,0.53909
60,411.5,270.25,17,33.5,0.53908
60,531,330,15.5,31,0.53899
60,491.75,419.25,15.75,31.25,0.53898
60,387.25,287.5,18.25,36.25,0.53892
60,589,299.25,14.25,28,0.53882
60,229.25,349.5,14,27.75,0.53874
60,325.5,367.75,14,27.75,0.5386
60,221,293,14.25,28.25,0.53844
60,507.5,81,16.25,32.5,0.53787
60,428.25,223.5,14.5,29,0.53785
60,451.75,16.25,15.75,31.75,0.53735
60,133.5,9.75,13.5,27,0.53731
60,180.75,411.75,14,28.25,0.53697
60,285,228.25,13.5,27,0.53675
60,103.25,230.75,13.5,27.25,0.53657
60,29.25,337,15,30.25,0.53608
60,388.5,298,16,31.75,0.53605
60,260.25,422.75,16,32.25,0.53604
60,197.75,31.75,13,26,0.53596
60,515.75,249,16,31.75,0.53593
60,420.75,222.5,14.75,29.5,0.53591
60,556.5,236,15,30.25,0.53526
60,484.25,266.75,15.25,30.25,0.53499
60,596.5,360.5,15.75,31.25,0.53489
60,420.25,381.5,17.25,35,0.5348
60,458.25,318.25,17.25,34.25,0.53479
60,284.5,364.25,15,30,0.53456
60,439.75,404,28.75,57.5,0.53445
60,85,316,15,29.75,0.53441
60,556.5,298.5,15.25,31,0.53427
60,285.5,247.5,13.75,27.75,0.53424
60,252,296.75,16.25,32.25,0.53424
60,597.5,378.25,13.5,27,0.53419
60,218.25,393.75,19.25,38.5,0.53414
60,300.25,387.5,14.75,29.25,0.5339
60,363.25,239.25,14.5,29,0.53387
60,291,168,22,43.75,0.53383
60,364,246.75,13.25,26.75,0.53374
60,580.5,286,14,27.75,0.53374
60,604.75,379.25,14.25,28.5,0.53373
60,412.75,48,15.75,31.25,0.53373
60,197,386,15,30,0.53372
60,530.25,317,16.75,33.25,0.53367
60,459.25,259.5,104.5,209,0.53361
60,396.5,371.25,15.25,30.5,0.53361
60,563,313.25,16.75,33.25,0.53358
60,205,397.25,14.25,28.25,0.53347
60,483,231.5,16.25,32.25,0.53327
60,12.5,4,14.5,29,0.53326
60,251.25,263.5,12.75,25.25,0.53321
60,205.25,333.5,14,27.75,0.53314
60,573.25,301.25,13.75,27.75,0.5331
60,442.75,313.75,21.25,42.75,0.53309
60,452,336.25,16,32.25,0.53274
60,483.5,365.5,17.5,34.75,0.53271
60,563.75,291.75,13.5,26.75,0.53261
60,604.75,226,13.5,27,0.53255
60,256,264.25,12.5,25,0.53242
60,564.25,241.25,15.5,31.25,0.5324
60,323.75,400.5,15,30.25,0.53234
60,490.25,336.75,19.5,39.5,0.53232
60,595.75,31.25,17,33.75,0.53228
60,556.5,292.5,14.75,29,0.53228
60,310.5,1.5,12,24.25,0.53223
60,571,130,19,37.75,0.5321
60,540.25,279.5,13,26.25,0.53204
60,55.5,104.5,11.5,23.5,0.53199
60,300.75,250.5,15.25,30.5,0.53192
60,100.5,246.25,13.25,26.75,0.53176
60,581.25,334.75,13.25,26.5,0.53173
60,458.75,101.75,13.5,26.75,0.53173
60,236.25,297.5,15.25,30.5,0.53167
60,294.75,133.5,12,24.25,0.53166
60,516,331,15.25,30,0.5316
60,236.5,336,13.75,27,0.53139
60,60.5,56.5,15.25,30.75,0.53134
60,442,388.75,17.5,35.5,0.53103
60,524.75,335,14.5,28.75,0.53097
60,460.5,411,14.75,29.5,0.53092
60,237.25,312.25,25.5,50.75,0.53091
60,176.5,384,20.75,41,0.53091
60,107.25,250.25,16.5,33.25,0.53091
60,518.75,198,13.25,26.75,0.53089
60,340.75,411.75,14.5,29.25,0.53075
60,140.5,267,15.5,31.5,0.53073
60,180.5,258,15,29.75,0.53065
60,363.75,344.75,21.25,42.5,0.53057
60,549.75,275,15.25,30.25,0.53057
60,20,26,15,30.25,0.53046
60,170.5,335.25,19.5,39.25,0.53036
60,547,350.75,17,33.75,0.53032
60,467.75,14,17,34.5,0.53018
60,316.25,400,16.25,32.5,0.53008
60,477,5.5,14.25,28,0.53006
90,616.75,405.25,22.25,44.25,0.56865
90,117,335.75,15.5,31.5,0.56045
90,595.5,368.5,16.25,32,0.55969
90,125.25,319,13,26.25,0.55697
90,507.75,387.5,13,25.75,0.55666
90,582.25,221.5,13.25,27,0.55605
90,324.25,411.75,14,28.5,0.55555
90,229,346,15,30.5,0.55451
90,552.75,268.5,14.25,28.75,0.55429
90,505,412.5,22.5,45,0.55406
90,564.5,325.75,14.25,29,0.55402
90,181,357.75,14,28,0.55263
90,29.25,317.5,13.75,27.5,0.5501
90,620.5,391.25,13.5,26.75,0.54975
90,411.25,400.25,15.75,31.75,0.54913
90,472.75,97.5,13,26,0.54879
90,411.75,429,15.75,31.5,0.54842
90,20.25,354.5,15.75,31.5,0.54769
90,590.5,75.25,12.5,25,0.54697
90,84,359.75,13.5,27,0.54676
90,311.75,193,18.25,36.75,0.54675
90,124.75,402.75,15.25,30.75,0.54551
90,196.25,371.25,14.5,29,0.54437
90,441.25,403.25,28.5,57.25,0.54406
90,116.5,363.75,15,30,0.54396
90,401,84.25,59.25,118.5,0.54367
90,508,352.25,12.5,25,0.54215
90,188.5,346,15.5,31,0.54209
90,599.5,374.5,13.5,27.25,0.5419
90,220.75,348.5,14.75,29.75,0.54185
90,77,360.25,13,25.75,0.54181
90,292.5,4.75,12.25,24.25,0.54131
90,441.75,436.25,12.25,24.25,0.54122
90,256.5,452.25,12.25,24.5,0.54094
90,415,169,16.25,32.5,0.54058
90,415.25,326,13.25,27,0.54013
90,597.75,153.25,13.75,27.5,0.53992
90,417.75,409.5,20.25,40.75,0.53985
90,540,285.25,14.75,29.5,0.53953
90,539.75,348.25,14.75,29,0.53924
90,196.75,349.25,14.25,28.5,0.53918
90,533,278,14,28.25,0.5385
90,524.25,441,15,30,0.53839
90,101,360.25,13.25,26.25,0.53837
90,567.25,117.25,13.75,27.75,0.53816
90,28.5,370.5,14.25,28.25,0.53814
90,468,350.5,16.5,33,0.5374
90,596.5,381.5,12.25,24.5,0.53716
90,567,364,15,30,0.53712
90,603.75,226.75,13.5,27,0.53698
90,598,80.75,15.75,31.75,0.53692
90,620.25,423.75,15.75,31.5,0.53691
90,537.5,355.25,55,109.75,0.53668
90,250.25,416.5,29,58,0.53643
90,625.75,427.25,14,28,0.53616
90,54.25,198.75,13.5,27,0.53606
90,590.75,145.25,13,26.25,0.53575
90,91.5,345.5,19.5,39.25,0.53573
90,472.75,403.5,25,50.5,0.53573
90,517,382.75,40,80.25,0.5356
90,525.25,396.5,14.75,29.25,0.53559
90,504,263,12.25,24,0.53549
90,574,413.25,24.5,49,0.53537
90,173.75,349.75,14,27.75,0.53535
90,541,433.5,13.25,26.75,0.53515
90,588.75,375.75,13,26.5,0.53512
90,108,362.5,15.5,31,0.53505
90,32,91,14.5,28.5,0.53483
90,604.25,133.5,13.5,27.25,0.53468
90,612,425,16.25,33,0.53433
90,519.25,383.75,12.25,24.5,0.53432
90,596.25,7.25,12.75,25.5,0.53421
90,468,326.25,14.5,29,0.53401
90,444.5,377.75,15.5,30.75,0.53391
90,141.5,108,27,53.75,0.53388
90,419,396,19,37.75,0.53383
90,106.75,332.5,17.75,35.5,0.53375
90,268.5,401.5,15.25,30.75,0.53367
90,284.5,371.5,12.25,24.5,0.53359
90,181,125.5,17.25,34.5,0.53344
90,518.5,399.25,13.5,27,0.53337
90,411.75,391.5,15.75,31.5,0.53323
90,276.5,369.25,16,32.25,0.53313
90,619,292,22.25,44.5,0.53309
90,43.5,330.5,16,32.25,0.53297
90,200.25,436.5,12,24,0.53291
90,583.75,20.5,13,26.5,0.53285
90,69.75,411.5,13.75,27.25,0.53271
90,230.25,327.25,12.75,25.5,0.53252
90,116.25,401,15.75,31.5,0.53241
90,167,318.25,24.5,49.25,0.53226
90,434.25,159.5,13.75,27.5,0.53225
90,532.5,283,14.5,28.75,0.53211
90,584.75,421.5,19.75,39.25,0.53183
90,399.5,400.75,12.5,25,0.53169
90,83.75,320.5,17.25,34.25,0.53161
90,626.5,392.5,13,26.25,0.53157
90,588.75,387.75,13,26,0.53152
90,421.5,389.5,14,28,0.53149
90,626.5,114.75,12,23.5,0.53139
90,620.25,233.25,12.25,24.25,0.53136
90,215.25,340.75,13.5,26.75,0.53124
90,493.5,386,13.5,27,0.53111
90,598,237.5,13.25,26.75,0.53097
90,262,334.75,13.75,27,0.53084
90,125.25,78.25,14.25,28.5,0.53079
90,359.75,413.5,19.75,39.75,0.53048
90,580,409,15.25,30.75,0.53039
90,391.25,226.5,18,36,0.53033
120,572.75,299.5,14.5,29.25,0.57278
120,124.5,432.5,15,30.25,0.57027
120,556,438.25,13.75,27.5,0.55661
120,540.25,341.75,12.75,25.25,0.55426
120,606.25,414,26,51.75,0.55349
120,619.75,409.25,17,34,0.55223
120,108.5,336.25,14.5,29,0.55109
120,53.25,393,14,28,0.5502
120,476.25,183.5,12.5,25,0.54874
120,60.25,395.75,13,26,0.54818
120,508,431.5,18.5,37.25,0.54771
120,490,405,30.75,61.5,0.54717
120,348.5,406.25,13,26.25,0.54616
120,289.25,395,11.5,23,0.54615
120,411.5,420,24,48,0.54542
120,172.5,335.5,12.5,25.25,0.54453
120,310.75,205,18,35.75,0.54444
120,622.5,384.75,16.25,32.5,0.54383
120,540.75,438.25,14.25,28.5,0.54379
120,482.75,427.25,20,40.25,0.5437
120,524,314.25,15.25,30.5,0.54319
120,428.5,315.75,13,26.25,0.54299
120,179.75,168.5,12.75,25.5,0.54183
120,613.75,247,13.25,26,0.54087
120,515.75,289.25,16.75,33.25,0.54052
120,274.25,426.75,19.75,39.5,0.54041
120,381.5,379.75,14.5,29,0.53991
120,613,411.5,15,30.25,0.53975
120,433.75,165.75,24,47.75,0.53908
120,389,399.5,13.75,27.75,0.53859
120,466.25,426.25,19.75,39.5,0.53756
120,131.75,435.25,14.75,30,0.5374
120,328.25,414.5,26.5,53.25,0.53737
120,-3.25,392.75,36.5,73,0.53716
120,149.5,433.25,15.75,31.75,0.53706
120,626.25,393,13,25.5,0.5369
120,428.75,376.75,11.5,23.25,0.53556
120,327,407,13,26,0.53521
120,605,312.75,13.75,27.75,0.53504
120,571.5,407.5,29.75,59.25,0.53493
120,620.5,331.5,12,24.25,0.5347
120,516.5,435.5,15.5,31.5,0.53465
120,604,400.75,14.25,28,0.53452
120,374.75,399,33.25,66.75,0.53397
120,523.25,435.5,17,34,0.53394
120,81.5,113.5,49.75,99.25,0.5339
120,572,439.5,12.75,25.5,0.53362
120,588.5,300,14.25,28.5,0.53344
120,295,64.5,14,28,0.53342
120,284,418.75,23.25,46.5,0.53305
120,505.5,108,33.5,66.75,0.53301
120,393.5,422.25,22.5,45,0.53269
120,546.5,362.5,16.25,32.25,0.53263
120,628,433.5,13,26.25,0.5322
120,555.75,342.75,14.25,28.5,0.53199
120,415.5,309.75,12.75,26,0.53191
120,10.25,392.5,20.75,41.5,0.53152
120,614,233,12.5,25.5,0.53152
120,588,395.5,16,32.25,0.53125
120,585,406.25,29.75,59.5,0.53124
120,125,108.75,33,66,0.53124
120,40.5,347.25,12,23.5,0.53122
120,19,201.25,14.25,28.5,0.53095
120,157.75,159.5,16.75,33.5,0.53061
120,382.5,424,21.75,43.5,0.53055
120,470.25,364.5,12.5,25.25,0.53048
120,502.75,135,11.5,23,0.53029
120,273.75,135,13.25,26.5,0.5302
120,254.25,326.5,13,26,0.53002
150,614,327.75,12.75,25.75,0.5905
150,164.5,354,15,30.25,0.55953
150,118.5,320,12.5,25.25,0.55831
150,227,41.25,13.75,27.75,0.5515
150,60.5,369.5,15.25,30.75,0.54717
150,468,418.25,15.75,31.25,0.54698
150,213.5,32,14.5,29,0.5461
150,458.5,154.75,34.75,69.5,0.546
150,340.25,414,13.25,26,0.54539
150,25.25,432.5,18.5,37,0.54463
150,438.25,445,13.75,27,0.54401
150,294,39.75,12.75,25.25,0.54401
150,68.5,361.5,14.75,29.25,0.54374
150,69.25,356.5,14.25,28.5,0.54371
150,611.25,345.25,18.25,36.75,0.54245
150,458.25,413,18.75,37.25,0.54153
150,315.75,20.5,13.25,26,0.54148
150,339.75,263,12.25,24.5,0.54118
150,20.5,431.5,18.75,37.25,0.54066
150,475.25,154.5,15.5,31.5,0.5402
150,485.75,427.5,12.25,24.75,0.54005
150,603.5,426.25,23.5,47,0.53936
150,391.75,398.75,36.5,73,0.53911
150,537,26,112.5,224.75,0.53903
150,296.5,196.25,13.75,27.5,0.53902
150,260.5,447.25,12.75,25,0.53859
150,28,306.25,14.75,29.5,0.53858
150,286,448.75,12.5,25.25,0.53855
150,51,366.5,17,34,0.53683
150,357.75,428.5,13,26.25,0.53676
150,86,351.25,13.25,26.5,0.53658
150,348.75,421.75,13.25,27,0.53534
150,230.75,26,13.5,27.25,0.53524
150,40.5,9.25,12,23.5,0.53496
150,258.25,423.25,21.5,42.5,0.53486
150,599.5,449.25,12.75,25,0.53471
150,332.75,290.75,15,29.75,0.53465
150,220.25,191,14,28,0.5344
150,202.75,29.75,20.75,41.25,0.53427
150,607.5,331,13,25.5,0.53405
150,556.5,448.25,12,24.25,0.5339
150,5.75,400.75,16.25,32.5,0.53355
150,100.75,433,11.5,23,0.53302
150,35.25,302.25,17.25,34.5,0.533
150,37.5,322.25,13.5,26.75,0.53293
150,203.5,46.75,13,26.25,0.53283
150,415.75,165,15.5,30.75,0.53269
150,539.5,441,15.75,31.5,0.53266
150,340.75,317.5,14.5,28.75,0.53254
150,430.25,165.75,13.75,27.5,0.53233
150,-3,425.75,23.75,47.25,0.53231
150,348,444.5,14.5,29.25,0.53229
150,223,41.25,14.5,28.75,0.53211
150,548.75,340,65.5,130.75,0.53209
150,348.75,154.5,11.75,23.75,0.53208
150,189.25,423,16.75,33.75,0.53192
150,508.25,443.75,15,30.25,0.53183
150,361.75,344.5,36.5,73,0.5317
150,539.25,417.75,15.5,31,0.5317
150,486.5,341.25,63.75,127.5,0.53162
150,331,424.25,25.25,50.5,0.53152
150,92.25,341.25,13.25,26.5,0.53076
150,468.75,429.25,13.75,27.75,0.53065
150,213,313.75,13.25,26.5,0.53061
150,299.75,407,14.5,28.5,0.53042
150,188.75,324.25,14.25,28.5,0.53035
180,341,346.25,14.25,28.25,0.56555
180,620.5,424.5,15,29.75,0.56111
180,572.75,364.25,14.75,29.25,0.56026
180,625.5,117,15,30.25,0.55593
180,198,368.75,13,26,0.5537
180,86.5,327,68.25,136.5,0.553
180,253.25,441.25,14.5,29,0.55157
180,325.25,294.25,13.25,26.5,0.54829
180,600.25,406.5,13,26.25,0.54674
180,269.25,32,16.5,32.75,0.54653
180,229,438,14.75,29.5,0.54593
180,202.75,30.5,20.25,40.25,0.54436
180,325.75,276,14.75,29.5,0.5432
180,176.75,81.5,12.75,25,0.54215
180,266.5,411.25,26.5,53,0.54118
180,292.25,378.5,45.5,91.25,0.54095
180,503,390.75,13.25,26.5,0.54082
180,184.25,409.25,27.25,54.5,0.53926
180,521.25,320,12.5,25,0.53909
180,215,399.75,34,68.25,0.5389
180,397,366,13.5,27,0.53831
180,305,433.5,12.25,24.75,0.53814
180,546.25,311,14.25,29,0.53805
180,-6.25,364.5,49.5,99,0.53794
180,146.5,370.75,13.25,26.25,0.53751
180,212.25,32.25,16.25,32.75,0.53651
180,10.25,437.25,13.25,26.75,0.53625
180,67.75,288,12.5,25,0.53598
180,387,145.25,13.75,27.75,0.53583
180,100,385,12,24,0.53561
180,495.5,141.5,48.75,97.5,0.53523
180,246,439,13.75,27.75,0.5349
180,509.75,397.25,13.25,26.75,0.53446
180,229.5,20.25,13.75,27.25,0.53439
180,516.75,406.75,12.75,25.75,0.53439
180,624.75,79.25,17,33.75,0.53417
180,248,394.5,12.25,24.5,0.53406
180,504.75,302.25,13.25,26.25,0.53401
180,38,443.75,12.75,26,0.53399
180,604.5,364,14.75,29.25,0.53388
180,267.25,12.75,13.25,26.25,0.53319
180,203.5,47,13,26.25,0.53283
180,424.75,349,12.25,24.25,0.53274
180,503.75,399.75,12.5,25,0.53269
180,172.5,160.5,12.5,24.5,0.53269
180,150.5,441.75,13.5,27.5,0.53263
180,366,360.75,54,107.75,0.53257
180,281,39,13,26,0.53203
180,219.5,25.75,21.75,43.5,0.53171
180,108.25,396.75,14.5,29.5,0.5314
180,24.25,278.75,12.25,24.75,0.53117
180,251,358.5,14.75,29.75,0.5309
180,587,92.25,21.25,42.5,0.53088
180,391,365.25,51,102,0.53035
210,340.75,349.25,13.5,27,0.55448
210,221,437.25,12,24.25,0.55386
210,391,139.75,14.25,28.25,0.54819
210,566.25,37.25,84.75,169.5,0.5452
210,390,8,11.75,23.5,0.54261
210,388.75,380.5,16.5,32.75,0.54247
210,12.5,400.25,14,28,0.54017
210,103,411.25,13.25,26.5,0.54003
210,182,28,12,24,0.53903
210,374.25,427,12.25,24.5,0.53885
210,378.5,135.5,15.75,31.75,0.53837
210,96.5,103.25,32,63.75,0.53739
210,456.75,172.25,17.25,34.5,0.53666
210,212.25,32.25,16.25,32.5,0.53651
210,486.5,359.25,13.25,26.25,0.53588
210,447.75,340.25,13.25,26.75,0.53585
210,579,114.25,33.75,67.5,0.53563
210,613,432.75,13.75,27.5,0.53505
210,295.25,436.5,13.25,26.5,0.53474
210,229.5,20.25,13.75,27.25,0.53439
210,270,397,15,29.75,0.53439
210,356.75,320.25,14,28.25,0.53409
210,267.25,12.75,13.25,26.25,0.53319
210,159.25,189,24,47.75,0.53292
210,203.5,47,13,25.75,0.53283
210,317.5,334.5,64.75,129.5,0.53265
210,576.25,371.5,12.5,24.75,0.53259
210,381.25,347.5,59,118.25,0.53232
210,246.75,322.5,13.25,26.5,0.53221
210,316.25,330.75,13,26,0.53204
210,316.25,436.5,15.25,30.25,0.53184
210,158,413,12.25,24.25,0.53147
210,382.25,427,13.25,26.5,0.53124
210,589.5,420.5,21,41.75,0.53123
210,302,325.25,12.75,25.5,0.53097
210,555,435.75,12,24,0.53082
210,349,48.5,11.75,23.5,0.53077
210,248.5,428,12,24,0.53075
210,420.75,337,11.5,23.25,0.53072
210,202.5,31,19.75,39.5,0.53034
240,406.5,397,14.25,28.5,0.5574
240,555.75,410,29,58.25,0.55155
240,628.5,129.5,12.25,24.25,0.54855
240,373.75,392.5,13.5,26.75,0.54811
240,374.5,400,13,26,0.54724
240,421.75,401,16.75,33,0.54597
240,151,193,23.25,46.5,0.54559
240,395,141.25,12.75,25.5,0.54495
240,328.25,407.75,12.5,24.75,0.54388
240,359.25,434.5,14.5,29,0.54349
240,229,442.25,12.5,25.25,0.53943
240,182,28,12,24,0.53903
240,547.5,397.25,14.5,28.5,0.53868
240,602.5,90.25,13.5,27,0.53819
240,532.25,391.75,37,74.25,0.53757
240,602.75,47.25,12.75,25.25,0.53735
240,212.25,32.25,16.25,32.75,0.53651
240,86,295.25,13.5,26.75,0.53582
240,135,412.25,12.5,25,0.53538
240,210.75,170.25,105.25,211,0.53448
240,229.5,20.25,13.75,27.25,0.53439
240,434.75,424.75,12,24,0.53421
240,316.75,411.75,11.5,23.25,0.53368
240,571.25,424.25,22,43.75,0.53363
240,202.75,31,19.75,39.75,0.5336
240,275.25,429.75,18.25,36.25,0.5333
240,267.25,12.75,13.25,26.5,0.53319
240,203.25,47,13.25,26,0.53283
240,341.75,397.75,34,67.75,0.53281
240,289.75,89.5,12.5,25,0.5328
240,300.25,421.5,14,28.25,0.53275
240,456.5,415.75,12.5,25,0.53123
240,541.5,401.5,14.75,29,0.53111
240,100.5,334.5,12.25,24.75,0.53109
240,195,145.5,20.5,41.5,0.53107
240,212.75,423.5,12,24.5,0.53083
240,604.5,206,12.25,24.25,0.53063
240,348.5,384.75,13,25.75,0.53061
240,162.75,76,14.75,29.5,0.53011
240,119.75,29.25,13.5,27.25,0.53007
270,188.25,44.5,12.25,24.25,0.56214
270,487.5,390.75,13,25.75,0.5558
270,211,31.75,18,35.75,0.54449
270,276.5,172,24.5,49,0.54367
270,308.75,385.5,16,32.25,0.54304
270,180.5,28.5,14,28,0.54216
270,494,180,18,36.5,0.54112
270,228.75,21.25,16.25,32.5,0.54022
270,516,406.75,15.75,31.25,0.5381
270,390,417.5,12.25,24.5,0.53646
270,219.5,26.25,21.75,43.5,0.53608
270,440.5,300,14,28,0.5355
270,294.75,378.75,13.5,27.5,0.53517
270,338.5,298,14.25,28.5,0.53375
270,303,370.5,12.75,25.5,0.53346
270,-0.5,3,12.75,25.5,0.53343
270,392.75,385,41.5,83.5,0.53324
270,267.25,12.75,13.25,26.5,0.53319
270,575,51.5,21.25,42.5,0.5321
270,205,44,14,28.25,0.53203
270,624,144.25,18,36.25,0.53128
270,428.75,365,11.5,23,0.53063
270,487.5,134.75,12.75,25.75,0.53002
300,181.5,3.25,14.75,30,0.56153
300,380.25,405.25,26,52,0.549
300,148.5,58.25,12.5,24.75,0.54894
300,341.75,415.25,13.5,26.75,0.5476
300,45,285.5,13.5,27,0.54707
300,259,425,12,24,0.54697
300,300.25,414.25,15.25,30.5,0.54444
300,280.75,205.75,13,26,0.54057
300,244.5,42,13.5,27,0.5391
300,211.5,28.5,16.75,33.5,0.53834
300,132.25,39,15.5,31.25,0.53756
300,267,9.25,14.25,28.5,0.53478
300,37.75,1.5,12.75,25.25,0.53355
300,308,392.5,39.75,79.75,0.53307
300,484.5,418.75,12.75,25.25,0.53303
300,203.25,197,16.5,33.25,0.53289
300,335.5,400.25,14.5,28.75,0.53255
300,136.5,181.25,13.25,26.5,0.53239
300,392.25,392,40.5,80.5,0.53212
300,236.5,40,13,25.5,0.53199
300,309,398.75,15.25,30.5,0.53199
300,262.25,136.25,12.5,25,0.53181
300,219.75,21.75,17.75,36,0.53167
300,342.25,405.75,13.25,26.5,0.5316
300,287.5,98.75,12,24,0.53147
300,555,258.25,19.25,38.5,0.53143
330,445.5,415.5,13.25,26.5,0.55704
330,452.5,417.5,15.25,30.5,0.55432
330,59.5,170,13.5,27,0.5512
330,476.75,395.75,12.25,24.5,0.54918
330,397.25,417,14.75,29.25,0.5487
330,71.75,429.25,12.25,24.5,0.54339
330,21,318,15.5,30.75,0.54266
330,528,49.5,23,45.5,0.53998
330,213,386.75,15,30,0.5395
330,172.25,8.75,13,26,0.53885
330,48,315.25,12.5,25,0.53878
330,284,427.5,12.25,24.25,0.53717
330,140.5,405.75,24.75,49.25,0.53647
330,461,404.25,13.25,26.5,0.53646
330,583.75,438.75,12.5,24.75,0.53637
330,132,62.5,13.25,26.5,0.53603
330,139.5,407.25,13,26,0.53559
330,286.75,190.25,23.25,46.25,0.53394
330,213.75,348.5,13.5,26.75,0.53345
330,438,402.75,14.25,28.75,0.53315
330,534,208.25,12.25,24.5,0.5328
330,174.25,428.25,12.5,24.5,0.53268
330,563.75,421.5,15.75,31.75,0.53222
330,437,417.5,15.75,31.5,0.5321
330,251.25,353.75,14.25,28.5,0.53203
330,389.25,419.75,14,28.25,0.53165
330,480,404.25,14.5,29,0.53124
330,253.5,422,13.75,27.25,0.53109
330,625.75,174.75,14.75,29.5,0.53099
330,288,214,13.5,27,0.53098
330,395.5,392.25,13.25,27,0.53074
330,221,403.5,15.25,30.5,0.53053
360,252.5,4.25,14.25,28.5,0.57646
360,132.25,428.5,14,28.25,0.55871
360,7.25,307,12,24,0.55281
360,593.75,203,31.25,62.25,0.54775
360,261,3,14.75,29.5,0.54647
360,244.5,5.75,14.25,28.5,0.54266
360,391.5,410,13,26.25,0.53984
360,213,389.25,13.25,26,0.5396
360,165.75,414.25,13,25.75,0.53945
360,389.5,430.25,13.5,26.75,0.53747
360,182.25,12.25,12,24.5,0.53692
360,21,343,13,26,0.53638
360,93.25,437.25,13.5,27,0.53567
360,102.75,36,13,26,0.53413
360,498.75,433,13,26,0.53412
360,273,205,16,31.75,0.53342
360,139.5,414.75,13,26,0.53333
360,243,101.5,17.5,34.75,0.53322
360,97.75,51.5,13.5,27.25,0.53311
360,-1.5,148,14,27.75,0.53289
360,620.5,18.25,19.5,38.75,0.5326
360,598,214.75,25.75,51,0.53152
360,291,219.75,16.5,32.75,0.53148
360,431,149,12.75,25.5,0.53137
360,475.25,380,15.75,31.25,0.53118
360,278,7,13,26.25,0.53034
390,269.25,364.75,42,84,0.5584
390,221,202.25,122.75,245.5,0.54965
390,295.25,225.5,15,30.25,0.54785
390,101,405.25,13.75,27.75,0.54639
390,461.5,367.5,31.75,63.5,0.54083
390,556.75,108.75,12.5,25,0.54027
390,12,128.25,14.25,28.5,0.53728
390,130.5,304.25,12,23.75,0.53641
390,156,6.5,15.5,31.25,0.53637
390,180,433.75,16.5,32.75,0.53598
390,403.25,281,11.5,23,0.53585
390,123,398,16.25,32.25,0.5334
390,19,376.75,47.25,94.75,0.5331
390,145,105.75,12.25,24.5,0.53302
390,593.75,213.75,19.25,38.25,0.5328
390,115,120,25,50.5,0.53253
390,191,304.75,64.75,129.25,0.53241
390,455.5,382,46.75,93.75,0.53134
420,52,327.25,14,28,0.568
420,58,307,21,42.25,0.54431
420,367,259.25,103.5,206.5,0.54324
420,208.5,9,12,24,0.54081
420,94.5,311.25,13.75,27.5,0.5408
420,234.5,378.75,36.25,73,0.54014
420,214.5,9,12.25,24.5,0.54008
420,244.75,9,11.5,23,0.53998
420,624,57,13,26,0.53821
420,218.75,233.5,111.5,223.25,0.53737
420,451.5,397.5,21.25,42.75,0.53661
420,25.25,399.5,36.5,73,0.53637
420,154.5,337.25,55.75,111.5,0.53555
420,341.5,389,31.25,62.5,0.53421
420,20.5,331.25,15.25,30.25,0.53386
420,101,324.5,14.25,28.25,0.53334
420,127.75,70.5,13.5,26.5,0.53328
420,248.25,149.25,14.25,28.5,0.53314
420,457.75,394.25,19,37.75,0.53284
420,478,124.25,12.5,25,0.53239
420,242.75,162.25,15,30,0.53217
420,211,377.25,35.75,71.5,0.532
420,44,321.25,15,30.25,0.53193
420,313.75,265.25,98,195.75,0.53171
420,433.5,391.75,25.5,50.75,0.53171
420,63.5,328.75,12.25,24.5,0.53111
420,445.25,378.5,12,24,0.53093
420,44.75,24.75,105.5,210.75,0.53009
450,69.5,357.5,13.5,26.75,0.54881
450,84.75,332.5,15.75,31.25,0.5463
450,100.75,348.25,13.75,27.5,0.54436
450,317.5,413.75,13.5,26.75,0.54431
450,116.75,426.25,15.25,30.75,0.54277
450,297.5,219.25,13.5,27,0.54136
450,100.25,63.25,14,28,0.54004
450,336.75,325,11.5,23,0.53976
450,214.25,408.5,12.5,25,0.5394
450,132.75,411,16.5,32.5,0.53825
450,396.25,440.5,14.75,29.5,0.53693
450,559,448.25,12.75,25.5,0.53681
450,195.25,373.25,14,28,0.53618
450,188,390.25,13.5,27,0.53581
450,248.5,293,11.5,23,0.53544
450,104.25,444,12,23.75,0.5346
450,131.75,441.25,16,32.25,0.53426
450,515.25,453,12.5,25.25,0.5341
450,317.25,363,13.75,27.5,0.53405
450,496.5,96.5,12,24,0.53341
450,160.5,408.75,11.75,23.75,0.53336
450,124.25,85,19.5,39,0.53336
450,626.5,155.5,12.25,24.5,0.53301
450,230.25,453,13,26,0.53285
450,331.5,440.5,17.25,34.25,0.53237
450,65.5,44,13.5,27.25,0.53222
450,221,413.5,13,26,0.53219
450,353.5,423.5,12.25,24.75,0.53217
450,44.25,370.75,14.25,28.25,0.53205
450,357,443.25,13.75,27.5,0.53144
450,613.75,364.5,13,26,0.53105
450,247.75,150.75,13.5,27,0.53105
450,63.5,17.5,18.75,37.75,0.53101
450,47,213.5,24.5,49,0.5307
450,38.75,320.75,17.25,34.75,0.53013
450,464,339,13,26.25,0.53008
480,154.5,67.25,13.5,27,0.55989
480,174.5,416,12.75,25.25,0.55323
480,351.25,360.75,12.5,24.75,0.55005
480,341.5,364.75,14,28,0.54862
480,213.25,52.25,14.25,28.25,0.5456
480,588.25,445.25,14,28,0.54334
480,202,336.25,14.75,29.75,0.54294
480,116.25,431,15.75,31.5,0.54261
480,84.5,56.25,13.5,27,0.54238
480,298.75,444.25,17.25,34.5,0.54203
480,108.25,328.25,12.25,24.75,0.54172
480,586.25,67,13.5,26.75,0.54087
480,246.5,380.5,12.25,24.75,0.54031
480,204.75,364,21.5,43,0.53906
480,188,380.25,14.25,28.5,0.53885
480,224.5,149.75,13.75,27,0.53745
480,184.25,345,16.5,33.25,0.53661
480,239,150,13.75,27.75,0.53631
480,279.25,367.5,16.25,32.75,0.53612
480,75.75,216,13.25,26.75,0.53532
480,237.5,320.5,14.5,29.5,0.53529
480,598.5,453.5,12.5,25.5,0.53377
480,423.75,393.25,20.75,41.5,0.53373
480,556.5,441.25,15.75,31.25,0.53363
480,205.75,356.75,13.5,27.25,0.53348
480,350.5,337.5,14.25,28.25,0.53323
480,531.25,399,13.25,26.25,0.53308
480,445,368.5,11.5,23.25,0.53285
480,623,61.25,15.75,32,0.53278
480,460,446.25,15.5,31,0.53275
480,317.25,437.75,14.25,28.75,0.53228
480,195.25,58.25,13.25,26.75,0.53208
480,374,418.75,14.5,29.25,0.532
480,41.5,4.75,17.75,35.25,0.53168
480,501.75,451,14,28,0.5314
480,47.75,313.5,18.5,37.25,0.53132
480,364,347,13,26,0.53121
480,141.25,444,14,28.25,0.53109
480,616,153.5,13,26,0.53092
480,613.75,135.5,12,24,0.53076
510,252.75,433.5,15.25,30.75,0.57336
510,453,334,13.75,27.5,0.5587
510,300.25,416.5,12.75,25.5,0.55758
510,176.5,43.5,13,26,0.5563
510,172.75,428,15,30.25,0.55319
510,356.5,366.75,14,27.5,0.54747
510,320.25,416.5,12.5,25,0.54584
510,530.75,430,18.25,36.25,0.54435
510,218.5,414.5,13.25,26.5,0.54137
510,406,304.75,12.75,25.5,0.53958
510,165,419.5,14.75,29.75,0.53885
510,235,347.75,13,25.75,0.53879
510,519.5,393,13,25.75,0.53795
510,525.25,417,13.25,27,0.53747
510,309.25,329.5,59,117.75,0.53739
510,522.5,106.75,16.75,33.5,0.53728
510,200.25,39.75,12.25,24.75,0.53683
510,51.25,313.5,16.75,33.5,0.53679
510,92.75,428.75,14.25,28.5,0.53669
510,292,411,16.5,33,0.53664
510,244,31.75,13,26,0.53641
510,540,436,14.25,28,0.53525
510,155.75,280.25,13,26.25,0.53452
510,380,422,13.25,26.5,0.53428
510,170.5,50.75,18.5,37,0.53391
510,85,401.25,15,30.5,0.53375
510,516.25,416.5,14.75,29.25,0.53348
510,372.5,428,13,25.75,0.53315
510,169.25,388.5,20.75,41.75,0.53314
510,326,368.5,15,30,0.53307
510,593.75,25.5,17.75,35.25,0.5329
510,204.5,384.5,15.5,31,0.53284
510,188.25,381,14.75,29.75,0.53276
510,195,55.75,20.5,41,0.53123
510,523,442.5,17.5,34.75,0.53108
510,424.25,376.5,12.5,24.75,0.53061
510,565.25,350.25,12.25,24.75,0.53053
510,539.75,419.75,14.25,28.75,0.53007
540,174,403.75,13.5,27.25,0.56444
540,238.5,349,14.25,28.75,0.56326
540,419,93,15.75,31.5,0.56033
540,132,412.75,15,29.5,0.55816
540,220.5,416.75,15.75,31.75,0.55548
540,229.25,395.5,14,27.75,0.54717
540,381,36.25,23.5,47.25,0.54512
540,140.25,27.5,12.5,25,0.5442
540,356.25,440.75,16.5,33.25,0.54393
540,157,403.5,14,28,0.54354
540,347.75,438,15.25,30.75,0.54317
540,123.5,19.5,12.5,25,0.5421
540,441.5,423.5,25.75,51.75,0.54206
540,197.5,442.75,14,28,0.54166
540,156.25,434.75,15.25,30.5,0.54117
540,279.5,403.25,37,74,0.54062
540,398.25,314.5,11.75,23.5,0.53967
540,260.25,382.75,12.5,24.75,0.53934
540,141.25,409.25,13.75,27.5,0.53898
540,82.25,200,12.5,25,0.53895
540,300.75,433,11.5,23,0.53862
540,343.5,352.75,12.5,25,0.53833
540,168.5,45.25,12.25,24.75,0.53786
540,59.5,317.5,18.25,36.25,0.5377
540,228.75,138.5,14.75,29.5,0.53675
540,477,30.25,12.25,24.5,0.53634
540,305.75,147.25,13.5,26.75,0.53572
540,158,419.5,12.75,25.75,0.53569
540,46.75,404.5,14,28.5,0.53563
540,238.5,441,14.25,28.25,0.53553
540,268.5,432.25,15.5,31.25,0.53544
540,252.25,384,16,32.25,0.53494
540,138.75,33.5,15.25,30.5,0.53476
540,275,434,11.5,23.25,0.53357
540,509.5,452,13.5,26.75,0.53316
540,380,437,13.5,26.5,0.53247
540,505.75,417.5,19,38,0.53239
540,565,451.25,13.5,27,0.53238
540,438.75,316,14,28,0.53205
540,256.25,322.25,12,24,0.53199
540,289.25,14.25,18.5,37,0.53175
540,300.25,365.5,13.5,27.5,0.53174
540,151.75,31,12.75,25.75,0.53109
540,316.5,355.25,16.25,32.25,0.53089
540,46.5,394.5,14.25,28.5,0.5307
540,422.5,208.5,12.25,24.75,0.53043
540,191.5,406.25,21.75,43.5,0.53019
540,148.5,424.5,14.75,29.5,0.53009
540,164.25,303.5,12.75,25,0.53003
570,204.5,403.25,14.75,30,0.59985
570,405.75,364,13.25,26.25,0.54995
570,380,430.75,17.25,34.75,0.54693
570,411.75,432,14.5,28.75,0.54591
570,437,350.5,13.75,27.75,0.5457
570,181,411,13.25,26.5,0.5448
570,385,3.5,36.5,73,0.54342
570,220,417.5,15.5,31,0.54143
570,348.25,349.25,14,28,0.54037
570,292.25,404,13.25,26.25,0.54024
570,188.5,414.75,14,28,0.54007
570,122.75,20.5,14.5,28.75,0.53885
570,150.5,409.5,12,24,0.53788
570,453.75,347.5,13.25,26.5,0.53724
570,221,362.75,14,27.75,0.53675
570,585.5,360.5,16.5,32.75,0.536
570,206,364,12.75,25.75,0.53504
570,156.5,368.25,11.75,23.5,0.53472
570,486.5,111.5,11.75,23.25,0.5346
570,398.5,388.75,11.75,23.25,0.53458
570,340.75,392,14.25,28.75,0.5335
570,535.75,421.75,24.5,49,0.53277
570,403.5,428.5,19.25,38.75,0.53176
570,492,416.25,12.5,25.25,0.53176
570,141.25,403.25,14.5,29,0.53151
570,148,416,16.5,32.75,0.53124
570,308.25,445.25,15,30.25,0.53104
570,128,20.5,13,26,0.53037
570,430.5,193.75,22.5,45,0.5302
570,162.25,376.75,12,24.5,0.53016
570,445,17.25,28.5,56.75,0.53014
600,197.25,398.25,13.75,27.75,0.56463
600,454,451.75,13.25,26.25,0.56292
600,484.25,445.75,14.75,29.5,0.55933
600,422,344,12.75,25.75,0.5548
600,468,449,14,27.75,0.55429
600,200.25,325.25,12,24.25,0.55373
600,100.5,327.5,12.5,25.25,0.55078
600,358.5,330.25,14,28,0.55054
600,396.25,306.5,16,31.75,0.54827
600,156,156.25,12.25,24.5,0.54728
600,274.25,365.25,12.25,24.75,0.54518
600,340.25,368,12.5,25.25,0.54464
600,454,328.25,13.25,26.75,0.54301
600,342.25,332,12.5,24.75,0.54185
600,252.75,337,11.5,23,0.54069
600,468.5,186.25,12.25,24.25,0.54021
600,485,280.25,12,24,0.54014
600,384.5,364.25,14.5,28.75,0.53921
600,435.25,327.5,15.5,30.75,0.53884
600,372.75,328.25,14,27.75,0.53849
600,198,116.75,21.75,43.25,0.53842
600,60.25,368.5,14,28,0.53803
600,454,345.25,13.25,26.25,0.53767
600,382.5,350.25,12,24,0.53757
600,182.75,311.25,14.75,29.25,0.53733
600,425.25,184.5,18.25,36.75,0.53694
600,439.75,408.25,12.25,24,0.53692
600,444.25,319.25,17.75,35.5,0.53639
600,232.25,335.75,11.75,23.75,0.53637
600,151.25,448.75,14.25,28.5,0.5362
600,150.75,124.25,14,28.25,0.53584
600,315.75,344.75,12.5,25.25,0.53542
600,244.25,335,15.5,30.75,0.53495
600,476.5,348.5,14,28,0.53486
600,84.25,312,12.75,25.5,0.53485
600,414.5,324,13,26,0.53432
600,11.5,5.75,16,32,0.53427
600,252.75,349,11.5,23,0.53395
600,280.25,355.5,12,24.25,0.53376
600,396.75,316,14,28,0.53339
600,180.75,444.5,16.75,33.25,0.53335
600,364.25,396.75,14.5,28.75,0.53332
600,157.25,449.5,13.75,27.25,0.53289
600,318,448.5,12.5,25.25,0.53285
600,36.5,352,11.75,23.75,0.53274
600,356.5,397.5,14.25,28.75,0.53251
600,439.5,302.25,13.25,26.5,0.53239
600,172.25,384.25,15.75,31.5,0.53204
600,315,335,14,27.75,0.53187
600,380,381.5,13.25,26.75,0.53175
600,86,346.5,13.5,27,0.53171
600,78.75,404.5,14,27.75,0.53154
600,346.5,446.25,16,31.75,0.5315
600,204,134.5,12.5,25,0.53106
600,108.5,385.25,12.25,24.75,0.53099
600,515.5,444.75,16.75,33.25,0.53063
600,257.25,340.75,22,44,0.53051
600,157,324.75,12.75,25.5,0.53049
600,450.25,319.25,12.25,25,0.53038
600,22,310.5,13.25,26.5,0.53033
600,176.75,280.25,12.25,24.5,0.53016
600,439.5,345.5,12.25,25,0.5301
600,342,381.25,13.5,27,0.53006
600,326.5,360.25,12,23.75,0.53002
630,245.5,420.75,14,28.25,0.55639
630,92.25,320.5,13.25,26.75,0.55511
630,236,340,14.75,29.5,0.5546
630,146.5,12,19.25,38.25,0.55398
630,381.25,338,14.5,29.25,0.54908
630,236,350.75,13.25,26.5,0.54894
630,6,76,26.5,53,0.54882
630,204.5,43,11.75,23.75,0.54878
630,44.5,392.75,13.5,27,0.54643
630,524.25,383.75,15,29.75,0.54581
630,364.5,368.5,15.5,31,0.54581
630,221,281.25,12,24,0.54556
630,108.25,403,15.25,30.25,0.54529
630,532.75,383,14.5,29.25,0.54528
630,565.25,406.75,13.5,27,0.54464
630,70.75,287,13.75,27.25,0.54456
630,308.25,384.5,16.75,33.75,0.54434
630,43.75,281.5,15.25,30.5,0.54422
630,204.5,334.5,12.5,25,0.54403
630,581.25,417.5,13.75,27.75,0.54324
630,107.75,346,16.25,32.25,0.54323
630,428.5,424.25,13,26,0.54234
630,245.5,349.25,14,28.25,0.54227
630,278.5,358.25,12.75,26,0.54226
630,365.25,302,15.75,32,0.54212
630,36.5,378,15,29.75,0.54204
630,518.5,395,13.75,27.75,0.54146
630,580.75,349,14.25,28.75,0.54138
630,398,204,12.25,24.75,0.5404
630,564.75,70.25,14.25,28.25,0.54031
630,84.25,400.5,15.75,31.75,0.53988
630,214,19.25,12.5,24.75,0.53965
630,132.5,103,12.5,25,0.53941
630,587.25,399,18.25,37,0.53938
630,60.5,345.75,15,29.75,0.53917
630,108.75,333,12.5,25,0.53883
630,70.75,393,13.75,27.75,0.53813
630,116.5,411.25,15.25,30.5,0.53777
630,51.75,403.25,14.5,29.25,0.53776
630,308.75,346.25,15.25,30,0.53763
630,443.75,333,12.75,25.5,0.53727
630,188,275.5,13.5,27.25,0.53716
630,477,397,14,27.75,0.537
630,236.5,364,14.25,28.25,0.53655
630,470.5,399.25,12.75,25.5,0.53628
630,197,340.5,15,30.25,0.53616
630,72.5,300.25,11.75,23.5,0.53613
630,157.75,17.75,17.5,34.75,0.53612
630,143.25,281.5,23,46,0.53609
630,317.75,301.25,15,30.25,0.53603
630,396.25,427.5,12,24,0.53601
630,452.75,420.75,14.5,28.75,0.53582
630,421,380.75,12.25,24.75,0.53529
630,147.5,379.5,15.25,30.5,0.53529
630,7.5,240.25,12.75,25.5,0.53508
630,422,401.5,15,30,0.53458
630,301.75,406.75,13,26.25,0.53427
630,564.25,347.75,15.25,30.5,0.53417
630,233,142.25,13.25,26.25,0.53405
630,68,417,15.5,31,0.53367
630,355.75,351.5,12.75,25.75,0.53355
630,245.25,340,14.75,29.25,0.53354
630,284.75,409.75,15,30.25,0.53331
630,318,409.25,12.5,24.75,0.5331
630,429,393.75,17.5,35.25,0.5329
630,411.5,405.75,13.25,26.5,0.53273
630,310,14.75,13,26.25,0.53188
630,325,302.25,15.25,30.25,0.53181
630,124.5,335.75,16,31.75,0.53167
630,595.75,418.5,13.75,27.25,0.53157
630,510,332.25,13,26,0.53152
630,341.25,403.5,14.25,28.75,0.53144
630,396.5,307.75,14,28.5,0.53141
630,221,402.75,15.5,31.25,0.53141
630,211.5,296.5,15.5,31,0.53113
630,565.25,425.75,13.75,27.75,0.53097
630,88.75,374,11.5,23,0.53095
630,76.75,404.5,14.25,28,0.53094
630,101.25,403.75,14,27.75,0.53088
630,52.75,342,14,28,0.53064
630,186.75,27.5,13.25,26.5,0.53049
630,163.5,280,17,33.75,0.53031
630,572.5,398,15.5,31,0.5302
630,535.25,202.75,13.75,27.25,0.53004
660,117.25,333.25,13.75,27.5,0.56208
660,260.25,14,15.5,31.25,0.56095
660,220.5,428.75,14,28,0.55586
660,341.25,431.5,12.75,25.5,0.55225
660,581.75,354.75,13.5,27,0.54821
660,197,327.75,14.75,29.75,0.54733
660,205.25,430.75,14,28,0.54639
660,144.25,328.5,12,24,0.54487
660,476.75,422.5,13.25,26.75,0.54469
660,419.25,317.75,15,30.25,0.54458
660,20.75,331,14,28,0.54177
660,292,416,14.75,29.75,0.54149
660,426.25,315,16.5,33.25,0.54126
660,229.75,332.75,13.25,26.75,0.54096
660,181.5,95.25,24.5,49.25,0.53997
660,350.25,430.75,13.25,26.75,0.53981
660,204.75,388,14.5,29,0.53968
660,92.5,398.5,14.5,29,0.53928
660,187,4.75,22.75,45.75,0.53883
660,620.5,433.5,11.75,23.25,0.53876
660,188,416.5,16,31.75,0.53774
660,261.5,273.5,13.5,27.25,0.53754
660,398.25,345.5,12.5,25,0.5375
660,397.25,432,13.25,26.5,0.53616
660,188.25,1,11.75,23.5,0.53614
660,157,329.5,14,27.75,0.53592
660,581,434,15,30.25,0.53588
660,197,409.25,14.75,29.75,0.53584
660,612,427.25,16.25,32.5,0.5347
660,253.25,274.75,14.25,28.75,0.53456
660,542.25,348.75,13.5,27,0.5345
660,428,343.25,13.25,26.5,0.53448
660,507.25,416.25,28.25,56.25,0.53419
660,71.25,418,13.25,26.5,0.53403
660,204,415.25,16.25,32.25,0.53385
660,123,132.25,14,28.25,0.53382
660,283.5,137,13.25,26.25,0.53362
660,619.75,5.75,20.25,40.25,0.53358
660,108.75,412.25,14,28.5,0.53343
660,164.25,334.75,15.75,31.5,0.53323
660,178.75,246.25,13,26.25,0.53314
660,523,416,16.25,32.75,0.53233
660,141.25,395,14.25,29,0.53231
660,137.75,328,12.75,25.25,0.53222
660,149,395.75,14.25,28.25,0.53176
660,83,98.5,14.75,29.75,0.53164
660,419.75,343.5,13.5,26.75,0.53156
660,441.5,345.25,12.75,25.75,0.53137
660,85.25,395.75,15,30.25,0.5313
660,502.5,387.25,11.75,23.75,0.53128
660,424.25,178.5,24.75,49.25,0.53126
660,343,386.25,12.25,24.75,0.53075
660,548,431.5,14.5,29,0.53053
660,124,323.75,13,26,0.53053
660,519.5,342.25,13,26.25,0.53043
660,107,150.5,17.25,34.5,0.53034
660,248.25,332.25,12,24.25,0.53021
690,139.75,408,12.25,25,0.56047
690,253.5,407,14,28,0.55967
690,92.25,305.75,15.25,30.5,0.55901
690,166.75,342,12.25,24.5,0.55422
690,183.25,421.75,13,26.25,0.5527
690,276.5,354,16,31.75,0.55141
690,412.5,336,13,26.25,0.55017
690,364.75,312.75,13,26,0.54908
690,213.25,413,14,28,0.54676
690,75.5,441.25,16.25,32.5,0.54558
690,373.25,414.5,14.5,29,0.54516
690,165.75,389.5,13.5,27,0.54472
690,245,407.5,13,26.25,0.54471
690,408.5,136.75,55.75,111.25,0.54309
690,299,443,16.5,32.75,0.54295
690,236,426.75,14.75,29.75,0.54264
690,140.25,427.75,15,30,0.54259
690,100,109,13.75,27.25,0.54222
690,374.75,377.75,13.25,26.25,0.54172
690,128.25,291.25,12.25,24.5,0.54138
690,214,349.25,13.75,27.25,0.54136
690,380.25,430.75,13,26.25,0.54132
690,23,308.25,13.5,27.25,0.54124
690,412.5,447,12.25,24.5,0.54099
690,333,331.75,13.25,26.75,0.54072
690,424,417.5,13.5,26.75,0.54057
690,269.25,331.5,13,26,0.5401
690,547.75,429.5,14.5,28.75,0.53936
690,426.75,445,11.5,23,0.53934
690,405.75,426.25,13.25,26.25,0.53924
690,299.75,318,14.5,28.75,0.53901
690,509.25,444.75,17.25,34.25,0.53855
690,389,329.5,15,30,0.53791
690,626.5,416.75,14.5,28.75,0.53687
690,103.5,301,12.75,25.75,0.5364
690,124.5,311.75,12.5,24.75,0.53563
690,261.75,26,14,28,0.53516
690,316.75,338.25,15.25,30.75,0.53499
690,119.5,434.75,13,25.75,0.53434
690,237.25,334.25,12,23.75,0.53401
690,500.5,376.5,12.75,25.5,0.53366
690,159.5,108,14,27.75,0.53333
690,396.25,322,15.75,31,0.5333
690,212.25,445.5,16,32,0.53233
690,85.5,422,14.5,28.75,0.53199
690,296,279,12.75,26,0.53166
690,155.75,247.25,12.75,25.5,0.53164
690,156.5,314.5,18.5,36.75,0.53163
690,436.75,212.75,13,25.75,0.53133
690,314.25,281.25,22,44.25,0.53123
690,120,197.5,20.75,41.25,0.53091
690,172.75,345.75,15.5,31,0.5308
690,391.5,102,34.25,68.75,0.53074
690,309.25,319.5,14.5,28.75,0.53065
690,42.5,320.75,13.75,27.75,0.5306
690,72,432.25,12.5,24.75,0.53055
690,291.5,287.25,14.5,28.75,0.53011
690,403.5,312.75,13.5,27.25,0.53011
720,68.5,349.5,13.5,27.5,0.57001
720,274,377.5,12,23.75,0.56457
720,44,365,15,29.75,0.56364
720,358,372.25,12.5,25.25,0.5582
720,75.5,351.5,15.75,31.5,0.55408
720,174.5,133,13.25,26.5,0.55151
720,244.75,17.75,13.5,27.5,0.54953
720,509.25,366.5,13.25,26.5,0.54738
720,116.5,412.5,14,28,0.54653
720,116.25,400.5,12.25,24.25,0.54613
720,284.75,315,14.25,28.5,0.54423
720,218.5,111.25,12,23.75,0.54409
720,540,362.5,14.25,28,0.54409
720,140,52.75,11.75,23.5,0.54405
720,60.25,364.25,14.5,29.25,0.543
720,164.25,338.5,15.25,30.5,0.54293
720,70.25,89.5,12,24.25,0.54254
720,230.5,345.75,12,24.25,0.54143
720,162.5,318,11.75,23.5,0.54077
720,486.25,372.25,12.25,24.5,0.53983
720,44.25,130.5,12.25,24.75,0.53982
720,76.5,421.25,14,27.75,0.53879
720,188.25,329.75,12.5,25.5,0.53838
720,68.25,396.75,15,30,0.53827
720,188.5,388,13.75,27.75,0.53803
720,580.5,395.75,12.25,24.75,0.53788
720,575.25,112.5,13,26,0.53761
720,60,136.25,16.25,32.75,0.53752
720,91,421.25,13.75,27.75,0.5367
720,101.5,335.25,17,34,0.5367
720,213,338.5,14.75,29.5,0.53633
720,269.5,137.75,13,25.75,0.53617
720,76.75,395.25,14.75,29.25,0.53602
720,44,347.25,18.75,37.5,0.53583
720,164.25,385.25,15.25,30.5,0.53567
720,155.5,332.75,16.75,33,0.53551
720,133.5,384,13.25,26.5,0.53521
720,403.25,372.5,16,32,0.53509
720,347.75,431.75,15.25,30.75,0.53481
720,167.25,342,13.75,27.25,0.5346
720,28.5,312,12.75,25.25,0.53428
720,556.75,379,11.5,23,0.53396
720,269.25,394.75,14,28,0.53383
720,108.25,410.25,15.5,31.25,0.53383
720,294.25,348.75,13.75,28,0.53366
720,83.75,416.25,15.75,31.5,0.53328
720,429.25,383.75,15.75,31.75,0.53305
720,86.5,141.25,12.25,24.75,0.53303
720,435.5,407,14.75,29.75,0.53298
720,108,369.5,15.5,31.5,0.5329
720,180.75,337.75,14,28,0.5329
720,28.5,123.25,13.25,26.5,0.53273
720,187.25,334.75,17.5,35,0.53263
720,214,400.25,12.25,24.5,0.53256
720,571.75,399.75,17.25,34.75,0.53207
720,123,82.75,21,41.75,0.53158
720,317.5,81.25,22.75,45.25,0.53154
720,348.75,360,13.5,27,0.53116
720,302.25,313.5,13.5,27.25,0.53109
720,422,229.25,12.5,24.75,0.5309
720,436.75,342.75,13.25,26.5,0.53085
720,132.5,421.25,14,28.5,0.53085
720,132.75,314.25,13.5,27,0.53076
720,195.75,329.75,16.25,32.25,0.53027
720,580.25,56.75,12.5,25.5,0.53016
750,84.25,412.25,15.25,30.5,0.55728
750,172.5,384.5,12.5,25,0.55723
750,356.5,425.75,15.5,31.25,0.55235
750,220.75,339,13.75,27.5,0.55064
750,197.25,376.5,14,28.25,0.54947
750,163.25,430.25,16.75,33.5,0.54784
750,523.75,443.5,17.5,34.5,0.54771
750,253.25,423.75,14.25,28.5,0.54557
750,66.5,348.5,18.25,36.75,0.54523
750,202.75,419,14,28.25,0.54491
750,323.25,412.75,17.25,34.25,0.54455
750,244.25,100,12.75,25.5,0.54414
750,197,440.25,14.75,29.75,0.54407
750,516,394,15.5,31.25,0.54331
750,478.5,195,26.5,52.5,0.54309
750,75.5,383.5,15.75,31.5,0.54197
750,436.25,377.25,14.75,29.5,0.54186
750,430.5,367,13,25.75,0.54129
750,132.25,384.25,16.25,32.5,0.54099
750,502.25,420.25,13.25,26.5,0.54063
750,604.75,366.5,13.5,26.75,0.54026
750,124.5,424.5,15.75,31.5,0.54012
750,108.5,426.75,14.75,29.25,0.53932
750,77.5,411.5,14.75,29.5,0.53831
750,59.25,65,18.5,37,0.53804
750,24.25,120.25,12.25,24.25,0.53755
750,315.75,448.75,11.75,23.5,0.53722
750,494,239.25,35.25,70.5,0.53709
750,140.5,399,15.5,31.5,0.53703
750,76,329.75,15.5,30.5,0.53699
750,488.75,149,11.5,23,0.53699
750,149.5,361.5,13.25,26.5,0.53689
750,442.75,400.5,15.75,31.5,0.53614
750,421,448.5,14.75,29.5,0.53578
750,151.25,264,12.5,24.75,0.53547
750,124.5,359.5,15.25,30.5,0.53528
750,343.75,414.75,13,26.25,0.53519
750,284.75,445.5,16.75,33,0.53508
750,242.75,324,17.75,35.5,0.53421
750,108.25,418.25,14.5,28.75,0.53366
750,347.5,423.75,15.75,31.5,0.53361
750,412.75,419,13.75,27.5,0.5336
750,427.5,427.25,17,33.75,0.53354
750,391,352.5,11.75,23.5,0.53325
750,187.75,419.25,14.75,29.25,0.53323
750,380.75,427.25,15.5,31,0.53312
750,365,428.75,15.25,30.5,0.53304
750,248.5,324.75,12,23.75,0.53276
750,407.25,314.5,14.25,29,0.53258
750,511.75,274.5,18.25,36,0.5324
750,373,427.25,14.25,28.75,0.53222
750,484.25,425,12.5,25,0.5322
750,116.5,427.75,14.5,29,0.53215
750,421.75,381.25,14.25,28.5,0.53211
750,216,423.75,12.25,25,0.53182
750,412.5,411.25,12,24.25,0.53157
750,407.25,301.25,13.75,27.75,0.53138
750,445.75,323,13.5,26.75,0.53124
750,188.25,344.75,14.75,29.5,0.5311
750,96.75,109,11.5,23,0.53079
750,187.5,372.25,15,30,0.53063
780,44,309,14.75,29.5,0.58231
780,550.5,358.5,13.25,26.25,0.57296
780,173.75,383,13.75,27.5,0.57047
780,364.5,429.5,13.5,27,0.56421
780,21.25,330.25,15,30,0.56215
780,60,385,16.25,32.5,0.55803
780,420.5,357.75,13.5,27,0.5567
780,558.25,368.25,12.75,25.25,0.55531
780,37.25,317.5,13.75,27.5,0.55376
780,231,400.25,13.25,26.25,0.55353
780,295.75,432,12.25,24.5,0.55258
780,268,353.25,16,32.25,0.54928
780,227.5,379.75,18,36,0.54866
780,148.75,396,14.75,29.75,0.54582
780,214.5,449,12.25,24.75,0.5443
780,292.25,447.75,14.5,29,0.54399
780,256.25,368.5,12.5,25,0.54336
780,372.25,363,16.25,32.25,0.5431
780,254,115.75,12.5,25,0.5429
780,236.25,362.5,14.5,29,0.5428
780,277,444.25,14.75,29.5,0.54126
780,195.75,378,47,94,0.54069
780,132,394.75,16,32,0.54059
780,340.5,313.75,12.5,25.25,0.53988
780,198,391.75,13,26,0.53915
780,277.5,364.75,14.5,29,0.53879
780,404.25,418,13.5,26.75,0.53799
780,428.75,400.5,12,23.75,0.53744
780,174.25,90.75,12.5,25,0.53724
780,220.25,378,13.5,26.5,0.53678
780,332.5,376.5,12.25,24.5,0.53654
780,373,64.25,24.25,48.5,0.53626
780,348.75,272.25,12.25,24.75,0.53621
780,6.75,178.5,12,24.5,0.53588
780,419.25,433.25,16,32.25,0.53558
780,203.5,437.75,17.75,35.5,0.53529
780,76,355.5,12.25,24.5,0.53518
780,445.5,368.25,13,25.75,0.53517
780,517,423,13,25.75,0.53489
780,623.75,32,18.5,37,0.53461
780,308.75,411,15,29.75,0.53452
780,76.5,393,12.5,24.75,0.53436
780,453,443.75,13.5,27,0.53426
780,445.5,444.5,13,25.75,0.53419
780,92,404,14.75,29.25,0.53409
780,67,395.25,16.75,33.25,0.53402
780,347.25,432.5,16.5,33,0.534
780,389.75,446.5,13.75,27.5,0.53382
780,20.25,327,13.25,26.25,0.53341
780,491.5,410.5,16,32,0.53339
780,397,398.75,13,26.25,0.53273
780,413,415.5,13,26,0.53244
780,182,361.75,14.75,29.75,0.53227
780,6.5,36,12.5,24.75,0.53225
780,300.5,375.75,13,25.75,0.53222
780,54.5,358.25,13,26,0.53215
780,405.75,340,14.75,29.5,0.53204
780,495.75,287.25,22.5,45,0.532
780,596.5,394.5,14.75,29.75,0.5319
780,595,237.5,24.75,49.5,0.53163
780,167,274,13.75,27.75,0.53143
780,133.75,422,13.5,27.25,0.53133
780,213.5,429.75,13.5,27,0.53129
780,228.5,441.75,15.25,30.5,0.53114
780,164.75,448.5,14.5,29,0.53105
780,445.5,415.5,13.25,26.5,0.53058
780,182.5,371.5,15,30,0.53049
780,92.25,411.5,15.25,31,0.53024
780,245.25,390,14.5,29,0.53004
780,220.75,448.75,14.75,29.5,0.53004
810,52.75,125.25,12,24,0.55928
810,205.25,334.25,14,28.25,0.55358
810,556.25,360.75,12.75,25.25,0.55125
810,540.25,408,12.75,25.25,0.54725
810,172.25,66,16.5,33,0.54718
810,485.75,402.5,14.25,28.5,0.54599
810,399.75,438,13,26,0.54586
810,412.5,435,14,28.25,0.54495
810,124.75,431.5,15.25,30.25,0.54481
810,183.5,427.75,12.75,25.5,0.54014
810,340.25,104.75,12.25,24,0.53881
810,572.5,424.75,15.25,30.5,0.53865
810,244.5,341.75,14,27.75,0.53857
810,383.75,450.25,13.25,26.5,0.53837
810,204.75,348.75,14.5,28.75,0.53635
810,556.25,301,25.25,50.5,0.53633
810,158.75,249,12.75,25.5,0.53628
810,195,418.5,14,28.25,0.53526
810,48.25,35.25,35.25,70.25,0.53491
810,283.25,101.25,13,26.25,0.53452
810,155.5,76,32.25,64,0.53432
810,171.75,253.75,13.5,27,0.53411
810,-2.75,50.5,24,48,0.53363
810,218.5,337.5,12.5,24.75,0.53272
810,531.25,31.5,22.5,45.25,0.53259
810,208,95.25,12.25,24.5,0.53237
810,393.25,173.5,13,25.75,0.53214
810,452.5,72.75,11.75,23.5,0.53198
810,579,398,17,34,0.53176
810,188,335,15.75,31.25,0.53143
810,212.25,360.5,15.75,31.5,0.53132
810,105.5,73.5,13.25,26.25,0.5311
810,204.5,370.5,15.75,31.25,0.53094
810,532.25,51,12,23.75,0.53087
810,444,49.75,12.25,24.25,0.53064
810,399,430.25,13.75,27.5,0.5302
840,149.25,364.75,14,28,0.56854
840,460.25,360.25,14.75,29.25,0.5616
840,28.25,293.75,13.5,27.25,0.55822
840,148.75,401.75,15.75,31.5,0.55762
840,477,348,14,28,0.55599
840,499.25,430.75,13,25.75,0.55321
840,388.25,278.5,13.25,26.5,0.55193
840,214.25,326.5,13,26,0.54997
840,149.25,343.75,13,26.25,0.54936
840,246,395.25,13.75,27.5,0.54911
840,140.75,302.5,15.75,31.25,0.54878
840,134.25,408.75,13.5,26.75,0.54822
840,371.25,269,14,27.75,0.546
840,404.75,343,13,26.25,0.5458
840,220.75,412,14.5,29.25,0.54556
840,269,295.5,14.25,29,0.54541
840,444.75,408.75,15.25,30.25,0.54471
840,525,324.5,13.25,26.5,0.54338
840,333.25,394.25,14.75,29.5,0.54309
840,404.25,354,15.5,31,0.54297
840,27.75,91.5,18.25,36.5,0.54276
840,238.25,312.25,12.25,24.5,0.54229
840,327.75,195.5,12.5,25,0.54126
840,316.75,274.5,15.25,30.5,0.5392
840,595.75,411,14.75,29.25,0.53857
840,37.75,295,13,26,0.53789
840,366,433.25,11.75,23.5,0.53766
840,437,387,14.75,29.25,0.5376
840,453.75,360.5,13.5,27.25,0.53697
840,521.5,152.25,29.75,59.5,0.53646
840,220.5,331,14.75,29.5,0.53639
840,315.5,400.75,13.75,27.25,0.53631
840,76.5,130.25,11.75,24,0.53614
840,450,409.25,20.25,40.75,0.5361
840,181,286.25,13.5,27,0.53593
840,517.75,387.5,14.5,29.25,0.53558
840,137,101.25,11.75,23.5,0.53511
840,188.5,320.25,12.5,24.75,0.53436
840,487,429,14,28,0.53415
840,508,388.25,14.25,28,0.53406
840,112.5,108.5,11.75,23.75,0.53406
840,443.75,272,12.5,25.25,0.53393
840,236.75,390.75,17,33.75,0.53305
840,290.75,283.75,17.75,35.5,0.53303
840,68.5,299.25,15,30,0.53299
840,301,97.25,15.75,31.25,0.5318
840,136.5,188.75,13.75,27.75,0.53173
840,356.5,388.25,13.5,26.75,0.53147
840,181.25,390.75,13,26.25,0.53141
840,206.25,273,12.25,24,0.53126
840,114,27.75,47,93.75,0.53111
840,453.75,352.75,13.25,26.5,0.53091
840,204.5,160.75,11.75,23.5,0.53042
870,172.75,269,14,27.75,0.5653
870,36.75,331.25,14.75,29.5,0.55918
870,125,290.5,15,30,0.55622
870,292.75,287.5,14.5,28.75,0.55604
870,108.25,279.25,13,26.25,0.55336
870,309.25,427.25,14.75,29.5,0.55254
870,237.75,394,14.5,29.25,0.5487
870,508.25,427.75,15,30,0.54816
870,83.75,301.75,14,28,0.54768
870,205,415.25,14.75,29.25,0.54717
870,108.75,300.75,14,28.25,0.54704
870,214,416.25,13.75,27.5,0.54589
870,411.25,160,17.75,35.25,0.54449
870,195.25,411.25,17.25,34.5,0.54383
870,236.75,415.75,12.75,25.5,0.54369
870,115.75,298.5,16.25,32.5,0.54265
870,108,84.5,12.5,25.25,0.54237
870,86,87.5,13.5,26.5,0.54205
870,115.75,88.75,14,27.75,0.54046
870,597.25,407,13.25,26.75,0.53872
870,454,348.25,13.25,26.75,0.53816
870,253.75,338,12.75,25.5,0.53737
870,524.25,154.25,32.75,65,0.53668
870,156,384,16,32,0.5365
870,125.25,385,14.75,29.75,0.53611
870,314.5,423.25,16.75,33.25,0.53607
870,282.75,415.25,12.5,25,0.5358
870,165.25,373.5,14,27.75,0.53556
870,380.25,264.5,12,24,0.5355
870,138.75,67.75,13.5,26.75,0.53454
870,296,281.75,26.5,52.75,0.53452
870,413.25,324.5,13.75,27.25,0.53408
870,260.75,105.5,11.75,23.5,0.53347
870,339.5,308.25,19.25,38.5,0.53303
870,348.25,381.25,15,30.25,0.5328
870,12.25,279,13.25,26.25,0.53263
870,398,385,12,24,0.53246
870,476.75,383.25,17.25,34.5,0.53204
870,101,281.5,13.25,26.75,0.53195
870,197.5,370,14.25,29,0.53191
870,405,428.75,13.75,27.5,0.5319
870,148,280.25,16,32.25,0.5319
870,229.5,381.75,13.75,27.25,0.5318
870,77,138.25,15.25,30.5,0.53169
870,467.5,400.5,16.25,32.5,0.53162
870,165,385.25,15.75,31.75,0.53152
870,44.5,326.5,13,26.25,0.53143
870,581.25,423.75,14.25,28.5,0.5314
870,126.25,278.5,13,26.25,0.53138
870,325.5,368.5,14.25,28.5,0.53092
870,358.75,368.5,14,28.25,0.53081
870,359,397,13.5,27,0.5303
900,168,352.25,13,26,0.56293
900,190,415.75,13,26,0.55177
900,188.75,105,12.25,24.75,0.55176
900,212.75,325.25,13.5,27.25,0.55112
900,198,318,12.75,26,0.55055
900,516.5,293.75,13.25,26.75,0.54606
900,236.75,302.75,14,28,0.54214
900,90.75,106.25,14.5,28.75,0.54106
900,44.75,326.5,12.75,25.75,0.53998
900,116.25,376.75,15.5,31,0.53969
900,445.5,314,13.25,26.5,0.53962
900,110.25,116.75,11.75,23.5,0.53936
900,408.25,262,12.5,25.25,0.538
900,203.75,108.5,14,28,0.53676
900,359.5,222,12.25,24.75,0.53669
900,189,105.75,19.5,39,0.5362
900,234.25,286.25,17,33.75,0.53584
900,269.25,344.25,13.25,26.25,0.53513
900,359.25,385.5,15.75,31.75,0.5351
900,460,346.75,20,40.25,0.53442
900,269,68.75,13.25,26.75,0.53355
900,37.5,139.5,13.5,26.75,0.53336
900,97,69,12.5,25,0.53328
900,216.75,121,11.75,23.5,0.53305
900,35.25,328,12,24.5,0.53241
900,229,292.5,14.25,28.5,0.53235
900,108.25,302,15.5,31,0.53167
900,604,307.25,14,28,0.53164
900,52.5,120.75,12.5,25,0.53157
900,72,56.5,12.25,24.5,0.53147
900,308.75,362.5,15.5,31.25,0.53146
900,316.75,362.5,15.25,31,0.53115
900,20.5,112.75,13.25,26.5,0.53068
900,318,318.75,21.5,43.5,0.53035
900,249.5,269.25,17.25,35,0.53017
900,328,271.75,12.25,24.5,0.53009
930,581,389.5,14.25,29,0.5684
930,423.5,293.75,13.25,26.5,0.56613
930,564.5,403,15,30,0.56359
930,533.5,401.75,12.75,25.25,0.56006
930,373,266.25,14.5,28.75,0.559
930,517,416.25,13.25,26.75,0.5547
930,149.5,375.25,12.75,25.75,0.55424
930,108,347.25,15.5,31,0.55324
930,507.75,382.5,13.25,26,0.54969
930,519,272.5,12.25,24.75,0.5477
930,556.75,402.5,15.25,30.5,0.54752
930,285,300.75,14,28.5,0.54655
930,117,404.5,15,29.75,0.54646
930,309.25,319.75,13,25.75,0.54644
930,116.5,440.5,11.75,23.5,0.54635
930,607.5,253.5,12.75,25.5,0.54585
930,566,318.5,13,26,0.5452
930,501.5,412.5,14,27.75,0.5448
930,588.25,382.5,14.75,29.25,0.54471
930,336.5,161,152.25,304.75,0.54464
930,588.5,339,14,28,0.54374
930,239.5,408,12.25,24.5,0.54122
930,229.5,404.25,13.75,27.75,0.54068
930,347.25,282.25,16.5,32.75,0.5406
930,164.5,337,15.75,31.75,0.54006
930,610.5,178.75,12.25,24.25,0.53902
930,522.75,259.5,14.25,28.5,0.53885
930,318,345.25,12.5,25.25,0.53866
930,338,171.75,12.25,24.5,0.53844
930,220.5,363.25,13.75,27.25,0.53816
930,54.5,41.75,15,30,0.53788
930,382,407.25,13,25.75,0.53788
930,580.25,293.75,13.75,27.5,0.53784
930,315.75,244.5,13.5,27.5,0.53738
930,112,401,12.25,24.5,0.53734
930,31.75,80,12.25,24.75,0.53733
930,461.75,319.25,13,25.75,0.53732
930,188,335.75,16,32,0.53719
930,389.75,227.75,13.25,26.5,0.53711
930,548.5,279.25,12.5,24.75,0.53677
930,245.25,43.25,19,38,0.53661
930,603.5,377,15.5,30.75,0.53659
930,563.25,302.25,16.75,33.25,0.53646
930,205.25,362.75,14,28.25,0.5358
930,459.75,369,15.75,31.75,0.53575
930,179.75,385,15.5,31,0.53572
930,423.25,367.25,23.25,46.5,0.53553
930,397,268.75,13.75,27.25,0.5352
930,442.5,257.75,15,30,0.535
930,264.25,60.75,12.75,25.5,0.5349
930,485,407.25,13.75,27.5,0.53481
930,173,348,14.75,29.25,0.53461
930,310,340,14,27.75,0.53444
930,-12,260,105.25,210.75,0.53426
930,559,312.25,12.25,24.5,0.53406
930,72.25,415.5,12.25,24.75,0.53403
930,333.5,331.25,14.25,28.5,0.53401
930,277,362.5,14.75,29.25,0.53381
930,602.5,336.75,11.75,23.5,0.5333
930,134.5,415.5,12.75,25.75,0.53324
930,166.75,388.5,14,28.25,0.53322
930,180.75,341.25,14.25,28.25,0.53307
930,567,385.5,14.25,29,0.53307
930,93,346.75,13.75,27.25,0.53298
930,391,254,13.25,26.75,0.53291
930,12.75,36.75,12.75,25.75,0.53278
930,157,382.25,13.25,26.5,0.53261
930,256.25,265.75,12,24.25,0.53191
930,276.75,401,16,31.5,0.53158
930,416.25,380,26,52.25,0.53153
930,193.75,47.5,13.25,26.5,0.53114
930,522.25,102,12.25,24,0.53114
930,54,364.25,13.75,27.5,0.53104
930,326.25,386,12.5,25.25,0.53101
930,316.75,290,15.75,32,0.53093
930,13.5,361.25,15.25,30.75,0.53078
930,594.75,415.5,17,33.75,0.53064
930,438.25,304,12.5,25,0.53061
930,172.5,400.75,16,31.75,0.53043
930,124.5,400.75,12.5,24.75,0.53023
930,453,224.25,14,28.5,0.53003
960,141,347.75,14,28,0.57454
960,172.5,307.25,15.25,30.25,0.56153
960,84,54,12.75,25.5,0.55082
960,518,419,13.25,26.75,0.55042
960,28.5,8.75,13,25.5,0.54871
960,117.25,54,13,26.5,0.54808
960,300.5,368.75,12.5,25.25,0.54797
960,268.75,354.25,15.5,30.75,0.54717
960,277.25,335.75,14.75,29.5,0.54657
960,492,400.5,13,25.75,0.54604
960,564.75,348.75,14,28,0.54551
960,103.5,51.75,13.25,26.5,0.54516
960,242.5,416.5,12.25,24.25,0.54513
960,271.25,342.75,13.25,26.5,0.54495
960,84.25,399.25,13,26,0.54318
960,245,288,14.5,29,0.54122
960,349,368.25,12,24.25,0.54114
960,539.75,291.25,14.5,28.5,0.54019
960,333.5,363.5,14.75,29.25,0.53927
960,341.5,352.5,12.75,25.75,0.53859
960,374,356,15,29.75,0.5381
960,71.75,13.5,12.5,24.75,0.53794
960,76,385.5,15,30,0.53778
960,172.75,383,13,26.25,0.53772
960,347.75,394.5,15,29.75,0.53757
960,189.5,378.25,13.75,27.5,0.5374
960,598.75,366.75,13,25.5,0.5373
960,358,331.75,13.75,27,0.53728
960,164.25,384.25,12.25,24.5,0.53695
960,557,326.75,12.75,26,0.53682
960,99.75,379.5,18.5,36.75,0.53598
960,404,328.75,12,24,0.53569
960,107,304.25,16.25,32.5,0.53458
960,340,376,17.75,35.25,0.53426
960,574.25,355.75,14,28,0.53425
960,397,364.25,13.25,26.5,0.53407
960,428.25,10,13.5,27,0.53407
960,244.25,208.25,13.25,26.5,0.53399
960,443.75,295.25,12.75,25.5,0.53397
960,589,358.75,13.25,26,0.53359
960,395.75,274,12.25,24.5,0.53347
960,295.5,415.75,12.75,25.5,0.5334
960,244.5,298.25,15.75,31.5,0.53338
960,21.5,9.75,13,26.25,0.53304
960,252.25,415.5,12.75,25.25,0.53264
960,51,397,17.25,34.5,0.53239
960,13,12.5,13.5,27.25,0.53232
960,603.5,338.75,15.25,30.5,0.53221
960,548.75,339.25,14.75,29.5,0.53221
960,317.25,371.25,15.25,30.25,0.53218
960,438.5,296.75,12.5,24.5,0.5314
960,31.75,2.5,12.75,25.5,0.53094
960,252,286.5,13.25,26.5,0.53086
960,55.25,368.75,13.5,27,0.53028
960,300,379.75,14.25,28.75,0.53024
960,196.75,328.5,15.5,31,0.53003
990,324.25,418,16,31.75,0.55975
990,340.75,366.25,13.25,26.5,0.55599
990,125.75,278.25,13.25,26.75,0.55596
990,333.25,265.5,14,28.5,0.55177
990,406,362,12.5,25,0.5502
990,-7.75,150,80,159.5,0.54988
990,452.25,59.25,12.25,24.5,0.54792
990,525.5,415.25,14,27.5,0.54751
990,325.25,246.25,13.75,27.25,0.54694
990,269.5,278.25,13.25,26.5,0.54663
990,322.5,66.5,12,24,0.54661
990,107.5,282.25,16.75,33.25,0.54575
990,582.5,335.75,12.75,25.25,0.54556
990,92,286.25,15.75,31.75,0.54552
990,309.5,389.5,14.25,28.25,0.54402
990,300.75,388,14.75,29.5,0.5421
990,293.5,373.5,13.75,27.75,0.5416
990,150.25,359.25,12.75,25.5,0.54007
990,372.75,385,15.5,30.75,0.53936
990,562.75,389.75,17.75,35,0.53873
990,325,281.5,15,29.75,0.5381
990,534.75,237.25,24.25,48.75,0.53771
990,308.75,266.75,15.25,30.5,0.53693
990,394.75,392.5,16,32,0.53693
990,500.75,378,15,30.5,0.53691
990,238,393,13.25,26.75,0.53683
990,333,367.75,14.25,28.5,0.5368
990,140,415,12.75,25.75,0.53619
990,133.5,276.5,14.25,28.5,0.53616
990,425.75,380.5,18.25,36.5,0.53615
990,116.75,384.75,16,31.5,0.53548
990,91.25,262.75,13,26.25,0.5354
990,31.25,411,20.25,40.5,0.53531
990,600.5,308,22,44.25,0.53527
990,60.25,319.75,16.25,32.25,0.53524
990,348.5,267,12.75,25.5,0.53517
990,316,386.5,16,32.25,0.53505
990,581.5,398.5,13.75,27.75,0.53494
990,317.25,398.75,13.25,26.5,0.53463
990,66.75,320,18,36.25,0.53405
990,340.75,328.25,15.25,30.25,0.53351
990,130.75,267,11.5,23,0.53348
990,124.75,380.25,14,28,0.53323
990,269,286.75,14,28,0.53307
990,256.75,217,11.75,23.5,0.53301
990,556,338,13.5,26.75,0.533
990,148.25,415,15.75,31.75,0.53295
990,346.25,376.75,19.5,39.5,0.53238
990,285,395.5,14.5,29.25,0.53231
990,220.25,325,15.5,31,0.5322
990,76.75,336.75,11.75,24,0.53217
990,557,352.5,12,24,0.532
990,348.25,365,14.5,29,0.53192
990,105.5,191.5,14.25,28.25,0.53189
990,276.75,394,15.75,31.25,0.5317
990,556.5,383.5,13.25,26.5,0.5317
990,398.25,385.25,20,40,0.53153
990,110.25,314.75,13.5,27.5,0.53123
990,44.75,32.5,11.75,24,0.53119
990,155.75,268,15.75,31.5,0.53101
990,598,389,13.5,27,0.5307
990,365,305.25,12.5,25,0.53065
990,459.25,417.25,13.75,27.75,0.53014
1020,222,376.5,12.75,25.25,0.56115
1020,197,417.5,15.25,30.75,0.55993
1020,333.75,387,13,26.25,0.55662
1020,461.25,367,13.5,27,0.55657
1020,70.75,293.5,14,28,0.55507
1020,51,311.75,17.25,34.25,0.55503
1020,109.5,302.25,13.25,26.75,0.55346
1020,118,414,13.25,26.5,0.55288
1020,460.5,383.5,14.25,28.25,0.55277
1020,325.25,311,14,27.75,0.55194
1020,213,328.25,14.5,29,0.55102
1020,429,335.5,15.75,31.5,0.54985
1020,438.75,400.5,12.5,25.5,0.54898
1020,372.75,349.75,14.75,29.5,0.54729
1020,381,345,14.25,28.5,0.547
1020,244.5,346.5,15.75,31.5,0.54694
1020,436,363.25,14.75,30,0.54691
1020,316.25,358.5,12.75,25.75,0.54579
1020,413,293.75,13,26,0.54495
1020,75.5,7.5,13,26,0.54469
1020,294.25,283.5,12.5,24.75,0.54445
1020,189.25,413.25,13.25,26.75,0.54244
1020,260.5,309.25,13.5,26.5,0.54228
1020,487.5,287,12.75,25.75,0.54122
1020,61.5,3.75,13,26,0.54117
1020,180.25,424,15.5,31,0.54107
1020,308.75,313,16,32,0.54102
1020,291.75,329.75,15,29.75,0.54094
1020,333.75,409.5,13.25,26.5,0.54031
1020,180,416,12.5,25.25,0.54011
1020,300.25,362.25,15.25,30.75,0.53912
1020,412.25,423.75,15.25,30.25,0.5391
1020,60,13.5,14.75,29.25,0.53834
1020,614,298.25,13.25,26.5,0.53782
1020,22.25,337,13.25,26.75,0.53781
1020,542.25,29.25,25.25,50.5,0.53771
1020,68.25,304,14.25,28.75,0.53758
1020,28.5,403.25,24.75,49.75,0.53749
1020,404.5,353.5,15.5,30.75,0.53732
1020,84.75,298.75,15,30,0.53712
1020,117.5,291.25,13.75,27.25,0.53658
1020,189.5,395,13.25,26.5,0.53654
1020,575.75,42,12.75,26,0.53654
1020,420.5,348.25,16.25,32.5,0.53647
1020,404.5,309.25,15.25,30.5,0.53644
1020,623,154.25,18.25,36.25,0.53612
1020,606.25,392,12.5,25,0.53601
1020,317.25,266.75,14.75,29.5,0.53571
1020,243.75,404.75,14,28,0.53571
1020,238,384.75,12.75,25.25,0.53565
1020,373.25,255.25,13.25,26.5,0.53549
1020,316.5,293.75,15.25,30.5,0.53548
1020,388.25,311,38.25,76.5,0.5354
1020,500,278.25,13.75,27.25,0.53529
1020,229.25,439.75,14.5,29.25,0.53512
1020,277.5,323,14,27.75,0.53485
1020,148,432.5,16,31.75,0.53473
1020,34.75,417.5,19,37.5,0.53473
1020,76.5,301.5,14.5,29,0.53446
1020,348.5,324.75,13.75,27.75,0.53422
1020,413.5,382.25,14.25,28.25,0.5342
1020,605,410.75,14,28,0.53402
1020,356.75,338.75,14.25,28.5,0.5337
1020,44.5,4.75,13,25.75,0.53361
1020,176.5,380,12.5,25,0.53298
1020,364.75,344.25,14.75,29.5,0.53281
1020,285,424,14.25,28.5,0.53262
1020,237.25,406.25,13.75,27.5,0.53196
1020,315.5,415.5,16.75,33.75,0.53132
1020,606.75,344,12.75,25.5,0.53129
1020,45.5,160.75,39.75,79.25,0.53118
1020,437.75,292.5,14.25,28.75,0.53111
1020,204,362.5,16.5,33,0.531
1020,196.75,402.75,15.5,31.25,0.53098
1020,292.75,425.25,13.5,27.25,0.53085
1020,490.75,283.75,17.25,34.5,0.5305
1020,445,315.5,14,28,0.53047
1020,229.25,373.5,14.75,29.75,0.53011
1050,436.25,410.75,13.25,26.25,0.56057
1050,215,356.25,14.5,29.5,0.55717
1050,212.5,372,14.5,29.25,0.55608
1050,256.25,299,13,26,0.55326
1050,188.25,414.75,15,29.75,0.55194
1050,564.25,412,15.25,30.25,0.55174
1050,278,317.25,13.75,27.5,0.55142
1050,284.75,367.5,13.5,27.25,0.55095
1050,396.25,396.5,14.5,29,0.54761
1050,356.75,382,13.75,27.5,0.54668
1050,271.25,379.75,12.75,26,0.54424
1050,42.25,285.25,13.25,26.5,0.54384
1050,519.25,381.75,15.25,30.25,0.5436
1050,552,371.5,12.5,24.75,0.54313
1050,375.5,399.25,13,26.25,0.54251
1050,236.25,429.5,13.75,27.5,0.54209
1050,573.75,357.75,13.25,26.75,0.542
1050,293.75,294.5,13,26,0.54187
1050,225.5,424.5,12.25,24.5,0.54164
1050,310.5,371.25,12.75,25.5,0.54156
1050,130.75,280.5,12.75,25.5,0.54135
1050,221,423.75,12.25,24.75,0.54098
1050,581.5,426.5,13.75,27.5,0.54025
1050,32.5,333.5,14.5,29,0.54017
1050,355,293.25,13.5,27.25,0.5396
1050,518.75,356.25,15.25,30.25,0.53885
1050,329.25,359.25,17.25,34.25,0.53857
1050,548.75,355,11.5,23,0.53824
1050,54.5,25,12.5,25.25,0.53795
1050,567,358,14,27.5,0.5376
1050,204.75,369.75,15.25,31,0.53743
1050,122,408.5,12.25,24.5,0.53693
1050,22,347.75,13.25,26.75,0.53692
1050,524.5,426.75,14,28.25,0.5369
1050,60.25,305,11.75,23.75,0.53641
1050,301.75,366.75,14.75,29.5,0.53536
1050,595.75,390.5,12.5,25,0.53532
1050,312.25,341,11.75,23.5,0.53516
1050,40,73.5,13,25.75,0.53509
1050,351.5,295.25,12.75,25.25,0.53507
1050,214,329.25,13.25,26.25,0.53493
1050,261,426.25,14.75,29.5,0.53454
1050,188,370.75,14,27.75,0.53442
1050,48.75,283.25,12,24,0.53417
1050,488,346.5,12.25,24.75,0.53344
1050,278.25,443,11.75,23.5,0.53338
1050,141,412.75,14.75,29.75,0.53287
1050,618.25,55.25,12,24,0.53272
1050,402.5,395.75,17.5,35.25,0.53268
1050,331.75,376.25,13,25.75,0.53199
1050,556.25,409.5,15,30,0.53199
1050,199.75,370,12.5,25.25,0.53195
1050,324.75,407.75,12.25,24.75,0.53151
1050,300.25,330.25,12.75,25.5,0.53129
1050,347.75,393,15.75,31.75,0.53092
1050,607,108.5,31.25,62.5,0.5308
1050,365.75,410.5,13.5,26.75,0.53076
1050,86,412.5,13.25,26.75,0.53066
1050,340.5,395,15,29.5,0.53045
1050,314,362.25,16.75,34,0.53031
1050,421.75,357.75,13.5,26.5,0.53026
1080,164,400.5,16.25,32.25,0.57451
1080,204.75,399,13.25,26,0.5661
1080,285.25,361.25,13.75,27.25,0.56554
1080,44.5,344.5,12.5,25,0.56223
1080,420.25,399.5,13,26,0.55827
1080,452,413,14,28,0.55648
1080,412,396,14.75,29.25,0.55615
1080,300.5,357.75,13.75,27.25,0.55555
1080,188.5,416.75,12.25,24.75,0.55488
1080,371.75,360,12.75,25.5,0.55389
1080,467,414,17,34.25,0.55327
1080,332.75,268.75,16.5,32.75,0.55199
1080,117.25,397.25,14,28.5,0.55184
1080,25,320.5,11.75,23.75,0.55174
1080,253,368,12.5,25,0.54972
1080,378.25,360.5,12.5,25.25,0.54964
1080,197,372.5,14,28.25,0.54928
1080,341.25,400.5,13,26,0.54797
1080,141.5,399.5,12.5,25.25,0.54522
1080,232,352.25,12,23.75,0.54509
1080,493.25,382.5,14.5,28.75,0.54319
1080,252,385.5,15,29.5,0.54263
1080,173,403.75,15.75,31.75,0.54173
1080,429,377.5,15.75,31.5,0.54044
1080,355.5,347.75,18,36.25,0.53822
1080,389.25,316.25,14.25,28.75,0.53819
1080,310.75,39.5,13,26,0.53805
1080,251.5,395,16.5,33,0.53797
1080,229,397.75,14.25,28.25,0.53784
1080,388.5,352.75,16,32,0.53712
1080,412,409.75,15.5,31,0.53665
1080,524.5,426.5,15.25,30.5,0.53615
1080,156.75,412.5,14.25,28.5,0.53514
1080,125,415,14.5,28.75,0.53495
1080,483,338,15.5,30.75,0.53451
1080,484.25,364,14.25,28.5,0.53442
1080,341.25,360.5,14.75,29.75,0.53441
1080,445.25,415.25,13.5,27,0.5337
1080,293,400.5,12,24,0.53298
1080,299.5,333,14.25,28.5,0.53282
1080,205.75,348.25,13.25,26.75,0.53241
1080,453.5,355,13.5,27,0.53214
1080,181,381.5,13.25,26.25,0.53194
1080,418.25,381,19.75,39.25,0.53155
1080,475.5,367.5,16.5,33.25,0.53121
1080,276.5,377.75,15.75,31.5,0.53106
1080,374.75,153.5,12.75,25.5,0.53106
1080,244.5,330.25,16.25,32.75,0.53104
1080,100.25,418.75,15,30.25,0.53087
1080,317.5,341.75,13.5,26.75,0.53069
1080,348.5,362.5,15,29.75,0.53055
1080,580,303.25,15.5,31,0.53054
1080,459.75,362.75,16.25,32.5,0.53038
1080,610,217.25,34.5,68.5,0.53017
1110,261,439,13.25,26.5,0.56887
1110,268.25,425.25,16,32,0.5589
1110,228.25,415.5,16,32.25,0.55867
1110,460,396.25,15,29.75,0.55457
1110,300,287.75,14,28,0.55232
1110,419.5,427.5,17.5,35.25,0.54912
1110,611.25,399.25,17.25,34.75,0.54901
1110,325,373.75,13.5,27.5,0.5476
1110,476,421.5,14,27.75,0.54716
1110,317.75,277.75,13.75,27.5,0.54655
1110,213,372.25,14.25,29,0.54506
1110,60.25,307.25,14.25,28.5,0.54357
1110,324.75,346.25,15.5,31,0.54331
1110,604.75,310.5,13,26.25,0.54218
1110,447.5,401.5,14.25,29,0.54217
1110,373,421,14.25,28.5,0.54143
1110,309,387,15.25,30.5,0.54134
1110,413.75,419.5,13.75,27.5,0.54129
1110,131.75,400.5,16,32,0.54077
1110,548.75,414,14.5,29,0.54066
1110,153.75,106.25,15,30,0.5404
1110,340.25,407.25,13,25.75,0.53992
1110,172.25,355.75,13,26,0.53926
1110,461,414.75,13,26,0.5391
1110,118.75,406.5,13.25,26.5,0.53895
1110,116.25,394.25,12,24,0.5387
1110,516,356.75,15.25,30.5,0.53853
1110,524.75,352.5,15,30,0.53755
1110,414.25,302.25,14,28,0.53737
1110,460.5,369.75,14.5,28.75,0.53733
1110,229.5,446.75,13.25,26.5,0.53701
1110,348.25,416.25,12.5,24.75,0.53664
1110,158.5,196,11.75,23.75,0.53649
1110,514.75,335,13,26.25,0.53593
1110,564.75,396.75,14.75,29,0.53591
1110,571.75,399,16.5,33,0.53567
1110,492,419.5,13,25.75,0.53538
1110,469.5,351.5,13.75,27.5,0.53504
1110,366.25,326.25,13.25,27,0.53486
1110,453.5,368,16.25,32.25,0.53485
1110,508.75,344.5,14.5,29.5,0.53477
1110,196.25,390.75,15.5,31,0.53422
1110,501.25,331.75,14,28.25,0.53413
1110,199.25,236.75,11.75,23.5,0.53402
1110,380,342.5,17.25,34.75,0.534
1110,156,415.75,16.25,32.5,0.53375
1110,309,363.75,14.25,28.5,0.53373
1110,302.75,378.5,13,26.25,0.53362
1110,332,281.5,17,34,0.53316
1110,324.5,231.25,12,24,0.53312
1110,164.25,434.25,14.25,28.5,0.53284
1110,572.25,379.5,13.25,26.75,0.53261
1110,66.75,318.75,17.75,35.25,0.53212
1110,76.25,327.5,12.75,25.25,0.5321
1110,61.5,323.75,14,27.75,0.53196
1110,579.75,429.5,16.25,32.25,0.53166
1110,358,419.75,12.75,25.5,0.53152
1110,108,314.5,14,28.25,0.53147
1110,155.75,384.5,16.25,32.25,0.53137
1110,275.75,381.75,13.25,26.75,0.53135
1110,566.5,336.75,13,25.75,0.53099
1110,428.25,429.25,14.25,28.75,0.53085
1110,588.5,448.75,15.5,30.75,0.53083
1110,256.5,320,12,24.25,0.53042
1140,230.25,430.5,12.25,24.75,0.56631
1140,501.25,409,14.25,28.75,0.56379
1140,180.75,344.75,15.75,31.5,0.55664
1140,348.5,331.5,14.25,28.5,0.55575
1140,79.75,320.5,12.5,25,0.55389
1140,236.75,284,14.75,29.5,0.55101
1140,429,335.5,15.25,30.5,0.55087
1140,148.75,386.75,14.5,28.75,0.55014
1140,301.75,15.75,14.25,28.25,0.5501
1140,300.75,419,16,32.25,0.54978
1140,500.75,400.75,14.25,29,0.54889
1140,165,340.75,14.25,28.25,0.5487
1140,317.25,281.75,14.25,28.5,0.54859
1140,309,273.5,15.5,31,0.54525
1140,164.75,353.75,14.5,28.75,0.54462
1140,236,412.5,14.75,29.25,0.54448
1140,127.75,422.5,13.25,26,0.54432
1140,310,374.75,14,28,0.54297
1140,212.25,362.5,16,32.25,0.542
1140,467.5,365.75,17,34,0.54181
1140,397,412,13.5,27.25,0.54074
1140,384,337.25,15.25,30.75,0.54062
1140,402.5,333,17,34,0.54039
1140,346.75,303.25,17.25,34.5,0.54021
1140,285.75,328.75,12.75,25.5,0.53966
1140,529.5,196.75,25.5,51.25,0.53931
1140,283.5,288.75,15.75,32,0.53773
1140,420.75,410.5,16.25,32.75,0.53758
1140,323.25,419,18.5,37,0.53717
1140,364.25,305,12.75,25.25,0.53699
1140,172,342.25,13.5,26.5,0.5365
1140,421,342.25,14.5,29,0.53644
1140,99.75,280,14.75,29.25,0.53642
1140,405,367,16,31.75,0.53638
1140,300.25,294.5,15.5,31,0.53602
1140,262.25,304,12.75,25.5,0.53599
1140,290.75,298.25,15.5,30.75,0.53559
1140,525.25,401.25,14,28.25,0.53481
1140,541.5,198.25,113,226.25,0.53474
1140,379.5,418.75,15,30,0.53444
1140,406,390.5,13,25.75,0.53438
1140,173.75,427.5,13.5,27.25,0.53394
1140,549.75,420,13,26,0.53359
1140,421.5,383.5,14.75,29.5,0.53303
1140,317.75,342.5,13,25.75,0.53301
1140,196.75,432,12,24.25,0.53285
1140,197.75,350.25,14,27.5,0.53273
1140,508,408.5,15,30,0.53217
1140,460.75,317.25,15,30.25,0.53211
1140,309.25,288.25,12.5,25.25,0.53188
1140,437.75,342,13.25,26.75,0.53166
1140,436.25,60.75,13.5,27,0.53135
1140,340.75,308.25,14.25,28.75,0.53134
1140,411.5,408.75,15.25,30.75,0.53091
1140,340.5,379.25,14.75,29.5,0.53055
1140,414.5,336.75,12.5,24.75,0.53054
1140,17.25,111.75,24.25,48.25,0.53053
1140,253.25,315.25,15,29.75,0.53041
1140,197,407.5,15,30,0.53038
1140,271.5,376.5,12.75,25.25,0.53036
1140,235.5,355.25,15.5,31,0.53019
1170,312,200,15,30.25,0.54748
1170,317.75,443.25,13,25.75,0.54256
1170,324.75,390,13.75,27.5,0.54034
1170,128.75,432.5,11.75,23.5,0.54005
1170,213.5,419.5,13.75,27.75,0.53893
1170,28.25,49.25,15.75,31.25,0.53842
1170,315.75,61.75,12.75,25.5,0.53821
1170,202.25,195,14.5,29,0.53817
1170,571.25,321,17.5,34.75,0.53714
1170,339.5,425.75,16.25,32.75,0.53702
1170,357.75,390.5,12.75,25.5,0.53629
1170,390.5,188.5,12,23.5,0.53598
1170,403.5,372.75,15.25,30.25,0.53492
1170,612.5,416.75,29.75,59.5,0.53461
1170,284.25,64.75,12,23.75,0.5346
1170,347.5,381.75,15.25,30.75,0.53452
1170,379.5,427.5,14.75,29.5,0.53342
1170,149.25,409.5,14,28.25,0.53326
1170,342.25,395.75,12.5,25.25,0.53207
1170,258.75,401.25,12.75,25.5,0.53156
1170,429.5,195.5,20.75,41.5,0.53111
1170,623.75,79,16.25,32.75,0.53089
1170,276.5,433,12.5,25.25,0.53065
1170,26.25,348,20.5,40.75,0.53019
1200,365.5,434.25,13.25,26.25,0.55373
1200,356,394,16.25,32.25,0.5521
1200,308.25,362.5,12.25,24.25,0.54495
1200,152,439.75,12.5,25.25,0.53554
1200,229.75,428.25,12.75,25.75,0.53382
1200,426.5,74.25,12.5,24.75,0.53172
1200,619,128,21.75,43.75,0.53112
1200,625.75,261.25,13.75,27.25,0.531
1230,538.25,130.75,12.25,24.25,0.54584
1230,31,436.25,14.75,29.5,0.54414
1230,527.75,210.75,19.25,38.75,0.5413
1230,336.25,37.75,12.5,24.75,0.54018
1230,44.75,202,12,24.25,0.53948
1230,71.5,417.5,13.5,26.75,0.53827
1230,37.5,430.75,17.5,35.25,0.53523
1230,30.5,410,26.5,52.75,0.53477
1230,627.5,216.75,12.5,25.25,0.53242
1230,41.75,441.75,13.75,27.5,0.53119
1260,625,136.75,16.5,32.75,0.53918
1260,-2.5,214.75,19.25,38.25,0.53566
1260,183.25,163.25,29.75,59.25,0.5352
1260,628.75,258,11.5,23,0.53341
1260,132.75,331,16.75,33.5,0.5334
1260,30.75,406.25,26.75,53.25,0.53292
1260,67,387,22.5,45,0.5327
1260,492.75,41.75,12,24.25,0.5319
1260,-8.25,88,71.5,143,0.5302
1290,310.75,321.5,72.75,145.75,0.53711
1290,138.5,137.5,12.25,24.5,0.53543
1290,492,92,13,25.75,0.53366
1290,186.75,106.75,18.5,36.5,0.53309
1290,520.5,127.25,15.5,31.25,0.53233
1290,498.5,94,11.75,23.75,0.53117
1290,488.25,337.25,11.75,23.75,0.53082
1320,136.75,139.75,11.75,23.5,0.55412
1320,522,131.75,15.75,31.5,0.53829
1320,366.25,202.5,12.75,25.5,0.53733
1320,318.25,364,52.5,105,0.53523
1320,26.25,397.5,12.75,25.75,0.5349
1320,55,377.25,13.25,26.5,0.53465
1320,345,415.25,25.5,51,0.53446
1320,370.5,160,14.5,29,0.53418
1320,408.25,231.75,23.5,47.25,0.5331
1320,252.5,21.5,16,31.75,0.53275
1320,142.75,141,11.5,23,0.53269
1320,132.25,336,14.25,28.5,0.53267
1320,558.25,183,12.5,25.25,0.53263
1320,154.25,189.25,24.5,49.25,0.53131
1320,620,149.25,12.5,25,0.53068
1320,412,373,12.25,24.5,0.53059
1320,472.75,147,11.5,23,0.53025
1320,175,153.25,16.25,32.5,0.53023
1350,145,218,61.75,123.5,0.54881
1350,166.75,3.5,14,27.75,0.54782
1350,470.75,243,13,26,0.53419
1350,572.25,249,14.5,29.25,0.53196
1350,625.5,211.75,15.25,30.75,0.53173
1350,267.5,195.5,65.25,130.25,0.53146
1350,471.5,331,29,58,0.53112
1350,377.25,318.25,14,28,0.53029
1380,522.5,144.5,14.25,28.5,0.55588
1380,128.75,38.75,12,24,0.55296
1380,522.25,174.75,12.25,24.5,0.54598
1380,317.75,330.5,13,26.25,0.54466
1380,88.75,308.25,12,24,0.54067
1380,270.25,177.5,13.25,26.75,0.54
1380,174.75,307.5,12.5,24.75,0.53788
1380,454,112.75,12.5,25.5,0.53622
1380,228.25,426.75,17.5,34.75,0.53617
1380,204.25,314.5,15.75,31.5,0.53555
1380,623.5,9.75,15,30,0.53508
1380,480.75,411,11.5,23,0.53487
1380,628.5,251,12,23.5,0.53485
1380,521.75,211,22,44,0.53467
1380,131,347.75,18,35.75,0.53237
1380,373.25,324,15,29.75,0.53187
1380,628,226.75,12,23.75,0.53064
1380,252,236,13.75,27.5,0.5301
1410,497.5,113.25,13.25,26.25,0.54464
1410,453.5,110,13.25,26.5,0.53851
1410,406.25,242,27,54,0.5348
1410,203,21.5,18.75,37,0.53395
1410,9.5,99.25,18,36.5,0.53189
1410,341.5,238,16,32,0.53153
1410,254.75,173.5,12.5,25,0.53107
1410,414.5,145,11.5,23.25,0.53056
1410,27,407.75,25.5,51,0.53002
1440,137,211.75,13,26.25,0.54086
1440,610.5,201.5,34,68.25,0.53811
1440,626,228,13.5,26.75,0.53755
1440,494,115.75,12.75,25.5,0.53105
1470,377,328.5,14.25,28.5,0.54332
1470,342.5,325.75,13.25,26.75,0.53721
1470,181,259.5,21,42.25,0.53324
1470,361.5,337,11.5,23,0.53305
1470,406.25,246,27.75,55.5,0.53168
1470,254.25,165.25,12.75,25.75,0.53096
1470,324.5,332.25,12.5,25.25,0.53026
1470,433.5,210.25,14,28,0.53001
1500,221,108.75,11.75,23.5,0.54078
1500,273,226.5,53.5,107,0.53936
1500,240,136.25,12.5,24.75,0.53677
1500,518.25,147.25,22,44.25,0.53396
1500,48.75,97,23,45.5,0.53151
1500,54.25,416.25,16.25,32.75,0.53129
1500,246.25,443.25,13.75,28,0.53122
1500,208.5,2.75,31,62.5,0.53116
1500,102.75,356,12.75,25.5,0.53039
1500,127,356,14.75,29.5,0.53037
1530,261.5,158.75,14,28,0.54576
1530,269,161.25,12,24.5,0.54282
1530,340.5,240.5,16.75,33.5,0.54224
1530,270.75,218.75,61.5,123.25,0.53948
1530,553.75,193.25,14,28.25,0.53907
1530,267.5,331.25,13,26,0.53682
1530,142.5,159.5,11.5,23.25,0.53336
1530,153.5,326.75,14.25,28.5,0.53263
1530,260.75,343.5,15.25,30.75,0.5317
1530,9.25,100,19.5,39,0.53155
1530,359.75,227,12.5,25.25,0.53094
1530,80.5,315.5,12,24.25,0.53069
1530,454.5,121.25,11.75,23.5,0.53031
1560,497.5,111.5,14,28,0.53711
1560,271.25,209.25,64.25,128.25,0.5338
1560,388.75,320.5,11.75,23.75,0.53318
1560,364.75,339,12.25,24.75,0.53157
1560,494.5,117.5,12,23.75,0.53016
1590,406.25,222,15.75,31.5,0.53499
1590,315.5,119.5,12.75,25.75,0.53454
1590,87.5,316,12,24,0.53193
1590,62.75,163,11.5,23,0.53098
1590,525,448.75,13.75,27.25,0.53027
1620,82,278,13,26,0.5475
1620,190.25,105.25,12,24,0.54605
1620,454,110.5,12.25,24.25,0.54565
1620,553,187,14,28,0.53605
1620,444,235.25,13,26,0.53467
1620,522.75,155,14.25,29,0.53351
1620,79.25,114,13.75,27.5,0.53184
1650,90.5,86,14,27.75,0.53433
1650,403.75,161.5,20,40,0.53394
1650,494,124,12.75,25.25,0.53156
1650,44.25,404.75,25.5,51,0.53145
1650,607.5,122.25,12.75,25.75,0.53126
1650,507.25,262,16.25,32.5,0.53002
1680,460.75,326.75,12.25,24.5,0.54569
1680,77.5,256.5,13,26,0.54002
1680,189.25,152,13.75,27.75,0.53609
1680,-1.75,112.25,17.75,35.5,0.53571
1680,588.75,244,13.25,26.5,0.53564
1680,604.25,248.75,14.5,29,0.53524
1680,380.25,402.25,12.25,24.75,0.53463
1680,468.25,210.5,14.5,29.5,0.53379
1680,332.75,403.75,20.5,40.75,0.53142
1680,494.25,123.25,12.5,25,0.53114
1680,13.75,269,15,29.5,0.53113
1680,9.75,290.5,14,28,0.53101
1680,1.75,263.75,26,52,0.53075
1680,92,388,16,31.75,0.53047
1710,121.5,440.25,18.5,37,0.55281
1710,114.75,159.75,12,24,0.55079
1710,492,115,12.75,25.5,0.54061
1710,363.75,239.5,17.5,34.75,0.53839
1710,506,371.25,15.25,30.5,0.53517
1710,466.25,210.5,12.5,25,0.53304
1710,509.75,219.75,13.25,26.5,0.53282
1710,423.25,65.75,12.25,24.75,0.53199
1710,305.25,424.25,21,42,0.53194
1710,519.75,150.75,14.75,29.5,0.53097
1710,302.25,114.75,12.75,25.75,0.53078
1740,114.5,153.25,11.75,23.5,0.54101
1740,422.25,55.25,12.75,25,0.53876
1740,56,139,12,24.25,0.53796
1740,528.25,205.25,19.75,39.25,0.53428
1740,-1.25,141,13.75,27.5,0.53389
1740,545,408.75,19.25,38.25,0.53361
1740,609.25,69.5,36.25,72.25,0.53243
1740,298.25,107,12.5,25,0.53195
1770,357.5,431.25,12,24.25,0.54304
1770,136.5,309.75,14,28.25,0.54103
1770,100,148.25,12.25,24.25,0.53846
1770,301,22.25,16,32,0.5359
1770,43,143.75,16,32,0.5357
1770,30.5,410.5,12,24,0.5329
1770,519.5,139,24.5,49,0.53012
1770,315.5,294,13,26.25,0.53006
1800,151.25,249.5,22.75,45.75,0.53778
1800,210.5,129.5,12.25,24.5,0.53703
1800,555.75,213,17.25,35,0.53561
1800,371.25,233.5,28.5,57,0.53411
1800,267.75,334,12.25,24.25,0.53271
1830,90.75,145.25,12.5,24.75,0.54789
1830,376,242.25,29.5,58.75,0.54207
1830,458.5,71,12,23.75,0.5392
1830,199.75,340.75,15,30,0.53639
1830,498.75,35,11.5,23,0.5358
1830,192.25,118.75,13.25,26.5,0.53536
1830,546.75,210.75,16,32,0.53363
1830,621.5,245,13,25.75,0.53264
1830,552,127,12.25,24,0.53117
1830,201.75,163.25,16.25,32.25,0.53042
