30,59.25,23.5,13.75,27.75,0.57603
30,262.25,325,13.75,27.25,0.56446
30,227.25,346.25,13.75,27.5,0.5551
30,620.5,116.25,22,44,0.5542
30,598.5,368.75,13.75,27.5,0.55108
30,107.5,88,12.75,25.75,0.55019
30,40.25,24.25,32.5,65.25,0.54967
30,134,406.75,12.75,25.25,0.54932
30,371.75,432.5,16.25,32.75,0.54803
30,395.5,433.5,14.5,29.25,0.54725
30,379,374.75,13.25,26.5,0.54672
30,308.5,353.25,14.75,29.75,0.54635
30,123.5,115.75,14,27.75,0.54536
30,347.75,387.5,15.5,31,0.54313
30,380.25,432.25,13.25,26.25,0.54162
30,516.5,342.25,14.5,29.25,0.54103
30,508,354.5,15,29.75,0.54057
30,132.5,325.5,13,26.25,0.53997
30,68.5,411.75,14.75,30,0.53993
30,560.25,397,15.5,30.75,0.53941
30,31.75,196,13.5,26.5,0.53867
30,372.25,442.25,16,32,0.53796
30,124,95.75,12.75,25.75,0.53784
30,569.75,413.25,14.25,28.75,0.53783
30,69.75,19.5,15,30.5,0.5372
30,49.5,68.5,13.25,26.5,0.53496
30,77.5,47.5,101,202.25,0.53495
30,48.75,134,13.25,26.75,0.53475
30,613,380,14,28.25,0.5345
30,116.75,410.75,14.25,28,0.53403
30,323.75,334,14,27.75,0.534
30,475.25,335.25,14,28,0.53392
30,244.75,432.75,15.75,31.75,0.53356
30,252.25,343.5,16.5,32.75,0.53205
30,42,65.25,14,28,0.53188
30,613,360.75,12,24.25,0.53181
30,-3,133.25,25.5,51.25,0.53123
30,88.75,30,11.75,23.75,0.53103
30,256,328,12.5,24.5,0.53078
30,540.75,291.75,11.75,23.5,0.53019
60,125,349,14,27.75,0.57073
60,579.75,383.25,16.25,32.5,0.56369
60,220.75,341,13.5,27,0.55888
60,574,297.25,12.25,24.5,0.55849
60,389.25,405.75,14.25,28.25,0.55819
60,252.5,327.5,12.25,24.5,0.55595
60,492.25,319.75,12.5,25.25,0.55558
60,596.5,62.25,12.25,24.75,0.55343
60,269.75,320.75,12.25,24.5,0.55135
60,460.25,319,14.75,29.5,0.55119
60,310.25,334,13.75,27.25,0.54923
60,88.5,81,12.5,24.75,0.54794
60,181.5,351.75,12.75,25.25,0.54726
60,598,376.25,12.5,25,0.54703
60,99.5,182,15.5,30.75,0.5468
60,405.5,400.75,15.5,31,0.5468
60,219.75,326.5,18,35.75,0.5458
60,420.5,301.5,15.5,31,0.5453
60,437.75,336,12.75,25.25,0.5449
60,453.25,425.5,13.5,27,0.54454
60,564.25,403,14.25,28.75,0.54437
60,36.25,336.5,13.75,27.5,0.54259
60,491.5,393.5,16,31.75,0.54023
60,168,335.5,12.75,25.5,0.53933
60,115.5,238.75,17.25,34.5,0.53896
60,564,310.5,15,30.25,0.5388
60,588.75,288.5,12,24.25,0.53876
60,64.25,352.25,12.25,24,0.53851
60,269,337.5,14,27.75,0.53844
60,252,315.75,13,25.75,0.53797
60,610.75,123.5,18,36.5,0.53789
60,101.75,64.5,14,28.5,0.53787
60,309,416.5,12.25,24.75,0.53781
60,277.5,339,15,29.75,0.53744
60,428.75,108,12.25,24.75,0.53644
60,102.5,80.5,12.25,24.5,0.53641
60,540.25,401.75,16.5,32.75,0.53592
60,539.75,410.75,15.5,30.75,0.53571
60,532.75,399,14.25,28.75,0.53524
60,77.25,344.25,13.25,26.75,0.53512
60,454.25,391.5,12.25,25,0.53394
60,70.5,349.75,13.5,26.75,0.5338
60,121.5,81.5,16.5,32.75,0.53371
60,308.25,316.75,13,25.75,0.53365
60,252.75,308.75,11.75,23.25,0.53358
60,548,407.75,12.5,24.75,0.53312
60,421,334.5,13.5,27,0.53303
60,20.25,57,14,28,0.53294
60,491.75,300,13.25,26.25,0.53268
60,73.5,116,13,26.25,0.53261
60,28.75,337.5,14.25,28.75,0.53216
60,96,92.25,18.5,36.75,0.53209
60,55.25,349.25,13.5,26.75,0.53205
60,596,385.75,15.25,30.25,0.53131
60,304.25,408.25,12.25,24.25,0.53121
60,450.75,304,17.5,35,0.53098
60,-17.25,176.75,143,286,0.53097
60,286.75,91.75,11.5,23.25,0.53089
60,141.25,334.75,14.5,28.5,0.53051
60,149.5,336,13.25,26.25,0.53049
60,52.5,191.25,20.75,41.5,0.53046
60,326.75,36,13,26.5,0.53012
60,20.5,336.25,15.5,30.75,0.53011
60,214.75,319.75,12.25,25,0.53004
90,300.75,301.75,13.75,27,0.5637
90,69.75,414,13.25,26.75,0.55949
90,157,271,14.25,28.5,0.54655
90,298,376.25,18.25,37,0.54641
90,189.75,429.25,14,28,0.53973
90,113,350,16.75,34,0.53917
90,46.75,216.5,13.5,26.75,0.53889
90,36.75,272.25,15,29.75,0.53804
90,133.5,261,14.5,28.75,0.53776
90,253,301.5,14.75,29.75,0.537
90,198.25,159.5,12.5,24.75,0.53661
90,118.25,386.25,12.75,25.75,0.53639
90,95,22.5,19.25,38.5,0.53614
90,158,300.25,12.5,25.25,0.53607
90,343.25,267.5,17.75,36,0.53553
90,256.25,106.5,13.25,26.5,0.53385
90,137.25,425,21,42.25,0.53355
90,626.75,25.5,14.5,29,0.53355
90,102.5,390.25,30.5,61.25,0.5335
90,260.5,334.75,15.75,31.5,0.53293
90,72,155.25,42,83.75,0.53271
90,130.75,265.5,12.25,25,0.53221
90,43.5,278.25,16.25,32.75,0.53212
90,84.25,375.25,13,25.75,0.53081
90,254.5,399.25,17.25,34.5,0.53068
90,162.25,122,26,52.5,0.53037
90,316.25,396,17.5,35.25,0.5302
120,92.75,391.25,12.5,25,0.54666
120,462.75,188.5,13.25,26.25,0.53934
120,500.5,435,14.75,29.25,0.53874
120,462.5,407.75,14.5,28.75,0.53772
120,425.25,333.5,24.75,49,0.53518
120,501.25,213.25,14,27.75,0.53422
120,425.25,49,11.5,23,0.5336
120,554,55.75,29.25,58.75,0.53304
120,515.25,440.5,12.75,25.5,0.53288
120,277.5,433.5,20.25,40.75,0.53252
120,429.25,406,16.5,32.75,0.5315
150,428,425.75,14.75,29.5,0.57985
150,333.25,429.25,14,28,0.57278
150,533,427.75,13.75,27.75,0.56189
150,508.25,358.5,13.5,26.75,0.5594
150,340.5,426,15,30.25,0.55468
150,317.25,425.5,14.25,28.5,0.55397
150,396.25,394.5,14.5,29,0.55099
150,183,210.25,13.25,26.25,0.5502
150,575.75,384.25,12.75,25.5,0.54827
150,285.5,414.75,13,26.25,0.54728
150,149.25,348.5,13.5,27.5,0.54727
150,404,395,13,26,0.54402
150,477,362.75,14.5,29.25,0.54263
150,429,376.5,12.75,25.75,0.54152
150,485.25,356.75,14.5,28.75,0.54095
150,299.25,407,16.25,32.5,0.54001
150,445.25,424.25,13.5,27.25,0.53879
150,600.5,211.75,31,62,0.53857
150,320.75,69.25,17.75,35.25,0.53843
150,573.75,375.25,13.25,26.5,0.53806
150,531.25,415.75,12.5,25.25,0.53761
150,452,376,15.25,30.25,0.53701
150,256.25,394.25,12.25,24.5,0.53697
150,589.75,381.75,13.5,26.75,0.53691
150,309.5,405.75,15.25,30.5,0.53636
150,53.75,374.25,13,26,0.53615
150,293.5,410.5,14.75,29.75,0.53582
150,403.5,415.25,16,32,0.53582
150,412.5,392.75,15.75,31.5,0.53455
150,250.25,394,12.5,24.75,0.53453
150,588.75,364.5,15,29.75,0.53402
150,60.25,442.5,15.75,31.25,0.53328
150,274.5,390.25,15,29.75,0.53325
150,140.75,21,11.5,23,0.53261
150,348.75,405.25,14,28,0.53258
150,374,410,13,26.25,0.53253
150,539.75,419.25,13.5,27.25,0.53194
150,486.25,340.75,14.25,28.5,0.53185
150,553,407.5,15.5,30.75,0.53129
150,132.25,340,14.5,29.5,0.53129
150,444.25,345.25,12,24,0.5311
150,564.5,381.75,11.5,23.25,0.53099
150,492.75,356.25,14.5,28.75,0.53079
150,13.25,53.75,13.5,27,0.53068
150,476.5,354.75,15,30,0.53045
150,528.75,44.5,25.5,51,0.53034
150,317.5,414,13.25,27,0.53017
150,171.5,106.25,24.75,49.75,0.53014
180,436,382.5,13.25,26.5,0.56784
180,364.75,427,15,30.25,0.55755
180,92.5,414.25,15,29.75,0.55694
180,373.5,414,13.75,27.25,0.55233
180,109,415.25,13.75,27.25,0.54778
180,243.75,125.75,13.5,26.75,0.54638
180,349.5,375.75,12.5,25.25,0.54618
180,242,213.25,43.25,86.75,0.54505
180,340.75,406,13.5,27,0.54287
180,533.75,229.5,13,26.25,0.54097
180,9.25,62.5,13,26,0.54064
180,52.75,411,11.5,23,0.5396
180,461.25,378.75,14.25,28.25,0.53942
180,420.25,369,15.5,31,0.53715
180,406.25,390.5,13,26,0.53681
180,441.25,20.25,17.75,35.25,0.53637
180,530,139.5,12.25,24.25,0.53633
180,516.5,347,13,26.5,0.53574
180,428.5,418.25,13.75,27.25,0.53572
180,566.75,364.5,15,30.25,0.53538
180,151.25,128.75,13,25.5,0.53488
180,191.75,118.25,24.5,48.75,0.5348
180,601,67.75,15,30.5,0.53475
180,85.5,142.75,41.75,83.25,0.53427
180,122,371.25,16.5,33,0.53416
180,171,367.25,12.5,25.25,0.53344
180,621,60.75,14.25,28.25,0.53286
180,61.5,363,13.25,26.75,0.53279
180,583.5,432.25,12.5,25,0.53258
180,266.75,413.5,18.5,37.25,0.53164
180,548.75,341.5,14.5,29.25,0.53091
180,547.5,315.75,15.75,31.5,0.53082
180,294.5,237.75,12.25,24.75,0.53074
180,232.25,93.75,12.5,25,0.53032
180,223.75,422.5,13,25.75,0.53012
180,488,157.75,12.5,25.5,0.53002
210,437.5,417.25,12,24.25,0.56255
210,365.75,440.5,12.5,25.5,0.55775
210,196.25,427.75,15.25,30.5,0.55193
210,515.5,168,17,34.25,0.54847
210,277.5,402.75,15.75,31.5,0.54162
210,415.25,19.25,15,30,0.54102
210,454.75,178.75,15.25,30.25,0.54041
210,439.5,452.75,12.25,24.5,0.53886
210,68.25,418.75,14.25,28.5,0.53755
210,392.75,398,12.5,24.5,0.53746
210,499.75,378.75,14,28,0.53638
210,256.25,166.75,12,24.25,0.53635
210,572,173,13,26,0.53524
210,294.75,264.75,13.25,26.75,0.53518
210,372.5,447,15,30,0.53502
210,580.5,328.75,11.75,23.75,0.53439
210,266.5,383.75,16.25,32.75,0.53392
210,340.75,450.5,13.5,27,0.53276
210,355.25,445.5,16.75,33.5,0.53256
210,340.5,404.5,12.25,24.25,0.53248
210,592,204.5,12.25,24.5,0.53175
210,318,440.75,12.5,24.5,0.53154
210,-0.75,228.75,14,28.25,0.5312
210,541.5,367,17.75,35.5,0.53092
210,608,393,12,24.25,0.53052
210,572,445.75,15.25,30.75,0.53049
210,441.5,26,16.25,32,0.53021
210,320.5,175,28.75,57.5,0.53014
210,304.75,168.5,13,26.25,0.53009
210,565.25,85,12.25,24.75,0.53003
240,189,430.75,14,27.75,0.56001
240,524.75,371,15.25,30.5,0.5592
240,144.5,121.5,15,29.75,0.55778
240,140.75,334.5,15.25,30.5,0.5571
240,380.75,394.25,15,30.25,0.55616
240,381.5,324,14,28,0.55506
240,501.75,422.75,13.25,26.75,0.55374
240,469.25,333.5,15.25,30.5,0.55291
240,467.75,364.25,16.5,33,0.55259
240,261.25,374.75,14.25,28.75,0.55103
240,396.25,402.25,15,30,0.54867
240,299,382.25,17.25,34.25,0.54801
240,308.25,370.75,16.5,32.75,0.548
240,487.75,311.75,12.5,25.25,0.5475
240,92.75,342.25,13,26,0.54656
240,444.75,442.25,13.25,26.5,0.54608
240,308.5,441.75,16,32,0.54606
240,292.5,447,13.75,27.25,0.54573
240,108.5,405.5,14,28.25,0.54545
240,134.5,395.5,13,26,0.54499
240,112.25,78,12.25,24.75,0.54456
240,412.25,385,15,30.25,0.54409
240,397,381.25,14,27.5,0.54392
240,548.75,394,15.5,30.75,0.54356
240,125.75,123,14.5,29.25,0.5433
240,395.75,248.5,16.75,33.5,0.54327
240,126,394.75,14,28.25,0.54284
240,300,303.5,14,28.25,0.54276
240,330.25,35,16.25,32.75,0.54263
240,276.25,375.25,16,31.75,0.54195
240,501.75,307,14.5,29,0.54088
240,379.75,301.25,17.5,34.75,0.54088
240,163.5,95.5,23.5,47.25,0.54066
240,196,439.75,16,32,0.53986
240,376,416.5,12.25,25,0.53971
240,51.25,352.5,16.25,32.5,0.5397
240,508,441,15.5,31.25,0.53963
240,468.75,380.5,14,27.5,0.53962
240,268.5,392.75,15.25,30.5,0.53945
240,411.75,356.25,15.5,30.5,0.53941
240,461.25,332.5,13.25,26.75,0.53924
240,424.25,305,12.75,25.5,0.53919
240,366.75,207.75,17.75,35.75,0.53868
240,389,331.25,14.75,29.25,0.53847
240,116,333.75,13.5,27,0.53814
240,563,327.5,12.5,25,0.53792
240,476.75,356.25,14.5,28.75,0.53735
240,221,314,15.25,31,0.53732
240,85.5,356.75,14.75,29.5,0.53629
240,325.5,381.5,13.25,26.25,0.53611
240,269,380,13.5,26.5,0.53589
240,476.25,371,15,29.75,0.53574
240,274.5,338.5,19.25,38.75,0.53523
240,300,324.25,13.75,27.75,0.53488
240,514.5,70,12.25,24.75,0.53472
240,557.25,430.25,14.25,28.5,0.53465
240,429.25,347,13.25,27,0.53464
240,447.75,423.75,12.75,25.5,0.53436
240,293.25,421.25,15.25,30,0.53405
240,365.75,360,13.75,27.5,0.53403
240,438.25,329.25,13.5,27.5,0.53331
240,356.25,347.75,15,29.75,0.53325
240,373,308.75,14.75,29.25,0.53322
240,596.25,368,12.5,24.75,0.53319
240,539.75,322.5,14.75,29.25,0.53306
240,617.75,303.5,12.75,25.75,0.53288
240,326.75,103.75,40.5,81,0.53273
240,509.25,411.5,14,27.75,0.53244
240,349,345,14.25,28.75,0.5321
240,300.5,438.75,13.25,26.75,0.53207
240,444.25,169.75,12,24.25,0.5317
240,-3,126,24.25,48.75,0.53152
240,467.5,442.5,17.25,34.5,0.53101
240,333,324.25,15,30,0.53088
240,523.5,399.75,15.5,31,0.53078
240,456,425.5,12.25,24.5,0.53058
240,192.5,96.75,14.75,29.5,0.53047
240,358.75,431.75,14,28,0.5303
240,273.25,322.25,13,26.5,0.53027
240,476.5,330.75,14.5,29,0.53021
240,405,368.25,14.5,28.75,0.53012
240,126.75,241.5,21.5,42.75,0.53004
270,220.5,332.75,14.25,29,0.56994
270,244.75,389,14,28,0.55403
270,542.25,103.25,15,30.25,0.5497
270,549,414.5,14.25,28.75,0.54565
270,164.5,401.75,15.25,30.75,0.54543
270,-5,60.25,40.25,80.5,0.54386
270,323.5,343.25,16.75,33.25,0.54297
270,268.5,425.75,15,30,0.5421
270,236.75,401.25,15.5,30.75,0.54148
270,-0.25,108.75,17,34.25,0.54124
270,261,203.5,21.25,42.75,0.54122
270,156.5,361.25,11.75,23.5,0.54111
270,141,395.25,14.75,29.25,0.54104
270,333.25,396,13.75,27.75,0.54095
270,422,343.25,13,25.75,0.54061
270,205.75,337.75,13,25.75,0.53991
270,358.75,21.75,16.75,33.5,0.53937
270,486.25,359.5,12.5,25,0.53845
270,565,261,13,26,0.53794
270,596,435.25,15.75,31.5,0.53771
270,166.75,101,11.5,23,0.53771
270,299.75,428.75,14.25,28.5,0.5375
270,604.25,388.5,14.75,29.75,0.53749
270,333,421.25,13.5,27.25,0.53746
270,289.5,210,14,28,0.53715
270,405.5,423.5,13.5,27,0.53709
270,298,5.75,13.75,27.5,0.5361
270,380.5,360.5,12,24,0.53524
270,50,253,13.75,27.5,0.53491
270,621.75,74.75,12.75,25.75,0.53438
270,229.25,390.25,14.5,28.75,0.5342
270,411.75,432.75,16,32.25,0.53397
270,162.25,381.75,13.75,27.75,0.53304
270,452,367,17.5,34.5,0.53274
270,462.75,367.5,14.75,29.25,0.53202
270,117.5,121,25.5,51,0.53188
270,356,384.75,13,25.75,0.53127
270,212.25,333.25,15.5,30.75,0.53073
270,626.25,294.75,12.75,25.5,0.53048
270,507.5,176.25,13.5,26.5,0.53035
270,435.5,318.25,14.25,28.5,0.53019
300,356,437,15.25,30.75,0.57908
300,300.25,308.5,13,26.25,0.55961
300,380.5,448.25,12.25,24.25,0.55501
300,229.25,428,14,28,0.55022
300,166.5,81,12,24,0.54601
300,428.75,428,12.75,25.25,0.5458
300,332,402.5,13.25,26.5,0.54559
300,223.5,199,26.75,53.75,0.54333
300,236.25,380.25,12.25,24.5,0.54271
300,199.75,418,12.75,26,0.54245
300,420.75,384.5,15.5,31.25,0.54199
300,429.75,318.5,16.25,32.5,0.54065
300,491.25,212.25,15.25,30,0.53875
300,228.25,398.25,16.25,32.5,0.53854
300,75,113.5,26,52.25,0.53699
300,279.5,307.25,33.5,67,0.53686
300,315.25,324.5,13.75,27.75,0.5367
300,221.5,427.75,14,28,0.53667
300,110.25,43.75,16.75,33.5,0.53496
300,288,453.25,12.75,25.75,0.53376
300,60.5,400.75,12,24,0.53297
300,332.5,263.25,12.75,25.5,0.53263
300,491.75,427.75,14.25,28.25,0.53261
300,529.5,155.5,18,36,0.53254
300,525.75,391.75,12.5,25,0.53228
300,428.25,375.5,13,26,0.53219
300,447.5,288.5,13.5,27,0.53193
300,453,20,14,27.75,0.53187
300,197,386.5,14.75,29.25,0.53151
300,597.5,156.75,19.5,38.75,0.53148
300,125.25,400.5,14.25,28.5,0.53128
300,298.75,146.5,15.75,31.5,0.53119
300,90.5,3,37.75,75.25,0.53118
300,158,7.5,16,32.25,0.53056
300,454.75,383.5,12.75,25.5,0.53044
300,246,384.75,25,50,0.53018
330,547,414.25,17.75,35.5,0.56254
330,239.25,424.25,12.5,25,0.55685
330,220.25,399.75,15,30.25,0.55619
330,164,311,14,28.25,0.55041
330,612.25,416.25,15.25,30.5,0.54977
330,333,320,14.75,29.25,0.54972
330,252,330.5,16.75,33.25,0.54879
330,348.75,377.75,14,28.25,0.54876
330,420.5,365.75,16.75,33.5,0.54851
330,374,193.75,14.25,28.25,0.54828
330,439.25,182.5,12.5,24.75,0.5479
330,388.5,366.5,16.5,33,0.54754
330,341,318.5,15.75,31.75,0.54695
330,518.5,384.25,12.5,25.5,0.54589
330,52,23,14.75,29.75,0.54556
330,108.25,310.75,13.5,27.25,0.54454
330,501.25,390.75,13.5,27,0.54454
330,24,201.5,38.25,76.5,0.54448
330,588.25,362.25,14.75,29.25,0.54359
330,364.75,334.75,16,32.25,0.54336
330,572.5,362.25,15,29.75,0.54287
330,501,366.75,14,28,0.54188
330,515.5,335.5,16,32.25,0.54176
330,516,417.25,15.5,31.25,0.54139
330,287.25,310.5,13.5,26.75,0.54073
330,453.75,328.25,12.75,25,0.54003
330,84.75,304.75,16,32.25,0.53983
330,411.75,363,16,32.5,0.53963
330,308.75,351.75,16,31.75,0.53963
330,171.25,223.5,18.25,36.25,0.5396
330,596.5,403.5,14.5,29.25,0.53919
330,393.25,312.25,12.25,24.5,0.53912
330,564.75,365.75,14.5,29.5,0.53885
330,325.25,326.75,13.25,26,0.53857
330,477.25,356.75,14.5,29,0.53853
330,228.75,362.25,15.25,30.25,0.53833
330,348.25,369,14,28.5,0.53765
330,404.75,378.25,15.25,31,0.53674
330,325,337,14.25,28,0.53634
330,37.25,388.25,13.75,28,0.53598
330,428.5,346.5,16,32,0.53564
330,390.25,319.5,13.5,26.75,0.53527
330,300.5,365,13.5,27,0.5351
330,170.75,290.5,12.25,24.25,0.53487
330,148.5,63,12,24,0.53382
330,373.5,409.75,13.75,27.75,0.53375
330,611.5,385.25,17.5,35,0.53372
330,227.5,408.75,20,39.75,0.53355
330,370.5,144.5,12,24,0.53344
330,348.75,429,13,26.25,0.53339
330,197.25,379.75,13.5,27.25,0.53326
330,-2.25,121.25,18.5,37,0.53277
330,460.5,426.5,14.75,29,0.53249
330,531.75,359.75,15.5,30.75,0.53241
330,324.75,369.5,15.75,31.5,0.53236
330,508,417.75,15.5,31,0.53192
330,-7.25,144,60.5,121,0.5319
330,311.5,289.75,12.5,25.5,0.53165
330,341,308.5,14.5,28.75,0.53147
330,172,299.75,16.5,33,0.53144
330,580.75,363,15,30.25,0.53141
330,135,226,23.5,47,0.53116
330,451,431.5,16.25,32.5,0.53102
330,317.25,372.25,14.75,29.5,0.53091
330,210.75,103.25,27,53.75,0.53087
330,588.5,389.5,15,30.25,0.53069
330,412,393.25,15.25,30.75,0.53041
330,248,327.5,12.5,24.75,0.53041
330,102.5,355,12,23.75,0.53039
330,118,65,12.5,24.5,0.53039
330,428.5,332.25,13.75,27.5,0.53033
330,340.5,377.75,15,30.25,0.5302
330,28.5,387.25,15.25,30.25,0.53002
360,188.75,424,15.5,31.25,0.57324
360,221,353,14,28,0.57038
360,540,403.75,14.5,29,0.55919
360,523.75,403,15.25,30.5,0.55889
360,196.5,377.5,15.25,30.75,0.55746
360,532,334.75,16.75,33.25,0.55708
360,467.5,422.25,16.5,32.5,0.55545
360,372,373.25,13.5,27,0.55429
360,429,305.75,15.5,30.75,0.55152
360,107.75,322.25,15.75,31.25,0.5508
360,396.75,387.75,14.5,28.75,0.55024
360,204,351.25,16.25,32.25,0.54882
360,596.25,418,14,28.5,0.5481
360,316.75,418.5,15.25,30.25,0.54769
360,405,386.5,14.75,29.5,0.54643
360,188.5,362.5,12.75,25.25,0.54607
360,27.25,314.5,17.75,35.75,0.54586
360,549.25,411.5,13.5,26.75,0.54562
360,220.25,418.75,15.25,30.5,0.54459
360,588.5,429,14,27.75,0.54409
360,388.25,378,15,30.5,0.54395
360,68.75,347,14.5,28.75,0.5438
360,158.75,412.25,13.25,26.5,0.54348
360,525.5,323.25,14.75,29.75,0.54323
360,248.5,312.75,12.25,24.25,0.54319
360,532.75,400.5,13.75,27.75,0.54271
360,548,403.75,15,29.75,0.54245
360,454,313.25,16,32,0.54218
360,256.75,3.5,13.5,27,0.54165
360,57.75,62.25,21.5,43.25,0.54146
360,196.75,418.25,15.25,30.25,0.54123
360,484.25,316.75,15,29.5,0.54096
360,548.5,331,15.25,30.75,0.53938
360,460.25,351.75,12.5,25,0.53786
360,604.25,423.75,15,30.25,0.53772
360,373.5,354.25,30,60.25,0.53764
360,394,361.75,19.25,38.5,0.53694
360,374.5,323.25,13.5,27.25,0.53661
360,271.5,346.5,12.25,24.5,0.53647
360,238.5,123.5,12.75,25.75,0.53643
360,253.25,393.25,14.5,29,0.53621
360,588.75,303.25,13.5,27.25,0.53617
360,268.75,336.25,13.75,27.25,0.53604
360,430.75,417.75,14,27.75,0.53583
360,51.5,305.5,16,31.75,0.5353
360,244.5,331.25,16,31.75,0.53512
360,556.5,425.25,15.25,30.5,0.53496
360,359.75,375.25,12.75,25.5,0.53481
360,93,295.75,18.5,37,0.53413
360,100.75,331.75,14.25,28.25,0.53405
360,453.5,336.75,13.25,26.75,0.53393
360,564.75,414.25,14,28,0.5327
360,100,268.75,14.75,29.75,0.53214
360,116.5,321.75,15.5,30.5,0.53173
360,309,378,14.75,29.5,0.5314
360,173,371.25,15,29.75,0.53138
360,279.25,296.5,12.75,25.75,0.53124
360,86.25,19.25,13.25,26.5,0.53116
360,528.75,30,21,41.75,0.53103
360,492,327,13,26,0.53102
360,-1.5,89,14.75,29.5,0.53092
360,616.25,213,12,24,0.53063
360,539.25,275.75,14,28,0.53055
360,229,423.25,14.75,29.5,0.5305
360,132.75,393.75,15.5,31,0.53048
360,428.5,23.5,13.25,26.5,0.53046
360,263,311.5,12.75,25.75,0.53043
360,501.5,209.75,18.5,37.5,0.53038
360,491,400,17.25,34.75,0.53034
360,484.75,406.25,13.75,27.75,0.53029
390,469,372.75,14.5,28.75,0.57467
390,412.25,359.5,16,32,0.56931
390,427.5,368,15,30,0.56807
390,77.25,326.75,13.5,27,0.56753
390,357.75,431.5,12.75,25.75,0.56274
390,503,372,13.75,27.75,0.56111
390,85,319.75,15.25,30.5,0.56064
390,109,318.75,13,26.5,0.5592
390,156.75,105.25,14.25,28.75,0.55712
390,340.75,372,14.5,29,0.55692
390,459.75,347.75,15.75,31.5,0.54878
390,485,371,13.75,27.5,0.5472
390,547.5,351.25,13,26,0.5452
390,534,424.25,12.5,25,0.54519
390,396.25,370.75,15.25,30,0.54479
390,389.5,349.5,14,28,0.54464
390,405.75,344,13.25,26.25,0.5436
390,421.25,348.75,15,30.5,0.54336
390,389,372,14.75,29.25,0.54327
390,500.5,374.75,13.25,26.5,0.54128
390,404.25,361.5,15.75,31.5,0.54025
390,442,422.75,27,53.75,0.54019
390,70,303,13,26,0.53981
390,380.5,351.75,13,26.25,0.5396
390,557.75,361,12.75,25.5,0.53717
390,168.5,264.75,12,24,0.53671
390,620,182.5,21,42,0.5367
390,180.25,400.25,17.25,34.75,0.53601
390,452.5,369.75,14,28.25,0.53581
390,142,397.25,13.75,27.5,0.5358
390,236.25,219.5,120.25,240.5,0.53577
390,355.75,292.25,14.75,29.75,0.53561
390,142,413.75,13.5,27.25,0.53552
390,149.75,376,12.5,25.5,0.53538
390,163.75,395.5,16.75,33.5,0.53507
390,626.25,41.75,13.25,26.25,0.53504
390,148.75,283.5,14.75,29.75,0.53477
390,76.75,311.5,14.75,29.5,0.53474
390,197.25,419.5,14.5,29,0.53422
390,592.25,204.25,12.75,25.25,0.53418
390,139.75,263.75,13.5,26.75,0.53392
390,341.5,430.75,13.25,26.5,0.53364
390,92.75,306.25,14.5,28.75,0.53359
390,507.25,381.75,17,34,0.53296
390,124,289.5,13.25,26.25,0.53273
390,45.75,233.5,14.5,29,0.53259
390,324.75,358.5,14.5,28.75,0.53199
390,364.5,380.5,16.5,32.75,0.5319
390,107,269.25,17.25,34.25,0.53155
390,540.25,361.75,15.75,31.5,0.5314
390,584,23.25,52,104.5,0.53105
390,115.75,38.75,17.75,35.75,0.53056
420,509,423.25,14,28,0.55597
420,588,328,14.5,29.5,0.55496
420,491.25,411.75,16,31.75,0.54778
420,516,410.5,14.5,29,0.54655
420,54.25,428,12.5,25,0.54534
420,69,79.5,17.25,34.25,0.54509
420,128.25,301,11.5,23,0.54396
420,204,417.25,16.25,32.5,0.54316
420,426.5,187,12.75,25.5,0.54304
420,236.5,412.5,14.5,28.75,0.54145
420,612,422.25,13.5,27,0.54056
420,302.5,174.5,13.25,26.5,0.53914
420,207.5,378,15,30,0.53627
420,470.25,443,14,27.5,0.53614
420,524.5,429.25,14,28,0.53517
420,613.5,376,13.25,26.5,0.53413
420,76.25,400.5,12,24,0.53375
420,198.5,403,14.25,28.75,0.53373
420,303.75,42.75,24.75,49.25,0.53356
420,118.5,397,13.5,26.5,0.53338
420,355.5,98,18,35.75,0.5331
420,377.5,131.5,13.75,27.25,0.5327
420,562.5,316.25,14.25,28.75,0.53239
420,410.5,366,12.75,25.5,0.53234
420,92.25,152.5,12,24,0.53207
420,184.25,385.75,12.5,25,0.5317
420,588.25,17.5,28,56,0.53091
420,164.5,392.5,12.25,24.5,0.53075
420,241.5,189.25,18,36,0.53068
420,433.25,403.75,13,26,0.53009
450,406,357,13.5,27,0.56527
450,423,409.5,11.75,23.75,0.54871
450,196.5,351.5,14.5,28.75,0.54816
450,382.25,324,12.75,25.25,0.54613
450,229,312.25,15,30.5,0.54613
450,116.75,394,15.5,30.75,0.5399
450,253.25,411,14.25,28.5,0.53909
450,76.5,217,20.5,41,0.53902
450,100.75,403.5,14.25,29,0.53882
450,236.25,236,12,23.75,0.53795
450,358,412,14,28,0.53785
450,200.25,193.5,19.5,39,0.53771
450,258.25,110.5,12.75,25.5,0.53692
450,565.75,109.25,13,26.25,0.53688
450,282,399.25,16.25,32.75,0.53688
450,413,102.5,12.5,25.5,0.53547
450,116.75,416.25,15.5,31,0.53478
450,285,336,13.75,27.75,0.53463
450,301.25,73,18,36.25,0.53456
450,213.5,338,13.25,26.25,0.5345
450,374.75,412.25,13.75,27.5,0.53449
450,-4.25,197.5,35.25,70.5,0.53211
450,558.5,422.75,13,26,0.53147
450,406.25,164,12.25,24.75,0.53079
450,54,319.75,15.75,31.75,0.53071
450,426.25,215.75,12.5,25,0.53062
450,51.5,364.25,16,31.75,0.53049
450,245.75,419.25,14.5,29,0.53043
480,531.75,296,13,26,0.58179
480,301.5,390,13.75,27.5,0.57576
480,492.75,352.75,15.25,30.25,0.56824
480,235.25,391.75,15.75,31.25,0.56791
480,625.25,121.75,16,32,0.55983
480,509.75,415,13,26,0.55338
480,524.75,417,14.75,29.75,0.55018
480,421.25,412,14.25,28.25,0.54889
480,244.25,393,16,31.75,0.54889
480,388,293.75,15.75,31.75,0.54854
480,412.5,376.5,14.75,29.25,0.54752
480,341,401,15.25,30.5,0.54736
480,620.5,385.5,12,24.25,0.54368
480,405.75,404.25,13.75,27.75,0.54345
480,68,296.75,12.25,24.75,0.54336
480,397.25,305.5,12.75,25.5,0.54293
480,502.5,358.75,13.25,26.5,0.54251
480,625.5,14.25,14,28.25,0.54214
480,164,415.75,16.25,32.25,0.54208
480,598,342.25,13.5,26.5,0.54192
480,309.25,401.25,15.25,30.75,0.54185
480,118,442.25,12.25,24.5,0.54182
480,325.5,391.5,13.75,28,0.54156
480,85.25,316.5,14.75,29.25,0.54074
480,450.5,409.5,11.75,23.25,0.5402
480,435.5,418.5,15,30.25,0.53855
480,187.75,366.5,16.5,33.25,0.53818
480,229.75,385.5,13.25,26.5,0.53777
480,63,239.5,15,29.5,0.53742
480,123.5,310.5,14,28,0.53721
480,603.75,358,16.5,32.5,0.53716
480,411.75,415.25,16,32.5,0.53696
480,225,52.25,13,26.25,0.53646
480,26.25,30.5,20.5,41.5,0.53632
480,110.5,441.5,13.5,27,0.53593
480,76.75,315.25,15,30,0.53521
480,52.5,359,13.75,27.5,0.53492
480,541.5,406.25,13.25,27,0.53447
480,340.75,388,13.5,27.25,0.53414
480,164.75,372.25,14,28,0.53408
480,167.75,356,23.5,46.75,0.53351
480,368.5,276,12,24.25,0.53345
480,141,397.75,14.5,29.25,0.53313
480,437,366,14,28,0.53312
480,486.25,431.75,12.25,24.25,0.5327
480,384.5,263.75,12.25,24.75,0.53127
480,332.5,407.5,15.75,31.25,0.53118
480,212.25,394.25,13.75,27.25,0.53114
480,189.75,432.25,13,26,0.53104
480,391,322.25,12.5,24.75,0.53097
480,477.25,209.25,42.5,85.5,0.53082
480,260.75,396.25,14,28.5,0.53053
480,275.75,395.25,17.25,34,0.53052
480,436.25,297.5,17.25,34.75,0.53045
480,148.25,410.75,15.5,31.25,0.53033
480,401,38,16.25,32.5,0.5303
480,336.75,91.25,14.75,29.5,0.53025
480,221,384,15.75,31.75,0.53007
480,84.5,291.25,16,32,0.53004
480,408,140,12.75,25.25,0.53002
480,333,398.25,14.75,29.5,0.53001
510,164.75,393.5,14.5,29.25,0.55178
510,301,315.75,14.75,29.25,0.55175
510,132.25,395.5,16.25,32.75,0.55064
510,404.25,424.5,15,30,0.54888
510,135.5,432,12.75,25.5,0.54548
510,69,331.75,14.25,28.5,0.54434
510,316,76,12.25,24.5,0.54428
510,388.75,402.5,15.5,30.75,0.54283
510,140.75,277,14.75,29.25,0.54244
510,381.25,289.75,15.5,31,0.54187
510,244.25,336.75,12,24,0.54166
510,424,133,12.5,25.25,0.54066
510,468.5,419.5,13.5,27,0.54021
510,231.5,326.25,13.25,26.5,0.53996
510,331.5,437.75,14,28.5,0.53906
510,469.75,358.75,13.5,26.75,0.53892
510,547,285.5,13.5,27.25,0.53838
510,553.75,366.5,13,26,0.53755
510,381.75,404.5,14.5,28.75,0.53714
510,508.5,393,12.25,24.25,0.53668
510,156.25,394,15,30,0.53626
510,277,313.5,14.75,29.75,0.53609
510,381.25,174.5,20.75,41.5,0.53605
510,448.25,400,12.25,24.75,0.53521
510,427.25,373.75,13.25,26.75,0.53512
510,626,328.75,13.5,27.25,0.53474
510,364.25,379.75,11.75,23.75,0.53465
510,260.75,319,15.5,30.75,0.53403
510,255,361.25,23.25,47,0.53355
510,122.25,79.75,12.5,24.75,0.53339
510,291.5,313.5,15.5,31.25,0.53337
510,173.5,264.5,14,28.25,0.53296
510,284,239.25,17.25,34.75,0.53277
510,376,188.25,14.75,29.5,0.53255
510,150.5,273.25,12.5,25,0.53205
510,-1.25,232,14.25,28.75,0.53203
510,88.75,406,11.75,23.5,0.53201
510,508.75,412.25,12.5,25,0.53136
510,273,182,13.75,27.5,0.531
510,205.25,245.5,14,28,0.5308
510,236.25,417.25,14,28,0.5308
510,293.5,404.25,14,28,0.53066
510,340,64.75,15.75,31.75,0.53009
540,397.5,360.25,12.75,25.5,0.55768
540,51.75,316.25,16.25,32.5,0.55763
540,438,118.5,14.5,29,0.55668
540,220.25,414.75,14.5,28.5,0.55427
540,181.75,415.25,13.75,27.25,0.54637
540,390.5,266,12.25,24.75,0.54602
540,453.25,380.5,13.5,27.25,0.54333
540,187.75,147,12.5,25,0.54085
540,229.25,413,14.25,28.75,0.53996
540,411.75,280.5,16.75,33.75,0.53948
540,315.5,276.5,13.5,26.75,0.53839
540,546.5,254,19.5,39.25,0.53728
540,572.25,409.5,15.25,30.75,0.53718
540,361.5,109.5,13,26,0.53661
540,539.75,356.75,14.25,28.5,0.53585
540,452.75,120,12,24.25,0.53542
540,385,357,13.5,27.25,0.53378
540,430,322.5,15.25,30.75,0.53374
540,397,292.25,14,27.75,0.53311
540,210.75,415.5,17.75,35,0.53297
540,252.5,406,15.25,30.75,0.53258
540,290.25,5.5,77.75,155.75,0.53243
540,99.5,313.25,16,32,0.53241
540,421.25,366.25,13.75,27.5,0.53201
540,467.5,429.25,17.5,35.5,0.53185
540,603.75,399.75,15.75,31.5,0.53178
540,69.75,320.75,13.75,27.5,0.53165
540,390.5,83.5,17.25,34.25,0.53114
540,406,340,14.5,29.25,0.53074
540,579.75,414.25,16.25,32.5,0.53073
540,108,304,15.5,31.25,0.53064
570,428.5,427.5,14.5,29.5,0.55664
570,156.25,385.25,15.25,30.75,0.55533
570,37.25,349,14,27.75,0.55403
570,249,307.75,17.75,35.75,0.55306
570,357.75,284.25,12.5,25,0.55297
570,421.75,416.75,15,30.25,0.54963
570,541,411,13.5,26.75,0.54776
570,75,282,19.25,39,0.54596
570,246,178,14.25,28.25,0.54117
570,85.75,294.25,13.75,27.75,0.53996
570,335.75,367.25,12.5,25,0.53964
570,350.75,280.75,13.25,26.75,0.53917
570,172.5,400.75,15.5,31,0.53912
570,274.75,305,12,23.75,0.5391
570,284.75,426.75,14.5,29,0.53899
570,405.25,424.75,13.5,27.25,0.53848
570,589,265.5,16.5,33,0.53762
570,151.5,248,12.5,24.75,0.53734
570,444.75,309,11.5,23,0.53727
570,156,352.75,14.25,28.5,0.5366
570,214.5,269.75,12.25,24.5,0.53629
570,548,389.25,16.25,32.5,0.53594
570,195.5,393.75,15.75,31.75,0.53563
570,373,340.25,13.75,27.25,0.53426
570,382.25,440,12.5,25,0.53386
570,194,136.75,12.5,25,0.53373
570,418.75,376.75,12.5,24.75,0.5335
570,435.25,428.5,17.75,35.5,0.53342
570,124.25,398.75,16.5,33.25,0.53341
570,591,57.75,15,30,0.53255
570,213.25,424.75,14.5,29.5,0.53234
570,365.75,349.25,12.75,25.75,0.53197
570,193,368.5,13.25,26.75,0.53196
570,343.5,363.75,13.5,27,0.53185
570,219.75,300.25,22,43.75,0.53151
570,228,257.5,17,34,0.53147
570,528.25,298.5,12,24.5,0.53144
570,60.25,314,13.75,27.5,0.53099
570,482.75,293.75,13,25.75,0.53046
570,571.75,375.75,12.5,24.75,0.53012
600,196.75,381.5,13.75,27.5,0.55961
600,429.75,380,14.5,29.25,0.55904
600,490.5,387.75,18.75,37.5,0.55655
600,232.5,173.5,14.5,29.5,0.55621
600,124.5,335,15.75,31.5,0.55595
600,436.75,398.5,13.75,27.5,0.55572
600,477,383.25,14.75,29.25,0.55303
600,389,379.25,15,30.25,0.55129
600,364.25,390.75,13.5,27,0.54998
600,470.25,404.25,14,28,0.54849
600,476.75,394.75,15,29.75,0.54612
600,556.5,402.75,15.25,30.5,0.54609
600,315.25,412.25,13.25,26.75,0.54597
600,177,328,12.5,24.75,0.54568
600,580.75,376.75,12,23.75,0.54552
600,412,426.5,14.75,30,0.54524
600,406.75,371.75,13.25,26.5,0.5449
600,443.25,409.25,15.25,30.5,0.54394
600,220,383.75,15,30,0.5434
600,413,379.25,13.5,27.25,0.54245
600,60,392,16.5,32.75,0.54141
600,181.25,369.5,14,28,0.54127
600,53.5,379,13.5,27.25,0.54123
600,373,387.5,14.75,29.5,0.54046
600,628.5,280.5,12.5,25,0.54036
600,187.75,413.75,16.25,32.5,0.54035
600,597,404,13.75,27.5,0.54015
600,628.5,416.75,12,24.5,0.54
600,0,195.75,13,25.75,0.53994
600,55.75,312.25,12.25,24.25,0.53992
600,616.5,144.75,25.75,51.5,0.53986
600,360,377.25,12.25,24.5,0.53968
600,572,417.25,15.75,31.75,0.53964
600,69.25,311.75,13.75,27.5,0.53921
600,131.75,371,15,30,0.53917
600,117,358,14,28.25,0.53893
600,333,344,12.5,25,0.53886
600,76.5,311.25,13.5,27.25,0.53842
600,132.25,349.25,13.25,26.5,0.53838
600,300,70.25,13.5,27.25,0.53766
600,390.25,336.5,13,26.25,0.53757
600,484.5,381.75,14.25,28.5,0.53746
600,84.25,400,16,32,0.53673
600,526,381.25,18.75,37.25,0.53612
600,532,402,15.5,31,0.53578
600,452,410.25,15.5,30.75,0.53546
600,155.25,294.25,23.75,47.25,0.53535
600,139,367.75,15.25,30.75,0.53513
600,542.75,160.5,31.25,62.5,0.53508
600,68.5,389.75,14.5,29.25,0.53459
600,396.75,424.75,13,26,0.53424
600,539.75,420.25,14.25,28.5,0.53396
600,396.25,307,13.5,26.75,0.53377
600,37.5,352.25,13.5,26.5,0.53376
600,311.25,69,12.75,26,0.53375
600,51.5,399.5,16.25,32.25,0.5337
600,579.75,233.5,13.25,26.25,0.53353
600,229.75,365,13,25.75,0.53333
600,261.75,316.75,12.5,24.5,0.53259
600,443.75,389.5,13.5,27,0.53257
600,27.5,279.75,12.75,25.25,0.53212
600,139.75,379.5,17.75,35.5,0.53206
600,358.5,294.25,14.5,28.75,0.53188
600,103,360.75,12.25,24.5,0.53121
600,492.5,380,15,30,0.5312
600,405.25,412.5,13.5,26.75,0.53113
600,134.25,326,13.25,26.5,0.53086
600,76,360.25,14.75,29.25,0.53083
600,174.5,428,12.25,24.5,0.53067
600,482.75,415,17,33.75,0.53046
600,213,375.75,13.75,27.5,0.53029
600,582.5,31.75,12,23.75,0.53018
630,383,346.75,12.75,25.75,0.56267
630,180.75,381,14.5,29.25,0.55231
630,575,5.25,22,44.25,0.55077
630,253,379.5,14.5,28.5,0.54959
630,348.5,331.75,13.5,27,0.54848
630,346.5,269,12.75,25.5,0.54575
630,332.75,410,15.5,30.75,0.54537
630,487.5,399.5,13,25.75,0.54531
630,390.5,414.5,12.5,25,0.54361
630,54.5,94,12.5,24.75,0.54334
630,317.25,375,14,27.75,0.54234
630,265.25,348.75,12.5,25,0.54215
630,604.25,10.75,14,28.25,0.54
630,263,336.5,16,32.5,0.53987
630,108.25,369,12,24,0.53938
630,156.25,396.5,15.25,30.5,0.5393
630,405.25,415,13.5,27,0.5378
630,504.25,23.75,31.75,63.5,0.53729
630,166.5,315.5,13.5,27.25,0.53655
630,227.5,284.75,37,73.75,0.53607
630,260.5,380,14,28.25,0.53552
630,421.5,347.25,14.5,29.25,0.53515
630,342.5,400,12.5,24.75,0.53507
630,348.5,396,13.25,26.5,0.535
630,470,398.5,14,27.75,0.53471
630,596.75,363.5,14.75,29.5,0.53464
630,355.75,416.5,15.25,30.5,0.53448
630,127.75,389.25,13.25,26.75,0.53354
630,603.5,381.5,16.25,32.25,0.53312
630,389,446.75,15.25,30.25,0.53307
630,332.25,302.5,14.5,29,0.53266
630,152.75,393,11.5,23,0.53256
630,246.25,400.5,14,27.75,0.53253
630,172.75,381.5,15.5,31.25,0.53249
630,141.25,28.25,12,24,0.53193
630,332.5,382.25,16,32,0.53173
630,388.25,383.5,15.5,30.75,0.53114
630,435,405.25,18,35.75,0.53097
630,39.75,169.5,13.75,27.5,0.5307
630,520,397.25,11.75,23.5,0.53051
630,373.25,257,12.5,24.75,0.53048
630,609.25,91.75,13,26,0.53036
630,267.5,63.5,13.25,26.25,0.53012
660,165,330.5,14.25,28.5,0.56246
660,572.25,410,15.5,31,0.55968
660,172.5,405.5,15.75,31.75,0.55858
660,164,378.5,16,31.75,0.55839
660,21.5,277.75,13.5,27,0.55597
660,317.25,85.25,13,26,0.55452
660,56,375.75,12.5,24.75,0.55397
660,205.25,402,14.25,28.25,0.55105
660,164.25,408,15.25,30.25,0.5488
660,259.25,60.5,12,24.25,0.54742
660,291.75,370,14.75,29.5,0.54605
660,172.5,329,15.75,31.25,0.54526
660,141.25,335,13.5,27.25,0.54411
660,264.5,70.5,13.75,27.5,0.54113
660,231.25,108.25,13.75,27.5,0.54056
660,179.25,399.75,12.5,24.5,0.54049
660,588.75,377.25,12,23.75,0.53948
660,180.75,343,14.25,28.25,0.53817
660,259.75,71.25,13,25.75,0.53803
660,230.25,400,12.75,25.75,0.53789
660,622,19.75,17.5,35,0.53781
660,247,46.5,13.25,26.25,0.53768
660,568.75,361,11.5,23,0.53719
660,185,169.25,18.5,36.5,0.53692
660,230,235.25,13,26.25,0.53673
660,603.75,384,16,32.25,0.53667
660,93.25,318.25,13.25,26.5,0.53632
660,68.5,378,15.5,31.25,0.53531
660,-4,116.5,31,62.25,0.53499
660,292.75,394.5,14.75,29.5,0.53422
660,270.75,348.75,14,27.75,0.53339
660,140.25,172.5,142,284,0.5333
660,212.25,359,12.5,25.25,0.53295
660,442.5,382,16.75,33.5,0.53295
660,134.5,324.25,14,28,0.53275
660,325.75,383,14.25,28.5,0.53238
660,1.5,89,14,28,0.53194
660,69.25,356.5,13.75,27.5,0.53169
660,237.5,234.5,13,26,0.53143
660,476.75,396,13.25,26.75,0.53131
660,158.75,63,13.75,27.75,0.5313
660,227.25,379.5,20.75,41.25,0.53126
660,606,373.5,14.5,29,0.53113
660,61.5,264.25,13.25,26.25,0.53071
660,127.5,102.25,19.75,39.5,0.53071
660,372.5,419.75,14.5,29,0.53062
660,317.5,341,13.75,27.5,0.53059
660,582,339.25,14,27.75,0.53011
690,60,367,17,34,0.56068
690,581.25,357.5,14,27.75,0.56027
690,484.75,372,14.25,28.75,0.55869
690,285.5,349.5,13.75,27.5,0.54902
690,363.25,395.5,18.75,37.25,0.54836
690,251.75,50.25,12.75,25.5,0.54682
690,60.25,303.75,16.25,32.25,0.54215
690,56.5,303.5,12.25,24.75,0.54174
690,440.25,294.75,14.75,29.75,0.54145
690,155.75,339.25,15.25,30.5,0.5405
690,541.5,406.25,14,27.75,0.54046
690,476.75,324.25,12.25,25,0.54023
690,492.25,411.5,14.5,29,0.54001
690,370.25,183.75,12.25,24.5,0.53957
690,508.25,371.75,15,30.25,0.53921
690,37.25,382,13.75,27.5,0.53856
690,412.75,318.5,13.5,27.25,0.53852
690,573.25,416.5,13.5,27,0.53725
690,475.25,20.75,13,26.25,0.53708
690,215,315.5,12.25,24.5,0.53688
690,493.75,316,13.25,26.5,0.53649
690,276.75,427.25,15.25,30.5,0.53561
690,325,424.5,15.5,30.75,0.53513
690,618,29.75,23.5,46.75,0.53489
690,488,70,12.25,25,0.53474
690,132.5,421.25,12.5,25,0.5347
690,190.25,53,17.25,34.25,0.53436
690,613.25,15.5,26.25,52.25,0.53433
690,299.25,25.5,12.5,24.75,0.5341
690,264,70.75,14.25,29,0.53408
690,69.25,384.75,13.25,26.75,0.53375
690,262,372,13.25,26.25,0.5329
690,6.75,69,12.75,25.75,0.53282
690,424.75,294,12.5,24.75,0.5328
690,372.25,388.5,14,28,0.53279
690,-2.5,41.5,20.5,41,0.53273
690,420.25,317.25,15,30,0.53226
690,318.75,46.25,27.25,54.25,0.53197
690,543.25,29.25,13.75,27.5,0.5316
690,604.25,380.25,15,30.25,0.53152
690,378.25,363,19.25,38.75,0.53144
690,301,356.75,15.5,30.75,0.53077
690,476.75,376,13.5,26.75,0.53059
690,56.25,253,27,53.75,0.53049
690,64,292.75,13,26,0.53008
690,94.5,92.5,22.25,44.5,0.53005
720,187.75,387,15.75,31.75,0.57187
720,300.75,27.75,13.25,26.5,0.57082
720,284.75,258.5,14.25,28.25,0.56106
720,84.5,395.75,15.75,31,0.55438
720,389.75,413.5,13.5,27.25,0.55252
720,294,13.25,16.5,33.5,0.55217
720,124.5,397,14.5,29,0.55082
720,167.5,386.75,13.75,27.5,0.54722
720,93,398.75,13.25,26.5,0.54526
720,340.75,416,14.5,29,0.54477
720,412.5,266.25,11.75,23.75,0.54351
720,381.25,395.25,15,30,0.54242
720,172,319.5,15.25,30.5,0.54214
720,324.25,408.5,14.75,29.5,0.54201
720,535.75,289.5,13.5,26.75,0.54145
720,108.25,385.5,15.75,31.5,0.54077
720,524.25,349.5,13,25.5,0.5405
720,520.75,373,11.5,23,0.53982
720,307.25,27.25,13,26,0.5398
720,116.75,331.25,15.25,30.5,0.53916
720,382,412.5,14,27.75,0.53895
720,434.75,363,11.5,23.25,0.53813
720,300.25,49,13.25,26.5,0.53766
720,173.25,389.25,14.25,28.75,0.53764
720,197,294.75,14,28,0.53724
720,140.75,324,12,24.25,0.53697
720,582,376.25,13,26,0.53696
720,68.75,394.75,14.75,29.5,0.53694
720,516.5,354,16,32,0.53621
720,491.25,301.75,16.75,33.5,0.53619
720,604.75,368.25,11.5,23.25,0.53584
720,443.75,327,12.75,25.75,0.53532
720,569.75,1.25,15.5,30.75,0.53493
720,476.75,387,14.5,29,0.53482
720,420.75,312.5,15.25,30.5,0.53445
720,470.75,411.75,12.75,25.5,0.53422
720,44.5,311.5,13,26,0.534
720,311.5,431.5,12.25,24.75,0.53392
720,539.5,413,15,30.25,0.53391
720,563.25,400,17.25,34.25,0.53389
720,116.75,398.75,13.75,27.5,0.53342
720,421.75,292.5,13.5,27,0.53334
720,510,352.75,14,28,0.53315
720,470,307.25,14.5,29.25,0.53306
720,155.75,326.5,16,31.5,0.53265
720,598.5,395.25,12.5,25.25,0.53233
720,55,1,11.75,23.5,0.53196
720,364.5,268,11.75,23.25,0.53163
720,203.5,308.25,13.5,26.75,0.53159
720,400.75,172.5,19,38,0.53159
720,102,336.25,13.25,26.75,0.53155
720,403.25,395.5,15.75,31.5,0.53148
720,108,396.25,14,28,0.53145
720,284.25,28,16,32.25,0.53115
720,536.75,350,12.75,25.5,0.53093
720,428,126.75,13.25,26.5,0.53072
720,539,285.75,15.25,30.25,0.53065
720,396,397.5,14,27.75,0.53036
720,42.75,318,18,36,0.53018
720,512.75,380.75,12.75,25.5,0.53016
720,-2.25,46,19,38,0.53014
720,412,402,14,27.75,0.53007
750,435.5,402,16,32,0.56505
750,124.5,380.75,15.25,30.75,0.56329
750,400,295,12.5,25,0.56215
750,141,420.75,14.5,28.75,0.56001
750,133.5,420.75,15,30.25,0.55813
750,148.75,423.75,13.75,27.5,0.54862
750,77,377.75,13.75,27,0.5457
750,374.25,383.5,12.25,24.5,0.5453
750,518.5,371.75,12.5,25.25,0.54506
750,123.75,47,38.5,77.25,0.54442
750,91,343.75,12.75,25.5,0.54368
750,301.25,33,15.25,30.75,0.54306
750,148.5,417,14.75,29.25,0.54189
750,292.5,25,12,23.75,0.54117
750,509.75,373,13.25,26.5,0.53952
750,237.25,431.5,13,25.75,0.5394
750,481,98,18.75,37.25,0.53915
750,149,378,13.75,27.25,0.53857
750,618.5,113.5,14.25,28.75,0.53751
750,292.5,12.75,16.75,33.25,0.53674
750,620.25,7.25,14.5,28.75,0.53621
750,84.5,350.25,12.5,25,0.53614
750,126,430.5,13,26.25,0.53608
750,49.5,263.5,12.5,24.75,0.53565
750,411.75,46,13.75,27.5,0.53465
750,493.25,315,14.25,28.5,0.53422
750,60.5,366,14.75,29.5,0.53404
750,597,378,16.75,33.25,0.53357
750,85,353.75,15.25,30.75,0.53313
750,422,348.75,13.5,27.25,0.53303
750,525,414,13.75,27.75,0.53218
750,132.5,202.5,12,24,0.53156
750,604,358.75,13.75,27.75,0.5312
750,300.75,7.25,19.5,39.25,0.53115
750,510,65,12.75,25.25,0.5311
750,-1.75,112,14.5,28.5,0.53106
750,467.5,402,16,31.75,0.53083
750,149.5,329.5,13.25,26.75,0.53039
750,285,26.5,13.75,27.5,0.53021
750,19.25,45.25,34.25,68.25,0.53011
750,309,26.5,13.5,26.75,0.53001
780,475.75,435.75,15.5,30.75,0.57499
780,394.75,435.75,14.25,28,0.55861
780,367.5,284.25,12.25,24.5,0.55804
780,564.5,427.25,14.5,28.75,0.55436
780,380.5,272.25,12.25,25,0.5512
780,540.25,321.75,13,26,0.54926
780,500.75,42.25,13.25,26.75,0.54315
780,301,34,15.25,30.5,0.54282
780,523,358.25,13.5,27,0.54233
780,75.5,4.25,52.5,105.25,0.54135
780,279,375.25,12.75,25.5,0.54127
780,285.25,379.5,13.75,27.25,0.54107
780,620.25,407.75,12.25,24.25,0.54032
780,293,385,15.75,31.5,0.53945
780,604.75,361.5,13.5,27.25,0.53882
780,258.75,278,12.25,25,0.53761
780,588.5,32.25,35.75,72,0.53709
780,204.75,429,14.25,28.75,0.53704
780,401.75,180.25,16.75,33.75,0.53662
780,23.25,335.25,13,26.25,0.53633
780,470,393.5,13,26.25,0.53626
780,403.5,434.5,15.25,31,0.5356
780,204.25,398.5,12,24.25,0.53536
780,253.5,399.75,14,28.25,0.5352
780,68,356,14.25,28.25,0.535
780,597.25,365.25,13.75,27.25,0.53458
780,17.5,189,14.5,29,0.53457
780,227.5,392.5,13.5,27,0.53456
780,117.5,395,14.25,29,0.53431
780,573.25,426.5,15.25,30,0.53399
780,405.75,401.25,14,28,0.53364
780,309.25,28.25,12.5,24.75,0.53314
780,498.75,433,14.75,29.75,0.53279
780,332,21,12,24,0.53269
780,502,358.75,13.25,26.5,0.53263
780,149,386,14,28.25,0.53158
780,581,356.25,14.25,28.5,0.53144
780,232.5,374.25,12.75,25.5,0.53127
780,582.25,363.25,12.75,25,0.53125
780,534.75,106.5,15,30,0.53118
780,594.75,382.25,17.25,34.5,0.5306
780,85.25,307.5,14.75,29.5,0.5301
810,141.5,411.75,12.75,25.5,0.57794
810,148.25,133.25,12.25,24.5,0.5588
810,552.25,391.25,12.25,24.5,0.55315
810,236.5,386.5,15.25,30,0.55095
810,310.5,14.5,13.25,26.75,0.54843
810,523.25,369.25,14.25,28.75,0.54826
810,508.25,361,15.5,31,0.54422
810,124.75,411.5,14.5,29.25,0.54351
810,156.25,404.75,12.5,24.75,0.54343
810,564,407.5,15.75,31.75,0.5418
810,446.25,363.5,18.25,36.5,0.54158
810,125.5,433,13.25,26.5,0.5395
810,572.25,385.75,12.25,24.25,0.53835
810,491.75,353.25,16,31.5,0.53826
810,444,387,14.75,29.75,0.53816
810,588.25,444.25,12.5,25.5,0.5378
810,531.25,347.75,14.75,29.5,0.53705
810,202.25,14.25,50.75,101.5,0.53645
810,210.25,360.5,12.25,24.75,0.53571
810,564.75,356.5,13.5,27,0.53549
810,598.25,416.5,12,24.25,0.53531
810,382.75,394,13.25,26.75,0.53522
810,324.5,10.25,15.25,30.5,0.5349
810,181,413,15.75,31.5,0.53477
810,604.5,413.5,13.75,27.5,0.53466
810,165.5,360.5,14,28,0.53357
810,292,382.5,15,30,0.53279
810,299.25,430,16.5,32.75,0.5326
810,546,26.5,13,26.25,0.53219
810,507,347.25,14.75,29.25,0.53219
810,414.75,265,13.75,27.25,0.53189
810,224.75,51.25,32.5,65,0.53173
810,400.25,236,16.25,32.25,0.53081
810,220.25,400.25,15,30.25,0.53079
810,589.5,419,13,26.25,0.53074
810,476.25,180.75,16.5,33,0.53053
810,108,384.25,14.5,29,0.53051
810,550,412,13,26,0.5305
810,88.75,349,11.5,23,0.53046
810,408.75,301,11.5,23,0.53025
810,100.25,101.25,18.5,37.25,0.53009
810,266.25,377.5,28,56.25,0.53006
840,187.75,424.25,12.5,24.5,0.5785
840,298,16.75,23,46,0.57847
840,61,348.75,14.25,28,0.57501
840,100,362.25,15.25,30.5,0.55879
840,212.5,426.25,15.25,31,0.55795
840,199.75,421.75,12.75,25.5,0.55488
840,588.5,411.25,13.25,26.25,0.55065
840,508,326.5,12.75,26,0.55062
840,91.75,263.5,13,25.75,0.54964
840,555.5,351.25,16.5,33,0.54867
840,172.75,418.25,15.25,30.25,0.54841
840,380,336.5,16.25,32.5,0.54818
840,565,341.5,13.75,27.75,0.54728
840,108.5,339.25,14.25,28.75,0.54657
840,172.5,312.25,12.25,24.5,0.54644
840,384.5,416.5,12.25,24.5,0.5463
840,84.75,421,15.5,30.75,0.54561
840,59.75,421.25,17.5,35,0.54385
840,76,353.75,15.25,30.5,0.54382
840,426.75,177.5,12.75,25.5,0.54331
840,179,309.5,12.5,25.25,0.54329
840,106.25,156.5,22.5,45.25,0.5431
840,483.5,361,14,28,0.54252
840,531.75,332.25,18.5,37,0.54231
840,44.5,350.75,14.25,28.5,0.54207
840,116,419.25,16.5,32.75,0.54173
840,264.75,41,11.5,23,0.54118
840,100.5,422.25,15,30,0.54106
840,124.5,347.25,14.75,29,0.54049
840,317,389.5,15,30,0.54021
840,92.5,421.25,16,31.75,0.54018
840,579.25,349.5,16.75,33.5,0.54001
840,231,416.75,12,24,0.53795
840,521.75,330.25,18.5,37,0.53744
840,236.5,422.75,13.25,26.75,0.5366
840,421.75,381,13.75,27.25,0.53647
840,213.25,332.5,14,28.25,0.53633
840,453,70.75,19,38,0.53626
840,280.5,9.25,12,24,0.53515
840,252,316.75,11.75,23.25,0.53513
840,27.75,271.25,16.5,33.5,0.53504
840,582,226.75,15.75,31.25,0.53487
840,17,129.5,15.75,31.25,0.53472
840,204.25,345.5,14.75,29.75,0.5345
840,572,348,14.75,29.5,0.53445
840,176,205.75,50.75,101.5,0.53427
840,64,261,12.25,24.5,0.53424
840,616.5,172.75,25.25,50.25,0.5341
840,570.5,328.5,12.25,24.5,0.53368
840,101,336.5,14,27.75,0.53353
840,489.75,300.25,13.25,26.5,0.53343
840,197.5,331.75,13.75,27,0.53339
840,100.5,410.25,16.5,33.25,0.53295
840,564.75,355.5,14.75,29.25,0.5326
840,204.75,428.25,14.75,29.75,0.53245
840,107.75,423.25,15.75,31.25,0.53244
840,7.75,303,12.5,24.75,0.53224
840,187.75,311,13.25,26.75,0.53159
840,244,367.25,15.5,30.75,0.53136
840,84,258.75,15,30,0.53079
840,75.75,42,14.5,29.25,0.53033
840,20.75,359.75,13,26,0.53022
840,296.5,344.25,12,24,0.5301
840,278.25,47.75,14.5,28.75,0.53003
870,507,421.75,16.75,33.75,0.56141
870,380,375.5,12.75,25.5,0.54451
870,51.25,272.25,13,25.75,0.54412
870,268.25,378.75,12,24,0.54191
870,456.75,433,11.5,23,0.53968
870,307.5,10,13.75,27.5,0.53848
870,390.25,428.25,13.25,26.25,0.53838
870,365.75,262,13,25.75,0.53835
870,260.5,14,12.75,25.75,0.53745
870,403.25,392,16.5,33,0.53694
870,412,406.25,17,34,0.53623
870,332.5,435,14.5,28.75,0.53602
870,503,414.75,13,26,0.53468
870,333.5,263.25,13,25.75,0.53465
870,511.5,20.5,28.75,57.75,0.53449
870,598,382.5,13.25,26.5,0.53417
870,402.75,362.25,16,31.75,0.53378
870,430.5,379.5,12.75,25.25,0.53329
870,187.25,39,14.75,29.5,0.53255
870,-1.5,21.5,14,28.25,0.53135
870,581.75,427.75,13.5,27,0.53129
870,516,248,18,35.5,0.53079
870,287.25,350,13.75,27.25,0.53068
870,572.25,5.25,20,40.25,0.53007
900,276,253.75,13.75,27.75,0.54651
900,229.75,313,14,28,0.54536
900,-3.75,126,57.25,114.5,0.54519
900,360,421.25,28,56.25,0.54288
900,292.25,303.25,12.25,24.75,0.54178
900,214.75,313.25,12.25,24.75,0.54032
900,620.5,425.5,12,23.75,0.53864
900,482.75,79.25,15.75,31.75,0.53689
900,355.75,366.25,12,24,0.53482
900,588.75,166.25,12.75,25.5,0.53293
900,277.75,348.5,13.75,27.5,0.53278
900,36,49.5,15.5,30.75,0.53225
900,238.25,106,20.5,41.5,0.53218
900,262,302.25,12.5,25,0.53178
900,248.75,293.25,32.5,65,0.53173
900,540.25,336.5,13.25,26.5,0.53118
900,466.75,264.75,19.25,38.5,0.53095
900,279,296.75,12,24.25,0.53088
900,234,21.25,18.5,37,0.53065
900,596.75,348.75,12.25,24.5,0.53059
900,253.25,299,13.75,27.75,0.53045
900,214.25,289,12.75,25.5,0.5303
900,390,414.5,13,26,0.53016
930,244.75,296,12.75,25.75,0.546
930,70.25,402.25,14.25,28.75,0.54486
930,42.75,199.5,20,40.25,0.54463
930,28.75,315.75,14,28,0.54352
930,100.25,362.75,14.75,29.5,0.54334
930,60.25,309.5,14.5,29,0.54292
930,407.75,447.5,13,26.5,0.53929
930,204.25,107.25,22,44,0.53918
930,269,341.75,14,27.75,0.5378
930,180.75,363.5,14,28.25,0.53601
930,7.5,46.75,15.25,30.5,0.53575
930,269.25,175,21,42,0.53445
930,20.75,317.25,13.5,26.5,0.53394
930,340.5,451.5,12.5,25.25,0.5338
930,107.75,347.5,14.5,29,0.53161
930,611.5,47.25,12.25,24.75,0.53008
960,75.5,378,12.75,25.25,0.54921
960,230,24.75,12.75,25.75,0.54803
960,124.75,364.75,14.5,29,0.54802
960,132.25,363.25,15.5,31.25,0.54612
960,443.75,382.5,12.75,25.5,0.54539
960,532.75,319.75,13.75,27.5,0.54318
960,264,351.5,12.25,24.75,0.53918
960,582.5,331.75,13,25.75,0.53661
960,197.25,349.25,14.25,28.5,0.53565
960,212.5,350.75,13,26,0.53537
960,416.75,52.75,23.75,47.75,0.53476
960,165.5,415.25,14,27.75,0.53351
960,279.25,299.5,12,24.25,0.53214
960,18,200.5,12.75,25.25,0.53162
960,476.75,84,12.75,25.5,0.53088
960,623.5,60.75,18.75,37.25,0.53061
960,154.25,84,16.25,32.5,0.5304
990,233.75,392.5,12.25,24.5,0.55194
990,123.75,407.75,13.75,27.25,0.54976
990,38.5,9.5,12,24,0.54862
990,188,429.75,13.25,26.25,0.54584
990,450,409.25,12,24.25,0.54512
990,519.75,424.5,12.5,25.25,0.54296
990,565.75,158.75,85.5,171.25,0.53744
990,138.25,395.5,12.5,25.25,0.5364
990,239.25,379,13.25,26.75,0.53585
990,320.25,332.25,12.75,25.5,0.53464
990,269,421.25,13.75,27.5,0.53345
990,246.25,384.5,12.5,25,0.53343
990,296.5,335.5,12.25,24.25,0.53326
990,232,380.75,13.75,27.25,0.53323
990,176.75,292.75,12,24,0.53278
990,262.25,405.75,13.5,27,0.53214
990,476,406.75,16.25,32.75,0.53213
990,153.25,378,18.5,37,0.53205
1020,387.25,409.75,15.25,30.5,0.55183
1020,387.75,344.5,13,25.75,0.54951
1020,598.25,388,13.75,27.5,0.54319
1020,319.5,205.75,15.5,31,0.54235
1020,20.75,341,15,30,0.5418
1020,597.25,362.25,13.75,27.5,0.54103
1020,548.25,27,12.25,24,0.54047
1020,476.25,416.25,12.25,24.75,0.53929
1020,340.75,390.75,12.75,25.5,0.53878
1020,340.5,427.5,14.5,29.25,0.53729
1020,344.5,202,22,44.25,0.53638
1020,144.5,339.75,12.75,25.5,0.53551
1020,476.75,437.25,14.25,28.5,0.53549
1020,603.75,383.75,15,30,0.53389
1020,421.5,413.25,14,28,0.53321
1020,18.25,328.25,12.25,24.5,0.53289
1020,360.25,393,12.25,24.25,0.53234
1020,355.5,143.75,12,24,0.53203
1020,489.75,146.75,13,25.5,0.53137
1020,378.75,401.25,11.75,23.25,0.53113
1020,579.75,9,19.75,39.25,0.53108
1020,386.75,151,14.75,29.75,0.53031
1020,378.75,336.25,16,32,0.53014
1050,564.75,236.75,13.75,27.25,0.57575
1050,317,417,14.75,29.5,0.56765
1050,532.5,235.75,14.5,29.25,0.55956
1050,478,415.5,12.75,26,0.55874
1050,-1.5,191.25,13,26,0.55578
1050,-1.5,181.75,12.75,25.75,0.55295
1050,515.5,394.5,16.25,32.75,0.55128
1050,580.75,90.75,14.75,29.25,0.54662
1050,333.25,90.25,14.75,29.5,0.54644
1050,492,399.75,12.5,25,0.54537
1050,556.25,386,15.75,31.5,0.54446
1050,212.25,424.75,12.25,24.5,0.54081
1050,147.5,411.5,12.75,25.5,0.54055
1050,556.5,234.25,14.5,29,0.5397
1050,268.75,426.5,14.75,30,0.53861
1050,604.5,401,13.25,26.75,0.53851
1050,492.25,223.5,12.25,25,0.53735
1050,613,139.25,14.75,29.5,0.53682
1050,-1.75,148,14.75,29.25,0.53671
1050,349,359.75,12.75,25.75,0.53666
1050,411.75,424.75,15.75,31.5,0.53659
1050,508,401.25,16,32,0.53609
1050,620.25,347.25,12.25,24.25,0.53559
1050,556.25,353,15.5,31,0.53514
1050,533,399,14.25,28.25,0.5344
1050,412.5,73.5,12.25,24.5,0.53399
1050,582.25,223,12.75,25.75,0.53344
1050,567.25,307.5,13.5,27,0.53327
1050,130,366.25,13.75,27.5,0.53233
1050,548.25,234.25,14.75,29.5,0.53214
1050,95,152,13,26,0.53211
1050,497,399.25,12.5,25,0.532
1050,302.75,27,11.5,23.25,0.5319
1050,558,105.5,12.75,25.5,0.53141
1050,492.5,351.5,15.75,31.75,0.5304
1050,236,9,12.75,25.5,0.53004
1080,60.5,389.5,15,30,0.55048
1080,565,411,14.25,28.25,0.54883
1080,476.25,410,14.25,28,0.53715
1080,298.75,366.5,12,24,0.53659
1080,572,72.5,12.25,24,0.5359
1080,150.75,6.75,28,56,0.53428
1080,358.25,132.5,15.5,31.25,0.53181
1080,532,157.5,12.25,24.75,0.53177
1080,280.25,105.5,12.25,24.5,0.5315
1080,14.75,38.25,38.5,77,0.53126
1080,46.25,283.75,14.5,29.25,0.531
1080,238.75,56,13.75,27.25,0.53067
1080,339.75,377.25,13.5,27.25,0.53011
1110,105.75,45.25,18.75,37.5,0.56312
1110,125.75,430.5,13,26,0.55631
1110,92,47.25,13.75,27.75,0.55553
1110,107.5,44.5,13,25.5,0.55384
1110,358,412.25,14.25,28.25,0.55224
1110,604.5,375.5,13,25.75,0.55084
1110,108.5,418.25,15,30,0.55077
1110,333.5,398,13.5,27,0.55059
1110,117.75,419.25,14.5,28.75,0.54611
1110,316.25,409.25,12.25,24.5,0.54543
1110,172,399,12.5,24.75,0.54514
1110,124.25,289.5,12.5,25,0.54459
1110,134,44,19.25,38.5,0.54399
1110,115.5,45.5,18.75,37.5,0.54388
1110,516.75,443.25,14,28,0.54371
1110,579.75,383,16,32,0.5418
1110,300.5,385,16.5,33,0.54014
1110,548.5,379,14.75,29.5,0.54011
1110,170.5,24,20.75,41.75,0.53943
1110,200.5,328.5,12.25,24.5,0.53894
1110,19.75,209,24.25,48.75,0.53874
1110,124,383.5,12.5,25.25,0.53859
1110,70,415.25,14.5,29,0.53826
1110,538.5,46.75,11.75,23.5,0.53826
1110,510.75,225.5,15,30.25,0.53814
1110,546.75,360.25,12,24.25,0.53763
1110,284.75,378.75,14.75,29.25,0.53761
1110,148.25,2.25,16,31.75,0.53693
1110,85.25,58.75,14,27.5,0.53673
1110,158.25,189,15.25,30.5,0.53665
1110,491.5,372,14.5,29,0.5357
1110,349,394.75,15,30,0.53544
1110,380.75,408.75,11.75,23.75,0.53515
1110,360,54.25,12.25,24.75,0.53513
1110,459.5,353.5,16.75,33.5,0.53509
1110,164.5,299.5,15.25,30.25,0.53503
1110,587,347.75,13,26.25,0.53424
1110,156.25,304.25,15.5,31.25,0.53411
1110,146.5,26.5,18.5,36.75,0.53408
1110,27.75,35.25,17,34.25,0.53386
1110,37.5,310.75,13.5,27,0.53386
1110,84.25,59.25,13.5,26.75,0.53335
1110,276.5,385.25,16,32,0.53334
1110,291.5,376.75,15.75,31.25,0.53316
1110,229.25,302.75,14.5,29,0.53297
1110,126.25,44.25,12.75,25.5,0.53252
1110,112.75,385,12,23.75,0.53222
1110,184.25,26.5,19,38.25,0.5321
1110,628.5,211,12,23.5,0.53195
1110,532.75,361.75,14.25,28.5,0.53194
1110,434.75,53,11.5,23,0.53184
1110,232.75,433,11.5,23,0.53179
1110,167.25,45.5,13.25,26.25,0.53178
1110,205.25,337.75,13.5,27.25,0.53162
1110,360.5,53.25,25.75,51.5,0.53161
1110,98.25,46.25,18.25,36.5,0.53157
1110,147.75,368.5,12,24,0.53156
1110,220,84,14.25,28.5,0.53142
1110,244.75,312.25,15,29.5,0.53138
1110,581.75,416.5,13,25.75,0.53094
1110,144.75,42.75,20,40.25,0.53093
1110,115.5,32.75,18,36,0.53091
1110,422,407.75,12.5,25,0.53054
1110,299.75,403.5,14.75,29.5,0.53034
1110,85.5,416,15.75,31.5,0.53032
1110,108.25,406,12.5,25.25,0.53004
1140,165,401.5,14.75,29.25,0.57597
1140,452,353.5,15.75,31.5,0.56924
1140,374,431.25,13,25.75,0.56232
1140,268,31,16.5,33,0.55993
1140,404.25,339,15.25,30.75,0.55986
1140,292.25,296.75,13.5,26.75,0.55925
1140,237.25,39.25,13.25,26.5,0.55618
1140,364.5,417,11.75,24,0.55348
1140,212.75,350.5,14.5,29,0.5532
1140,324.5,309.5,14,28.25,0.55184
1140,379.75,270.75,15,30,0.55112
1140,333,402,14.5,29.25,0.55066
1140,335,34.75,15.5,30.75,0.54996
1140,277.75,250,14,27.75,0.54788
1140,420.5,330.75,15.25,30.5,0.54725
1140,563.25,312.5,16,32,0.54623
1140,85.75,111,15.25,30.25,0.54577
1140,292,348,14.5,29,0.54561
1140,339.75,397,16.75,33.25,0.54555
1140,269.25,251,13.5,27,0.545
1140,85.25,396,15,30,0.54486
1140,343.5,35.25,13.75,27.75,0.54417
1140,212.5,379.75,15.25,30.75,0.54372
1140,251,29,19.25,38.75,0.5436
1140,406,309.5,13.25,26.5,0.54336
1140,365.25,426.75,15,30,0.54335
1140,244,27.5,13.5,27,0.54335
1140,421,414.5,13.75,27.5,0.54277
1140,277.25,414,14,27.5,0.54274
1140,380.5,397.5,14.25,28.5,0.54167
1140,196.75,329.5,15.25,30.25,0.54121
1140,272,289.75,12,23.75,0.54119
1140,268.75,433,15.75,31.75,0.5411
1140,244.25,41.5,12.75,25.75,0.54086
1140,483.5,26.75,18.5,37,0.54029
1140,468,383.75,16.5,33,0.53968
1140,196.5,308.75,14.5,28.75,0.53951
1140,588.5,412.5,15,30.5,0.53948
1140,311,11.75,13,25.75,0.5394
1140,203.25,13.5,19.75,39.75,0.53934
1140,395.75,259.75,12.25,24.25,0.53908
1140,357.25,429.5,13.5,26.5,0.5376
1140,229.25,292.5,13.5,26.75,0.53713
1140,347.5,380,16.5,33,0.537
1140,156.25,337.25,15.75,31.75,0.53666
1140,328.75,119.75,13,25.75,0.53646
1140,36.25,328,15.75,31,0.53585
1140,163.75,336.25,16.5,32.75,0.53544
1140,389,299.75,14.5,29.5,0.53535
1140,92.5,46.25,13.5,27.25,0.53533
1140,445.25,336,12.5,25.25,0.53505
1140,396,297.25,15.25,30.5,0.53491
1140,260.5,401.25,15.75,31.5,0.53475
1140,474.25,100.75,17.25,35,0.53441
1140,493.5,349.75,13.5,27.25,0.53418
1140,253.75,424,13.25,26.75,0.53393
1140,448.5,248.75,11.75,23.5,0.53383
1140,309.25,289,15.5,31,0.53367
1140,259.5,319,17,33.5,0.53354
1140,389.75,400.25,14.5,29.25,0.53351
1140,353.25,108.25,12.5,25.25,0.53341
1140,220.5,299.5,14.25,28.5,0.53339
1140,459.5,369.75,16,31.75,0.53338
1140,366.25,277.75,13.75,27.75,0.53304
1140,453.75,400,13,26.25,0.53299
1140,300.25,23.25,13,26,0.53295
1140,290,26.25,19.75,39.5,0.53239
1140,435.75,412.75,15,29.75,0.53229
1140,405.5,407.5,12.75,25.75,0.53211
1140,419.75,312.75,17,34.25,0.53204
1140,548,445,15.25,30.25,0.53201
1140,541,308.5,13.5,27.25,0.532
1140,317.25,308.25,14.75,29.5,0.53162
1140,181.5,313.25,12,24.25,0.53148
1140,243,338.25,16,31.75,0.53089
1140,284.25,24.75,12.5,25,0.53072
1140,444.25,425,15.25,30,0.53065
1140,92.75,386.5,14.75,29.25,0.5303
1140,566.75,304.25,12.25,24.5,0.53023
1140,468,394.25,15.75,31.5,0.53021
1140,348.5,417,14.25,28.5,0.53021
1170,611.5,339.5,13.5,27,0.57181
1170,133.75,428.25,13.75,27.75,0.56659
1170,164,400.25,16.25,32.25,0.56654
1170,277.25,337.5,14.75,30,0.56431
1170,172.5,317.25,15.5,31,0.56408
1170,405.75,343,13,26.5,0.56154
1170,443.75,401.5,16.25,32.5,0.5596
1170,180.75,429,13.75,27.75,0.55904
1170,180.25,339.5,14.25,28.75,0.55733
1170,260.5,400.25,15.75,31.5,0.5543
1170,276.5,392.5,15.5,31.25,0.55401
1170,156.5,404.25,14.5,28.75,0.55182
1170,292.5,293.25,14.25,28.25,0.54984
1170,285,347.5,14.25,28.75,0.54789
1170,382.25,415.5,13,25.75,0.54763
1170,252.75,181.5,13.25,26.5,0.54753
1170,308.25,292,15.75,31.75,0.5471
1170,596.5,343.75,12.75,25.75,0.54703
1170,219.75,332.5,16,32,0.54685
1170,251.25,286.5,17.75,35.75,0.54523
1170,8.5,84,19.5,38.5,0.54467
1170,330.75,299.75,14.5,29,0.54378
1170,421,401.5,16,31.75,0.54361
1170,260.5,340.5,13.25,26.75,0.54351
1170,347.75,361.5,15.5,31.25,0.54256
1170,316.25,248,12.5,25,0.54217
1170,372.75,402.5,15.25,30.5,0.542
1170,509.75,415.5,13,26,0.5417
1170,316.25,50,12,23.75,0.54115
1170,413.25,399.25,13,26,0.54086
1170,403,410.5,16.25,32.5,0.54082
1170,598.5,342.25,13.5,27,0.54017
1170,197.75,320,12.75,25.5,0.53949
1170,356.25,364,15.75,31.75,0.53938
1170,60,391.5,17,33.75,0.53855
1170,141.25,428.25,14.25,28.25,0.53819
1170,470.25,407.5,13.25,26.25,0.53816
1170,217.75,21.75,14,28,0.53795
1170,340.25,10.75,13.25,26.5,0.53777
1170,285,403.5,14.5,29.25,0.5375
1170,140,416.25,13,25.75,0.53684
1170,373,318,13.25,27,0.5368
1170,268.5,334.5,14.25,28.5,0.53673
1170,220.75,284.25,13.25,26.5,0.53672
1170,548.25,330.25,15,30,0.53652
1170,252.25,344.75,15.75,31.5,0.53649
1170,168.25,17.5,16,32,0.53625
1170,572,339.25,12.75,25.25,0.53622
1170,341.25,373.5,13.75,27.25,0.5362
1170,317.25,258.25,15.25,30.25,0.53614
1170,587.5,345.75,17.5,34.75,0.53597
1170,176.75,24,12.5,25,0.53558
1170,448,373.75,13.5,27.25,0.53468
1170,214.5,20.75,12.5,25.25,0.53467
1170,117.25,187,15.25,30.25,0.53463
1170,-0.5,35,13.25,26.5,0.53456
1170,454.75,354.75,27,53.75,0.53448
1170,243.75,335.75,12.75,25.75,0.5344
1170,332.5,261.75,16.5,32.5,0.53422
1170,251.5,273.75,17.5,34.75,0.53387
1170,408.25,147.25,12.25,24.5,0.53376
1170,493.25,324,14.25,28.25,0.53359
1170,44.25,399.75,17.25,34.25,0.53355
1170,232.75,12,19.25,38.5,0.53346
1170,86.5,172.75,44,88,0.53342
1170,44.75,89,11.5,23,0.53329
1170,68,24.5,18.25,36.5,0.53315
1170,565.5,397,13.5,26.5,0.53308
1170,380.25,360.5,16,31.75,0.53305
1170,214.5,13.5,12,24,0.53292
1170,358.25,315.5,14.5,28.75,0.5329
1170,587.5,401,15.75,31.5,0.53284
1170,85,395.5,13,26.5,0.53284
1170,155,21.25,13.5,27,0.53274
1170,283.5,379.5,14.5,29,0.53245
1170,420.75,359,13,25.75,0.53238
1170,243.25,286.5,17.75,35.25,0.53225
1170,156.25,376.5,12.5,24.75,0.5322
1170,588,349.75,16.5,33,0.53184
1170,268.25,400,16,32.25,0.53161
1170,175.75,5.75,15.25,30.75,0.5316
1170,315.5,376.5,24.75,49.75,0.53154
1170,175,401,15.75,31.25,0.53134
1170,205.5,303.5,13.5,27,0.53128
1170,546.25,313.75,12.25,24.25,0.53122
1170,372.75,363.25,14.5,29.25,0.5311
1170,124.5,389.25,14.75,29.5,0.53069
1170,477.75,377.25,15.5,31,0.53044
1170,148.5,335.25,15,30.25,0.53035
1170,302,19.75,13.5,27,0.53014
1200,317.25,373.25,14.25,28.25,0.56817
1200,405.75,358.75,13.25,26.5,0.5676
1200,605.5,342.75,13.25,26.5,0.56429
1200,221,425.5,14.5,29.5,0.55852
1200,236.75,421.5,14.75,29.75,0.55505
1200,75.5,364.5,17.25,34.75,0.55488
1200,60.25,365,14,27.5,0.55371
1200,343,20,12.5,25.25,0.55279
1200,276.25,134.5,12.25,24.75,0.55053
1200,384.75,34.75,12,24,0.55038
1200,92,383,15.5,30.75,0.54988
1200,341.5,435.75,13.5,27,0.54984
1200,565,379.5,13.75,27.25,0.54904
1200,308.75,396.25,16,32,0.54878
1200,172.5,25.25,12,24,0.54711
1200,261,346.5,14.5,29.25,0.54602
1200,380.5,381,15.75,31.5,0.54584
1200,580.25,433,15.75,31.25,0.54503
1200,508.25,436,15.25,30,0.54478
1200,571.75,401.75,16.5,33,0.54459
1200,558,415.5,12.75,25.5,0.54431
1200,486.25,448.25,12.25,24.5,0.54426
1200,141.25,391.5,13,26,0.54391
1200,604,425,13,25.75,0.54259
1200,84.75,394.5,15,30,0.54236
1200,597.25,342.5,13.5,26.5,0.5422
1200,277.25,399.5,14.5,29.25,0.54172
1200,356.75,346.25,15.5,31.25,0.54172
1200,92.5,311.25,13.5,27.25,0.54159
1200,333.25,427.75,14.25,28.5,0.54143
1200,438,385.25,14.25,28.75,0.54143
1200,589,424,13,25.75,0.54108
1200,204.75,388.75,11.5,23.25,0.54082
1200,404,343.75,12.75,25.75,0.54062
1200,119,350.5,16.75,33.5,0.54046
1200,435.75,412.25,16.75,33.5,0.54042
1200,408.25,412.75,11.75,23.75,0.5399
1200,134.5,338.5,13.5,27,0.53976
1200,396.5,452.75,12.25,24.75,0.53965
1200,348.5,222,13.5,26.75,0.5396
1200,260.75,392,12,24.25,0.5396
1200,365,400.5,14.75,29.75,0.53895
1200,336,336.25,12.25,24.75,0.53889
1200,164.75,392.25,12.25,24,0.53862
1200,149.25,393,13.5,27.25,0.53831
1200,68.25,317.25,13.5,27.25,0.53821
1200,253.25,426.5,14.25,28.75,0.53808
1200,546.25,66.25,13,26.25,0.53732
1200,256.25,271.25,17.25,34.25,0.53719
1200,200.25,316.25,12.25,24.75,0.53709
1200,-3,186.5,23.5,46.75,0.53672
1200,421.5,416.75,15.5,30.75,0.53647
1200,48.25,359.5,12.5,24.75,0.53634
1200,389,383,13.5,27.25,0.53626
1200,62.75,275,11.5,23,0.53626
1200,359.75,343.25,12.75,25.75,0.53607
1200,268.75,434,15.5,30.75,0.53588
1200,182.5,382.75,14.25,28.75,0.53571
1200,149,334,13.5,27,0.53553
1200,124.25,378.75,15,30,0.53504
1200,292.75,383.5,16.5,32.75,0.53495
1200,204.5,416.75,15.25,30.5,0.53485
1200,156,394,16,32.25,0.5345
1200,572.25,430.75,15.25,30.5,0.53438
1200,324.75,425.25,16,32,0.53437
1200,332.25,408,16,32.25,0.53428
1200,501.5,431.5,12.25,25,0.53398
1200,441,98.5,22.75,45.5,0.53392
1200,196.25,376.75,16,32.25,0.53382
1200,611,347.75,17,33.75,0.53354
1200,293,398.25,16,32,0.53334
1200,317.25,348.75,14.25,28.75,0.53331
1200,140.75,396,15.25,30.25,0.53323
1200,285.5,391.25,12.75,25.75,0.53302
1200,579.75,414.75,16.75,33.5,0.5329
1200,76.25,319.5,15.75,31.25,0.53256
1200,28.25,452.75,13.5,26.5,0.53232
1200,488,425.25,12.25,24.75,0.53231
1200,200,304,12.75,25.75,0.5316
1200,268.5,411.5,14.75,29.25,0.53149
1200,316.75,421.25,15.25,30.25,0.53146
1200,131.75,393.25,16,32,0.53135
1200,365.25,327,12.75,25.75,0.53133
1200,83.25,408.75,17,34,0.53115
1200,276.25,424,16.5,33,0.53083
1200,500.75,69,13,26,0.53081
1200,308.5,346.25,14,28.25,0.53043
1200,509.75,408.5,12,24,0.53037
1200,511.25,307,13.25,26.5,0.53022
1200,613.75,326.25,13.25,26.5,0.53015
1200,375.5,375.5,12.75,25.5,0.53006
1230,428,438,13.75,27.25,0.58245
1230,84,400.75,17.25,34.75,0.56505
1230,268,387.75,14.5,29,0.55982
1230,390,414.75,13.25,26.5,0.55928
1230,180.5,385,16,32,0.55836
1230,564,432,15.75,31.75,0.55356
1230,204,321.25,16,31.75,0.55255
1230,372.5,393.25,15.25,30.5,0.55217
1230,581.5,321.75,14.75,29.25,0.55124
1230,69.75,415.75,13,26,0.54985
1230,124.5,432.75,15.75,31.5,0.54826
1230,373.25,430.5,14,28,0.54798
1230,355.75,395.25,15.5,31,0.54779
1230,373.25,419,15.25,30.25,0.54758
1230,364.25,287,12.75,25.5,0.54751
1230,451.25,424.5,16.75,33.5,0.54721
1230,568.25,328.5,12,24.25,0.54553
1230,179.25,331,17,34.25,0.54512
1230,197,322.75,15,30,0.54498
1230,212.5,315.5,15.25,30.75,0.54485
1230,51,326.75,13,26,0.54432
1230,327.25,406.5,12.75,25.75,0.54408
1230,440.5,428.25,12,24.5,0.543
1230,203.75,441.5,12,24,0.543
1230,237.5,384.75,15.75,32,0.54244
1230,596.75,324.75,14.25,28.5,0.54224
1230,126.5,277.5,13.5,27,0.54167
1230,390.25,28,12.25,24.5,0.54142
1230,412.5,397.25,14,28.25,0.54112
1230,589.25,334.25,13.5,27.25,0.54073
1230,299.25,323.75,16,31.75,0.54044
1230,21,28.5,14.5,28.5,0.53997
1230,236.75,271.5,15,29.75,0.53991
1230,219.75,354.75,15.25,30.5,0.5392
1230,342,269.25,14,27.75,0.53909
1230,145.75,66.75,15,30.25,0.53873
1230,414,356.25,13.75,27.75,0.53829
1230,284,391.25,13.5,27.5,0.53815
1230,404.5,356,14.5,29,0.53804
1230,309.25,281.25,12.5,25.25,0.53773
1230,380,294.25,12.5,24.75,0.53756
1230,40.25,327.75,12.5,25,0.53729
1230,180.75,391.5,16.5,33,0.53711
1230,204.5,288.75,11.75,23.75,0.53602
1230,567.75,422.25,12.25,24.5,0.53589
1230,141,371.25,14.25,28.5,0.53571
1230,107.75,9,16,31.75,0.53568
1230,317.25,282.25,14.25,29,0.53562
1230,276.5,402.25,15.5,31.25,0.53552
1230,269,438.75,13,26.25,0.53536
1230,95.75,358.5,12.75,25.5,0.53528
1230,297.25,397,14,28.25,0.53526
1230,43.5,29.5,16,31.75,0.53476
1230,401,57.25,23,46.25,0.5346
1230,164.25,384.75,16.25,32.75,0.53443
1230,29.25,30.25,14.25,28.5,0.53434
1230,276.5,408.25,15.75,31.5,0.53414
1230,555.5,434.5,15,30,0.53409
1230,151.5,412.5,12.75,25.25,0.53372
1230,101,285.25,14.25,28.5,0.53358
1230,131.75,366.75,17,33.5,0.53288
1230,172.25,379.75,16.5,33.25,0.53287
1230,517,412.75,12,24.25,0.53285
1230,228.25,410.5,16,32,0.53282
1230,214.5,440.75,12,24,0.53282
1230,93,429.5,13.5,26.75,0.53275
1230,366.5,1,11.75,23.5,0.53275
1230,116.75,368.25,16.25,32.5,0.53271
1230,117.25,384.25,13.25,26.75,0.53251
1230,246.5,280.75,12.5,25,0.53248
1230,196.5,440,12,24.5,0.53239
1230,387.75,351.25,12.75,25.5,0.53122
1230,388.25,354,37.75,75.5,0.53104
1230,316,164.25,12.5,25.25,0.53102
1230,76.75,411.5,14.5,29,0.53087
1230,341.25,392.5,13.5,26.75,0.53083
1230,397,347.25,13.75,27.25,0.53072
1230,471.5,24.25,13.75,27.5,0.53027
1230,220,299,16.25,32.5,0.53027
1230,140.5,359,13.5,27.25,0.53016
1260,236.75,443.75,14,28.25,0.56302
1260,197,384.75,14,28,0.55871
1260,156.75,417.25,13.25,26.25,0.55618
1260,29.5,330.25,13.25,26.75,0.55125
1260,220.5,418.75,13.75,27.5,0.55068
1260,359,446.75,13.25,26.25,0.55048
1260,348.75,447.5,13,25.5,0.54922
1260,342.5,269.75,13,26.25,0.54892
1260,606,180.5,12.75,25.5,0.54728
1260,252.75,412.25,14.75,29.75,0.54715
1260,124.25,347.75,18.25,36.25,0.54696
1260,134.25,420.75,13.75,28,0.54674
1260,284,440,12.75,25,0.54462
1260,141,347,14.25,29,0.54416
1260,61.5,422.25,13.25,26.25,0.54268
1260,141.75,421.75,13.25,27,0.54262
1260,597,348,14.25,28.25,0.54238
1260,31.75,102.5,13.25,26.5,0.54165
1260,581,428.25,14.5,29,0.54156
1260,260.75,340,15,29.75,0.54121
1260,351.75,340.25,13,25.75,0.5412
1260,276.25,336,16.25,32.75,0.54113
1260,569,5.25,33.5,67,0.541
1260,420.75,415.25,16,32,0.54091
1260,68.5,431,12.75,25.25,0.54086
1260,37,275,14.5,28.75,0.54029
1260,148.75,354.5,14,27.75,0.53917
1260,95.25,115.5,14.75,29.25,0.53777
1260,564.75,325,15,29.75,0.53757
1260,228.25,350.25,16.5,33,0.53738
1260,172,345,16.75,33.25,0.53729
1260,394.75,148,12.25,24.5,0.53704
1260,434.75,369.5,15.25,30,0.53655
1260,220.5,357.5,14.25,28.5,0.53622
1260,149.25,366.25,13.25,26.5,0.53594
1260,156.5,434,15.25,30.25,0.53578
1260,254,343.25,13.5,27.25,0.53566
1260,172.25,399.75,16.75,33,0.5354
1260,269,363.75,14,28.25,0.5345
1260,299.5,407,16,31.75,0.53432
1260,324.25,401.25,16.75,33.5,0.53329
1260,428.25,375.25,12.5,25,0.53263
1260,325.75,382.75,13.5,26.75,0.53217
1260,283.5,400.25,13.5,27,0.53191
1260,232.25,368.75,12,24.25,0.53172
1260,341.75,421.75,14.5,29,0.53159
1260,29.5,296.5,13.75,27.5,0.53152
1260,292,437.75,13.25,26.75,0.53135
1260,107.25,350.25,16.75,33.5,0.53127
1260,148.75,417.5,15.5,31,0.53116
1260,439.75,28.25,12.25,24.25,0.53104
1260,412.75,132,13.25,26.5,0.53089
1260,300.25,358.75,14.5,28.75,0.53087
1260,37.5,299.75,13.5,27.25,0.53086
1260,133,345,12.5,24.75,0.53081
1260,157,364.5,14.25,28.5,0.5307
1260,572.25,441.25,15.75,31.5,0.53065
1260,604,446,15.25,30.75,0.53064
1260,430.5,76.5,12.25,24.5,0.53051
1260,391.5,416.5,12.5,25,0.53015
1260,390.75,424,12.75,25.75,0.53005
1290,364.5,283,16,32,0.55594
1290,410.25,139,12.5,25,0.55326
1290,252.5,324.5,12,24.25,0.55107
1290,567.5,76.5,12.25,24.5,0.5439
1290,153.5,38.75,15.75,31.5,0.54291
1290,437,115.25,13.75,27.25,0.54169
1290,589.25,340.5,13,26.25,0.54029
1290,324.5,301.25,12,24,0.54016
1290,76.75,432.5,15.75,31.25,0.53807
1290,100,377.25,15.25,30.25,0.53775
1290,316.5,415,14,27.5,0.53769
1290,392,453.25,12.5,25,0.53728
1290,277.25,282.5,14.25,28.75,0.53722
1290,341.75,237.5,14,28,0.53641
1290,308.25,451,11.5,23,0.53584
1290,299.5,429.75,16.75,33.25,0.53567
1290,232.25,316.5,12,24,0.53499
1290,492,423.5,12.75,25.75,0.53419
1290,140,88.75,27.75,55.5,0.53385
1290,312,289.75,12,24,0.53358
1290,17,87,20,40.25,0.53344
1290,70.75,381,12,23.5,0.53336
1290,500,436.5,13.5,27.5,0.53298
1290,322.5,154.75,12.25,24.5,0.53267
1290,332.5,230.25,13,26.25,0.53222
1290,277.75,261,13.75,27.75,0.53184
1290,440,9.25,15.25,30.25,0.53139
1290,581.25,339.25,14.25,28.25,0.53123
1290,374.5,197.25,12.75,25.25,0.53116
1290,188,125.75,13.75,27.25,0.53082
1290,317.5,236,14.5,29.5,0.53037
1290,84.25,185.5,19,37.75,0.53015
1320,364.5,359,13.25,26.5,0.57425
1320,220.5,403.25,14.75,29.75,0.55928
1320,340.75,417.25,12.75,25.5,0.5541
1320,365,257.75,15.75,31.75,0.55402
1320,447.75,431.5,12.75,25.5,0.55358
1320,148.5,362.25,14.75,29.25,0.54951
1320,412,337,12.75,25.5,0.54569
1320,289.5,250.5,18.5,37.25,0.54408
1320,329.25,107.75,15.25,30.75,0.54361
1320,412.25,155,12.75,25.25,0.54351
1320,533,429.5,13.75,27.5,0.54343
1320,380.25,435.5,12,24.25,0.54254
1320,213.5,398.25,13.5,26.75,0.54235
1320,324.25,248.5,16.25,32,0.54218
1320,295.25,262.5,13,26.25,0.54186
1320,510.5,362,53.75,107,0.54143
1320,357.25,433.25,12.5,24.75,0.54085
1320,154.75,364.75,20.25,40.75,0.53966
1320,508.75,353.25,13,26.25,0.53932
1320,218.25,295.75,15,29.5,0.53918
1320,405.75,327.25,13,26.25,0.53916
1320,412.75,303.25,12.75,25.75,0.53848
1320,554.25,22.5,13,26,0.53826
1320,74,362.5,16.5,33,0.53791
1320,315,226.75,15.75,31.5,0.53731
1320,333.75,302.75,13.25,26,0.53692
1320,141.25,403.75,14.5,28.75,0.53677
1320,582.5,381,13,26,0.53647
1320,95,396.5,14.25,28.25,0.53642
1320,613.25,66.75,19.25,38.25,0.53639
1320,197.25,334,14.25,28.25,0.53638
1320,588.75,420,13.25,26.75,0.5361
1320,347,274.5,18,36.25,0.53604
1320,221.75,332.5,12,24.25,0.53546
1320,344.75,431,11.5,23,0.53538
1320,431.5,1.75,21.25,42.75,0.53519
1320,176.5,248.75,12.25,24.5,0.53488
1320,548.5,369.5,12,24,0.5345
1320,357.5,229.25,13.75,27.25,0.53446
1320,-1.75,83,22.75,45.75,0.53372
1320,332.25,255.5,17.25,34.75,0.53369
1320,267.5,268.25,12,24,0.53343
1320,595,336.5,12,23.5,0.53304
1320,24,328,12.25,24.25,0.53275
1320,110,429.25,12.25,24.75,0.53259
1320,53.25,424.25,14.25,28,0.53232
1320,373.75,310.5,13,26.5,0.53217
1320,379.25,47.25,14.75,29.25,0.53205
1320,233.5,280.5,15,29.75,0.53203
1320,390.5,353,12.5,24.75,0.53176
1320,411.75,419.5,14,28.25,0.53145
1320,231,351,14,28,0.53138
1320,285,432.5,15.75,31.5,0.53111
1320,366,381.25,12.75,25.25,0.5311
1320,389.25,275.5,14.75,29.5,0.531
1320,545,137.5,14.75,29.5,0.53076
1320,219.5,240.25,20.75,41.5,0.53055
1320,428,395.5,13.25,26.75,0.53053
1320,205.5,408.5,13.25,26.25,0.53051
1320,127.75,389.5,13.5,27.5,0.5304
1320,253.5,423.5,14.25,28.25,0.53022
1350,276.25,331,14.75,29.5,0.56014
1350,412.25,300.75,12.5,24.75,0.5557
1350,355.5,262,14.75,29.5,0.5521
1350,490.25,345.5,12.25,24.5,0.55045
1350,285.25,398.75,13.5,27,0.54913
1350,508.5,424.75,14.5,29.25,0.54577
1350,31.25,95,13,25.5,0.54494
1350,329,141.5,13.75,27.25,0.54474
1350,384.75,337.25,11.75,24,0.54301
1350,532,418.75,13,26,0.54191
1350,516.75,427,14.5,28.75,0.54187
1350,243.75,425.5,16.5,32.5,0.54074
1350,399.5,427.75,13.25,26.75,0.53905
1350,540,421.5,13.25,26.5,0.5385
1350,28,275,15,30,0.53838
1350,-1.75,72.75,13.25,26.25,0.53769
1350,442.75,311,14.25,28.5,0.53733
1350,476.75,35,11.5,23,0.53616
1350,27.25,435.5,13.75,27.5,0.53591
1350,348.75,427.25,12,24,0.53582
1350,572,370.75,13,26.25,0.53498
1350,99,298.25,12,24,0.5348
1350,344.25,384.5,11.75,23.5,0.53453
1350,422.75,142.75,12,24,0.53383
1350,299.75,412.75,13.5,26.75,0.53381
1350,163.75,240.5,15.75,31.5,0.53355
1350,316.75,305.5,15.5,30.75,0.53329
1350,-2.75,221.5,23.5,47,0.53325
1350,366,197.25,12.75,25.25,0.53291
1350,384.75,350,11.5,23,0.5326
1350,292.5,397.25,13.75,28,0.53208
1350,82,139.25,12.75,25.25,0.53167
1350,4,189.25,23,45.75,0.53126
1350,524.75,345,11.5,23,0.53092
1350,111.5,374,23.75,47.5,0.53073
1350,122.75,132.25,15.5,31,0.53052
1350,116.75,423.75,15.25,30.5,0.5305
1350,339.25,430.25,16.5,32.75,0.53041
1350,239.75,63.5,21.25,42.25,0.53039
1350,-2,32.75,16.75,33.5,0.53027
1350,373.25,359,14.5,29,0.53025
1380,378.75,12.5,25.25,50.25,0.57288
1380,309.75,297.25,13.5,27,0.5578
1380,340.75,317.25,14.25,28.5,0.54776
1380,506.25,66.5,21.25,42.25,0.54699
1380,428.25,418.75,13.5,27.25,0.54447
1380,28.25,87.5,19.25,38.75,0.54219
1380,510.25,442.5,12.5,25.25,0.54217
1380,406.25,338.75,12.5,25,0.54167
1380,236.5,399.5,11.75,23.75,0.54164
1380,28.25,318.5,13.25,26.25,0.54123
1380,194.5,346.75,11.75,23.75,0.54083
1380,308.5,323,15.75,31.25,0.53941
1380,260.25,380.25,12.5,25.5,0.53873
1380,367.5,192.25,13.5,27,0.53669
1380,412.25,400.25,12.5,24.75,0.53645
1380,363.75,412.5,17.5,34.75,0.53632
1380,276.75,322.75,14.75,29.75,0.53627
1380,613.25,185,29.5,58.75,0.536
1380,372.5,401.25,12.25,24.5,0.53582
1380,516.75,420.5,15,30,0.53578
1380,125,47.75,14.75,29.5,0.53565
1380,431.75,350.5,16,31.75,0.53511
1380,491.75,356.5,12.75,25.25,0.53494
1380,451.75,424.25,15.25,30.25,0.53394
1380,331,148.75,14.25,28.25,0.53389
1380,128.25,386.75,18.5,37,0.53334
1380,580.5,320.75,11.75,23.5,0.53316
1380,564.75,110.5,14,28,0.53278
1380,493.5,4.5,14.25,28.25,0.53268
1380,20.75,47,13.5,27,0.53257
1380,565.25,63.25,85.75,171.5,0.53244
1380,99.25,156.5,12,24,0.5317
1380,341,371.25,13.75,27,0.5312
1380,485,390,13.5,27,0.53106
1380,436,127,13.25,26.5,0.5309
1380,336.25,306.75,13,26,0.53025
1380,619.25,34.25,21.5,43,0.5302
1410,228.5,385,15.5,31.25,0.5651
1410,414,297.75,15.25,30.75,0.56481
1410,173.5,368.25,14.25,28.25,0.56111
1410,156.25,363.25,14.75,29.5,0.55478
1410,437.25,351,13.5,27,0.55426
1410,488,426.5,12.25,24.5,0.55388
1410,476.5,385.25,15.5,30.75,0.55304
1410,517,384.75,15,30.25,0.55288
1410,244.5,385.5,15.75,31.25,0.55252
1410,284.75,347.5,14.75,29.25,0.55199
1410,107.75,414.75,16,31.75,0.55143
1410,356,318.75,15.25,30.75,0.5509
1410,204.25,392.75,16,32,0.55089
1410,51.75,367,16,31.75,0.55083
1410,164.5,364.25,14.75,29.75,0.55047
1410,436,303,14.25,28.25,0.55024
1410,231.25,328,12.75,25.5,0.55008
1410,504.75,62,33.75,67.25,0.54909
1410,403.5,400.75,16,31.75,0.5481
1410,378.75,350.5,18.5,37.25,0.54806
1410,597.25,327.75,13,26.25,0.5477
1410,166.25,264,12.5,25.5,0.54715
1410,116.75,420.25,14.75,29.5,0.54697
1410,412.5,400.25,16,32,0.54692
1410,315.5,350.75,16.75,33.5,0.54649
1410,492,366,14.25,28.25,0.54556
1410,261.5,411.25,14.5,29,0.54522
1410,373,300.75,15,30,0.54472
1410,70.25,372.75,14,28.5,0.54419
1410,605,335.25,13.5,27.5,0.54389
1410,556.25,10.5,12.5,25,0.54358
1410,92,374,13,26,0.54324
1410,522.75,381.75,17.5,35,0.54316
1410,92.5,396,14.75,29.5,0.54301
1410,306.25,112.75,35.25,70.75,0.54289
1410,198.75,344.25,12.75,25.5,0.54276
1410,557.75,309,14.25,28,0.54268
1410,328.75,139,17.5,35,0.54263
1410,-1.5,97.75,12,24,0.54219
1410,405.5,317.5,13.5,27.5,0.54214
1410,253,347.75,15.5,30.75,0.54206
1410,134,376.5,13,26.25,0.54174
1410,243.25,351.5,17.25,34.5,0.5414
1410,587,3.5,31.25,62,0.54124
1410,196.25,331.5,14,28,0.54075
1410,389.5,375,13.75,27.5,0.54033
1410,205,380.25,14.75,29.5,0.5393
1410,299.5,412.5,16.25,32.25,0.53925
1410,283.75,191.75,12.5,25,0.53908
1410,164.75,377.75,15.25,30.5,0.53902
1410,428.5,345.75,15.5,31.25,0.53901
1410,37.75,358.25,13,26,0.5387
1410,438.25,413.75,13.5,27,0.53855
1410,104.5,288.5,11.75,23.5,0.53832
1410,245.25,330.75,14,28,0.5383
1410,340.75,394,14.5,28.75,0.53794
1410,204.25,352.5,15.75,31.5,0.53781
1410,468,399.5,15.5,30.75,0.53769
1410,566.5,331,13.25,26.25,0.53758
1410,277,338,15.75,31.25,0.53746
1410,555,61.75,26.5,53,0.53745
1410,365.75,263.5,12.5,24.75,0.53743
1410,322.5,334.75,13,26,0.53718
1410,307.75,353.5,15.5,30.75,0.53698
1410,44,370,15.25,30.75,0.53679
1410,396.25,291.25,15.25,30.5,0.53677
1410,44.5,350,13.5,26.75,0.53661
1410,501.75,397.5,13.75,27.5,0.53619
1410,317,378.5,15.25,30.25,0.53614
1410,461,368.75,13,26,0.53584
1410,473,317,17.25,34.75,0.53576
1410,269,428,14.25,28.5,0.53565
1410,540.25,303.75,12.75,25.25,0.53563
1410,124,421,13.5,26.75,0.53545
1410,268.25,326.25,13.25,26.5,0.53503
1410,500.5,388.75,15.75,31.5,0.53463
1410,380.25,280,16.25,32.5,0.53462
1410,23.25,295.75,13.5,26.75,0.53446
1410,446,263.75,12.25,24.75,0.53395
1410,35.25,81.5,51.5,103.5,0.53375
1410,308.75,413.25,14.5,29.25,0.53364
1410,277.75,400,13.25,26.25,0.53353
1410,28.5,333.75,12.5,25,0.53342
1410,565,432,14,27.75,0.53325
1410,121.5,264,16,31.75,0.53323
1410,116,277,12.25,24.5,0.53297
1410,75.5,412.25,16,31.75,0.53287
1410,468.5,376,13.75,27.5,0.53286
1410,355.5,335.75,16.75,33.25,0.53281
1410,381.25,298.5,15,30.25,0.53275
1410,387.75,383,18,35.75,0.53269
1410,356.75,289.75,14.75,30,0.53224
1410,532.5,313.25,15,30.25,0.53221
1410,65.75,275.25,13.5,26.75,0.53203
1410,101.25,408.25,13.75,27.75,0.53203
1410,125,372.25,14.5,29,0.53193
1410,518.25,392,13.5,27.25,0.53171
1410,589.25,326.5,13.5,26.75,0.5316
1410,507.25,388.5,26.5,52.75,0.53148
1410,445.5,348.5,13.75,27.5,0.53141
1410,204.25,269.5,12.25,24.75,0.53139
1410,188.75,283.25,12.5,24.75,0.53137
1410,508.75,388.75,14,27.75,0.53124
1410,371.75,337,15.75,32,0.53099
1410,143.5,366.25,13.5,27,0.53098
1410,250,162.25,15.75,31.5,0.53085
1410,429.25,401,15.75,31.5,0.53082
1410,614.5,7,28,55.75,0.53024
1410,570,51.25,32.75,65.75,0.53012
1440,429,382.75,13.75,27.25,0.56528
1440,605.5,395.5,14.5,29.25,0.56125
1440,303.25,448.75,12.75,25.25,0.55758
1440,556.75,384.25,15,30.25,0.55602
1440,-5.25,36,49.75,99.75,0.55526
1440,188.75,355.75,14.75,29.75,0.555
1440,196.5,393.5,15.75,31.5,0.55152
1440,27.25,322,15.25,30.75,0.54972
1440,326.25,134.5,20.5,41,0.54885
1440,214.25,408.25,12.75,25.5,0.54882
1440,460.25,385.25,15.25,30.5,0.54853
1440,613.5,45,28.75,58,0.54692
1440,236,394.25,14.5,28.75,0.54562
1440,479.75,94.75,16.25,32.5,0.54526
1440,108,396,15.5,31,0.54435
1440,77,410.75,15,30.25,0.54239
1440,23.25,327.5,13,26,0.54229
1440,580.5,344,15.5,30.75,0.54189
1440,250.75,408.25,12,24,0.541
1440,588,337.25,12.25,24.25,0.54095
1440,533,411.75,13.75,28,0.54081
1440,324.25,394.75,16.5,33,0.54077
1440,326.5,245.25,13.5,27,0.54065
1440,124.75,412.5,14.5,29,0.54007
1440,132.75,452.75,12.25,24.75,0.53997
1440,564.5,354.25,15.25,30.5,0.53985
1440,309,428.25,14.75,29.25,0.53972
1440,149.75,418,13.75,27.5,0.53964
1440,35.75,305,15.75,31.5,0.53952
1440,221.25,399.5,13,26,0.53913
1440,603.5,422,17.25,34.25,0.53836
1440,432.5,359.5,12.75,25.25,0.53832
1440,108,127,21.25,42.5,0.53794
1440,559.75,435,15,30.25,0.5377
1440,470,379,14,27.75,0.53754
1440,268.75,385.25,15.5,30.75,0.53736
1440,76.75,403.75,14.25,28.5,0.5366
1440,500.5,393,13,26.25,0.53649
1440,212.25,345.25,16,31.75,0.53647
1440,268.75,307.75,14.75,29.5,0.53646
1440,267.25,374.75,13,26.25,0.53628
1440,7,327,14,28.25,0.5361
1440,477.25,364.75,14,28,0.53541
1440,402.75,289,11.5,23,0.53505
1440,467.75,433.5,14.5,28.75,0.53425
1440,157.25,407.75,13,25.5,0.53274
1440,556.25,360,13,25.75,0.53273
1440,52.25,403.5,14.75,29.25,0.53265
1440,228.25,407.75,16.5,33.25,0.53265
1440,476.25,391.5,15,30,0.53246
1440,572,347.75,16,32.25,0.53235
1440,516.25,410.5,14.75,29.75,0.53227
1440,539.75,393.25,15.5,31,0.53227
1440,348.5,432.5,12,24.5,0.53215
1440,132.5,296.5,12.25,24.75,0.532
1440,36.75,347,15,30,0.53197
1440,593,37,32.25,64.25,0.53188
1440,507.25,410.25,17.75,35.5,0.53185
1440,36.5,385,15.75,31.5,0.5318
1440,443.25,131.5,29,58,0.53161
1440,101.25,94.5,37,74,0.5316
1440,316.75,439.75,15.5,31.25,0.53142
1440,122.75,396.75,20.25,40.75,0.53142
1440,151,450.5,12.25,24.5,0.53137
1440,328.25,109.5,12.25,24.75,0.53127
1440,380,437,16.5,33.25,0.53126
1440,309,407,13,26,0.53121
1440,366.25,408,12.25,24.5,0.53109
1440,330.5,283.5,18,36,0.53104
1440,586.25,69.25,16.75,33.5,0.53058
1440,144,341.5,13.5,27.25,0.53043
1440,335.5,359,19.25,38.5,0.53035
1440,311.75,324.25,73,146.25,0.53034
1440,605.75,159,17.75,35.5,0.5301
1440,560.5,427.5,20.5,41.25,0.53008
1470,165,413,14.25,28.75,0.58335
1470,229.25,412.5,14.25,29,0.56162
1470,380.5,399,15.5,31,0.5606
1470,181,414.75,14,28.25,0.5591
1470,301.5,427.75,14.5,29,0.5542
1470,156,401.5,15.5,31.25,0.55183
1470,245.5,366.25,13.5,27,0.55124
1470,428,393.25,14.75,29.5,0.55086
1470,228.75,424.25,15,29.75,0.54993
1470,141,363.75,13.25,26.5,0.54809
1470,197.25,422.25,13.75,27.75,0.54597
1470,211.25,438,17.5,35,0.5443
1470,581.5,445.5,13.75,27.5,0.54358
1470,236.25,434.75,14.75,29.5,0.54352
1470,551.75,55.75,20,40.25,0.54315
1470,375.25,390,13,26.25,0.54304
1470,189.5,429.75,13.25,26.5,0.54222
1470,518.75,409.25,15,30,0.54211
1470,260.75,432.75,15.25,30.25,0.54186
1470,271.5,424.25,12.75,25.25,0.54175
1470,548.75,440,12.75,25.5,0.54118
1470,79.5,55.75,16.5,32.75,0.53844
1470,579,2.5,18.5,36.75,0.53735
1470,236,417.5,15.5,31.25,0.53735
1470,533,433.75,14.25,28.5,0.53678
1470,538.5,125.5,12.25,24.75,0.53664
1470,61,421.25,13.5,27,0.53653
1470,208,424,12.25,25,0.53581
1470,341.25,420.75,13.5,27.25,0.53569
1470,517.5,437,14,27.5,0.53534
1470,293.5,388.25,13.75,27.75,0.5349
1470,372.5,410.25,16,31.75,0.53432
1470,292.75,415.5,15.75,31.75,0.5343
1470,355.75,424.25,12.75,25.25,0.53402
1470,347.75,417.25,15.5,30.75,0.53387
1470,466.25,100.75,12,24,0.53353
1470,477.5,444,13.75,27.75,0.53334
1470,9.25,168.5,12.75,25.25,0.53301
1470,283.75,338.25,12.5,25,0.53288
1470,268,360.75,15.75,31.5,0.53288
1470,327.75,130,21.25,42.5,0.53262
1470,396.5,396.5,15.5,30.75,0.53232
1470,505.5,75.25,21.25,42,0.53207
1470,620,387.25,12.5,24.75,0.5318
1470,407.75,374,13.5,27.25,0.53173
1470,606.25,4,14.25,28.5,0.53163
1470,572.5,447,14.5,29.25,0.53158
1470,285.25,422.5,14,28.25,0.53154
1470,548.25,425.5,13.25,26.75,0.53142
1470,298.5,85.25,46.75,93.5,0.53084
1470,237.25,382.75,16.5,33,0.53054
1470,523.75,430.75,16.25,32.5,0.53042
1470,83.5,417.75,16.75,33.25,0.53035
1470,173.5,395.75,14.25,29,0.53009
1500,557.25,354.75,14.75,29.25,0.56021
1500,292,7,12.75,25.75,0.55687
1500,603.5,351.5,16.5,32.75,0.55405
1500,531.5,62,20.25,40.5,0.54201
1500,234.5,162.25,12.25,25,0.539
1500,91,97.25,16.25,32.25,0.53836
1500,324.75,433,16,32,0.53765
1500,212.25,358,13.25,26.5,0.53634
1500,540,354.25,15.25,30.5,0.53613
1500,603.75,337.5,15.5,31,0.53522
1500,572.25,339,14,28.5,0.53476
1500,300,80,46.75,93.75,0.53333
1500,460.75,341,13.25,26.25,0.53084
1530,545.5,52.25,19,38.25,0.54591
1530,596,394,14.25,28.25,0.5446
1530,516.75,71.5,12.75,25.5,0.54438
1530,26,125,36.5,73,0.54419
1530,325,240.25,16.75,33.5,0.54204
1530,52.5,86.5,14,28,0.53374
1530,438.75,439.75,12.25,25,0.5331
1530,330.25,134.5,17.75,35.75,0.53304
1530,277.25,247.5,14.5,28.75,0.5328
1530,403.75,175.75,16.25,32.5,0.53084
1530,239,88.75,18.5,36.5,0.5306
1530,202.5,279.25,15,30,0.5301
1560,556,48.25,22.75,45.5,0.55351
1560,315.25,246.25,15.25,30.75,0.54132
1560,295.25,243.25,13,26.25,0.54009
1560,8.75,126.5,38,76,0.53854
1560,11.5,57,23.25,46.25,0.53836
1560,308.5,243.25,14.25,28,0.53732
1560,564.5,275,13.5,27.25,0.53659
1560,134.5,96.25,12,24,0.53617
1560,330.25,83.25,13.25,26.5,0.53276
1560,310.5,377.25,12.5,25,0.53246
1560,556.5,323.75,12.25,24.25,0.53219
1560,375.25,247,13.5,27,0.53197
1560,481.25,351,14.5,29.5,0.53058
1560,299.5,71,45.75,91.75,0.53057
1560,324.5,428.5,14.5,29,0.53002
1590,624.25,129.75,17,33.75,0.54878
1590,567.75,34.5,20.5,41,0.54381
1590,624.75,146.5,17,34.25,0.53858
1590,215.5,164.5,17.25,34.5,0.53515
1590,517.75,122.25,26.75,53.5,0.53451
1590,110.5,232.5,12,24,0.53443
1590,331.75,74.25,13,25.75,0.53409
1590,343.25,329,13.5,27.25,0.53379
1590,475.75,147,14.75,30,0.53265
1590,446,234,12,23.75,0.53105
1620,570.25,39.5,24,47.75,0.56459
1620,229,251,15,30,0.54231
1620,261.25,355,15,29.75,0.53863
1620,485,429.25,13,26,0.53828
1620,5.5,143,15.5,30.75,0.53683
1620,626.5,142,14.75,29.5,0.53414
1620,394.25,41,13.75,27.5,0.53363
1620,280.5,383.75,12,24,0.53349
1620,74,391.75,18.75,37.5,0.53254
1620,151.25,118.75,15,29.75,0.53217
1620,364,235.25,12.75,25.5,0.5308
1620,84.25,415.25,12.75,25.5,0.53014
1650,299.75,66,46,92,0.56668
1650,576.25,35.75,19.5,39.25,0.54368
1650,198,97.25,12.25,24.75,0.53626
1650,35.5,85.25,14.5,28.75,0.53504
1650,1.5,31.5,13.5,27,0.53329
1650,625.75,253.75,14.75,29.75,0.53284
1650,462.5,195.25,12,24,0.53171
1650,299,250.25,17.25,34.75,0.53142
1650,-11.25,46,93.25,186.5,0.53142
1650,378.75,82,15.5,31,0.53074
1680,77,16.25,15.25,30.25,0.53931
1680,216,175.5,20,39.75,0.5377
1680,62.5,387,13.75,27,0.536
1680,332.5,92.75,21,41.75,0.53465
1680,301.5,84.75,42.25,84.25,0.53174
1680,-2.25,76,18,36.25,0.53172
1680,31.25,106.75,13.25,26.75,0.53075
1680,580.25,378.75,22,44,0.53055
1680,603.5,35.5,28.5,56.75,0.53039
1680,95.25,246.75,12,24,0.53015
1680,173.5,172.25,29.75,59.5,0.53013
1710,599,36.5,26.75,53.25,0.54598
1710,366,202.5,12.75,25.25,0.53721
1710,106.25,76.75,19,38.25,0.53721
1710,355.25,158.5,15.25,30.75,0.53711
1710,609,78.5,36,71.75,0.53592
1710,328.25,91.5,14.75,29.5,0.53575
1710,7,295,12,24,0.53489
1710,294,76.75,51,101.75,0.53443
1710,70.75,217,11.5,23,0.5341
1710,628.5,157.5,12,24.25,0.53315
1740,290.75,62.75,54,108.25,0.55063
1740,323,416,15.75,31.25,0.54693
1740,198.25,362.5,19.75,39.25,0.53963
1740,416,237.75,12.5,25.25,0.53916
1740,579.25,271.25,20.25,40.75,0.53832
1740,558.75,325.75,12.25,24.5,0.53787
1740,626.25,8,14.75,29.75,0.53534
1740,11,8.25,18.5,37.5,0.53407
1740,294.5,366.5,14.5,28.75,0.53402
1740,365,314.75,15.5,30.75,0.53396
1740,116,143.75,12.75,25.25,0.5332
1740,330.5,425.5,12,23.75,0.53318
1740,293.5,414.75,14.5,29.25,0.53261
1740,-6.75,50.25,53.25,106.5,0.53232
1740,458.25,79.5,12,24,0.53214
1740,330,98.5,12.5,25.25,0.53123
1740,61.25,94.75,12.75,25.75,0.53086
1740,358,405,12.5,25.5,0.53025
1740,497.75,295.5,18,36,0.53016
1740,329.25,79.25,16,32,0.53004
1770,116.5,427.75,15.5,31.25,0.57107
1770,341,406.5,14,28.25,0.56191
1770,108.25,280,12.25,24.75,0.55613
1770,172.75,341.25,11.75,23.5,0.54973
1770,509.5,428,14,28.25,0.54824
1770,221.25,397.75,15,30.25,0.54574
1770,527,417,13.5,27,0.54506
1770,479.75,300.75,22.5,45.25,0.54477
1770,325,51.75,25,49.75,0.5439
1770,198.25,247.5,12.5,25,0.54195
1770,104.25,424.75,12.25,24.5,0.54145
1770,501.5,448.25,14.25,28.75,0.53975
1770,44.75,29.5,17.75,35.5,0.53961
1770,132,425.75,14,27.75,0.53948
1770,27.5,177.25,12.5,25.25,0.53916
1770,271.25,359.75,13,26,0.53905
1770,236,433.75,12,24.25,0.53872
1770,44.5,46.75,13.5,26.75,0.53856
1770,411.5,402.5,15.75,31.25,0.53676
1770,358,399.75,12.5,25,0.53572
1770,281.25,298.75,24,48.25,0.53552
1770,212.25,179.5,21.25,42.5,0.53504
1770,292.75,29,11.5,23,0.53366
1770,563.5,336,16,31.75,0.53333
1770,363.75,404.75,17,33.75,0.53304
1770,516.5,414.5,15,30.25,0.53295
1770,420.5,401.5,15.75,31.75,0.53232
1770,156.25,399.75,14.25,28.75,0.53162
1770,153.5,252.75,12.25,24.75,0.53131
1770,124.25,416,16.25,32.75,0.53127
1770,505.75,326.75,12.5,25.25,0.53114
1770,284.5,35.75,63.75,127.5,0.53028
1770,347.25,322.75,16,32,0.53004
1770,236.25,313,13.75,27.5,0.53001
1800,359.75,265.25,13,25.5,0.5528
1800,355.25,407.25,13,26,0.55207
1800,327.5,357.25,13.25,26.5,0.5519
1800,220.5,371,15.75,31.75,0.55005
1800,236.25,387,15.5,31.5,0.54893
1800,114,389.75,13,26,0.54536
1800,280.5,372.25,11.75,23.5,0.54417
1800,321.75,10.25,32.5,65,0.54028
1800,268.5,388.25,15.25,30.5,0.53924
1800,356,427,15.5,30.75,0.53908
1800,492.5,238,21.5,42.75,0.53902
1800,128,24,13,25.75,0.53822
1800,299.25,361.5,17.75,35.5,0.53821
1800,236,362,16.25,32.25,0.53755
1800,181.25,377.5,13.5,27,0.53732
1800,396.75,306.5,27,54.25,0.53668
1800,516.75,182.75,13,26.25,0.53659
1800,406.75,193,11.5,23,0.53577
1800,322.75,141,21.75,43.75,0.53422
1800,212,317,14,28.25,0.53377
1800,167.5,369.75,13.25,26.5,0.53361
1800,580.75,393.5,15,30,0.53353
1800,220.5,365,13.75,27.5,0.53324
1800,245.5,388,14.75,29.25,0.53295
1800,228.25,106.5,11.75,23.5,0.53285
1800,204.5,382.25,14.5,29,0.53261
1800,405.75,357.25,29,57.75,0.53248
1800,332.75,424.25,12,24,0.53219
1800,549.25,382.75,13.75,27.75,0.53218
1800,110.5,127,12,24,0.53216
1800,284.75,388,16,32.25,0.53191
1800,50,102.75,18.5,37.5,0.53183
1800,500.5,389,13.75,27.25,0.53164
1800,614.25,359.25,12.75,25,0.5316
1800,353.5,370.5,12,24,0.5313
1800,565,322.5,19.5,38.75,0.53103
1800,322.25,32.75,18.5,36.75,0.53092
1800,275.75,256,16.75,33.5,0.5309
1800,162.75,342.75,14.25,28.25,0.53068
1800,141,411.25,13.5,26.75,0.53048
1800,565.25,422.25,13.25,27,0.53046
1800,322.5,14.25,19.5,38.75,0.53041
1800,231.5,321.5,14.75,29.25,0.5304
1800,452.5,384.5,12,24.25,0.53007
1830,220,303,16.25,32.5,0.57227
1830,293.25,385.75,15.25,30.5,0.5653
1830,60.25,338.25,15.25,30.25,0.56048
1830,108.75,422,13.5,27,0.55681
1830,243,294.25,16.5,33,0.55345
1830,53.5,343,13.25,26.5,0.55337
1830,372,385,15.75,32,0.55272
1830,440.25,294.75,14,28.25,0.55222
1830,252.5,299,15.75,31.25,0.55209
1830,310,292.75,14,28.25,0.55185
1830,306,408.5,19.25,38.5,0.55127
1830,260,301,16.25,32,0.55056
1830,309,315.75,15.75,31.5,0.55034
1830,340.75,44,12.75,25.25,0.54974
1830,164,416,16.25,32.25,0.54858
1830,134,342.25,13.75,27.25,0.54851
1830,277.75,295.75,13.75,27.5,0.54842
1830,196.75,383.5,15.5,31,0.54768
1830,187.75,384.25,14.5,29.5,0.54759
1830,220.75,400,13.5,27.25,0.54758
1830,213,299.75,14.75,29.5,0.54756
1830,348.75,288.5,17.25,34.5,0.54744
1830,283,302.75,18,36,0.54648
1830,295,308.75,34.25,68.5,0.54453
1830,93,375,13.25,26.5,0.5437
1830,149,416.5,16,31.75,0.54357
1830,120.25,352.75,12.25,24.75,0.54351
1830,414.5,303.75,15,30.25,0.54254
1830,254.25,280.25,13,26,0.54246
1830,252.75,345,15,30.25,0.54237
1830,439.25,372,13.5,27,0.54236
1830,395.75,371.5,15.25,30.5,0.54217
1830,164,353.5,15.75,31.25,0.54118
1830,-1.75,173.75,14.75,29.5,0.54068
1830,117.25,404,14,28.25,0.54061
1830,268,279.25,14.25,28.25,0.5403
1830,164.5,334.75,13,25.75,0.53988
1830,357,279.5,13.25,26.5,0.53987
1830,220,383,16.25,32.25,0.53972
1830,389.5,376.25,14,28,0.53956
1830,116.5,301.5,14.25,28.75,0.53899
1830,228,293.25,14.25,28.5,0.53869
1830,363.25,6.25,25.75,51.25,0.53853
1830,476.25,299.25,30.25,60.25,0.53802
1830,404.5,390.25,18,36.25,0.53792
1830,162.25,326.75,12.75,25.25,0.53768
1830,156,350.5,16,32,0.53751
1830,68.75,323.5,15,30,0.53747
1830,292,339.25,13.25,26.75,0.53712
1830,420.5,283.75,12,24.25,0.53703
1830,412.5,353.75,12,24,0.53673
1830,414.25,90.5,14.5,29.25,0.53664
1830,333.75,399.5,13.5,27,0.53663
1830,259,289.5,18,36.25,0.53648
1830,434.75,372.25,14,28.25,0.53639
1830,220.5,403,14.25,28.75,0.5361
1830,385.5,5.25,17.75,35.25,0.53602
1830,140,400.5,16.25,32.25,0.53582
1830,487.25,381.25,13.5,26.75,0.53538
1830,565,429.5,13.75,27,0.53522
1830,315.75,410.5,16.75,33.5,0.53506
1830,355.5,383.5,16.75,33.25,0.53504
1830,506.25,374.25,12.75,25.75,0.53468
1830,380.25,282.25,13,25.5,0.53466
1830,108.75,362,14.75,29.5,0.53438
1830,157,422.5,14,28,0.53426
1830,436.5,398.5,16.75,34,0.5337
1830,565.25,11,13,26,0.5337
1830,220.25,294.75,15,30,0.53355
1830,460.5,348.25,14.25,28.5,0.53322
1830,356.75,289.75,15,30.25,0.53302
1830,613.5,425.25,13.25,26.5,0.53294
1830,71.5,307.75,13,26.25,0.53291
1830,243.25,287.5,14.25,28.75,0.53265
1830,197.25,413.75,14.25,28.5,0.53226
1830,491.75,394.5,16.25,32.5,0.53225
1830,285.25,343,12.75,25.5,0.53206
1830,76.5,284.5,14.5,29.25,0.53182
1830,44.25,299,11.5,23,0.53164
1830,603.75,416.75,16.25,32.25,0.53162
1830,339.25,6.25,69,138,0.53153
1830,483.25,400.75,15.75,31.5,0.53147
1830,524.5,344,12.75,25,0.53146
1830,406.25,243.5,12.75,25.25,0.53096
1830,128.5,344.25,12.25,24.5,0.53049
1830,124.25,353.25,15,30.25,0.53039
1830,220.5,320,16,31.75,0.53023
1830,107,406,17.75,35.25,0.53007
