30,595.75,182,13.5,26.75,0.54778
30,434.25,81.5,103.5,207.25,0.54773
30,115.25,110.75,29,58,0.54728
30,156.25,102,15.25,30.5,0.53986
30,620,176.25,12.5,25,0.53938
30,582.5,181.25,13.75,27.75,0.53654
30,214.5,222,12,24,0.5349
30,528,83.5,13,25.75,0.53435
30,136.75,277,13.25,26,0.53344
30,620.25,188,12.75,25.5,0.53302
30,588.5,188.5,14.25,28,0.53297
30,73.75,151.5,13,25.75,0.53023
60,145,75.25,116.75,233.25,0.56377
60,540.5,246.5,12,24,0.5601
60,412.75,249.75,15.25,30.5,0.5579
60,397,112,12.5,24.75,0.55009
60,366.25,223,13,26.25,0.54968
60,380.5,201.75,16.25,32.5,0.54736
60,545.5,257,12,24,0.54712
60,455.25,98.25,13,25.5,0.5447
60,129,109.5,12.75,25.75,0.54407
60,317.75,250.5,13.25,26.25,0.54394
60,376.25,248.75,12,24,0.54182
60,557,308.75,14,28,0.54165
60,71.75,161,12,24,0.54104
60,491.75,93.25,13.25,26.5,0.54039
60,421.25,265.25,14.25,28.25,0.54023
60,333.75,214,13.5,27,0.53778
60,85.25,187.75,14.5,29.25,0.53762
60,108.25,170,15.25,30.25,0.53597
60,456,172.75,11.75,23.25,0.5358
60,55,178,12.75,25.75,0.5355
60,491.75,193,12.25,24.25,0.53529
60,423,239.5,12.5,25.5,0.53527
60,-3.5,110.25,83.25,166.25,0.53524
60,299.75,214,13.75,27.5,0.53501
60,518.75,103.5,12.75,25.5,0.53382
60,93.25,379.5,13,26,0.53353
60,498.25,152,127.75,255.25,0.53349
60,316.75,221.5,15.75,31,0.53344
60,309,261.25,14.25,28,0.5329
60,268,243.5,14.5,29,0.53271
60,412.25,94.75,13.25,26.25,0.53205
60,161.5,60.5,25.75,51.5,0.53165
60,292,14.25,12.5,25,0.53099
60,144.5,407.75,12,24,0.53071
60,428.25,272.25,12.5,25.5,0.53028
60,550.25,85.5,13.5,27.25,0.53003
60,434.75,258.75,16.75,33.5,0.53002
90,36.75,108.75,14.75,29.5,0.57326
90,367.25,287.25,12.75,25.5,0.57233
90,21,108,14.75,29.25,0.56777
90,500.5,387.25,12,24.25,0.56149
90,220.5,284,14.75,29,0.56077
90,287.5,64.75,12.25,24.5,0.55796
90,561.75,402,18.75,37.75,0.55747
90,324.25,104.5,11.75,24,0.55396
90,588.75,237.5,13.75,27.25,0.55384
90,118,264.25,14.25,28.25,0.55333
90,124,278.5,13.25,26,0.55101
90,628.25,284,12.75,25.25,0.54997
90,554.5,233.5,13,26.25,0.5494
90,264.5,159.75,12.75,25.5,0.54784
90,85.5,416.5,16.25,32.75,0.5471
90,300.5,97.25,12.25,24.25,0.5461
90,245,171.5,15.25,30,0.54599
90,28.5,106.75,15.75,31.25,0.54405
90,134.5,67.25,13.5,27,0.54202
90,403,19.75,204.5,409,0.54099
90,272.75,97,11.5,23,0.54016
90,23,145,12,24.25,0.53974
90,207.75,221.25,13,25.75,0.53962
90,567.25,211.5,14.5,29,0.53934
90,226.5,287.25,82.25,164.75,0.53896
90,276,80.75,16,32,0.53873
90,500,398,14,28.25,0.53847
90,364.25,185.25,12.5,24.75,0.53836
90,139.75,272.75,12.5,24.75,0.5374
90,199,351.5,13.75,27.5,0.53687
90,628.25,321.5,12.75,25.5,0.53533
90,120.75,91.5,12.25,24.5,0.53516
90,29.25,256.75,13,26,0.53494
90,267.25,37.5,13.25,26.5,0.53481
90,594.25,231.25,17.25,34.25,0.53434
90,532,125.25,12.5,25,0.53373
90,12.25,305.25,15.75,31.5,0.5336
90,548.25,116.5,13,26,0.53358
90,28.25,121.75,15.75,31.5,0.53343
90,253.5,430.5,22.5,44.75,0.53331
90,333.25,320.25,12,24.25,0.53317
90,589.25,398.75,17.5,35,0.53256
90,316.25,305.5,12.25,24.75,0.53252
90,557,123.25,13,26.25,0.53233
90,276.25,41,11.75,23.5,0.53181
90,257.75,394,40.75,81.25,0.53168
90,628.25,273.5,13,26.25,0.53164
90,175.75,163.25,13.75,27.5,0.53156
90,260.5,100.75,12,24.5,0.53141
90,275.25,175,13.5,27,0.53115
90,591.5,133,13.5,27,0.53041
90,148.25,49.5,14.5,29,0.53036
120,445.25,382.5,13.5,27,0.58321
120,157,164.5,13.75,27.75,0.55292
120,245.5,116.5,14,28,0.55
120,558,333.75,13.25,26.75,0.54932
120,209.25,312.5,29.5,58.75,0.54722
120,262.75,219,13,25.75,0.54381
120,222.25,282.25,13.5,27,0.54277
120,307.75,125.5,17.5,34.75,0.5416
120,600,184.75,26.5,52.75,0.54084
120,249,311,23.75,47.5,0.54014
120,572.5,329.75,14.25,28.75,0.53983
120,592.5,181.25,12.25,24.25,0.53852
120,582.25,166.5,13,26,0.53545
120,589.5,355.25,13.25,26.25,0.53495
120,606.25,293.25,13.5,27,0.53465
120,127.5,446.5,14,28.25,0.53439
120,552,151.75,12.25,25,0.53431
120,623,214.75,19.5,38.75,0.534
120,598.25,191,13,25.75,0.53395
120,110.75,349.75,12,23.75,0.53388
120,412.5,389.5,15.5,31,0.53378
120,612,257.25,12.25,24.25,0.53377
120,363.75,309.5,12.75,25.25,0.53376
120,116.25,350.5,12.25,24.25,0.53317
120,571.75,136.75,20.25,40.75,0.53294
120,604.75,187.5,13,26,0.53292
120,45.5,400.5,16.75,33.5,0.53273
120,136.75,153,11.5,23,0.53234
120,224,277,30,60,0.53229
120,502.75,394.5,11.5,23.5,0.53218
120,381.5,418.75,15,30,0.53139
120,-11.25,178.5,97,194.25,0.53098
120,584.25,215.25,12.75,25.75,0.53083
120,589.25,215.5,12.75,25.75,0.53063
120,598.25,286,13.5,27,0.53017
150,395.25,288.25,12.75,25.25,0.54842
150,332.75,274.5,15.75,31.5,0.54836
150,223.75,410.5,12.75,25.5,0.54594
150,336,425.5,12.5,24.5,0.54434
150,341.75,362.25,15.5,30.75,0.54239
150,289.75,200.75,14.75,29.5,0.54123
150,329,177.25,13.25,26.75,0.54007
150,283.5,301.5,12.5,24.75,0.53932
150,279.5,351.25,16.75,33.25,0.53881
150,412.5,152.5,11.75,23.75,0.53804
150,516,258.5,13.25,26.5,0.53717
150,406.25,168.75,12.25,24.75,0.53698
150,140.75,282.75,20,40,0.53637
150,603.75,256.25,15,30,0.53627
150,364.25,289.25,12.5,25,0.53577
150,292.5,411.25,12,23.75,0.53543
150,427.25,208.5,14,27.75,0.53502
150,371.25,436,13.75,27.5,0.53496
150,575.75,156.75,12.75,25.5,0.53482
150,604.75,393,11.5,23,0.53332
150,420,142.25,16,31.75,0.53246
150,580.5,214.75,16,31.5,0.53184
150,348.25,297.5,13.5,27,0.53149
150,253.25,322.75,23.25,46.75,0.53132
150,375,128.5,19.75,39.5,0.53129
150,287,357.5,13.5,27.25,0.53082
150,197.25,367.5,12.5,25.25,0.53063
150,476.5,220.5,12.25,24.25,0.53057
150,396.75,449,11.5,23,0.53052
150,479.5,332.5,12.75,25.5,0.53027
150,620,415,12.75,25.5,0.53016
150,371.5,285.75,13.25,26.75,0.53009
180,268.5,252.75,15.75,31.75,0.56288
180,222.75,47.25,15.75,31.5,0.56136
180,271.5,223.75,13,26,0.55411
180,478.25,199.5,12.75,25.25,0.55369
180,159.25,201.75,13.25,26.5,0.54575
180,253.75,266.75,13.5,27.25,0.54385
180,116.5,224,16,32,0.54309
180,388.75,421.75,12.5,25,0.54144
180,468.25,295,13.5,27,0.54104
180,345.25,239.75,12.5,24.75,0.54028
180,276.5,256.75,15,30.25,0.54001
180,208,47.25,13.5,26.75,0.53934
180,261.25,268.75,14.25,28.5,0.53802
180,320.5,213,11.75,23.5,0.537
180,157,404.75,14,28.25,0.53629
180,56,416.75,11.75,23.5,0.53397
180,344.25,131,12,24,0.5339
180,507.75,203.75,14.25,28.25,0.53355
180,61.25,374.75,13.25,26.5,0.53348
180,530.5,361.75,14.25,28.75,0.53296
180,342.25,66,21.75,43.5,0.53217
180,220.75,314,13,25.75,0.53202
180,189.25,29.5,15.25,30,0.53063
210,364,440.5,12.75,25.5,0.57567
210,445,347.5,14.5,29,0.57125
210,389.5,305.25,14.75,29.25,0.56288
210,158.5,72,16.5,33,0.55683
210,556.25,439.75,12.75,25.75,0.55532
210,296.5,336.25,12,24.25,0.54411
210,404,355,15.5,30.75,0.54093
210,393.25,48.25,14.5,28.75,0.54019
210,141.75,76.5,13.5,27,0.53923
210,404,309.25,13,26.25,0.53913
210,124.75,339.75,15.75,31.25,0.53641
210,450.25,322.5,15.75,31.25,0.53633
210,300.75,137,26.25,52.5,0.53511
210,441,287,32,64.25,0.53492
210,29.25,208.5,33,65.75,0.5349
210,181.5,90.25,39.75,79.75,0.53462
210,84.5,222.25,12.5,24.75,0.53446
210,459.25,265.5,12.75,25.75,0.53401
210,107,303.75,16.25,32.25,0.534
210,174.25,271.75,13,25.75,0.5338
210,111.5,236.75,12.75,25.75,0.53326
210,205.25,144.5,13.5,27,0.53314
210,388.75,364.25,13.75,27.25,0.53248
210,626.25,26.75,14.5,29.25,0.53222
210,120.25,56.5,15,30,0.53221
210,382,379.75,13,26,0.53203
210,37,244.25,14.75,29.75,0.53194
210,102.25,350.75,13,26.25,0.53154
210,333.25,145.25,13,26,0.53134
210,611.75,385,12,24.25,0.53091
210,92.5,364.75,14.75,29.25,0.53071
210,436.75,317.5,16.75,33.25,0.5307
210,421.5,314.5,15.5,31.25,0.53055
210,141,314.75,15.25,30.25,0.53043
240,476.25,389.25,13,26.25,0.56451
240,94,75.5,16.75,33.75,0.55422
240,167,152.25,15.25,30.25,0.54764
240,149.5,333,13.25,26.75,0.54406
240,95.5,383.75,12.5,25,0.53877
240,163.75,352.75,14.5,29,0.5384
240,84.75,250.5,13,25.75,0.53832
240,366.75,400,13,25.75,0.53821
240,92.75,350.75,12.5,25,0.5377
240,84.75,359.25,13.25,26.25,0.53728
240,454,377.25,14.25,28.5,0.53518
240,189.5,326.75,14.25,28.5,0.53513
240,363.75,439,13.5,26.75,0.53466
240,99,391.5,17,33.75,0.53437
240,116,396.75,14,28.25,0.53398
240,60.25,356.25,12.75,25.75,0.53337
240,120.25,234,12,24.25,0.53304
240,148.5,377,15,29.75,0.53297
240,107,297.75,13.25,26.5,0.53256
240,468,385.5,14.5,28.5,0.53219
240,281,302.5,14.25,28.5,0.53219
240,156.25,375.25,15,29.75,0.53207
240,54,40,22,43.5,0.53159
240,204.5,324.25,15,30.25,0.53131
240,547.25,401,11.5,23,0.53062
240,506.5,348.25,17.5,35.5,0.53044
270,100.25,340.25,15,30,0.55573
270,348.25,188.25,13,26.25,0.55167
270,29.5,290.5,14,28,0.54922
270,93.75,403,13.75,27.25,0.5468
270,68.25,404.5,11.75,23.75,0.54407
270,542.25,351,14.25,28.25,0.54271
270,0.5,54.5,12.5,25,0.53828
270,51.75,72.5,22,43.75,0.53808
270,203.5,400,17.25,34.75,0.53677
270,380,378.25,43.75,87.5,0.53668
270,355.5,425,17.5,35,0.53572
270,115.75,323.5,14.75,29.25,0.53445
270,-10.75,290.75,85.5,171,0.53442
270,538.25,396,17.5,35,0.5344
270,202.5,123,104.5,209,0.53328
270,348,401,14.5,29.25,0.53279
270,82,264.75,12.75,25.75,0.53253
270,343.5,344.5,59.75,119.25,0.53114
270,359.5,181.25,30.25,60.5,0.53094
270,84,364,13.25,26.5,0.53042
270,418.5,88.25,15,30,0.53037
300,353,200,13.25,26.5,0.5707
300,373.25,439.5,13,26.25,0.55579
300,-2.5,25.75,35.25,70.5,0.55113
300,425.25,397.25,35.75,71.25,0.54975
300,243.5,436,15.75,32,0.54643
300,385.25,363.5,47.5,95,0.54441
300,169.75,402.75,32.25,64.75,0.5432
300,201.25,421,23.5,47,0.54144
300,250.25,205.75,12.75,25.75,0.53997
300,301.25,429.75,18,36,0.53859
300,-10.5,292.75,84.75,169.25,0.53859
300,210.25,204.75,12.5,25,0.53799
300,391,415.25,25.75,51.5,0.5376
300,348.25,409.25,28.75,57.25,0.53747
300,347.5,332.75,67.75,135.75,0.53718
300,-1.5,58.5,30.25,60.25,0.53567
300,413,423.5,21.25,42.25,0.53483
300,194.25,134.5,118.75,237.5,0.53438
300,501.25,413.5,15,30,0.53416
300,373.25,357.25,55.5,111,0.53389
300,154.25,417.5,24.75,49.5,0.53376
300,426.5,95.25,16.25,32.5,0.53278
300,233.25,434.75,15.75,31.75,0.53187
300,362.25,200,12.25,24.5,0.53159
300,438.25,23.5,14,28,0.53119
300,385.5,200.75,16.25,32.25,0.53057
300,495.75,378.75,28.25,56.5,0.5303
300,334.75,410.75,29.25,58.5,0.5302
300,466.75,408.75,28.25,56.25,0.5301
330,470.25,406.75,15,30.5,0.55073
330,238.75,418.25,27,53.75,0.55036
330,361.75,206.5,13.25,26.5,0.54531
330,336,395.5,18.5,37,0.54516
330,108.5,436,12.25,24.5,0.541
330,288.25,447.75,12.5,24.75,0.54076
330,13.75,91.5,28.75,57.5,0.5394
330,604.75,445.75,13.75,27.5,0.53858
330,55.75,385.25,12.5,25,0.53757
330,605.75,413.25,14.25,28.5,0.53741
330,374.75,198.75,29.5,59.25,0.53709
330,402,372.75,49,98.25,0.53693
330,110.5,127.25,12.75,25.75,0.53628
330,417.25,428,21.25,42.5,0.53625
330,75.5,395.25,18.75,37.75,0.53465
330,316.25,448,12.5,25.25,0.53275
330,85.75,400.75,14.5,29,0.53229
330,215.75,54.5,13.5,26.5,0.53216
330,410.5,109.25,28.25,56.25,0.5319
330,222.75,416.75,17,34,0.5318
330,413,380.5,46.5,93,0.53109
330,181,258.75,104.5,209.25,0.53091
330,206.75,387.5,33.5,67,0.53052
330,437.25,381.25,46.25,92.5,0.53016
360,550.25,423.5,13.5,27,0.54226
360,195.5,222.75,13,26.5,0.54138
360,364,210,14,28,0.54036
360,177.5,223.25,18,36.25,0.53952
360,588.75,445.5,14,28,0.53776
360,77.25,416.75,13.25,26.5,0.53523
360,275.75,210.25,35,69.75,0.53486
360,207.75,218.5,13,26.25,0.53425
360,101.75,274.25,12.75,25.5,0.53384
360,183.25,427.75,13.5,27,0.53363
360,298.5,441.75,13.5,27,0.53152
360,338.5,432,18.25,36.25,0.53072
360,174,179.75,26,52,0.5307
360,-3.75,331.5,28.5,56.75,0.53067
360,252,215,19,38,0.53045
360,214.75,318.25,12,24,0.53022
360,567,78.5,14.25,29,0.53016
360,312.75,207,13.75,27.75,0.53015
390,251.75,203.75,13.5,27,0.54875
390,203.75,79.25,12.75,25,0.54595
390,605,81.25,12.75,25.5,0.54504
390,229,201.5,14.25,28.5,0.54143
390,40,303.75,13.5,27.25,0.53913
390,258.5,210.5,27.5,54.75,0.53873
390,105,402.75,13,26.25,0.5371
390,373,211.25,14,27.75,0.536
390,511,391,15.5,30.75,0.53507
390,23,406.25,13,26.25,0.53435
390,377,189.25,48.5,97.25,0.53426
390,155.25,246,13.25,26.25,0.53366
390,483,389.25,14.75,30,0.5331
390,427.25,97.25,35.5,71,0.53296
390,284.5,30.75,11.75,23.5,0.53292
390,444,318,12,24.25,0.53224
390,333.5,413,29.5,58.75,0.53202
390,105,163.75,13,25.75,0.53165
390,142.5,40.5,13.25,26.25,0.53165
390,112,425.5,12.25,24.25,0.53156
390,146.75,355,11.5,23,0.53101
390,381.75,388.25,15,30,0.53053
420,15,406,13.25,27,0.54194
420,113,264.5,13.75,27.25,0.54089
420,244,213.25,32.75,65.25,0.54049
420,245.5,13.75,15,30.25,0.54027
420,539.25,180.25,50.75,102,0.53854
420,100.75,354,18.25,36.5,0.53736
420,233.75,227.5,25.5,50.75,0.53714
420,-3,336.75,22.25,44.75,0.53676
420,16.5,309.5,15.25,30.5,0.53492
420,245.25,195.25,12.5,25.5,0.53417
420,141.25,251.5,13,26,0.53407
420,-4,271,33.5,67.5,0.53334
420,212.5,205,16.25,32.75,0.53325
420,172,383,17,34,0.53228
420,52,160,15.75,31.75,0.53224
420,394.25,209,13.5,27.25,0.53164
450,149.25,422,13.75,27.5,0.57809
450,564.25,191.75,54.75,109.5,0.55509
450,139.25,194.75,18.25,36.25,0.55262
450,97.75,270.25,13,26,0.54968
450,324.25,87.5,12.5,25,0.54369
450,107.5,181.75,33.5,66.75,0.53942
450,180.75,380.75,14.5,28.75,0.53926
450,117.25,417.5,14.25,28.5,0.53885
450,58,288.75,14,28,0.53883
450,378.5,86.75,12.5,24.75,0.53399
450,86.25,233.5,13.25,26.5,0.53386
450,264,121.75,15,30.25,0.53386
450,165,362.25,14.5,28.5,0.53302
450,116.75,401,16.5,33,0.53217
450,328,421.75,12.5,25,0.532
450,164.25,401.75,15.25,30.25,0.53161
450,141.5,19.5,14.5,29.25,0.53094
450,310.25,107,67,134,0.53085
450,284.25,84.75,12.75,25.5,0.53076
480,205,393.75,15.5,31.5,0.55816
480,197,411.25,15,30,0.55596
480,428,393.75,14.25,28.75,0.55203
480,92.25,364.25,20.5,41,0.54551
480,-12.25,257.75,100.5,201,0.54531
480,310.25,60.5,15.25,30.5,0.54208
480,419.75,398,13.75,27.25,0.54188
480,348.5,425,13.75,27.25,0.54099
480,265.5,151,12.25,25,0.53957
480,444.5,406.75,12.75,25.75,0.53816
480,414.5,313.75,13.75,27.5,0.53804
480,413,393.25,13,26,0.53733
480,451.75,404.25,14.75,29.25,0.5361
480,156.5,395,16.5,33.25,0.5351
480,406.25,214.25,14.5,29,0.53495
480,-2.75,255.5,21.5,43,0.53468
480,190.75,393.75,13.5,27,0.53449
480,68.75,388,14,28,0.53447
480,126.25,53.25,12.75,25.75,0.53398
480,58.5,391.75,12.75,25.75,0.53356
480,133.25,70,118.25,236.5,0.53312
480,42.25,289.5,13.25,26.75,0.53212
480,171.75,326.25,13.5,27.25,0.53194
480,160,268.25,18.5,37.25,0.53066
480,269,82.25,185.5,371,0.53019
510,85.25,381.25,14.25,28.5,0.57177
510,375.5,400,13,25.75,0.57016
510,22.75,293.25,15.5,30.75,0.5656
510,626.25,300.5,13.25,27,0.55048
510,231.5,408.25,12.75,25.5,0.54978
510,75,379,16.5,32.75,0.54632
510,200.25,355.5,14,27.75,0.54537
510,322.5,134.5,12.5,24.75,0.54477
510,205,378.25,14.25,28.75,0.54442
510,73.75,19.5,14.25,29,0.54413
510,236,31.25,13.75,27.75,0.54367
510,242,20.5,19.75,39.5,0.54325
510,29.75,8.5,12,24,0.54311
510,140.25,333.5,15.25,30.5,0.54288
510,15,120.25,14.25,28.5,0.54201
510,391.75,400.25,12.25,24.5,0.54181
510,173.5,374.75,14,28.25,0.54127
510,92.5,379.25,15.25,30.25,0.54088
510,295,28.25,15.75,31.25,0.54071
510,148.5,378.5,15,30,0.53973
510,141,365,14.75,29.25,0.53924
510,141.5,397.25,18.75,37.5,0.53809
510,262.75,143.5,13.25,26.5,0.53775
510,90.25,360.5,18.25,36.5,0.53768
510,287.75,83.5,124.75,249.5,0.53726
510,77,3.5,11.75,23.5,0.5357
510,245,97,17.75,35.25,0.53495
510,124.25,335.25,13,26,0.53419
510,204.25,204,12.5,24.75,0.53407
510,237,407.5,12.75,25.5,0.53278
510,348.5,43.25,12.75,25.5,0.53272
510,321.5,31,16.25,32.5,0.5327
510,345,120.5,14.25,28.5,0.53171
510,156.5,375.75,13.25,26.75,0.53123
510,72,369.5,15,30.25,0.53064
510,84.75,17.25,15.5,31.25,0.5306
540,51.75,359.5,14,28.25,0.56097
540,103.5,407.75,12.75,25.5,0.5545
540,33.25,53.75,13.5,27,0.55291
540,444,396.75,18,36,0.55288
540,460.5,282.75,12.75,25.25,0.55188
540,283.5,251.5,44.75,89.25,0.55101
540,173.5,233,14.25,28.25,0.54986
540,471.5,369,12.75,25.25,0.54969
540,101.25,355.25,12.5,24.75,0.54843
540,555.75,6.75,13.25,26.75,0.54747
540,399.75,223,12.25,24.75,0.54724
540,117.25,362.75,14.5,29,0.54668
540,444,404.75,14.5,28.5,0.54485
540,109.25,399.25,13.5,26.75,0.54365
540,264.5,141.25,13.5,27.25,0.54351
540,476,416,12.25,24.75,0.54211
540,499,396.25,14.5,28.75,0.54172
540,171.25,240.75,49,97.75,0.54107
540,460,373.75,13.5,27,0.54063
540,52,355.75,13,26,0.54048
540,163.75,344,13.75,27.5,0.54025
540,116.25,400.25,15.75,31,0.53953
540,451.25,396,15,30,0.5379
540,104.75,200.5,68.75,137.25,0.53785
540,-3,268.75,24.25,48.25,0.53766
540,357.5,414.75,13.5,27,0.53695
540,523.75,415,16,32,0.53693
540,164.5,40,12.25,24.25,0.53689
540,420.25,405.25,14,28.25,0.53661
540,168,209.5,13.5,27.25,0.53639
540,420.25,376.75,16.25,32.5,0.53517
540,233.5,164.75,91.5,183.5,0.53498
540,492.5,239.75,12,23.75,0.5349
540,163.5,234.5,14,28.25,0.53483
540,436.25,388.5,14.25,28.5,0.53482
540,412.25,406,14.5,29,0.53472
540,578.75,257,11.5,23,0.53441
540,88,202.5,21.75,43,0.53413
540,158.5,215.75,23.75,47.5,0.53406
540,396.75,418.75,13.75,27.25,0.53353
540,607,293.5,13.5,27.25,0.53351
540,148.25,409.25,15.25,30.75,0.53346
540,398.25,208.25,14.75,30,0.53335
540,390,414.75,13.25,26.75,0.53244
540,116,74.75,14.75,29.5,0.53244
540,429.75,414.25,13.25,26.75,0.53236
540,532.25,416,15.25,30.75,0.53234
540,149.75,35,12.75,25.75,0.53161
540,579.25,390,16.75,33.5,0.53137
540,87.75,55.5,12.25,24.25,0.53136
540,480.75,414.25,14,28,0.53124
540,403.75,386.75,13.75,27.5,0.53071
540,562.75,324.25,12.5,25,0.53067
540,453,426.25,13.5,27,0.53047
540,518,404.5,13.25,27,0.53002
570,92.5,12,14.5,29,0.57229
570,80,428.5,13,26,0.56324
570,74.5,410,32,64,0.55296
570,180,255.5,61.25,122.5,0.55102
570,536.25,200,12.25,24.5,0.55047
570,515,260.25,13.75,27.5,0.54293
570,4.25,123.25,15.5,30.5,0.54282
570,192.25,243.25,16,32,0.54191
570,85.25,66,14.25,28.5,0.54162
570,297.25,138.25,14,28.25,0.54022
570,408.5,276.75,11.75,23.5,0.53976
570,566.5,435,15.75,31.75,0.53942
570,546.75,430.75,18,36,0.53908
570,606,439.75,13.75,27.5,0.53776
570,263.25,52.75,20.75,41.5,0.53756
570,117.25,82.5,14.5,29,0.5366
570,147.25,404,33.5,67.25,0.53638
570,314.5,266.5,64,128,0.53638
570,628.5,94.5,12.25,25,0.53555
570,182.25,251.5,13.25,26.25,0.5352
570,40,353,59.75,119.5,0.5349
570,256,156.75,112.25,224.25,0.5348
570,355.5,415.25,16.75,33.25,0.5346
570,188.25,396.5,13,26.25,0.53433
570,101.25,201,87.75,175.5,0.53327
570,79.75,235.25,13,26.25,0.53298
570,71,6.5,12.75,25.5,0.53279
570,199.75,313.5,28.75,57.25,0.53227
570,232.75,203,11.5,23,0.53215
570,80,288,12.5,25,0.53187
570,72.25,200,30.25,60.25,0.53118
570,587,409.75,29.75,59.5,0.53102
570,13.5,26,14.25,28.75,0.53077
570,63.75,362.25,12,24,0.53031
570,299.5,399.5,14.75,29.25,0.53017
600,207.75,266,13,26.25,0.55861
600,39,47.5,14.75,30,0.55058
600,52,432.75,12.25,24.25,0.55014
600,337.5,128.5,16.25,32.5,0.54938
600,463.5,76.5,18.25,37,0.54819
600,84.5,26.5,12.5,25.5,0.54663
600,493.75,309.5,12.25,24.5,0.54217
600,85.75,21.5,13.75,27.5,0.5411
600,280.75,144.75,142.5,285.5,0.53969
600,353.5,276.5,93,186.5,0.53941
600,76.25,416.25,12,24,0.5385
600,108.5,48.75,14.25,28.25,0.53836
600,455.25,100.75,14.5,29,0.53825
600,196.25,276,72,144,0.53786
600,258.75,239.5,12,24.25,0.53756
600,37,240.5,15.75,31.5,0.53635
600,248.5,271.25,12.75,25.75,0.53528
600,563.75,279.25,13.25,26.75,0.53494
600,328.25,119.5,12.75,25.5,0.5345
600,323.25,93.25,26.25,52.75,0.53407
600,345,144.5,15.25,30.5,0.53381
600,141.25,339.75,31.75,63.5,0.53343
600,574.75,245,11.5,23,0.53328
600,440.75,385,11.5,23,0.53311
600,467.5,151,16.5,33.25,0.5327
600,202.75,344.75,30.5,61.25,0.53265
600,293.5,7.5,29.25,58.75,0.53248
600,69,430.25,14.5,29,0.53239
600,210,204.75,12.25,24.5,0.53172
600,379.25,4.5,14.25,28.5,0.53142
600,340.25,135.5,18.5,37,0.53113
630,338.25,235,21,41.5,0.5598
630,326.75,249.75,14,28.25,0.55954
630,147.75,444.75,16.75,33.5,0.55583
630,172.5,452.5,12.5,24.75,0.55349
630,479.5,78.75,30.25,60.5,0.55248
630,207.25,188.5,33,66,0.5484
630,325.25,58.75,13.5,27.25,0.54824
630,164.75,440.75,14.5,29,0.54807
630,198.75,176,130,259.75,0.54802
630,317.75,273.5,83,166,0.54074
630,392.75,183.25,13,25.75,0.54028
630,254.25,72,12.5,24.75,0.54023
630,260,68.75,15.5,30.75,0.53934
630,246.25,66.25,12.5,25,0.53922
630,92.75,81.25,11.75,23.5,0.53878
630,376.5,185.5,12,24,0.53864
630,397.75,184,12.5,25,0.53836
630,216,55,12.75,25.75,0.53658
630,343.75,182.25,13.5,26.75,0.53639
630,224.75,340.75,33,66.25,0.53624
630,253.75,57,13.25,26.5,0.53605
630,80.25,453.25,12.25,24.25,0.53584
630,93.25,223.75,12.5,25.25,0.53575
630,359.75,254.75,13.25,26.25,0.53561
630,370.25,217.75,32.25,64.25,0.53511
630,452.5,164.75,11.75,23.5,0.53491
630,385.75,235.25,22.25,44.75,0.53486
630,381.75,202.25,21.5,43,0.53428
630,165,452.5,13.25,26,0.53319
630,388.75,97,11.5,23,0.53251
630,75.5,308.75,12.75,25.75,0.53206
630,115.25,163.5,44.75,89.75,0.53206
630,186.75,224.5,17.75,35.5,0.53203
630,452.25,416,13,25.75,0.53128
630,373.75,255,13.5,27.25,0.53124
630,321.5,209.5,16.5,33.25,0.53109
630,523.75,133.5,134.75,269.25,0.53048
630,401.75,221,13,26,0.53047
630,579.5,304.75,13.5,27.25,0.53043
630,317,59.25,14.5,29,0.53032
630,624.75,143.75,16.5,32.75,0.53021
630,165.75,58,13,26,0.53003
660,263.25,206.5,67.75,135.75,0.58944
660,39.75,168.75,83.75,167.75,0.56343
660,356.75,444.25,14.5,29,0.55658
660,478.5,191.5,14.25,28.75,0.55004
660,150.5,450,13.25,26.5,0.54678
660,-0.75,252.25,15,30,0.54594
660,380.25,430.5,13.5,27,0.54293
660,403.75,344,12.75,25.5,0.54101
660,327,426.25,12.75,25.75,0.53919
660,340.5,440,15,29.75,0.53876
660,243.5,428.25,13.25,26.25,0.53836
660,508.5,447.75,12.5,25,0.53787
660,469.25,445.5,14,28,0.53633
660,379.25,430.75,18,36.25,0.53626
660,263.5,409.25,12,24,0.53577
660,476.75,441,12.25,24.25,0.53528
660,310.5,436,14.25,28.5,0.53502
660,147.25,219.25,45.5,91,0.53486
660,507,178.75,16.75,33.75,0.53371
660,252,407.75,12.75,25.25,0.5336
660,348.5,444.75,14.25,28.5,0.53353
660,60.25,393,12.75,25.25,0.53336
660,10.5,451,14,28,0.5329
660,335.5,423.5,13,26,0.53237
660,496.75,131.5,40.75,81.5,0.53216
660,427.75,357.5,14.5,28.75,0.53214
660,297.25,214.75,25,50.25,0.5321
660,269,215,27.25,54.5,0.53205
660,247.5,407.5,12.25,24.75,0.532
660,391,347,12,23.75,0.53145
660,172.5,451.75,12,24,0.53109
660,253,106,89.75,179.25,0.5306
660,443,178.5,16.75,33.25,0.53039
690,44.75,162.25,13,26,0.58337
690,305.25,134,13,26,0.58036
690,508.75,283.25,14.25,29,0.56295
690,-1.5,181.5,40.25,80.75,0.55263
690,628.5,241,12.5,24.75,0.55246
690,532.75,444,15.5,31,0.54618
690,579.75,450,14,28.25,0.54572
690,316.5,361,15.5,31.25,0.54273
690,308.5,133,13,26.25,0.54251
690,588.75,280,13.75,27.5,0.54235
690,603.25,224.25,13,25.75,0.53885
690,37.25,400.5,13.5,27.25,0.53776
690,567.25,264,12.5,25,0.53753
690,173,272.25,12,24.25,0.53726
690,627.75,296.25,13.25,27,0.53658
690,42.75,147.25,19,37.75,0.53571
690,277.5,212.5,51,102,0.53533
690,580.25,288.25,16.75,33.25,0.53532
690,628,280,12.75,25.5,0.53491
690,106.25,182.25,12.75,25.75,0.53436
690,628.5,249,12.5,25.25,0.53435
690,460.75,452,13.5,27,0.53406
690,500.5,240.75,12,23.5,0.53365
690,514,269.5,13.25,26.75,0.53349
690,612.25,288.75,11.75,23.75,0.53343
690,295.25,437,13.25,26.5,0.53294
690,98,217.75,58.25,116.5,0.53271
690,509,266.5,12.5,25,0.53216
690,247.75,122.75,13.75,27.5,0.53126
690,525.25,284.5,13,26,0.53111
690,500.25,283.75,14,27.75,0.53087
690,90.75,163.75,11.75,23.5,0.53084
690,51.75,413.25,14.25,28.25,0.53078
690,312,360,16,32.25,0.53068
690,389.5,136,102.75,205.25,0.53052
690,44.75,284.75,11.75,23.5,0.53047
690,559.5,343,12.25,24.75,0.53018
720,203.25,128.75,18,36,0.56807
720,166.75,196.75,11.5,23.5,0.54741
720,270.75,194,77.75,155,0.54259
720,258.5,108,24.5,48.75,0.54133
720,397.25,250.5,19.75,39.75,0.54123
720,115,208,19.5,39.25,0.54044
720,222.25,194.75,13,26.25,0.53974
720,128,140.5,13.25,26.25,0.53806
720,151.5,396.25,15,30,0.53735
720,217.5,173.75,23.75,47.25,0.53655
720,500.5,324.75,12,23.5,0.53653
720,171.5,123,25.5,51.5,0.53489
720,450.25,217.5,12.25,24.25,0.53429
720,230.5,188.25,17.25,34.75,0.53357
720,411.25,190.25,17,34.25,0.533
720,104,201,23,45.5,0.53204
720,304.25,401.5,30.25,60.5,0.53049
720,314.5,220,14,28,0.53044
720,128.75,165.5,36.25,72.5,0.53032
720,532.75,85.25,14.5,29.25,0.53026
720,590.5,407.5,26.25,52.5,0.5301
750,428,109.5,23.5,46.75,0.56762
750,357,437.25,13.5,27.5,0.56599
750,573.25,452,13,25.75,0.55825
750,374.5,125.5,17.25,34,0.55483
750,372.25,442.5,16.5,33,0.55379
750,164.25,446,12.75,25.75,0.55188
750,429.5,452,13,26,0.55167
750,370.25,78.75,79,157.75,0.54973
750,282.25,225.25,15.25,30.75,0.54839
750,364.25,423,12.5,25.25,0.54753
750,371,126.5,16.25,33,0.54531
750,496.75,66.75,17.75,35.5,0.54281
750,516.25,246.75,13.25,26.25,0.54246
750,388.25,399.5,13,25.75,0.54182
750,253.5,442.5,14.25,29,0.54152
750,261.5,421.25,14,27.75,0.5402
750,205,439.25,14.25,28.5,0.54013
750,413.25,80,106.75,213.5,0.53945
750,397.25,399.75,12.75,25.5,0.53854
750,500,291.25,14.75,29.5,0.53775
750,116,443.5,16.5,32.75,0.53745
750,455.25,202.25,17,34,0.5364
750,283.25,110.5,14.5,29,0.53589
750,476.75,429.5,15,30,0.53577
750,515.5,280.25,12.25,24.25,0.53574
750,-1.5,46,14,28.25,0.5353
750,200,168.5,13,26,0.53523
750,42,169,25.5,50.75,0.53501
750,463.25,414.25,13.25,26.5,0.535
750,268.5,444.25,16,31.75,0.53495
750,532.25,316.5,12,24.25,0.53476
750,307.25,222,19,38,0.53474
750,167,437.75,13.75,27.75,0.53434
750,134.75,443.25,13,25.75,0.53416
750,343.5,435.5,13,25.75,0.53402
750,197,444.75,15.5,31,0.53388
750,29,376.5,13,26,0.53359
750,321.25,159.5,51,101.75,0.53339
750,455.5,188,46.25,92.5,0.53326
750,523.5,321.5,15.5,31.5,0.53317
750,533.75,336.5,12.5,25.25,0.53314
750,428.25,363.75,13.5,27,0.53297
750,359,288.5,12.5,25.25,0.53128
750,245,221.5,14.75,29.5,0.53127
750,212.25,392.5,15.25,30.75,0.53125
750,432.75,106.5,15,30,0.5311
750,147.5,431.75,16.25,32.75,0.531
750,442,187,17.5,35.25,0.53061
750,364.25,440,12.5,25.25,0.53038
750,92.25,439.5,13.75,27.25,0.53038
750,507,334,17.5,35,0.53028
780,581,448.25,13.5,26.75,0.56087
780,308.75,436.75,15,30,0.55656
780,412.5,437.5,14,28,0.55619
780,325.25,438.25,14.25,28.25,0.55552
780,300.75,436.25,15,30,0.55356
780,355.5,433.25,14.5,29,0.55
780,611.75,113,12.5,25,0.54969
780,292.5,437.75,14.5,28.75,0.54913
780,348.25,377.25,13.25,26.75,0.54911
780,421,434.25,15.25,31,0.54586
780,224,78.75,18.75,37.25,0.54484
780,333,437.25,14.5,28.75,0.54271
780,348.25,442.5,14,27.75,0.54179
780,460,433.5,15.25,30.25,0.54175
780,428,442.5,15,29.75,0.53926
780,585.75,136.5,53.75,107.75,0.53905
780,599.5,61.25,19.75,39.25,0.53861
780,426.5,413.5,17,33.5,0.5386
780,317.5,438.75,13.5,26.75,0.5383
780,218.75,98.5,12.25,24.75,0.53817
780,472,355.5,17.75,35.75,0.53806
780,340,440.25,16.75,33.5,0.53726
780,478.25,427.75,11.75,23.25,0.53673
780,292,444.5,14.75,29.75,0.53668
780,195.5,409.25,12.75,25.5,0.53607
780,605.25,227.75,24.25,48.5,0.53591
780,338.75,324.25,13.5,27,0.53462
780,451.5,432.5,16.25,32.25,0.53456
780,299.75,363.25,13.25,26.25,0.5338
780,607,249.5,12.75,25.25,0.53377
780,435,427,15,29.75,0.53354
780,524,408,12.75,25.25,0.53344
780,612.25,230.75,30.25,60.25,0.53214
780,460.25,147.25,12.5,25,0.53207
780,214.5,153.75,42.75,85.5,0.53156
780,453,443.75,13.5,26.5,0.53116
780,271.75,308.25,12,24,0.53116
780,404.25,327.25,12.75,25.75,0.53114
780,257.75,152.5,27.5,55.25,0.53112
780,261.5,443.75,14.25,28.75,0.53093
780,412,156.75,14.25,28.5,0.53083
780,212.25,395.25,14.75,29.25,0.5308
780,382.75,393,11.5,23,0.53063
780,220.5,28.75,13,26,0.53041
780,595.5,252,19.25,38.25,0.53033
810,119.5,424,12.75,25.25,0.58669
810,108.25,143.75,14.5,29,0.55523
810,380.5,383.75,12,23.75,0.5476
810,-6.5,138,53.5,107.5,0.54423
810,460,407,14.5,29.25,0.5439
810,387.5,166.25,20.75,41,0.54253
810,492.5,359.25,12.5,25.25,0.54195
810,540.25,363.25,13.5,26.75,0.53954
810,300.75,284.75,11.75,23.5,0.53939
810,470.25,412,13,26,0.53855
810,551,165.5,26.75,53.25,0.53771
810,373.5,446.75,13.25,26.75,0.53757
810,549,366,15,30,0.53752
810,303.5,440.25,16.25,32.75,0.53592
810,565.75,378.75,13.25,26.75,0.53563
810,68.5,405.5,13.75,27.5,0.53474
810,56.75,411,11.5,23,0.5344
810,571,147.25,23.25,46.5,0.53397
810,627,287.25,13.5,27.25,0.53377
810,548,396.75,16.25,32.75,0.53343
810,513,352.25,20.75,41.5,0.53335
810,533.25,399.5,16.25,32.5,0.53328
810,421.5,149.75,53.5,107.25,0.53191
810,594.75,429.25,11.75,23.5,0.53171
810,367.75,383,12.5,25,0.53123
810,180.75,429.25,14,28,0.53099
810,365,163.25,14,28.25,0.53054
810,139.75,420.5,13.25,26.25,0.53048
810,383.5,85.75,14.25,28.5,0.53046
810,188,431.25,13,25.75,0.53041
810,132.5,423.75,13.75,27.5,0.53033
810,558.5,192,13,26,0.53026
810,338.25,400.5,15,29.75,0.53013
840,269.5,149,12.5,25.25,0.55585
840,133.25,373.75,13.25,26.5,0.55569
840,212.25,401.25,12.75,25.5,0.55349
840,472.75,348,14.75,29.25,0.55012
840,581.25,348.5,14,28,0.54951
840,492,359.75,12.75,25.25,0.54822
840,278.25,287.25,13.75,27.25,0.54674
840,620,416,12.5,25.25,0.54641
840,332.5,408.75,13.75,27.25,0.54575
840,519.25,343.25,59.25,118.5,0.54567
840,523.5,367.25,13.5,27.25,0.54479
840,77.25,347.75,13.5,27.25,0.54357
840,318,389.75,14,27.75,0.54278
840,276,367.25,17,34.5,0.54144
840,71.25,338.25,13.25,26.5,0.5414
840,573.25,353.5,13.5,26.75,0.5411
840,325,388.5,14.75,29.25,0.54096
840,319.25,359.75,14.75,29.5,0.5407
840,477,371,15,29.75,0.54002
840,66.75,380.25,18,35.75,0.53923
840,331.75,322.75,66,132.25,0.53922
840,584.25,413.75,12.75,25.75,0.53868
840,397.75,383.25,12.5,25,0.53794
840,133.25,395,11.5,23,0.53786
840,433.75,265.75,23,46,0.53785
840,550.5,62,20.5,41.25,0.53688
840,598.25,349.25,12.75,25.5,0.53557
840,514.75,174.25,13.25,26.25,0.53532
840,164.5,389.75,14.75,29,0.53465
840,502,425,12.75,25.75,0.53452
840,204.75,381.75,14.5,29.25,0.53441
840,432,150.75,13.5,27,0.53427
840,284.5,398.5,16.5,33.5,0.53416
840,157.5,396.5,13,26,0.53412
840,295,330.75,13.75,27.25,0.53406
840,327.75,344,12.5,24.75,0.53262
840,436.75,320,16.25,32.5,0.53219
840,388.25,409,14.75,29.5,0.53198
840,145.75,360.5,12,24,0.53188
840,551.25,173.5,23.5,47,0.53185
840,60.75,378.5,15,30,0.53119
840,516.75,407.75,13,26.25,0.5309
840,566.5,170.75,23.75,47.75,0.5308
840,574.75,172.25,23.75,47.25,0.53072
840,249.5,149.75,27,53.75,0.53058
840,164,275.25,17.75,35.25,0.53048
840,220.5,356,13,25.5,0.53039
840,429,320.25,17.25,34.5,0.5303
840,263,424.75,11.75,23.5,0.53028
870,412.25,381.25,15,30.25,0.57514
870,92.75,387.25,14.75,29.75,0.5713
870,252.75,379.5,15,30,0.56608
870,196.75,361.25,14.5,29.25,0.56499
870,468.75,386.75,14.5,28.75,0.56333
870,132.5,391.5,14,28.25,0.56316
870,204,391.75,16.5,32.75,0.56008
870,165.5,389.5,13.75,28,0.55856
870,83.5,377,16.25,32.5,0.55741
870,117,393.5,14.75,29.25,0.55605
870,325.75,375.25,13.25,26.25,0.55469
870,460.5,385.5,14.75,29.5,0.55362
870,237.25,375.5,13.25,26.5,0.55257
870,564,361.75,16,32,0.54941
870,147.25,384,14,27.75,0.54906
870,581.25,377.75,13.25,26.75,0.54827
870,411.75,363.5,15.25,30.75,0.54809
870,300.5,385.25,15.5,31,0.548
870,285.75,375,13,26,0.54736
870,172.5,384.5,15.75,31.75,0.54652
870,229,365,14,28.25,0.54554
870,609.5,51.5,12.5,24.75,0.54428
870,188.5,367.5,14.75,29.5,0.54384
870,428.25,377.25,12.5,25,0.5435
870,269.25,382.5,13.25,26.5,0.54313
870,420.5,379.5,15.75,31.75,0.54308
870,437.75,369.5,14.5,29,0.54267
870,436,319.5,12.5,25.25,0.54257
870,428.25,382,13.5,27.25,0.54249
870,188.25,378.5,15,30,0.54202
870,572.5,362.5,12,24.25,0.54129
870,371.25,352.5,14.75,29.5,0.54055
870,404,381,15.25,30.25,0.54054
870,581.5,395.5,14,28.25,0.54027
870,453,388.5,14,28.5,0.53995
870,477,395.75,14.25,28.75,0.53983
870,375.25,352.5,13.75,27.25,0.53912
870,99.75,384.5,16.25,32.5,0.5387
870,519.75,434.75,12.25,24.75,0.53855
870,69.5,385,14.75,29.5,0.53775
870,77.5,378.25,14.75,29.25,0.53746
870,571.5,350.75,16.75,33.25,0.53739
870,524.5,96.5,20,40.25,0.53733
870,342,384.5,13.5,27,0.53633
870,260.25,370,12.5,25.25,0.5357
870,527,269.75,29.5,59,0.53565
870,337.25,178.5,23.5,47,0.53433
870,245,380.5,13,25.75,0.53378
870,534.25,372.5,12,24.25,0.53369
870,420.5,372,15.25,30.75,0.53354
870,239.5,173,16.25,32.75,0.53341
870,205,367.25,14,27.75,0.53328
870,195.25,176.5,20.5,40.75,0.53305
870,331.75,353,16.75,33.25,0.53226
870,477,386.75,14,27.75,0.5321
870,460,364,16.25,32.25,0.53147
870,183.5,181.25,13.75,27.75,0.53137
870,140.75,390.5,14,28.25,0.53123
870,263.25,96,12.75,25.25,0.53107
870,396.75,382.75,14,28,0.53101
870,188,350.5,16.25,32.75,0.5308
870,154.5,393.25,12.25,24.5,0.53079
870,108.25,368.25,14.25,28.5,0.53061
870,404.5,375.25,13,26.25,0.53055
870,497.5,177,14.5,29,0.5304
870,439.5,320.5,12.25,24.5,0.53031
870,122.25,326.5,22,43.75,0.53016
870,76.25,360,12.5,24.75,0.53001
900,231.5,183.5,20.5,41,0.56299
900,338.75,36.5,13.75,27.25,0.55616
900,461,368.5,14,28,0.55301
900,612.75,426.75,15,30.5,0.55253
900,100.25,345.5,14.75,30,0.55178
900,483,39.25,12.75,25.5,0.55136
900,68.5,331,14,28,0.5508
900,44.75,393,13,26.25,0.55067
900,204.25,317.5,15.5,31.25,0.54859
900,333.75,302.75,13.5,26.75,0.54768
900,177,267.5,12.5,25,0.54758
900,148.5,335,15.5,31,0.5462
900,44.5,335,13.25,27,0.54538
900,381.25,31.5,16,32.25,0.54527
900,212.25,312.25,12.25,24.75,0.54416
900,581.5,400.25,14,27.75,0.54373
900,36.25,385,12,24.25,0.54337
900,68.5,346.75,14.5,29,0.54292
900,246.75,74,22.25,44.5,0.5428
900,52.5,327.75,13,26,0.54267
900,60,394.25,14,28.25,0.54233
900,222.5,408,13.75,27.75,0.54097
900,356,352.75,17,34,0.54078
900,287,203,14.5,29,0.54062
900,549.25,369.25,15.25,30.75,0.54002
900,36.5,235,12,24,0.53954
900,59.75,335,17,34.5,0.53948
900,604.75,409.25,14.25,28.25,0.5394
900,348,352.75,16.75,33.5,0.53928
900,-2.5,239.5,19.25,38.5,0.53923
900,354.75,401,17.75,35,0.53909
900,301.75,344.25,12.75,25.25,0.53909
900,60.75,345.5,15.5,31,0.5384
900,460,433.5,15.5,30.75,0.53821
900,596.5,406.25,13.25,27,0.53741
900,325.75,358.25,13.25,26.75,0.537
900,486.5,365.75,14.25,28.25,0.53524
900,245.5,284.75,14,28.25,0.53482
900,598.75,293.5,13.75,27.25,0.53459
900,422.5,336,12.25,24.75,0.5341
900,369.5,39.5,12.75,25.5,0.53402
900,99.75,394.25,14.75,29.75,0.53363
900,212.25,317,14,27.75,0.53353
900,548.75,189.75,20.5,41,0.53351
900,315.25,189,13.5,26.75,0.5335
900,252.75,417.75,15.75,31.25,0.53316
900,443.5,337,13.5,27,0.53308
900,563.75,377.25,16.25,32.25,0.53281
900,604.5,6.5,13.5,26.75,0.53281
900,427.5,410.5,15.5,30.5,0.53253
900,364,308.75,14.5,28.5,0.5315
900,293,192,23.25,46.25,0.53112
900,408.75,425,11.5,23,0.53078
900,356.25,300.75,14.25,29,0.53043
930,201.75,191.5,22.75,45.25,0.54153
930,438,380,30.5,61.25,0.54023
930,432,432.25,12,24.5,0.53946
930,464.25,213.25,16.5,32.75,0.53584
930,152.75,429,11.5,23,0.53522
930,304.25,7.75,12.25,24.75,0.53517
930,507.75,390.25,12.75,25.25,0.53343
930,627,240.75,13.5,26.75,0.53336
930,625.5,227.75,15.5,31,0.53078
930,289.75,355,14.75,29.5,0.53038
960,548.5,427.25,14.5,29.25,0.55478
960,171.75,388.25,17.25,34.25,0.55223
960,76.75,433.5,12.25,24.5,0.55139
960,235,376,13,26,0.54278
960,483.25,399,15.5,31.25,0.5384
960,496.25,400.25,12.5,25.25,0.53839
960,535.5,418.25,13.5,27.25,0.53767
960,202.5,427.25,12.25,24.25,0.53738
960,293.5,424.25,12.75,25.75,0.53735
960,66.25,358.75,18,35.75,0.53621
960,412.5,391,12.5,24.5,0.53495
960,519.75,379.75,12,24.5,0.53482
960,529.5,400.5,14.25,28.5,0.53443
960,304,423.5,14,28.25,0.53347
960,558.5,339.25,14,27.75,0.53325
960,591.25,379.5,12.75,25.5,0.53282
960,118.5,8.25,11.75,23.5,0.53277
960,37,344.5,17.25,34.75,0.5326
960,151.75,40.25,12.75,25.25,0.53227
960,71,410.75,13.5,27,0.532
960,123.25,396,13.5,26.75,0.53159
960,584,326.5,27.25,54.75,0.53136
960,12.75,350,11.5,23,0.53121
960,510.25,407.5,12,24.25,0.53109
960,203.75,384,13.25,26.25,0.53091
960,485.25,55.5,16.75,33,0.5308
960,53.5,216.5,17.5,35,0.53041
990,229.25,391.25,14.25,28.75,0.57886
990,60.75,385.5,15.25,30.5,0.56465
990,148.75,426,14.5,29,0.55849
990,603.5,381.75,16,32.25,0.55765
990,180.75,381.25,13.75,27.25,0.55542
990,468.25,413.5,15.25,30.5,0.55423
990,356.5,425,15.5,31,0.55392
990,331,358.25,13.25,27,0.55028
990,477,412.25,14.75,29.5,0.55018
990,532.5,427,14.5,29.25,0.54906
990,141,423.25,13.5,27,0.54818
990,101,408.5,12.75,25.25,0.54761
990,204.25,364,16,32,0.54758
990,365.5,367.5,14.25,28.5,0.54756
990,398.5,367.25,13,26.25,0.54679
990,529.75,392.25,12,24,0.54621
990,92.5,386.75,15,30,0.54576
990,535,403.75,13.75,27.75,0.54559
990,383,359,13.5,26.75,0.54531
990,452.25,409.5,14.75,29.5,0.54449
990,309.25,358.5,13.25,26.75,0.54445
990,427.75,378.75,15.25,30.25,0.54391
990,66.5,212.5,18.25,36.25,0.54281
990,556,391,13,26,0.54235
990,372.5,420.5,16,32,0.54173
990,62.5,405.5,13.75,27.5,0.54158
990,348,363,50.25,100.25,0.54124
990,244.25,146,12.25,24.5,0.54124
990,494,407.75,12.75,25.5,0.54111
990,132.25,419.75,15.75,31.25,0.5409
990,36.5,379.25,15.25,30.75,0.54013
990,392.75,433.5,12,24.25,0.54004
990,422,382,13.25,26.75,0.53992
990,165,371.5,14.5,28.75,0.53955
990,356,379.5,15.5,30.5,0.53945
990,84.5,385.5,15.75,31.25,0.5394
990,392,329.25,14.5,28.5,0.53936
990,133.5,343.5,12.5,25,0.53901
990,542,383,13,26,0.53873
990,567.75,356,12,24.25,0.5387
990,373.75,375.5,13.25,26.25,0.53838
990,611.75,400.25,12.5,25,0.53831
990,325,367.25,13.25,26.5,0.53799
990,300.75,375.75,12.75,25.75,0.53787
990,107.25,396.75,17,34,0.53763
990,148.5,377.5,15.5,31,0.53714
990,387.75,422,13.5,26.75,0.53704
990,498.75,415.25,16.75,33.5,0.53627
990,-1.5,185.5,12,24,0.53625
990,487,215.25,13.75,27.5,0.53617
990,253,383.5,15.25,30.25,0.53601
990,403.25,376.5,16.75,33.5,0.536
990,516.25,371.5,14.5,29,0.53594
990,251.75,368.25,13.75,27.5,0.53573
990,277.5,412,14.5,29,0.53565
990,391,359.25,13.25,26.5,0.53536
990,286.25,217,15.75,31.75,0.53534
990,564.75,319.75,12.5,24.75,0.53527
990,398.75,358.25,13.75,27.5,0.53471
990,604.5,401.5,13.5,27,0.53424
990,546.25,390,18.75,37.5,0.53404
990,21.5,351.5,13,26.25,0.53377
990,437.5,366.75,13.5,27,0.53356
990,21.25,401.25,15,30.25,0.53344
990,509.25,414.75,13.25,26.25,0.53344
990,243.75,414.5,16.25,33,0.53325
990,468.25,368,12.75,25.5,0.5327
990,212,374.25,16.25,32,0.53261
990,32.25,361,12.25,24.5,0.53253
990,107.75,361.5,16,32,0.53243
990,366,412.5,14,28,0.53241
990,336.25,359.5,12.75,25.75,0.53218
990,341.75,228.25,13,26,0.53217
990,159.5,359.75,12.75,25.5,0.53213
990,214.25,191.25,17,34.25,0.53212
990,460,410.25,15.25,30.75,0.53212
990,487,367,13.5,27,0.53211
990,539.25,403.25,16,32,0.53191
990,453.75,360.5,13.25,26.25,0.53166
990,229.75,368.5,13,26.5,0.53165
990,257,196.5,18.5,37.25,0.53128
990,152.5,320.25,12.5,24.5,0.53113
990,452,379.25,15.5,31,0.53105
990,340.75,369.25,15.5,30.75,0.53102
990,419,385,35,69.5,0.53099
990,55.5,40.5,13,25.75,0.53078
990,592.75,194.25,12,24,0.53073
990,309,377.25,14.75,29.5,0.53055
990,572.5,364,15,30,0.53034
990,350.5,362.25,13.75,27.5,0.53009
1020,221.25,375.25,12.25,25,0.55499
1020,76.5,354.25,15,30,0.55267
1020,413.25,373,13.75,27.75,0.55001
1020,294.25,413.5,13.25,26.75,0.54855
1020,141.25,383.25,13.5,27,0.54749
1020,36,344.25,12.5,25,0.54513
1020,534,363.5,12.75,25.75,0.545
1020,555.5,382.5,17.25,34.5,0.54426
1020,295.25,437.25,13,26.25,0.54407
1020,309.75,400,14.75,29.5,0.54327
1020,68.75,348.75,13.75,27.5,0.54202
1020,580.25,440.5,13,25.5,0.54149
1020,315.75,424,12.75,25.75,0.54112
1020,160.5,412,12,23.75,0.5411
1020,373,438.75,13.25,26.5,0.53906
1020,541,370.25,14.5,29.25,0.53897
1020,180.75,398.25,13.75,27.25,0.53795
1020,333.25,205.5,26.25,52.5,0.53662
1020,405.75,286.75,14,28,0.53651
1020,18,287.25,13.75,27.25,0.53642
1020,282.25,201.25,14.75,29.5,0.53622
1020,60.5,365,12.25,24.5,0.53588
1020,182.25,337.75,37,74,0.53571
1020,416.5,432.75,18,36,0.53568
1020,324.75,307,11.5,23,0.53552
1020,587.75,435.25,14.75,29.5,0.53541
1020,523.75,355,14.75,29.75,0.53515
1020,595.25,430.5,16.25,32.5,0.53469
1020,292,336.5,15.25,30.25,0.53415
1020,418.5,447,12,24,0.53402
1020,220.75,415.25,12.5,25.25,0.5338
1020,530.25,95,14.25,28,0.53378
1020,258,25,13,25.75,0.53326
1020,343.75,373.25,15.5,30.75,0.53274
1020,347.75,411.75,13.25,26.5,0.53248
1020,508.5,333.5,24.75,49.75,0.53231
1020,477,429,16.25,33,0.53134
1020,515.75,370.75,15.75,32,0.53129
1020,214.5,214.25,12.75,25,0.53111
1020,314.75,315.75,17,34,0.53096
1020,108.75,445,11.5,23,0.53047
1020,20.5,14.25,12.5,25.5,0.53045
1020,48.25,87.25,12.75,25.75,0.53007
1020,285.75,414.25,13,26,0.53002
1050,364.5,454.5,12,24,0.55237
1050,224,332,13,25.75,0.55202
1050,571,209.5,23.75,47,0.54956
1050,453.5,26,12,24,0.54722
1050,77.75,376,14.25,28,0.54482
1050,12,176.75,12.75,25.25,0.54376
1050,414.75,101.75,16.75,33.25,0.54245
1050,165,443.5,14.75,29.5,0.54008
1050,572,377,12.5,25,0.53924
1050,126,30.75,13.75,27.25,0.5379
1050,284.5,443,14,27.75,0.53736
1050,61,422.75,15,30.25,0.53625
1050,414.5,60,12.75,25.25,0.53585
1050,347,320.75,11.75,23.5,0.5344
1050,65.25,214.5,21.25,42.25,0.53429
1050,385.75,441.5,17.25,34.25,0.53334
1050,8.25,167,12.25,24.25,0.53193
1050,530.75,402.75,14.75,29.75,0.5317
1050,328,300.75,12.25,24.5,0.53145
1050,442.75,400.75,11.5,23.25,0.53144
1050,293.75,13.75,16,32.25,0.53069
1050,154.75,340.75,19.25,38.75,0.53033
1050,404,381,12.5,25,0.53027
1050,440.25,387,15,29.75,0.53026
1050,293,453,13,26,0.53017
1050,335.75,353.75,20.25,40.25,0.53013
1080,260.75,376,14.75,29.75,0.5683
1080,533,412.5,14,28,0.56485
1080,317.25,428.75,14.5,29,0.56287
1080,77.5,420.5,14.5,28.75,0.56037
1080,164.75,413,15,29.75,0.56019
1080,37.75,391.5,13,26.25,0.56004
1080,212.5,417.75,15.25,30.75,0.5593
1080,325.75,430,13.75,27,0.55785
1080,101,406.25,13.75,27.5,0.55784
1080,389.5,411.25,13.5,27,0.5574
1080,204.75,419.75,14.75,29.25,0.55569
1080,205.25,383,13.75,27.5,0.55374
1080,172.25,411,15.5,30.75,0.55319
1080,523,58,14.25,28.75,0.55029
1080,109.25,391.5,13.25,26.5,0.55022
1080,179,218.75,13.25,26.25,0.55018
1080,403.25,422,13.25,26.75,0.55002
1080,120,273,12.25,24.5,0.54865
1080,156,414.5,17.5,35.25,0.54847
1080,357.5,442.25,13.75,27.75,0.54748
1080,492.75,419.5,14.5,29,0.54707
1080,255,422.25,13.5,26.75,0.54629
1080,348.25,391.75,14.5,28.75,0.54592
1080,620.5,407.75,12,23.75,0.54584
1080,148.25,431.5,15.5,30.5,0.54532
1080,603.75,367.75,16.25,32.75,0.5451
1080,565,428.5,14.25,28.5,0.54479
1080,317,436.5,14.25,28.5,0.54475
1080,458.75,418,15,30,0.54379
1080,341.25,391.75,13.75,27,0.54359
1080,572.5,439.25,15,30.25,0.54263
1080,547.75,327.5,13,25.5,0.54187
1080,436.5,442.75,13.75,28,0.54026
1080,595.5,377.5,15.75,31.25,0.54006
1080,127.75,364.75,13.25,26.75,0.54001
1080,27.75,253.75,12.75,25,0.53957
1080,37,328.25,14,28,0.53945
1080,587,376.25,19,37.75,0.53932
1080,82.5,397.25,14.5,29,0.53914
1080,140.75,435.5,14.5,29,0.5391
1080,188,313.75,14,28.25,0.5391
1080,220.5,418.5,14.5,29,0.539
1080,212.75,393.75,15,30.25,0.5389
1080,52.25,391.75,13,26,0.53874
1080,476.5,438.5,13.25,26.5,0.53843
1080,170,366.75,12.25,24.5,0.53817
1080,38.25,161,12.25,24.5,0.53793
1080,219.75,406.75,16.75,33.25,0.53765
1080,243.75,412.5,14,27.75,0.53756
1080,236.25,390,15.75,31.25,0.53712
1080,443.75,398.5,12.75,25.75,0.53711
1080,501,370.25,15.5,31.25,0.53707
1080,236,420.25,15,30,0.5366
1080,404.25,283,23.5,47.25,0.53612
1080,581,436,14,28,0.53571
1080,407.5,402.25,13.5,26.75,0.53562
1080,342.25,109.25,12.75,25.75,0.53553
1080,42.75,397,17.75,36,0.53553
1080,503.25,195.25,21.25,42.25,0.53548
1080,239.5,195,25.5,50.75,0.53541
1080,332.75,441.5,15.5,31.25,0.53535
1080,467.75,441.5,15,30.25,0.53469
1080,220.25,393.75,15.5,30.75,0.53378
1080,532.75,395,14.5,29,0.53363
1080,441.75,159.25,12.75,25,0.53351
1080,454.5,404.5,13,25.75,0.53329
1080,325.5,424.75,12.75,25.25,0.5331
1080,159.5,50,13.5,26.75,0.53289
1080,382.25,452,13.75,27.25,0.53288
1080,547.75,58.25,13.75,27.25,0.53272
1080,493,442,15.5,31,0.53269
1080,510.5,178.5,30,60,0.53238
1080,444,442,15.5,30.75,0.53236
1080,116.25,363.25,13.75,27.5,0.53233
1080,491.5,393.25,15.75,32,0.53221
1080,307.25,372.75,19,38,0.53195
1080,283.75,188.5,21.25,42.5,0.53176
1080,205.25,396.5,13.75,27,0.53171
1080,494.25,360.25,12,24.25,0.53154
1080,460.5,345.75,14.25,28.5,0.53128
1080,483.25,438.75,17.75,35.75,0.53103
1080,598.5,359.75,12.5,25,0.53101
1080,196.75,411.75,15.5,30.75,0.53089
1080,296.25,391.75,12.5,25,0.53084
1080,404.25,442.75,15.25,30.75,0.53051
1080,539.5,409,15.75,31.75,0.53045
1080,611.5,343,12.25,24.75,0.53043
1080,197.25,428.25,14.25,28.25,0.53012
1080,188,375.25,12.75,25.5,0.53011
1110,72,362,12,24,0.55963
1110,364.75,388.75,15.5,31,0.55315
1110,69,347.25,18.25,36.5,0.55219
1110,52.75,399.75,14.25,29,0.54647
1110,600.25,327.5,12,24.25,0.54561
1110,102,389.5,13.5,27.25,0.54541
1110,484.25,361.75,13,25.75,0.54445
1110,213.75,376,13.5,27,0.54387
1110,354.5,196.75,44,88,0.5435
1110,197.5,344.75,13.75,27.25,0.54311
1110,157.25,328.75,12.75,25.25,0.54241
1110,-0.25,284,13,26.25,0.5418
1110,413.25,417,15.75,31.5,0.54112
1110,333,340,15.25,30,0.53924
1110,234,197.75,23.5,47.25,0.5387
1110,243,357.75,13.25,26.5,0.53861
1110,111.75,387.75,13.25,26.5,0.53816
1110,291.5,188.75,20.5,41,0.53719
1110,422,423.75,13.25,26.5,0.53701
1110,88.5,332.5,12,24,0.53636
1110,149,225.75,14.25,28.25,0.5363
1110,590.75,324,12.75,25.25,0.53544
1110,468.5,412.25,13.75,27.75,0.53523
1110,212.5,156.75,12.25,24.25,0.53473
1110,135.5,384,12.5,25.25,0.5346
1110,196.25,370,18,36,0.53407
1110,132,169,36.5,72.75,0.53375
1110,463.25,160,14.25,28.5,0.5336
1110,128.5,33.25,12,24,0.5328
1110,198.25,365.75,12.5,25.25,0.53252
1110,58.25,360,12.5,25,0.53218
1110,557.5,178.25,34.5,69.25,0.53165
1110,445,402.5,14.5,29,0.53151
1110,135.75,345,12,23.5,0.53133
1110,452.75,405,14,28.25,0.53121
1110,84.5,341,33.5,67,0.53118
1110,412.5,358.75,12.75,25.5,0.53115
1140,84.75,384.75,15.75,31.5,0.56182
1140,97.25,412,18.75,37.5,0.55364
1140,483.75,148,18.75,37.75,0.5531
1140,118,178,12.5,24.75,0.54705
1140,332.75,439.75,15.5,31.25,0.54671
1140,359,436.75,13.5,26.75,0.54617
1140,613,430,13.5,27,0.54331
1140,44.75,354,12,24,0.54312
1140,476.75,417,11.5,23.25,0.54185
1140,246.75,404.5,13.75,27.5,0.54176
1140,213.75,197.25,28.25,56.5,0.54161
1140,430.25,411.25,12.75,25.25,0.54141
1140,254.5,440.5,12,24,0.54135
1140,604.75,409.75,12.75,25.75,0.54027
1140,340.5,440.25,15.75,31.75,0.54019
1140,363.25,191,21.25,42.25,0.53672
1140,436.25,407.5,15.25,30.25,0.53662
1140,211.25,440,18,36.25,0.53629
1140,619.5,287,21.5,43.25,0.5359
1140,604.75,428.5,14.25,28.25,0.53434
1140,453,411.75,14,28.25,0.53434
1140,100.5,424.25,12.75,25.75,0.534
1140,316.5,201.25,37.75,75.25,0.5335
1140,92,415,13.5,27.25,0.5334
1140,84.5,411,15.75,31,0.53285
1140,540.5,453,13,26,0.53275
1140,45.75,417.25,14.5,28.5,0.53261
1140,195,445.75,13.75,27.75,0.53253
1140,359.75,431,12.75,25.5,0.53201
1140,172.5,400.75,16.25,32.25,0.53194
1140,84.5,360,12.5,25.25,0.53194
1140,550.5,210.5,12.75,25.75,0.53146
1140,590.25,406.25,13,25.5,0.53139
1140,272.75,213.25,15,30.25,0.5302
1140,448,452.75,12.5,25,0.53008
1170,324.75,384,15.25,30.5,0.55571
1170,500,163,12.75,25.5,0.55127
1170,263.5,380.25,12.75,25.5,0.55055
1170,44.75,352,12.25,24.5,0.55054
1170,36.25,330.5,15.75,31.25,0.55052
1170,291.25,382,12.75,25.25,0.54878
1170,365.25,414.25,13.75,27.5,0.54856
1170,332.5,385,13.5,27.25,0.548
1170,557.5,428.75,13.75,27.5,0.54495
1170,309.75,371.75,14.5,28.5,0.54484
1170,584.5,365.5,13,26.25,0.54444
1170,332.75,390.75,14.75,29.25,0.54301
1170,278,375,13,26,0.54297
1170,286.5,379.75,14,28.25,0.54238
1170,141,405.75,14.25,28.25,0.54197
1170,300.25,382,13.25,26.25,0.54125
1170,86.25,368.5,12.5,25,0.54081
1170,488.5,172.75,12,23.75,0.53991
1170,408.5,192.5,12.25,24.75,0.53661
1170,559.25,312.5,11.75,23.5,0.53636
1170,348.5,406,13.5,27,0.53547
1170,549.25,428.25,14.25,28.25,0.5351
1170,496.25,332.25,12.25,24.5,0.53454
1170,284.5,431,16.75,33.75,0.53439
1170,532,33,12.25,24.5,0.53379
1170,296,220.75,13,25.75,0.53378
1170,487.5,159,13,25.75,0.53326
1170,390.75,41.25,28.25,56.75,0.53307
1170,260.5,422.5,15.75,31.75,0.5328
1170,50.75,5,11.5,23,0.53241
1170,317,434.75,15,29.75,0.53188
1170,404.25,424.5,12.75,25.5,0.53151
1170,340.75,384.75,14.5,28.5,0.5315
1170,68.25,42.75,13.5,27.5,0.5312
1170,98.75,425,11.5,23,0.53092
1170,583.25,431.75,15,29.75,0.53057
1170,404.75,36.25,28.75,57.5,0.53054
1170,620.25,360.25,12.25,24.5,0.53021
1170,166.5,394.75,12.25,24.75,0.53011
1170,533.75,320.75,14,28,0.53003
1200,88.5,376.75,12.5,25,0.57266
1200,69.5,412.75,13,25.75,0.55785
1200,291.5,423.25,13,26,0.55314
1200,220.25,381.5,15.25,30.5,0.55174
1200,551,374.75,14.75,29.75,0.55168
1200,440,200,12.75,25.25,0.55097
1200,443.75,200.5,12.75,25.5,0.55045
1200,60.5,411.75,14.75,29.75,0.55021
1200,620.25,332.5,12.25,24.5,0.54768
1200,125.75,352,13.5,27,0.54764
1200,252.75,336.5,15,30,0.54661
1200,-0.5,193.5,17.25,34.5,0.54583
1200,436.25,426.25,14.5,29.25,0.54451
1200,220.5,408.5,14.25,28.5,0.54448
1200,157.25,335,13.5,27.25,0.5443
1200,60.75,11,13.25,26.5,0.54423
1200,84,196.25,48,96,0.54407
1200,532.25,376.25,12.25,24.5,0.54405
1200,285.25,194.75,12,24,0.5431
1200,8.75,193.25,11.75,23.75,0.54262
1200,407.5,210.75,13.25,26.75,0.54139
1200,213.5,390.5,14,28,0.54079
1200,181,316.25,14.25,28.25,0.54041
1200,92.75,370.75,14.75,29.25,0.53977
1200,37.5,376,14,28.25,0.53876
1200,620,408.5,12.75,25.25,0.53874
1200,75.75,332.25,12.5,24.75,0.53776
1200,172.5,316.5,15.25,30.25,0.53759
1200,384.75,13.5,12.75,25.25,0.53708
1200,196.75,411.25,15.5,30.5,0.53669
1200,408.5,192.5,12.25,24.75,0.53661
1200,196.5,332.5,12,24,0.53591
1200,358,375,15.75,31.75,0.53541
1200,235,303.5,13.5,27,0.53486
1200,93,318.75,13,25.75,0.53435
1200,196.75,398.5,37.5,75.5,0.53423
1200,283.5,195.75,23.25,46.5,0.53363
1200,398.5,385.5,12.75,25.5,0.53335
1200,310.75,422.5,13.25,26.75,0.53314
1200,200,393.5,12.5,24.75,0.53268
1200,605,329.75,13.25,26,0.53255
1200,252.75,411.75,15.25,30.25,0.53229
1200,9,204,12.25,25,0.53218
1200,-0.75,217.5,13.75,27.5,0.53195
1200,132.75,15.25,12.5,25,0.53133
1200,138.75,11.25,13.75,27.75,0.53129
1200,291,330.75,15,30,0.53102
1200,184.25,380.25,15,29.75,0.53098
1200,75.5,1.5,16,32.25,0.53043
1200,20,330.5,14,28,0.53032
1200,168.25,312,12.25,24.75,0.53031
1200,324.25,412.25,14.75,29.5,0.53013
1230,247.75,249.75,12.5,25.25,0.55863
1230,197.25,56.25,14,27.75,0.55411
1230,63,368,14,28.25,0.55218
1230,216.25,41,12.25,24.75,0.55149
1230,196.5,415.25,15.5,31,0.54861
1230,58.25,392.75,20.75,41.75,0.54688
1230,76.25,413,12,24,0.54464
1230,604.5,367,13.75,27.25,0.54416
1230,567.5,390.5,12.75,25.75,0.54415
1230,148.25,402.25,15.5,30.5,0.54355
1230,244.25,61,16.25,32.25,0.54354
1230,-0.5,235.5,15.25,30.75,0.54236
1230,285.25,76.25,13,26,0.54217
1230,43.25,383.5,16.25,33,0.54168
1230,89.25,380,12.75,25.25,0.54088
1230,-3.75,243.5,30.25,60.25,0.5402
1230,119.25,39.25,12.75,25,0.54012
1230,150,372.25,14,28.25,0.53971
1230,626,153.25,13.5,26.75,0.53933
1230,580.25,444,13,26.5,0.53883
1230,242.75,236,19,38.25,0.53841
1230,-2,250,16.25,32.75,0.53836
1230,280,152,13,26,0.53783
1230,598.25,442.5,13.25,26.25,0.53779
1230,588.5,365,13.75,27,0.53768
1230,620.5,59.5,12,24,0.5373
1230,140.5,412.5,14,28,0.53727
1230,349.5,411.75,12.5,25,0.53671
1230,197.75,431.5,12.5,25,0.53657
1230,584.5,8.5,12.25,24.25,0.53647
1230,284.25,189.25,13.25,26.25,0.53628
1230,148.25,398,14.75,29.25,0.53572
1230,69.5,390.25,13.5,27.25,0.53568
1230,199,40,13.5,26.75,0.53539
1230,121.25,347,24.5,49,0.53532
1230,147.75,232.75,15,30.5,0.53507
1230,38,281.25,12.75,25.75,0.53485
1230,243.75,407.75,14.25,29,0.53451
1230,40.5,60,12,24.25,0.5345
1230,628.25,453,12.5,25,0.53402
1230,174,64.25,13.25,26.5,0.53385
1230,60.25,351.75,12.5,24.75,0.53371
1230,547.25,447,15.25,30.5,0.53333
1230,284,192.5,13.5,27.25,0.53309
1230,117.25,71,12.75,25.25,0.53253
1230,271.75,189,14.25,28.5,0.5325
1230,88.75,425.5,12,23.75,0.53235
1230,77.25,393.75,13.5,26.75,0.53165
1230,76.25,378.5,15.5,30.75,0.5315
1230,228,23.25,12.5,25.25,0.53141
1230,83.75,377.5,14.5,29,0.53085
1230,111,199,24.25,48.5,0.53057
1230,100.25,70.25,15,30.25,0.53041
1230,261.25,41.5,15.25,30.25,0.53034
1230,147.75,386.5,16.5,32.75,0.53017
1230,516,362.25,15.5,31,0.53016
1230,14,72.75,11.75,23.5,0.5301
1260,250.25,188.25,14.25,28.25,0.56918
1260,441.75,201.25,13.25,26.5,0.55499
1260,260.5,100.75,13.5,27,0.55344
1260,132.75,442.5,13.5,27.25,0.55178
1260,141.25,443.5,13.75,27.75,0.55173
1260,28.75,45,11.75,24,0.55054
1260,330.25,45.25,15,29.5,0.54907
1260,110,422.5,13.5,27,0.54204
1260,450.25,264.25,12.25,24,0.54047
1260,559.75,11.75,14.5,29.5,0.54042
1260,267.5,102,13.5,26.75,0.5403
1260,627,372.25,14.25,28.25,0.53934
1260,404,149,14.75,29.25,0.53915
1260,584.75,57.25,13,26,0.53859
1260,52.5,231.5,12.75,26,0.53785
1260,507.75,30.25,12.75,25.5,0.5371
1260,620.5,414.75,12.5,25.25,0.53698
1260,149,443,14.25,28.5,0.53661
1260,589,43.25,17.25,34.5,0.53631
1260,293.5,436.25,15.5,30.75,0.53628
1260,278.25,103.25,12.75,25.5,0.5359
1260,418.5,413.5,15.5,30.75,0.53567
1260,187.25,15.5,18,36,0.53501
1260,395.5,404,30.5,60.75,0.53463
1260,437.25,16,15.75,31.5,0.53451
1260,488.25,52.75,12.25,24.5,0.53444
1260,119.75,360.5,12,24,0.53335
1260,473.75,8.25,12.75,25.5,0.53305
1260,125.75,444.75,13.5,26.75,0.53287
1260,90.75,42.75,13.25,26.5,0.53129
1260,182.25,380.25,45,90.25,0.53106
1260,533.5,397.5,36,72,0.531
1260,512.75,21,11.5,23,0.53078
1260,236.5,175.25,11.75,23.75,0.53046
1260,594,398.75,18.25,36.5,0.5302
1260,557,389.25,16,32,0.5302
1260,116.5,440.25,15.75,31.5,0.53016
1260,236.25,191,12.75,25.75,0.53001
1290,213.75,240.25,16.5,33.25,0.56081
1290,458.25,263,13.75,27.75,0.55782
1290,441.75,201,13.25,26.75,0.55499
1290,456,255.75,14,28.25,0.55453
1290,465.25,261.75,14,27.75,0.55079
1290,183.75,172.75,12.5,25,0.54968
1290,159.25,273.25,18.75,37.75,0.54699
1290,470.25,263.5,13.75,27.5,0.54342
1290,472.75,232.5,12,24.25,0.54325
1290,188.5,255.5,12.25,24.75,0.54285
1290,522.5,94.25,15.75,31.25,0.54162
1290,505,188,12.5,25,0.54149
1290,428.75,253,11.75,23.5,0.53947
1290,469.5,250.5,19.75,39.25,0.53817
1290,311.25,4.25,13,26,0.53813
1290,605.75,415.5,15.5,31.5,0.53671
1290,473.5,218.5,19.5,39,0.53664
1290,542.75,435,11.5,23,0.53642
1290,439.5,15,12.5,25.25,0.53621
1290,368,446,15.5,31,0.5362
1290,213.25,235.25,15.25,30.5,0.53615
1290,450,257,13.25,26.5,0.53559
1290,53.5,193.75,13,26,0.53465
1290,466,281.75,12.5,25.25,0.53367
1290,401.5,360.25,35.75,71.75,0.53312
1290,360.5,250.5,17.75,35.25,0.53308
1290,419.75,253.75,17.75,35.25,0.5328
1290,540,452.25,12.5,24.5,0.53273
1290,382,140.25,19.25,38.5,0.53267
1290,431,3,13.25,26.5,0.53231
1290,5,428.75,11.5,23,0.53219
1290,609,424.25,12.5,25.25,0.53205
1290,301.5,442.5,17.25,34.5,0.53161
1290,579.75,112.25,13,26,0.53036
1320,356.25,155,18.75,38,0.58816
1320,404,164.25,15,30,0.58584
1320,24,272,12.5,24.5,0.55946
1320,581,27.5,14.25,29,0.5523
1320,346.5,155.5,18,35.75,0.5518
1320,51,170.5,19.25,38.25,0.55138
1320,449,157.25,15,30.25,0.55028
1320,548.75,160,13,25.75,0.55002
1320,60,168.25,12.5,24.75,0.54965
1320,337.25,238.25,18.75,37.5,0.54955
1320,328,237.75,20,40,0.54866
1320,350.5,150,13.25,26.5,0.54431
1320,294.75,162.5,14.75,29.75,0.54404
1320,590.75,396.75,14,27.75,0.54314
1320,444,48.5,12.25,24.5,0.54229
1320,606,59.5,14,28.25,0.54205
1320,341.75,231,13.25,26.5,0.5408
1320,523.5,159.75,16.5,33.25,0.54052
1320,132.75,177.75,16,31.5,0.54024
1320,570.25,169.25,12.75,25.25,0.53941
1320,64,20.75,12.5,25.25,0.53839
1320,28.5,255.5,14.25,28.5,0.53817
1320,588.25,27.5,14.25,28.5,0.53742
1320,51.75,34,13.5,26.75,0.53596
1320,357,149.25,13.5,26.75,0.53585
1320,84,182.25,13.5,26.75,0.53544
1320,84.5,156.5,15.25,30.75,0.53523
1320,51.5,41.75,16,32,0.53478
1320,606.75,280.25,14,28,0.53467
1320,443,157.25,17.25,34,0.53457
1320,597.5,277,14.25,28.5,0.5342
1320,551.75,160.5,12.25,24.5,0.53335
1320,611.75,49.5,16,31.5,0.53321
1320,328,207.75,12.5,25,0.53318
1320,287.25,148.25,14.25,28.75,0.53277
1320,293.25,263,12.75,25.5,0.5327
1320,440.5,362.75,12.25,24.75,0.53245
1320,19.25,201.5,20,40.25,0.53242
1320,584.25,204.5,12.5,24.75,0.53228
1320,571.75,25,12.25,24.5,0.53199
1320,68,41.75,12.5,24.5,0.53126
1320,397,47,13.75,27.5,0.53103
1320,626.25,404.25,14.25,28.25,0.53096
1320,560.25,252.5,12.75,25.5,0.53067
1320,348,232.5,11.75,23.5,0.53061
1320,277.75,251.25,14.25,28.5,0.53055
1320,568.75,381.5,29,57.75,0.53021
1350,276.25,257.25,15.25,30.5,0.5859
1350,344,250.25,13,25.75,0.56302
1350,324.25,239.5,17.25,34.75,0.56026
1350,357.75,140,12.5,24.75,0.55854
1350,472.5,281.5,12,24,0.55726
1350,324.25,139.75,12.5,25.25,0.55347
1350,336.25,238.5,16.75,33.5,0.55243
1350,453,69.25,14.25,28.5,0.55241
1350,348.25,179.5,12.25,24.25,0.5508
1350,375.75,143.5,12.5,25.25,0.55069
1350,247.5,150.25,13.25,26.25,0.54863
1350,288,197.75,13,25.75,0.54773
1350,272.25,248,12.75,25.75,0.54687
1350,12,358.75,13,26,0.54638
1350,540.75,253,11.75,23.5,0.54234
1350,315.75,167.25,12.75,25.5,0.542
1350,438.5,275.5,14.75,29.5,0.54039
1350,354.75,252.75,11.5,23.5,0.54021
1350,72.25,384.5,12,24.25,0.53911
1350,349.25,268.25,14.5,29,0.53903
1350,28.25,133,12.25,24.25,0.53845
1350,329.25,239.75,16.75,33.25,0.53537
1350,484.25,452,12.25,24.25,0.53509
1350,78,297.25,12,24,0.53434
1350,428,168.75,19.5,39,0.53418
1350,361,239.75,12.25,25,0.53416
1350,498,285.25,13.5,26.5,0.53323
1350,277,198.75,21.5,43.25,0.53287
1350,268.25,147.5,13,25.75,0.53283
1350,310.5,291.75,13.5,27.25,0.53271
1350,500.75,64.75,13,25.75,0.53256
1350,266,398.25,15.75,31.75,0.53178
1350,151.25,50.5,33,66.25,0.5317
1350,363,129.75,14.75,30,0.5307
1350,344,207.25,13,25.75,0.53047
1350,587.25,47.25,24.25,48.75,0.53022
1380,59.75,389.25,14,28.5,0.56178
1380,85.5,418,15.25,30.5,0.55749
1380,492.5,141.25,20,39.75,0.55706
1380,19,356.25,14.5,29,0.55336
1380,60,399.5,12.75,25.25,0.54496
1380,400.75,224,38.5,77,0.54326
1380,451.25,142.5,15.5,31,0.54292
1380,554.25,301.25,12.25,24.5,0.5414
1380,6,411.75,12.5,25.25,0.53992
1380,148.5,385,15,30,0.53975
1380,220.5,325.5,13,26,0.53865
1380,14.75,380,13,25.75,0.53651
1380,74.75,278.75,14,27.75,0.53638
1380,493.5,150,14.75,29.5,0.53568
1380,580.5,248.75,11.75,23.5,0.53556
1380,469.25,233.5,15.75,31.5,0.53491
1380,626,171.25,13.75,27,0.53441
1380,467.75,141.25,65.75,131.25,0.53412
1380,503.75,155.25,12.5,25,0.53351
1380,104.75,397,13.5,26.5,0.53308
1380,130.75,367.5,24.75,49.5,0.53207
1380,67.5,381.25,18.25,36.25,0.53129
1380,534,136.5,13.25,26.5,0.53115
1380,460.5,44.5,15,30.25,0.53115
1380,204.25,374.5,12,24,0.53101
1410,140,383,12.25,24.25,0.56029
1410,100.5,370.5,14.25,28.75,0.55387
1410,80.5,408.25,12,24,0.54936
1410,565.25,290.25,13.75,27.25,0.5487
1410,271.25,340.25,13.5,27.25,0.54766
1410,229.75,382.25,13.5,27.25,0.54582
1410,108.5,410,14.5,28.5,0.54541
1410,37.25,394.25,14.25,28.75,0.5444
1410,156,328.25,12,24,0.54387
1410,237,341,14,28.25,0.54323
1410,579.75,108.5,13.5,27,0.54318
1410,213.25,376.75,14,28,0.54192
1410,44.75,265.25,11.75,23.5,0.53914
1410,338,441,18,35.75,0.53867
1410,120,373,27.75,55.75,0.53866
1410,193.75,172.75,13,25.75,0.53855
1410,276.5,446.5,15.75,31.5,0.53845
1410,118.5,366.5,11.75,23.75,0.53836
1410,519,281.75,13.5,27,0.53818
1410,229.25,342.25,14,28.25,0.53807
1410,108.5,365.5,14.5,29,0.53802
1410,590.5,107.5,14,27.75,0.5379
1410,326.25,342.5,12.75,25.75,0.53763
1410,11.25,377,29.5,59.25,0.53627
1410,245.75,347,12.25,24.5,0.53618
1410,188.75,392.75,12.25,24.25,0.53549
1410,593,1,11.75,23.5,0.53544
1410,418.25,223,40.5,81,0.53491
1410,88,284,13.75,27.5,0.53467
1410,28,380,13,26,0.5346
1410,445.25,116.25,16.25,32.5,0.5343
1410,213.75,338.75,14,28,0.53413
1410,317,454.75,11.75,23.75,0.5339
1410,534.25,124.75,12.75,25.25,0.53277
1410,162,175.25,33.75,67.5,0.53259
1410,-0.75,412,13,26,0.53251
1410,21.5,440.25,11.75,23.5,0.53219
1410,380.75,446,16,32,0.53192
1410,571.75,281.75,17,34,0.53182
1410,91.75,202,39.5,79,0.53156
1410,320.75,434.75,21.5,43,0.53125
1410,437.5,136.75,13.5,27,0.53108
1410,483.25,143,11.5,23,0.53095
1410,547.25,288.25,17.25,35,0.53073
1410,456,432.5,19.75,39.75,0.53071
1410,504,276.5,14.5,29,0.53007
1440,181.5,433.5,12.5,25,0.5697
1440,492,151,13.5,27,0.55714
1440,102.25,431.25,13,25.75,0.5568
1440,564.75,287.25,15.5,31.25,0.55559
1440,455.75,279.25,13,26.25,0.55299
1440,165,392.25,14.25,28.5,0.55031
1440,360.25,244.5,12,24.25,0.54939
1440,397.75,232,12.25,24.5,0.54829
1440,626.25,218,13.75,28,0.54613
1440,601.25,251.5,12.25,24.5,0.54528
1440,508,154.75,12.5,25,0.54091
1440,86,381.25,13.75,27.25,0.54084
1440,22,409.5,13.25,26.5,0.54054
1440,172.5,433.5,12,24.5,0.54008
1440,219.5,347,16.75,33.25,0.53978
1440,571.25,286.5,17,34.25,0.53975
1440,435,136.5,12.5,24.5,0.53861
1440,52.25,415,14.75,29.5,0.53781
1440,-1.5,301.75,13,26.25,0.5365
1440,555.5,195.75,13.75,27.25,0.53505
1440,178.25,115.5,14.5,28.75,0.53477
1440,226,398.5,39.75,79.75,0.53415
1440,531.5,112.25,14.25,28.25,0.53388
1440,91,204.5,39.5,79,0.53387
1440,5,429.75,15.5,31.25,0.53357
1440,251.5,308.5,18.5,37.25,0.53344
1440,193.75,174.5,12.75,25.5,0.53332
1440,213,348.25,15.5,30.5,0.53284
1440,349.25,445.5,16.5,32.75,0.53275
1440,191,362.25,23,46,0.53255
1440,181.75,384,12.75,25.5,0.53242
1440,43.75,401.75,15.75,31.25,0.53236
1440,381.25,433,23,46,0.53229
1440,212.5,337.5,12.25,24.75,0.53185
1440,260.75,57,11.5,23,0.53134
1440,245,352,15.75,31.5,0.53114
1440,227.75,347.75,17.25,34.5,0.53099
1440,20.25,355.25,14.75,29.5,0.53064
1440,576.25,416.75,12,24.25,0.5306
1440,88,286.5,14.25,28,0.5306
1440,148.5,436.5,14,28,0.53056
1440,28,399.75,16.25,32.5,0.53032
1440,92.25,412.5,16.25,32.5,0.53017
1470,22,302.25,13.5,27,0.56269
1470,172.5,382.25,12.25,24.5,0.55891
1470,211,347.5,17.75,35.75,0.55789
1470,208.5,398.5,12,24,0.54948
1470,486,157.25,13,26.5,0.54736
1470,601.5,252,12,24,0.54591
1470,70,397,13.75,27.5,0.54514
1470,409,434.75,13.25,26.5,0.54369
1470,625,350.25,16.5,33.25,0.54335
1470,188.25,394.75,15.25,30.75,0.54273
1470,75.5,380.5,16.75,33.5,0.54106
1470,119.5,391.75,12.5,24.75,0.54043
1470,254.25,346.5,12.75,25.5,0.53985
1470,177.75,386.75,18.75,37.5,0.53957
1470,-4.5,219,37.5,74.5,0.5393
1470,467.75,144.75,16.5,33,0.53867
1470,141.25,394.75,14,28.25,0.5386
1470,566.5,288,15.5,31,0.53713
1470,539.75,259.25,23.25,46.5,0.53666
1470,567.5,111.25,12.75,25.75,0.53628
1470,13.5,297.5,14,28.25,0.53539
1470,18.5,252,21.75,43.5,0.53468
1470,455.25,276.75,13.75,27.25,0.53461
1470,583.75,442,18.25,36.5,0.53458
1470,19.75,421.75,13.5,27,0.5342
1470,508.25,153.75,12.75,25.5,0.53375
1470,426.5,186.75,12.25,24.5,0.53342
1470,244.25,384.25,12,23.75,0.5332
1470,483.5,447,15.25,30.75,0.53269
1470,-3.75,199.25,30,60,0.53244
1470,88.25,280.5,13.25,26.5,0.53234
1470,520,238,31.75,63.25,0.53173
1470,341,435,20.75,41.5,0.5306
1470,548.75,395.5,41,82.25,0.53055
1470,410,93.75,12.5,25.5,0.53042
1470,88,286.75,14.25,28.75,0.53041
1470,192.5,312.5,11.75,23.5,0.5301
1500,133,386.5,15,29.75,0.55764
1500,459.25,280.25,13.25,26.25,0.55665
1500,564.25,287.5,15.5,31.5,0.55064
1500,68.25,399.75,15.5,31,0.55037
1500,456.75,279,13,26.25,0.54889
1500,556.5,198.75,12.75,26,0.54888
1500,22.5,304.25,12.75,25.25,0.54629
1500,476.25,265.5,12,24,0.54461
1500,117.5,429.25,14.25,28,0.54349
1500,-1.5,305,12.75,25.5,0.54208
1500,75.5,414.25,17,34,0.542
1500,284.5,343.5,13.5,27.25,0.54097
1500,33.5,291.75,16.25,32.5,0.54095
1500,229.75,381.5,13.25,26.25,0.53906
1500,21.5,361,12.25,24.75,0.53743
1500,-1.5,444.5,12,24,0.53646
1500,116.25,417,15.5,31,0.53488
1500,132.5,396.75,13,26,0.53485
1500,270.5,422.75,27,54,0.53429
1500,507,236.25,16,31.75,0.53417
1500,88.5,286.5,13.75,27.75,0.53405
1500,109,409.5,12.5,25.25,0.53377
1500,166,124.25,45.5,90.75,0.53287
1500,236.25,345.25,14.25,28.75,0.53284
1500,95.5,328.25,12,24,0.5327
1500,426.5,184.5,12.25,24.5,0.53267
1500,84.75,402.25,15.25,30.5,0.53214
1500,262.25,337.25,13.25,26.75,0.53138
1500,450.5,442.75,17,34,0.53123
1500,52.75,411.25,15,30.25,0.53113
1500,197,362.25,13.75,28,0.53113
1500,626.5,160.5,12.25,24.25,0.53111
1500,430.75,136,12,24.25,0.53107
1500,148.75,395.5,14,27.75,0.53093
1500,176.5,347.5,12.25,24.5,0.53085
1500,560,198.25,12.75,25.5,0.53037
1500,189.25,362,14.75,29.75,0.53032
1500,485.75,258.5,15.25,30,0.53008
1500,178.25,383,17,34,0.53001
1530,491.75,278.25,13.75,27.75,0.55247
1530,196.5,357.75,15.25,30.25,0.54692
1530,628,320.75,12.25,24.75,0.543
1530,558,239.5,16.25,32.75,0.54081
1530,74.25,184.5,12,24,0.53997
1530,470.75,280.75,12.5,25.25,0.53963
1530,507.75,241.5,12.75,25.5,0.5395
1530,599,110.75,13.5,26.75,0.53928
1530,22.5,304.5,11.75,23.5,0.5389
1530,540.5,95.75,12,24.25,0.5388
1530,179.25,120.75,12.75,25,0.53779
1530,0,305.25,12.5,25,0.5369
1530,27.5,292.25,18,36,0.53658
1530,276.25,447,16,32,0.53643
1530,565.25,196.75,13.25,26.25,0.53617
1530,13,359.5,12,24.25,0.53508
1530,179,228.25,12.25,24.75,0.53506
1530,183.25,398.25,13.25,26.5,0.53493
1530,433.75,185.5,12,24.25,0.5347
1530,542,255.75,24.25,48.75,0.53447
1530,21,358.5,14,27.75,0.53446
1530,507,280,12.25,25,0.53358
1530,403.75,436.25,20,40,0.53349
1530,156,393.25,12,23.75,0.53341
1530,565.75,288.5,14.75,29.75,0.53323
1530,313.5,346,15.75,31.75,0.53259
1530,588.75,108,13,25.75,0.53153
1530,109,370.25,12.75,25.25,0.53126
1530,285,370.25,14.75,30,0.53014
1560,39.5,294.25,13.5,27,0.56212
1560,84,422,14.5,28.75,0.56103
1560,77,423,14,28,0.55873
1560,85,291.75,18.5,37.25,0.55814
1560,68.25,429.75,13.75,27,0.55677
1560,292.75,407.5,13.25,26.5,0.5551
1560,192.75,385.75,15.25,30.5,0.55395
1560,537,278.5,14,27.75,0.55391
1560,109,429,13.5,27,0.55388
1560,222.75,359.25,13.25,26.75,0.5443
1560,284.5,409.5,16,31.75,0.54393
1560,200,351.75,13.25,26.25,0.54309
1560,600.5,241.5,16,32,0.54258
1560,523.5,282.5,12.5,24.75,0.54219
1560,547.75,39.75,12.5,25.25,0.54054
1560,284.75,424,15,30,0.53875
1560,547.75,47.75,12.25,25,0.53862
1560,284.5,361.5,11.75,23.75,0.53844
1560,210.75,338.75,15,30.25,0.53763
1560,28.25,370.5,13.75,27.25,0.53707
1560,264,352.75,12.25,24.5,0.53675
1560,117.5,407.5,14.75,29.5,0.53643
1560,295.5,101.75,13.25,26.75,0.53601
1560,572,159.25,13.5,27.25,0.53568
1560,136.75,248,21.5,43,0.53564
1560,279.5,363,12.75,25.25,0.53543
1560,336.5,335,12.5,25,0.53529
1560,112,240.25,12,24.25,0.5345
1560,73.25,277.25,13.5,26.75,0.53351
1560,594.5,173.75,25.5,51.25,0.53319
1560,605.75,243.5,14.75,29.75,0.53318
1560,134.75,287,14,27.75,0.53302
1560,328.5,398,12,24,0.53238
1560,207.25,333.75,15.5,31,0.53234
1560,453.75,222.5,13,25.75,0.53229
1560,424.25,249.75,12.5,25,0.53198
1560,138.25,206,42,84.25,0.53163
1560,-2,258.25,18.5,36.75,0.53122
1560,276.5,414,14.5,29,0.53102
1560,518.75,244,13.25,26.5,0.53014
1560,567.25,289.25,13.75,27,0.53007
1560,22.75,360,12,24.25,0.53006
1590,29.75,317.5,13.75,27.5,0.55813
1590,373.25,420.5,14.5,29,0.55556
1590,133.25,320.75,13,25.75,0.55483
1590,158.75,421.75,13.5,27.5,0.54753
1590,32,176.75,23.5,47,0.54714
1590,66.75,401.75,18.75,37.75,0.54691
1590,53,298,13.75,27.5,0.54652
1590,258,179.75,66,132.25,0.54516
1590,467.5,159.5,14,27.75,0.54301
1590,295,208,43.75,87.25,0.54159
1590,149.5,309.75,14,28.25,0.54091
1590,67.75,306.5,12.5,24.75,0.54053
1590,400.5,407.25,12.5,25,0.54039
1590,30.25,272.75,13,25.75,0.54023
1590,264.75,437.5,12,23.75,0.53904
1590,63.5,242,17.25,34.25,0.53892
1590,382.5,401.5,14.75,29.5,0.5388
1590,65.75,281.5,13.25,26.25,0.53805
1590,100.25,271.5,13.75,27.25,0.53717
1590,359.75,422.25,12.75,25.5,0.53715
1590,149.75,421.75,14,27.75,0.53655
1590,363.25,416.5,16,31.75,0.53469
1590,78.75,397.75,14.25,28.5,0.53428
1590,367.25,417.25,14,28.25,0.5337
1590,160,311.5,13,25.75,0.53332
1590,341.75,416,16,31.75,0.53302
1590,22.75,333.25,13.25,26.5,0.53233
1590,0,280.75,12.25,24.75,0.53171
1590,373.5,339.75,14.25,28.75,0.53153
1590,156.5,320.5,12.25,24.75,0.53121
1590,298.25,436,21.75,43.5,0.53121
1590,42.25,187,47.25,94.75,0.53112
1590,167.75,319.5,13.75,27.75,0.53084
1590,20.5,241.75,15.5,31,0.53067
1590,603.5,425,25.75,51.5,0.53046
1590,597.75,452.5,13.25,26.5,0.5301
1590,12,428.5,12,24,0.53004
1620,70.25,6,13.5,26.75,0.5685
1620,348.5,426.75,13.75,27.75,0.5659
1620,165,412.5,14.25,28.25,0.55612
1620,104,375.75,12.5,25,0.55401
1620,523.75,361.75,14.75,30,0.55117
1620,76.25,372.5,14.5,28.75,0.55005
1620,332,346.25,17.75,35.5,0.54895
1620,106.25,393.5,14.25,28.75,0.54841
1620,183.75,359.75,12.25,24.75,0.54798
1620,460.75,406.75,13.75,27.5,0.54785
1620,364.75,428.5,14,27.75,0.5471
1620,291,365.25,16.75,33.75,0.54697
1620,172.75,404,14.75,29.75,0.54545
1620,238,403.25,14.5,29.25,0.54525
1620,340.25,179.75,27.5,55,0.54502
1620,605.25,452.75,12.75,25.5,0.5445
1620,440.25,411.75,11.75,23.5,0.54413
1620,39.25,141.5,48,95.5,0.54381
1620,314.75,349,15.25,30.5,0.54348
1620,69.25,372.5,13.5,27,0.54332
1620,347.25,399.5,16.75,33.5,0.54301
1620,365.5,329.75,14,28.5,0.54158
1620,402.75,349.75,17,34,0.54144
1620,460.25,412.75,13.5,27.25,0.54132
1620,93.25,366.75,17,34,0.54067
1620,340.25,429,14.25,28,0.54021
1620,37.5,247.75,13,25.75,0.5399
1620,64.75,351.25,20.25,40.75,0.53955
1620,453.25,408,13,26.25,0.53947
1620,298.5,362.5,20.25,40.75,0.5389
1620,380.25,329.5,12.75,25.5,0.53882
1620,143,385.25,16,32.25,0.53855
1620,330,90.25,99.5,199,0.53829
1620,276.5,379.25,15.75,31.5,0.53812
1620,11.25,305.25,15.5,31,0.53738
1620,562.5,167,14.25,28.5,0.53634
1620,467.75,401.5,15.75,31.5,0.53622
1620,53.75,372.25,13.75,27.5,0.53613
1620,572,7.75,12.5,24.75,0.53599
1620,367.5,428,14,27.75,0.53585
1620,145.75,412.5,15,29.5,0.53583
1620,119,385.75,14,27.75,0.53581
1620,571.5,166.75,14,28.25,0.53581
1620,308,419.5,17,34.25,0.53507
1620,219,87.75,15.75,31.25,0.53497
1620,19,307,14.75,30,0.53476
1620,280.25,307,12.75,25.75,0.5338
1620,373.5,330,13.25,26.75,0.53355
1620,92,375.5,13,26,0.53349
1620,311.25,351.25,13,26.25,0.53348
1620,27,405,19.25,38.5,0.53341
1620,361.25,58,30,60,0.53329
1620,179.25,81.75,51.25,102.5,0.53327
1620,271.25,187.75,13.5,26.75,0.53326
1620,122.75,316.25,16.5,33.25,0.53302
1620,300,358.25,13,25.75,0.53294
1620,21.25,246.5,13.5,27,0.53266
1620,29.75,248,13.25,26.5,0.53265
1620,-3.5,141,27.75,55,0.5325
1620,67.25,327.5,15.75,31.25,0.53248
1620,144,426.75,15,30,0.5323
1620,420.5,354.25,12.25,24.5,0.53214
1620,208.25,428.25,12.75,25.5,0.53182
1620,395.75,385.5,15.25,30.75,0.5317
1620,124.75,380.25,18.75,38,0.53138
1620,445.25,409.5,13,26.25,0.53134
1620,475.25,325.5,12.75,25.5,0.53115
1620,291.75,439.5,19.5,39,0.53108
1620,84,357.75,13.5,26.75,0.53083
1620,600,453,13,26,0.53049
1620,344,385,13,25.75,0.53039
1620,67.75,320.25,13,25.75,0.53029
1620,460.5,138.75,13,26,0.5302
1650,412.25,402.5,15.5,31.5,0.58075
1650,499.75,443.75,17,33.75,0.55956
1650,588.25,418.5,14.5,29,0.55449
1650,34.75,69.5,12,23.5,0.55155
1650,596.5,253,47,93.75,0.55077
1650,52.75,425.25,13.5,26.75,0.54923
1650,364.5,403.25,15.25,30.25,0.54872
1650,583.25,324,16,32,0.54649
1650,536.25,434.25,11.75,23.75,0.54539
1650,339.25,358.25,13.25,26.25,0.54448
1650,396.5,407.25,12.75,25.25,0.54397
1650,188.25,429.75,12.75,25.5,0.54374
1650,462.75,415.25,13,26,0.54296
1650,613,419.5,14.75,29.75,0.54289
1650,149.5,427.5,12.75,25.75,0.54254
1650,364.25,394.75,14.75,30,0.54241
1650,285.25,417.75,13,26,0.54237
1650,440,408,12.25,24.25,0.54187
1650,261,428.5,14,28,0.54166
1650,302.5,369,12,23.75,0.54164
1650,595.25,394,16.75,33,0.54163
1650,516.75,386.5,15,30.25,0.54122
1650,269.75,36.25,48.75,97.5,0.53985
1650,617.75,400,24,47.75,0.5395
1650,584,328.5,14.25,28.5,0.53904
1650,244,402.75,12.75,25.75,0.53811
1650,298,312.5,12.5,24.75,0.53785
1650,508,402.75,12.75,25.25,0.53767
1650,12.75,168,12,24,0.53653
1650,256.75,41.25,47,94,0.53567
1650,513.75,391.5,12.5,25.25,0.53563
1650,330.75,351.75,16.25,32.75,0.53549
1650,552.75,370.25,15.5,31,0.53518
1650,600,331.5,13,26,0.53419
1650,332,367.75,12.5,24.75,0.53395
1650,268,417,15.75,31.25,0.53381
1650,274,417.25,12.25,24.25,0.53358
1650,261.25,415.5,15.25,30.5,0.53353
1650,422,407.5,12.75,25.25,0.53341
1650,578.75,202,18.25,36.5,0.53316
1650,547.25,152.5,23.75,47.75,0.53278
1650,338,374.75,13.5,26.75,0.53266
1650,56,5.25,12,24,0.53244
1650,360.25,377.25,12,23.75,0.53243
1650,220.5,392.75,12.75,25.25,0.5324
1650,295,326,14.5,29.25,0.53235
1650,555.25,72.5,21.5,42.75,0.53229
1650,79.75,304,25.75,51.5,0.5321
1650,182.25,180.25,19.25,38.75,0.53176
1650,444.25,408.25,12.5,24.75,0.53175
1650,473,398.25,18,35.75,0.53171
1650,372.5,403.5,15,30,0.53116
1650,404.5,308,14.25,28.75,0.53107
1650,503.5,141.25,18.75,37.25,0.53096
1650,37,162.25,44.25,88.25,0.5308
1650,295.25,387.25,13.75,27.5,0.53076
1650,543.75,65.25,12.5,25.25,0.53068
1650,305.25,385.5,16.25,32,0.53053
1650,614.5,385,14.75,29.25,0.53043
1650,381,404.25,14.5,29.5,0.53042
1650,524.25,411.75,21,42,0.53041
1650,171.75,335.25,17.25,34.5,0.53024
1650,259.75,402.25,14.75,29.5,0.53006
1680,227,46.5,13.25,26.25,0.55907
1680,204.25,160,16.5,32.75,0.55578
1680,526.75,365.25,52.75,105.25,0.55509
1680,323,410.75,18.75,37.75,0.5536
1680,346.75,426.5,18,35.75,0.55353
1680,44.5,327,13.5,27,0.55251
1680,37.5,300.25,13.25,26.25,0.54889
1680,503.25,59.75,13.25,26.5,0.54659
1680,36.75,322,14.75,29.75,0.54628
1680,355.5,401,16,32,0.54343
1680,124,399.25,34.25,68.5,0.54264
1680,560.75,392,20,40.25,0.54109
1680,314.5,406.5,17.5,35,0.54025
1680,13.5,318,13.5,26.75,0.53939
1680,-0.25,225,13.5,27,0.53926
1680,38.25,203.75,12.75,25.25,0.53906
1680,626.75,412.5,13.75,27.5,0.53859
1680,501.5,359.75,53.75,107.25,0.5382
1680,508.25,369.5,15.5,31,0.53753
1680,453.75,374.75,14.25,28.5,0.53726
1680,397.75,323.5,15.75,31.75,0.53675
1680,29.25,313.5,13.5,27.25,0.5364
1680,511.75,431.75,12.75,25.75,0.53634
1680,562.5,372.25,13.75,27.75,0.53601
1680,412.5,378.25,14.5,28.75,0.53566
1680,533.75,354.75,12.75,25.75,0.53554
1680,574.5,424.5,12.75,25.75,0.53529
1680,60.25,332,12,24,0.53464
1680,613.75,364,12.75,25.5,0.53463
1680,605,359.75,14.25,28.25,0.53449
1680,411.25,351.5,16.25,32.75,0.53447
1680,587.75,357,15,30,0.53394
1680,94,174.75,22.5,45.25,0.53388
1680,454.75,384.75,12.75,25.5,0.53375
1680,34,182.5,19.75,39.5,0.53334
1680,464.25,268.75,12.25,24.75,0.53327
1680,358.75,353.25,13.5,27,0.53309
1680,389.5,319.75,16.5,33.25,0.53307
1680,180.75,44.5,12.5,25,0.53274
1680,528.75,385.25,43.75,87.25,0.53266
1680,375.5,423.5,13,25.75,0.53251
1680,20,313.25,15.5,31.5,0.53233
1680,455.75,396.5,13,26,0.53223
1680,512.75,28.25,54.25,108.75,0.53161
1680,76.25,349.75,12.25,24.5,0.53148
1680,437.75,389,14.75,29.5,0.53136
1680,380.25,425.75,15,30,0.53117
1680,438,338.75,14.25,28.5,0.53082
1680,383.75,220,12.25,24.25,0.53076
1680,599.75,343.75,13.25,26.75,0.53065
1680,331.75,405,13.75,27.5,0.53031
1710,557.75,345.25,19.75,39.5,0.57397
1710,157,410.5,13.75,27.5,0.56146
1710,183.25,335,12.75,25.5,0.55946
1710,217,365,15.5,31,0.55382
1710,331.25,163.5,15,30.25,0.55276
1710,340.5,157.25,12,24.5,0.55074
1710,327.5,155.75,12.5,25,0.55027
1710,460.25,429.25,12.5,24.75,0.55016
1710,37.5,77.75,13.25,26.5,0.55013
1710,140,362,16.5,32.75,0.54951
1710,340.75,188.25,17.5,35,0.54873
1710,182.75,326,13.25,26.5,0.54839
1710,84,409,15.5,30.75,0.54837
1710,252.5,51,12,24,0.54689
1710,620.25,392,12.25,24.75,0.54565
1710,477.75,326.75,13.75,27.25,0.5454
1710,580.5,384.5,15.75,31.5,0.54521
1710,504.5,388.75,12,23.75,0.54423
1710,27.75,353,15.5,31.25,0.54264
1710,99.5,414.25,15.5,31.25,0.54251
1710,618.75,427.75,20.75,41.75,0.54187
1710,11.75,336.75,15,29.5,0.54159
1710,240.5,45.25,11.75,23.5,0.54107
1710,76.25,384.75,15.75,31,0.54079
1710,140,320.25,12.75,25.25,0.54051
1710,172.5,425,15.5,31,0.54041
1710,616,392.25,12,24.25,0.54038
1710,434.25,405.75,13.75,27.25,0.53999
1710,117.25,365.75,14.25,28.25,0.53971
1710,116,302.25,17.25,34.5,0.53914
1710,127.75,276.25,27.5,55,0.5391
1710,416.75,431,18.5,37.25,0.53863
1710,220.75,414.75,12,23.75,0.5386
1710,141.75,410,13.25,26.5,0.53845
1710,91.25,415.25,16,32,0.53814
1710,217.5,400,17.25,34.75,0.53794
1710,60.25,330.25,15.5,31.25,0.53783
1710,92.75,362.5,13.25,26.25,0.53744
1710,20.75,356.25,14.5,29,0.53726
1710,85.75,362.25,13.75,27.75,0.53715
1710,329.5,2.5,13,26.25,0.53713
1710,150.25,203.25,12.5,24.75,0.53712
1710,196.25,406.25,13.25,26.75,0.5366
1710,604.75,67.5,12.5,24.75,0.53622
1710,386.75,439.75,14.5,28.75,0.53592
1710,136.5,276.5,15,30,0.53544
1710,176.75,327,12.75,25.5,0.53541
1710,436.75,429.5,19.75,39.75,0.53526
1710,188.5,57.5,18,36.5,0.53519
1710,336.25,188.25,19.25,38.5,0.53433
1710,622.5,356.5,11.75,23.5,0.53417
1710,507.5,338.25,16.25,32.25,0.53408
1710,71.25,358.75,12.75,25.5,0.53373
1710,93,441.75,13.25,26.5,0.53372
1710,574.5,423.25,23.5,47.5,0.53353
1710,146.5,268.5,13.5,27.25,0.53341
1710,170,324,14,28,0.5333
1710,407.25,432.25,18.25,36,0.5331
1710,327.75,166.5,12.75,25.75,0.53227
1710,532,288.75,13.25,26.5,0.53223
1710,36.5,313,13.25,26.25,0.53196
1710,542,370.5,15,29.75,0.53187
1710,572.25,67.25,14,27.75,0.5317
1710,134.5,321.25,12.5,25.25,0.53168
1710,235.5,428.75,15.5,31,0.53159
1710,353,172.75,12,24.25,0.53144
1710,454.25,442,13.5,27.25,0.53131
1710,83.5,383.25,16.5,33,0.53124
1710,153.5,272.75,12.5,25,0.53115
1710,281.25,179,55.75,111.75,0.53096
1710,64,385.75,16,32,0.53045
1710,299,354.25,55.25,110.75,0.53041
1710,114.25,63.5,16,32,0.53034
1710,97.25,349.75,12,24,0.53031
1710,240.5,370.5,12,24,0.53029
1710,277.5,411.25,12.75,25.25,0.53006
1740,196.5,413.75,14.75,29.5,0.56933
1740,324,421.25,14,27.75,0.56166
1740,621.5,416.5,18,36,0.5589
1740,156.25,380.5,15.25,30.25,0.55739
1740,453.75,44.25,13,26.25,0.5559
1740,258.25,133,13.5,27.25,0.55456
1740,582.75,230,28.25,56.25,0.55328
1740,60,390.25,14.75,29.25,0.55237
1740,237.75,407.25,13.25,26.5,0.55202
1740,396,441,16,32.25,0.55021
1740,198,365.75,17.5,35.25,0.54958
1740,211.75,384,16.5,33,0.54883
1740,349.25,49.75,15.5,31,0.5483
1740,259.25,448.75,12,24,0.54815
1740,580.25,412.5,13.5,27,0.54713
1740,579.75,413.5,16.25,32.25,0.54698
1740,52.5,391.5,13.75,27.75,0.54581
1740,215.5,371,14.75,29.5,0.54441
1740,31.25,340.5,13.25,26.25,0.54425
1740,237.75,48.5,13,26.25,0.54344
1740,217.25,361.25,18.75,37.75,0.54248
1740,285.25,391,13.5,27,0.54248
1740,415.75,391.75,15.25,30.75,0.54176
1740,44.5,389.75,13.5,27.5,0.54141
1740,20.5,421.75,12,24.25,0.54108
1740,486.25,3,12,24.25,0.54062
1740,475.25,176.5,15,30,0.54056
1740,475.25,443.5,15.75,31.5,0.54023
1740,298.75,223.75,12.75,25.5,0.54004
1740,454.75,153,12.5,25.25,0.53878
1740,172.5,60.75,12.5,25,0.53866
1740,92.75,381.5,14.25,28.5,0.53811
1740,134.75,363.5,12.75,26,0.53802
1740,205,412.25,14.5,28.5,0.53791
1740,108.75,372.25,14.75,29.25,0.53782
1740,44.5,380.5,14,28,0.53764
1740,186.75,384.75,23.25,46.75,0.53731
1740,221,13,12.5,25,0.53677
1740,254.25,414,13.25,26.75,0.53651
1740,37,389,14.5,29,0.53601
1740,552.5,124.5,12.25,24.25,0.53568
1740,455.75,403,33.75,67.5,0.53524
1740,108.75,10.25,15.75,31.5,0.53514
1740,288.5,26.5,11.75,23.75,0.53456
1740,293,206.75,17,34,0.53426
1740,203,384.25,17.75,35.5,0.5342
1740,56,393.25,13,25.75,0.53419
1740,66.5,14.5,18.75,37.5,0.53399
1740,124,31.75,13.25,26.5,0.53351
1740,300.75,400.25,19.25,38.25,0.53346
1740,159.5,298.25,13.25,26.5,0.5332
1740,197.5,388.5,14.5,29.25,0.53304
1740,562.5,394,12,24.25,0.53278
1740,547.75,406,13.25,26.5,0.53264
1740,225,120.75,12,24,0.5326
1740,148.5,357,15.5,30.75,0.53242
1740,100.75,373.5,14,28.5,0.53239
1740,540.5,172.75,12.25,24.75,0.53236
1740,244.25,417.25,13.25,26.5,0.53226
1740,222.5,359,12.75,25.5,0.53206
1740,176.75,401.5,19.25,38.5,0.53166
1740,487.75,60.25,12.25,24.5,0.53127
1740,95.5,361.75,13.5,26.75,0.53121
1740,86,377.25,13.75,27.25,0.53118
1740,125.25,403.5,14.25,28.25,0.5307
1740,164.5,382.75,15.25,30.75,0.53065
1740,456.5,141.25,11.75,23.5,0.53062
1740,292.5,393.25,12.25,24.5,0.53061
1740,488.75,405.75,15.75,31.75,0.53053
1740,498.25,440,17.25,34.5,0.53051
1740,229,378.5,14.75,29.5,0.53031
1740,507.5,408.75,14.5,28.75,0.5302
1770,498,445.5,14,28,0.55659
1770,28.5,28.75,11.75,23.5,0.55353
1770,563.5,169,13.5,27,0.55287
1770,391.25,443.5,12.5,25,0.55011
1770,382.25,442.25,16.25,32.25,0.54959
1770,341.25,446,14,28,0.54654
1770,261.75,446,13.75,27.75,0.54565
1770,181.25,24.75,12.75,25.5,0.54387
1770,492.25,451,12.5,24.75,0.54382
1770,14.75,380.5,12.25,24.75,0.54221
1770,414.25,350,14.75,29.5,0.53979
1770,235.25,407.25,33.75,67.25,0.53967
1770,158,435.75,13.75,27.25,0.53931
1770,291.75,430,13.25,26.75,0.53916
1770,50.25,3,11.5,23,0.53861
1770,360.75,443,16,31.5,0.53859
1770,314,77.5,17.75,35.25,0.5382
1770,68,9.25,15.75,31.5,0.53813
1770,564.25,143.5,15.25,30.75,0.53711
1770,445.25,10.25,14.75,29.5,0.53602
1770,409.25,122.25,19,38.25,0.53542
1770,468.25,426.5,13.25,26.25,0.53457
1770,149.25,18.25,13.75,27.75,0.53448
1770,20.25,320.75,12,24,0.53353
1770,564.75,182,14,28,0.53244
1770,235,430.5,13,26.25,0.53233
1770,556.75,175,11.5,23,0.53232
1770,606,107.25,17.5,34.75,0.53228
1770,522,371,17.5,35.5,0.53226
1770,346.75,79.25,13,26,0.5319
1770,250.75,439,16.5,33,0.53145
1770,-8.25,164.5,70,140,0.53138
1770,98,7,13,25.75,0.5309
1770,53.25,10,14.25,28.5,0.53043
1770,612.75,6,13.75,27.75,0.53007
1800,126,399.75,12.5,25.25,0.55161
1800,484.5,441.25,14.75,29.5,0.54932
1800,285.25,447,12.75,25.5,0.54836
1800,583.5,202.5,15.5,31.25,0.54449
1800,552,434.25,19,38.25,0.54411
1800,42.25,414.25,12.75,26,0.5385
1800,131,447.25,16,32,0.53832
1800,302.75,446.75,13.25,26.5,0.53713
1800,606.75,445.75,13,26,0.53608
1800,613.5,200.75,13,26,0.53594
1800,369,60.75,14.75,29.75,0.53471
1800,531.75,170.5,14.25,28.75,0.53428
1800,216.5,283.5,12.25,24.75,0.53423
1800,507.25,413.75,14.5,29,0.53406
1800,182.5,414.25,24.25,48.75,0.53372
1800,272.5,427.75,21.75,43.5,0.53349
1800,612,132,16,32,0.53344
1800,597.5,156.5,16,32.25,0.53273
1800,60,105.75,15.5,30.75,0.53272
1800,423.75,129.75,164.25,328.25,0.53245
1800,610.25,400.75,34,67.5,0.53224
1800,448.5,405,16.25,32.25,0.53202
1800,83,414.5,12,24.25,0.53159
1800,382.5,212.75,12.5,25,0.53089
1800,576.25,199.25,18,35.5,0.53025
1830,535.75,175,13.5,27,0.5687
1830,603.25,175.5,17.5,35,0.55044
1830,587,205.75,14.25,28.25,0.54605
1830,467.75,113.5,15.25,30.75,0.54546
1830,564.25,393,40.5,80.75,0.54475
1830,488.25,120.75,11.75,23.75,0.54326
1830,421.25,141,16,31.75,0.54199
1830,296,453,12.5,25.25,0.54199
1830,422.25,119,12.5,24.75,0.54195
1830,358.25,54,15,30,0.5408
1830,580.25,194,17.75,35.75,0.54051
1830,310.75,451.75,13.25,26.75,0.53887
1830,452.25,428.25,18.25,36.5,0.53792
1830,164,346.25,13.5,26.75,0.53685
1830,398.25,410,22.75,45,0.53609
1830,470.25,114,15.25,30.5,0.53606
1830,598.5,140.5,12.75,25.25,0.53562
1830,456.25,110.25,13.75,27.5,0.53408
1830,448,453.5,12.25,24.5,0.53352
1830,27.75,9.75,15.75,31.25,0.53332
1830,612.5,199.75,13.5,27.25,0.53298
1830,492.25,120.75,12,24,0.53287
1830,276.5,412,15,30,0.53195
1830,604.5,184.25,21,41.5,0.53187
1830,52.25,406.75,13,26,0.53169
1830,139.5,291.25,13.5,26.75,0.53134
1830,616.25,233,12,24,0.53123
1830,444.75,106.75,14,27.75,0.53102
1830,570.75,452.25,12.75,25.25,0.53061
