30,419.25,81.25,15,30.25,0.55714
30,490.25,76.75,19,38,0.55065
30,101,413,13.75,27.75,0.5489
30,596.75,156.25,18.5,36.75,0.54651
30,463.5,238.75,13,26,0.54604
30,147.75,252.25,18.25,36.75,0.54448
30,470.5,234.25,12.75,26,0.54445
30,187.75,25.75,14,28.25,0.5441
30,202.25,28,12.5,25,0.54318
30,481.75,82,14.25,28.25,0.54313
30,428,232.75,13.75,27.5,0.53865
30,341.75,75.75,12.75,25.5,0.53702
30,506.5,395.75,18,35.5,0.53658
30,499.5,78.25,16.25,32,0.53561
30,547.75,146.5,17.5,35.25,0.53554
30,141.75,392.25,12,24.25,0.53523
30,408,157.75,12.25,24.75,0.53325
30,545.5,157,23.75,47.5,0.53289
30,399.75,352.25,12.5,25,0.53286
30,252.25,92,14.5,28.75,0.53192
30,145.75,32.5,12.25,24.5,0.53102
60,81.5,295,13.25,26.25,0.5575
60,397.25,246.75,13.5,27,0.55411
60,301,255,12.75,25.5,0.55095
60,474.25,78.25,15,30,0.55022
60,407.5,80.75,13.75,27.5,0.55016
60,563.5,257.5,88.5,177,0.54342
60,596,74.25,14.75,29.5,0.54305
60,262.25,163,13.75,27.5,0.54276
60,254.25,144.5,27,53.75,0.54174
60,544.5,166.75,20.5,41,0.54139
60,483.5,69.25,21.25,42.5,0.54003
60,29.5,328.75,13.25,26.25,0.53883
60,344.75,154.75,160.25,320.5,0.53733
60,524.75,401.5,14,28,0.53574
60,37.25,154.75,160.5,320.5,0.53477
60,178.5,22.75,13.5,26.75,0.53346
60,292.5,136.5,12,23.75,0.53294
60,339,265.75,15.75,31.25,0.53277
60,397,267.75,14.5,29,0.53231
60,598,168.75,27.25,54.5,0.53226
60,394.75,433,11.5,23,0.53206
60,500.5,379,12,23.5,0.53126
60,373,328,72.75,145.25,0.5312
60,476.75,369.25,12,24,0.53109
90,389.5,64.75,22.25,44.25,0.57799
90,535,167.5,21.25,42.5,0.55115
90,472.25,66,22.5,45,0.5455
90,412.5,281.25,12.25,24.5,0.54246
90,188.5,23.5,12.75,25.25,0.54244
90,27.5,333.5,16.5,33.25,0.54162
90,536.75,239.25,85,170.25,0.54128
90,446.5,5.5,11.75,23.75,0.54019
90,381.25,253,15,29.75,0.53905
90,404.25,153,20.5,41.25,0.53884
90,394.25,80.25,13.75,27.5,0.53876
90,483.5,78.75,14.5,28.75,0.53786
90,169.75,19,14.5,28.75,0.53769
90,613.25,211.75,28.5,56.75,0.53712
90,534.5,151.5,25.5,51.25,0.53656
90,523.75,49.25,12.25,24.25,0.53562
90,85.25,315.25,14.5,29.5,0.53483
90,68,318.25,16.5,33,0.53412
90,164.25,330.25,12.5,25,0.53332
90,452.5,368.75,12,24.25,0.53313
90,310.25,208.5,14,27.75,0.53305
90,276.5,135.25,15.75,31.5,0.53148
120,444.5,77.5,15,30,0.55635
120,376.75,77.25,15.5,31,0.55405
120,411.5,269,16,31.75,0.54953
120,225.25,162.5,24.75,49.25,0.54066
120,426.75,151.75,12.5,24.75,0.53689
120,547.75,167.25,13,26,0.53639
120,542,228,13,25.5,0.53553
120,465.75,79.75,13.5,27,0.53476
120,311.75,298.5,12.25,24.5,0.53349
120,226.25,148.25,21,42,0.53325
120,32.5,360.25,12,24,0.5328
120,567.75,195.5,14.25,28.75,0.53238
120,519.75,133.75,137.5,274.75,0.53221
120,186.25,20.5,12.75,25.5,0.53195
120,286.5,377,11.75,23.5,0.53119
120,433.25,183.25,12.75,25.5,0.53116
120,419.75,283.25,13.25,26.5,0.53116
120,375.5,156.75,13.5,27,0.53038
150,426.5,72.75,15.5,31.25,0.57298
150,356.75,73.25,15.5,31,0.56238
150,261.75,261.25,14,28,0.55876
150,459.25,162.5,14.75,29.75,0.55433
150,332.25,232.75,15.5,31,0.55334
150,158.5,8.25,16.5,32.5,0.54831
150,373.75,263.75,12.75,25.75,0.54771
150,452.25,236,14.5,28.75,0.54762
150,514,6,14.5,29,0.54671
150,373,270,14,28,0.5466
150,244.75,251.5,14,28.25,0.54604
150,44.75,345,12.75,25.75,0.544
150,276.25,281.5,16.25,32.5,0.54316
150,326.75,52,13.5,27.25,0.54203
150,380.25,194.25,12.25,24.25,0.54203
150,207,157,14.75,29,0.54187
150,453.5,171,13.25,26,0.54018
150,580,167.25,15.5,31,0.53987
150,564.75,424.5,14.5,28.5,0.53926
150,499.25,143.75,21.25,42.25,0.53909
150,137,395.75,11.75,23.5,0.53777
150,572.5,425.5,12.75,25.75,0.53675
150,555.5,427,16,31.75,0.5356
150,225,249.5,11.5,23.5,0.53532
150,295.75,64.75,12.75,25.5,0.53491
150,185.75,86.25,20.5,41,0.53479
150,372.25,299.75,12.25,24.75,0.53479
150,44.75,285.75,25,49.75,0.5347
150,311.25,231.5,12.75,25.75,0.53442
150,172.5,332,14.75,29.5,0.53416
150,164.5,320.5,12,24,0.53408
150,405.25,419,11.5,23,0.53397
150,550,443.75,12.25,24.75,0.53381
150,542.25,101.25,13.5,27,0.53361
150,379,268.75,26.75,54,0.53339
150,186.5,167.25,43,86.25,0.5325
150,493,354.75,16.25,32.75,0.53236
150,420.75,272.5,11.75,23.75,0.53211
150,333,64.75,12.75,25.5,0.53146
150,252.75,243.25,15.5,30.75,0.53127
150,416.25,68,19.25,38.5,0.53118
150,382.75,256.5,12.75,25.25,0.53078
180,251.5,52.25,14.5,28.75,0.57948
180,330.25,51.25,23.5,47,0.5688
180,368.5,265.25,11.75,23.5,0.56088
180,333,64,16.75,33.5,0.55289
180,217,137,12.5,25.5,0.55261
180,260.75,284,15.25,30.75,0.55175
180,214.5,148.25,14.25,28.5,0.55016
180,373.25,270,13.75,27.5,0.5496
180,261.5,258.5,14,28.5,0.54581
180,284.75,248.75,14.5,29.25,0.5434
180,620,240,20,40.25,0.54303
180,320.25,184.5,11.75,23.5,0.54222
180,436.75,129.25,20.5,40.75,0.54161
180,407.25,62.5,16.75,33.25,0.54137
180,391,22.5,12.5,24.75,0.54033
180,355.75,275.25,13.25,26.25,0.54023
180,268,63,13.25,26.75,0.54022
180,334,20.75,13.25,26.25,0.53989
180,246.25,54.5,13.25,26.5,0.53955
180,437.25,162.25,15.25,30.25,0.53812
180,276.25,21.5,13,26,0.53798
180,300.75,252.5,12.5,25,0.53706
180,438,149.75,14,28,0.53704
180,276.25,423.25,12.25,24.5,0.53697
180,292,247,15,30,0.53678
180,332.25,274.75,17.75,35.5,0.53457
180,417.5,54.25,22.25,44.75,0.53426
180,100.5,336.25,12.75,25.5,0.53382
180,407.5,143.25,12.5,24.75,0.53322
180,316.25,276.5,12,24.5,0.53314
180,381.75,266,26.75,53.25,0.53256
180,277.5,261.75,14.25,28.25,0.53199
180,430,69.25,13.5,26.75,0.5312
180,373.75,263.75,12.75,25.5,0.53114
180,211,136.5,12,24,0.53089
180,219.75,270.5,17,33.75,0.53063
180,483,154.25,25.25,50.5,0.53037
210,298.5,54.75,24,48.5,0.55764
210,246.5,27.5,13,26,0.55682
210,87.5,49.5,15.5,31,0.55567
210,246.25,15.25,13,26.25,0.5467
210,359.5,27,13,26,0.54587
210,237,255,14,28,0.54432
210,374.75,67.5,16,31.75,0.54268
210,386,58.75,21.75,43.25,0.54202
210,304,72,13.5,27.25,0.54016
210,236.75,56.25,12.25,24.5,0.53777
210,211.25,251,14.5,28.5,0.53721
210,507.5,41.75,15.25,30.5,0.53564
210,246.25,280.75,12,24,0.53517
210,268.5,269.25,15.5,31.5,0.53499
210,363.75,271.25,14.5,29.25,0.53471
210,366,146.25,13,26,0.53364
210,380.25,265.25,14,28,0.53352
210,525.5,43.75,14,28.25,0.53317
210,277,281,14.75,29.75,0.53271
210,518.75,92.75,15,30.25,0.53201
210,537.25,184.75,25,50.25,0.53128
210,371.75,265.75,14.5,28.75,0.5308
210,451.5,158.75,24.5,49.25,0.53065
210,355,266,17.75,35.5,0.53049
210,214,59.25,13.25,26.5,0.53012
240,340,78.75,15.75,31.5,0.56324
240,268.75,274.5,13.5,27,0.56061
240,266.75,69.25,22.75,45.25,0.55476
240,349,275.75,13.75,27.25,0.55146
240,330.75,77.5,17.5,35.25,0.54931
240,271.25,83.75,14.25,28.25,0.54615
240,235.25,257.75,16.25,32.5,0.54487
240,218.5,42.25,11.5,23.25,0.54396
240,344.75,389.25,11.75,23.5,0.54349
240,120.25,172.5,22,43.75,0.54314
240,221,248.25,12.25,24.5,0.5397
240,277.75,407.25,14.25,28.5,0.53921
240,567,137.25,79,157.75,0.53672
240,94.5,51.5,12.75,25.25,0.53625
240,340.25,155.25,12.75,25.25,0.53515
240,284.75,281,14,27.75,0.53508
240,267,150,19.5,38.75,0.53457
240,592.25,427.75,12,24,0.53285
240,118.75,154,23.75,47.25,0.53197
240,310.5,269.25,13.75,27.5,0.53147
240,188.5,212.25,13,26,0.53141
240,349.25,70.5,25,50,0.53124
270,242.25,79.25,20.75,41.75,0.5627
270,312.5,88.75,14.25,28.75,0.56176
270,436.5,228.25,32.25,64.5,0.54864
270,245.5,92.5,13.5,27,0.5448
270,434.5,260,18.5,36.75,0.53844
270,246.25,50.75,12.5,24.5,0.53843
270,246,42.5,12.5,25,0.53695
270,590.25,419.25,15.25,30.75,0.53686
270,472.5,77.5,11.75,23.25,0.53597
270,381,154.75,28,56,0.53359
270,242.75,156.75,17.75,35.5,0.53325
270,268.25,261.25,13,26.25,0.53321
270,245.25,19,13.25,26.5,0.5325
270,194.5,54.75,11.75,23.75,0.53239
270,328,392.75,12.5,24.5,0.53191
270,341.5,168.5,12.25,24.75,0.53159
270,379.25,123.75,113.75,227.5,0.53062
300,229,85.5,21.5,43,0.55056
300,307.5,87.5,18.5,37.25,0.54931
300,426.25,250.5,17.5,35.25,0.54874
300,295.75,90.25,16.75,33.5,0.54764
300,475.25,75.75,12.5,25.25,0.54583
300,420.5,72.75,12.25,24.5,0.5413
300,449.75,222.25,48.5,96.75,0.5412
300,222,255,13,26.25,0.53973
300,237.5,271.5,15.5,31,0.53966
300,310,349,12.5,25,0.53879
300,348.25,250.75,12,24,0.53837
300,317.25,92.5,13.75,27.5,0.53546
300,542.5,382,13.75,27,0.53401
300,97.25,182.5,20.25,40.75,0.5331
300,332.25,270.25,12.75,25.5,0.53218
300,440.75,187,11.5,23,0.53114
300,308.5,287.5,15.25,30.25,0.53093
330,248.5,94,19,38.5,0.56275
330,618.25,65.5,23.5,47.25,0.54899
330,452.75,196,54.5,109.25,0.54756
330,378.5,177.75,15.25,30.75,0.54387
330,87,337.5,15,30.25,0.54189
330,324.25,266,17.25,34.5,0.54161
330,358.75,246.25,13.5,26.5,0.54038
330,318.25,94.25,20.25,40.5,0.5383
330,309.25,97,15.75,31.5,0.53814
330,328.25,99.5,14.5,29,0.53771
330,280.5,245.75,11.75,23.5,0.53654
330,469.5,265.25,18.25,36.5,0.53641
330,462.75,325.5,14,28.5,0.53529
330,335.75,263,12.75,25,0.53503
330,342.25,144,12.75,25.75,0.53336
330,480.25,68.75,11.75,23.5,0.53313
330,558,253,11.75,23.5,0.5325
330,56.5,31.25,12.5,25,0.53233
330,64.75,151.5,29.75,59.5,0.53204
330,520,291.75,32.25,64.75,0.53171
330,79.75,323.5,12.75,25.5,0.53147
330,539.75,431.75,12.25,24.75,0.53049
360,508.5,82.75,12,24.25,0.56953
360,285.75,247.25,13,26.25,0.55283
360,520.25,129.75,113.75,227.75,0.55091
360,359.5,246.75,12.75,25.75,0.54723
360,135.25,343,12.75,25.5,0.54214
360,348.25,248.5,14,28,0.54037
360,506,244.5,47.5,95.5,0.54026
360,237.25,86.25,13.25,26.5,0.53958
360,215.75,403.75,12.25,24.5,0.53797
360,572.5,395.5,12.25,24.75,0.53756
360,525,399.25,13,26,0.53642
360,488.5,34.5,15,30.25,0.5357
360,330,113.75,15,29.5,0.53445
360,291.25,422.5,15,30,0.5321
360,476.5,335.25,16.75,33.75,0.53199
360,276.25,113.25,16.75,33.75,0.53154
360,269.25,362.75,14.5,28.75,0.53056
390,325.25,254,13.75,27,0.56298
390,327.25,133.25,14.25,28.75,0.5629
390,355.75,317.75,13,26,0.54575
390,421.25,182.75,14.75,29.5,0.54114
390,501.25,109.25,14,28,0.54012
390,278,386.5,13.75,27.25,0.53984
390,380.5,134.5,13.25,26.5,0.539
390,364,246.25,12.75,25.25,0.53892
390,86.25,436.25,13.25,27,0.53729
390,363.75,377.5,18.25,36.75,0.53708
390,21,26.75,13.5,27,0.53533
390,173.5,320.75,14.25,28.5,0.53504
390,349,368.25,16.25,32.75,0.5347
390,519.5,154.5,13,26,0.53451
390,578.5,59.75,11.75,23.5,0.53406
390,375.5,247.75,13.25,26.5,0.53274
390,90.75,102.5,13.25,26.25,0.53267
390,294.25,88.75,12,24.25,0.53219
390,588.25,433,12.25,24.75,0.53198
390,596.5,427.75,12.25,24,0.53118
390,318.25,186,12.25,24.5,0.53111
390,556,63.75,12.25,24.75,0.53083
390,165.75,351.25,13.5,27,0.53077
390,508,96.5,12.75,25.25,0.53035
390,603.75,436.75,15.5,30.75,0.53025
390,499.5,177.5,18.5,37.5,0.53021
390,148.5,413.75,14.75,29.5,0.53017
390,267.5,342,12.75,25.25,0.53012
390,521.5,142.25,17.5,34.75,0.53004
390,336.5,188.25,14,28,0.53001
420,164,331,12.75,25.25,0.55125
420,361.5,136.75,13,25.75,0.55057
420,599.5,51.75,13,26.25,0.55
420,340.5,365.5,12,23.75,0.54681
420,388.5,339,14.75,29.5,0.5437
420,502.75,292.75,11.5,23.5,0.54156
420,405.25,139.5,13,25.75,0.54056
420,292,424,15.5,31.5,0.5394
420,522.75,82.75,14,27.75,0.53919
420,380.25,234,12.75,25.75,0.53862
420,308.75,435.5,14.25,28.75,0.53798
420,444,304,12.5,25,0.5369
420,261.25,315.25,13.75,27.5,0.53659
420,245.25,322.25,13.5,26.75,0.53588
420,363.75,370.25,16.75,33.25,0.53488
420,204,94.25,12.75,25.25,0.53398
420,381.75,387,14.5,28.75,0.53253
420,491.75,83.25,13.5,26.75,0.53241
420,164.25,389,12.25,24.25,0.53232
420,228,426,16.5,33,0.53229
420,565.25,210.5,13.25,26.5,0.53221
420,340.75,227.25,16.75,33.5,0.53176
420,540.25,85,13.5,27.25,0.53152
420,116.5,415.5,16.5,33.25,0.5315
420,138.75,442.5,17,33.75,0.53147
420,398,137.25,12.25,24.5,0.53133
420,368.75,419.75,12,24,0.53099
420,243.25,430.75,17,34,0.53069
420,374.75,433.5,12.5,24.75,0.53031
450,165.75,397,13.5,27,0.56573
450,589,421.75,14,28,0.56172
450,494,284.25,13.5,27.25,0.55581
450,317.25,416.25,14.25,28.5,0.55304
450,508,91,12.5,24.75,0.55166
450,273,83.25,22.25,44.75,0.54906
450,340.75,399,15,30.25,0.54795
450,140.5,360.5,11.75,23.75,0.54694
450,359.75,391.75,12.75,25.5,0.54519
450,545.75,302.75,19.25,38.25,0.54513
450,613.75,318.25,12.75,25.25,0.54476
450,125,407.25,14.25,28.5,0.5441
450,586.5,127.25,13.75,27.5,0.54383
450,557.75,336.5,15.75,31.5,0.54181
450,605.25,431,13.75,27.75,0.54148
450,397.25,22,13.25,26.75,0.54073
450,388.25,141.75,13.5,26.75,0.53971
450,483.75,36.75,13,26,0.53962
450,377.75,93,33.5,67.25,0.53953
450,331.25,414.25,17.5,35,0.53825
450,373.25,42.25,14,28.25,0.53821
450,492,443.25,17.75,35.5,0.5381
450,352.5,138.5,12.25,24.5,0.5379
450,439.75,92.25,12,24.25,0.53568
450,324.25,419.25,15,30,0.53521
450,582.25,450.5,12.25,24.75,0.53435
450,347.75,385,16,32,0.5331
450,163,329.5,17.5,35,0.53281
450,540.25,406,14,27.75,0.53258
450,240.25,380.5,12,23.75,0.53209
450,243.5,297.25,14.75,29.25,0.53166
450,379.75,389.25,13.25,26.5,0.53159
450,581.75,409.25,12.75,25.25,0.53157
450,174.25,342,13.25,26.5,0.53122
450,173.75,304.75,13.75,27.25,0.53072
450,356,320.25,12.5,25,0.53061
450,458.5,43.5,28.25,56.25,0.53004
480,452.75,415,13.5,27.25,0.56293
480,492,390.75,13,26,0.56266
480,399.5,67.75,12.75,25.5,0.55835
480,205,379.5,14.25,28.25,0.55731
480,448.25,352.5,12.25,24.25,0.55697
480,352.75,320.25,12.75,25.25,0.55483
480,556.25,412,14.75,29.5,0.55306
480,103.25,359,13.25,26.5,0.552
480,365.25,412.25,14.75,29.5,0.55044
480,519.25,20.5,12.25,25,0.54937
480,533.25,334.75,13.5,27,0.54929
480,124.25,337.75,13.25,26.75,0.54907
480,475.75,55.75,13.25,26.75,0.5486
480,140,364.25,13.25,26.75,0.54828
480,548,391,13.25,27,0.54533
480,338.5,72,12.5,25,0.54525
480,196.75,392.25,15.25,30.25,0.54511
480,376,322.75,12.5,25.25,0.54507
480,260.75,350.5,15,29.75,0.54503
480,392.25,42.75,17.25,34.5,0.54292
480,344.5,72.75,12,24.25,0.54283
480,379.75,353.75,16,32,0.5423
480,428.25,287.25,12.5,25.25,0.54134
480,509.25,418.75,13.5,27.25,0.54108
480,564,424.25,15.5,30.5,0.54095
480,212.25,296.25,12.75,25.75,0.53995
480,547.75,402.25,15.75,31.75,0.53958
480,292.25,386.75,16.25,32.25,0.53851
480,276,292.75,12.75,25.5,0.53701
480,301.75,378.25,15,30,0.53697
480,615.75,174,26.25,52.75,0.53686
480,261.25,401.25,14.5,28.75,0.53648
480,462,284.75,16.5,32.5,0.53642
480,579.25,397.75,15.25,30.75,0.53613
480,253,399,14.25,28.25,0.53607
480,333.5,336.5,14.75,29.5,0.53602
480,117.5,389.75,13.5,27.25,0.53579
480,243.5,410.5,16.75,33.5,0.53569
480,285.25,301.75,14,28,0.53532
480,98.5,359.25,12.75,25.5,0.53482
480,266.25,369.25,20.25,40.5,0.53443
480,245.5,109.5,13.5,26.75,0.53414
480,412.25,374.5,14.25,28.75,0.53398
480,532.5,414,13.75,27.75,0.53361
480,341.25,320.5,16,32,0.53357
480,445.75,450.75,11.75,23.75,0.53354
480,461.75,93.75,12.75,25.5,0.53346
480,100.25,369.5,14.75,29.5,0.53316
480,372.75,410.5,14.5,29,0.5324
480,475.75,343.75,13.25,26.5,0.53235
480,284.75,409,13.5,27.25,0.53201
480,451.5,299.5,21.5,43,0.53166
480,134.5,311.25,13.5,27,0.53163
480,500.5,360.25,29.5,58.75,0.53147
480,475.5,335,15,30,0.53146
480,206.5,90.75,33.5,67,0.53145
480,373.5,48.25,13,26.25,0.53143
480,404.5,378.25,14.5,28.5,0.53135
480,397.25,413,14.5,28.5,0.53131
480,428.25,380,14.75,29.75,0.53073
480,139.5,335.75,16.5,33,0.53035
480,467.25,323.5,16.5,33,0.53033
480,246.25,363,12.5,25,0.53029
480,544.25,222.75,16.25,33,0.53016
510,36,358.25,13.25,26.75,0.56979
510,588,416.75,15,30.5,0.55872
510,412.5,185.25,12,23.75,0.54607
510,373,386.5,15.75,31,0.54327
510,579,188.25,51,102.25,0.54237
510,314.75,25.75,15.5,31.5,0.54209
510,454.25,384.75,13.75,27.75,0.54113
510,455,7.75,14,28,0.54049
510,321.25,27.5,14,28,0.54028
510,22,388,13.5,27.25,0.53963
510,388.5,382.75,13,26,0.53732
510,403.5,403.25,15.5,30.75,0.53698
510,19.75,346.75,12.75,25.5,0.5368
510,270,371.75,13.25,26.25,0.53645
510,264.75,372,12,24.5,0.53623
510,389.5,406.5,13.25,26.75,0.53544
510,164.75,383.25,13.5,27.25,0.53492
510,548.75,426,14.25,28.25,0.53412
510,572,368,15,30.25,0.53313
510,52,398.5,15.5,31,0.53274
510,525.75,362,14,28.5,0.53274
510,588.75,354,11.5,23,0.532
510,539,108,16,32,0.53198
510,293.5,392,13.25,26,0.53186
510,-4,37.5,30.75,61,0.53165
510,44.25,345.5,15,30,0.53124
510,285.25,115,13.5,26.75,0.53089
510,477.5,28.25,13.5,27,0.53041
510,564.25,408.75,13.25,27,0.53012
540,412.75,367,13.25,26.25,0.56849
540,28.5,349.75,14.5,29.25,0.56336
540,625.5,240.5,15.5,30.75,0.56153
540,243.75,345,15.5,31,0.56129
540,347,366.75,15.75,31.5,0.55311
540,300.75,366.5,13.5,27,0.55006
540,52.5,364.25,13,25.75,0.54877
540,398,32.5,12,24.25,0.54786
540,532.25,420.5,15,30,0.54778
540,556,359.5,12.75,25.5,0.54748
540,419.75,57.75,13,26,0.54367
540,540.25,346,12.5,25,0.54227
540,221,392.25,13.25,26.25,0.5421
540,181.25,436.25,12.25,24.25,0.54201
540,553.5,366.5,14,27.75,0.54167
540,197.25,347,14.5,29,0.54122
540,452.25,384,15.5,31,0.54074
540,532,362.75,14.5,29.25,0.54067
540,510.75,355,15.25,30.5,0.54049
540,243.25,356.5,17.5,35.25,0.5404
540,28.75,383.25,13.25,26.25,0.54017
540,516.75,422,14,28,0.54012
540,505.5,422.5,13.75,27.25,0.53885
540,616.75,307.5,24.75,49,0.53836
540,444.25,95.25,11.75,23.5,0.53811
540,522.5,183.75,12.5,25,0.53793
540,476.75,61,15.25,30.75,0.53732
540,524.5,421,14.75,29.75,0.53658
540,381.5,423.75,13.5,27,0.53632
540,547.25,366.5,15.75,31.75,0.53625
540,253,335.25,15,30.25,0.53608
540,459.5,180.75,12.5,25,0.53595
540,220.25,336.75,16,31.75,0.53573
540,68.5,377.75,12,23.75,0.53564
540,424,72.5,12,24,0.53544
540,484,371,15,29.75,0.53531
540,391,349,12.5,24.75,0.5351
540,433.25,79.25,18.5,37,0.53491
540,404.5,363.5,14.5,29,0.53489
540,404.25,20.5,12.75,25.75,0.53475
540,414,347.5,12.25,24.5,0.5342
540,355,11,14.5,29,0.53295
540,229.75,349.25,14,28,0.53283
540,486,52.25,12.5,25,0.53256
540,284.75,101.5,13.75,27.25,0.5322
540,449.5,425.5,13,25.75,0.5313
540,206.25,341,13.75,27.5,0.53107
540,522.75,78.5,13,26,0.53106
540,526,358.5,13,26,0.53053
540,609.25,363.75,12.5,25,0.53048
540,138.25,337.25,16,32.25,0.53009
540,313.5,364.75,19.75,39.5,0.53003
540,492.5,65.25,14.75,29.75,0.53001
570,326.5,19.5,13.25,26.25,0.55587
570,108.75,278,14.25,28.5,0.54844
570,310.25,20.75,14,27.75,0.54821
570,422,26.75,13,26.25,0.54783
570,108.25,281.5,14.5,28.75,0.54733
570,590.75,83.5,14,28.5,0.54725
570,380.5,28.5,14,27.5,0.54636
570,491.5,76.75,14.25,28.5,0.54603
570,598,83,14.5,29.25,0.54477
570,355.5,260.25,14.25,28.75,0.5432
570,396.75,289,12.25,24.5,0.54319
570,148,403.5,16.25,32.5,0.54311
570,405.75,58,13.5,27.25,0.54195
570,189,409.75,13.75,27.5,0.54191
570,172.25,336,13.25,26.75,0.54183
570,124,267,12.75,25.5,0.5417
570,248.5,444.5,12.5,25.25,0.5417
570,308.5,31.75,16,31.75,0.54153
570,200.25,128,167.5,335,0.54145
570,171.75,358,17.25,34,0.54104
570,440.75,81,11.5,23,0.54061
570,454.25,191,13.75,27.25,0.53936
570,457,158.5,149.5,299.25,0.53936
570,156.75,437,14.75,29.75,0.53897
570,37.5,276.5,13.5,26.5,0.53785
570,156.5,347.5,15,29.5,0.53758
570,204.75,403.25,14.5,29,0.53733
570,474.5,144.25,39.75,80,0.53732
570,485.5,189.25,13.25,26.75,0.53731
570,501.5,165.5,13.25,26.5,0.53692
570,380.5,390.25,12.75,25.75,0.53681
570,174.25,351.5,12.75,25.75,0.53633
570,156.25,378.75,15.5,31.25,0.53583
570,116.75,276.75,14,28.25,0.53566
570,148.75,347.75,14.75,29.5,0.53559
570,355.5,387.25,14.5,29.25,0.53515
570,580.25,414.25,25.5,50.75,0.53508
570,221.25,283.5,13.25,26.5,0.53496
570,260.75,442.5,12.5,25,0.53431
570,427,99,15.75,31.25,0.53365
570,364.75,384,16,31.75,0.53361
570,259.25,253.75,17.5,35,0.53321
570,406.25,381,12.5,25.25,0.53293
570,362.25,4.75,18.5,37,0.53288
570,365,254.75,14.5,29.25,0.53272
570,577.75,364.25,18.5,36.75,0.53271
570,571,6,13.25,26.25,0.53269
570,477,60.5,14,28.25,0.53249
570,118,150.5,32,64,0.53228
570,354.75,366.5,17.75,35.75,0.53198
570,278.5,269,16.75,33.5,0.53163
570,163.5,382.25,17.25,34.25,0.53141
570,123.5,276.25,13.75,27.25,0.53117
570,435.25,90.75,15.5,30.75,0.5311
570,452,13.5,16,31.5,0.53092
570,236.75,269.5,14.25,28.75,0.53072
570,244.5,274.5,15.75,31.25,0.53056
570,460.5,92.5,12.75,25.75,0.5305
570,142.5,390.75,13.25,26.5,0.5305
570,40,338.5,59.75,119.25,0.53012
600,77,384,14,27.75,0.55834
600,93.75,305.25,12.5,25,0.54873
600,517,203,19,38,0.54606
600,109.75,448.5,12.5,25.25,0.54522
600,444,95.5,12.75,25.5,0.54463
600,260.5,310.75,15.5,31,0.54448
600,340.25,384.25,12.25,24.25,0.5443
600,203.75,310.5,16.75,33.25,0.54398
600,487,21.25,14,28,0.54338
600,332.75,383.25,12.75,25.5,0.54267
600,277.25,390.25,14,28,0.5423
600,522.5,394,40.5,81.25,0.54137
600,68.75,383.75,15,29.5,0.54098
600,510,363,13,26,0.54047
600,288.25,357.25,16,32,0.53999
600,353,312.5,20.25,40.75,0.53979
600,302.25,123.75,13.25,26.5,0.53945
600,387.75,335.25,13.5,27.25,0.53943
600,366.75,337.25,13.25,26.25,0.53899
600,395,34.25,12.5,25,0.53745
600,482.25,333,12.5,24.5,0.5374
600,192,376.5,49.75,99.75,0.53723
600,186,233.5,18.75,37.75,0.53694
600,479,72.5,19,38.5,0.53689
600,171.25,110.5,13.75,27.5,0.53675
600,68.25,371.75,15.5,31.25,0.53617
600,220.5,406.25,13.25,26.5,0.53616
600,396.25,342.75,13.5,26.75,0.53562
600,460.75,374,14.25,28.25,0.53544
600,327.75,112.5,15.5,31,0.53543
600,470.25,34.5,13.75,27.75,0.53443
600,469.75,390.25,13.25,26.5,0.53419
600,567.75,431.25,12.25,24.5,0.53412
600,406.25,414,14.75,29,0.53411
600,272.25,302.5,13.75,27.75,0.53395
600,412.25,36.5,12.25,24.75,0.5334
600,604.75,99.75,13.5,27,0.53337
600,60.5,385.25,15.5,30.75,0.53333
600,94.75,402.25,13.75,27.25,0.53314
600,84,378.75,14.25,28.5,0.53265
600,588.75,38,11.5,23,0.53259
600,168.5,328.75,12,23.75,0.53234
600,44.25,298.75,15,29.75,0.53233
600,116.75,424,15.5,31.25,0.53231
600,124,371.5,12.75,25.25,0.53224
600,261.75,429.5,13,26.25,0.53223
600,470.5,20.75,14,28,0.5322
600,538.75,172.5,17,34,0.53116
600,437.5,383.75,13,25.5,0.53112
600,520,400.5,11.75,23.5,0.53102
600,51.25,292.75,14.5,28.75,0.53101
600,54,385.75,15,30.25,0.5309
600,18.5,332,12,23.75,0.53063
600,312.75,113,11.5,23.25,0.53051
600,173.75,333,13.75,27.25,0.53023
630,435.5,77.5,17,34,0.55975
630,445,373.25,14.25,28.25,0.55843
630,571,146,13.5,27.25,0.55743
630,372.5,428.75,13.75,27.75,0.55734
630,180.75,346.75,13.25,26,0.55635
630,164.25,345,15.25,30,0.55178
630,174.25,398.5,13.75,27.5,0.55148
630,284.25,377,15.25,30.75,0.55029
630,188,302.75,12.75,25.5,0.54995
630,279.75,367.75,13,25.5,0.54915
630,124,347.5,13.5,26.75,0.54908
630,20.75,369.25,12.25,24.5,0.54624
630,155.75,398.5,16,31.75,0.54597
630,452.25,95,13,26.25,0.54569
630,492,351.75,16.75,33.5,0.54541
630,476.5,92,16.5,33,0.54541
630,85.5,402.75,14.5,29,0.54527
630,299.75,418.5,16,32,0.54467
630,204.5,370.75,15,29.75,0.54177
630,467.75,368.25,14.75,29.5,0.54148
630,419.75,327.25,13,25.75,0.54115
630,268.25,385,16.25,32.5,0.53976
630,485.75,92.5,15,30,0.53912
630,529,209.5,25.75,51,0.53897
630,293.75,376,12.75,25.75,0.53894
630,524.5,149.25,59.25,118.75,0.53893
630,279.75,411.75,30.75,61.5,0.53876
630,148.5,401.75,15,29.75,0.53868
630,299,365.75,17,34,0.53864
630,547.25,422.75,16,31.75,0.53769
630,491.5,51.25,15,30,0.53759
630,509.5,428.25,13.75,28,0.53746
630,324.75,376.75,15.5,31,0.53741
630,419.25,384.5,16.5,32.75,0.53733
630,140.5,385.25,15.75,31.75,0.53714
630,55,227.75,13.25,26.75,0.5368
630,469.5,92,14.25,28.75,0.53665
630,28,389.75,13.5,27,0.53647
630,548.75,373,13.75,28,0.53633
630,181.5,312.25,13.25,26.25,0.5362
630,139.5,351.5,17,34,0.53606
630,108.5,400,14.75,29.25,0.53576
630,566.25,69.25,13.75,27.75,0.53558
630,157,410.5,14.75,29.25,0.53463
630,316,425,12.5,25,0.53447
630,604.5,74.5,15,29.75,0.53406
630,412.25,377,13,25.75,0.53391
630,557.75,33.75,13.5,26.75,0.53353
630,411.25,396.5,16.5,32.5,0.53339
630,172.75,303.25,15.75,31.5,0.53315
630,454.25,207.75,13.5,26.75,0.53312
630,236.25,337,15.75,31.25,0.53308
630,557.25,407.75,14,27.75,0.53295
630,467.25,339.5,17.25,34.5,0.53289
630,51.5,249.25,16.5,33.25,0.53277
630,133.75,412,14.25,28.5,0.53238
630,501.25,368.25,13.25,26.25,0.53196
630,470.5,336.5,12.75,26,0.53169
630,501,416.75,14.75,29.5,0.53156
630,183,416.25,12.5,24.75,0.53125
630,13.75,297.75,12.5,24.5,0.53116
630,547.25,413.25,16.25,32.5,0.53069
630,508.5,407.25,13,26.25,0.53062
630,300.25,327.5,12.75,25.5,0.53055
630,229.5,423,13.75,27,0.53044
630,396.5,367.25,13.75,27.5,0.53026
630,252.25,250.25,12.5,24.75,0.53025
630,253,302.75,15,29.75,0.53021
630,116.5,391.25,13.25,26.5,0.53016
630,540.25,368.5,13.25,26.75,0.53015
630,460,424,15.25,30.5,0.53014
660,500.5,5.75,14.75,29.75,0.58775
660,75.75,333.5,14,28,0.56559
660,165,385.75,15,29.5,0.55302
660,213.25,380.5,14,28,0.5485
660,550,278.25,13.25,26.75,0.54831
660,491.75,60.25,14.25,28.75,0.54816
660,38,335.75,12.75,25.5,0.54813
660,123.75,396,14.75,29.5,0.54741
660,542.5,279,12.75,25.5,0.54491
660,173,346.5,15.25,30.5,0.54376
660,61,294,14,28,0.5432
660,286,342,13.5,27,0.54319
660,556.5,45,12.5,24.75,0.5424
660,92.5,319.75,15.75,31.75,0.54175
660,581.25,44.5,14,28.25,0.54141
660,234.25,109,11.5,23,0.54083
660,556.5,4.5,11.75,23.75,0.54015
660,532.75,424.75,14,28,0.53979
660,194.75,299.5,14.75,29.75,0.53972
660,181.5,274,15.25,30.75,0.53943
660,236.75,386.5,14.25,28.5,0.53901
660,501.75,275.25,14.5,29.25,0.53898
660,468,407.5,13.25,26.5,0.53756
660,60.75,396.5,14.25,28.5,0.53732
660,445,29.75,14.25,28.5,0.53677
660,233.5,367.5,24.75,49.5,0.53643
660,150.25,387.5,13.75,27.5,0.53571
660,294.25,344.5,12.25,24.5,0.53529
660,557,425.5,14.75,29.5,0.53525
660,300.25,342.25,12.75,25.5,0.53518
660,397.25,334,13.5,27.25,0.53514
660,488.25,91.75,11.75,23.5,0.53509
660,69.25,308,13.25,26.5,0.53472
660,522.5,186,15.25,31,0.53459
660,492,417.5,13,26,0.53451
660,587.75,438.25,16.5,32.75,0.5344
660,350,340.5,15,29.5,0.53406
660,548.75,409.75,14.5,29,0.53395
660,436.25,85,13.25,26.75,0.53293
660,572.25,298.25,14.75,29.5,0.53293
660,500.75,87.25,15,30,0.53267
660,437.75,38,14.25,28.75,0.53219
660,508,13.75,20,40,0.53175
660,27.75,243.25,12,24.25,0.53174
660,459.75,35,15.5,31.25,0.53161
660,152.75,18.25,11.5,23,0.53158
660,180.75,300.25,14,28,0.53151
660,485.75,255.25,12.5,25.25,0.53098
660,556.5,313.75,15.5,31.25,0.53074
660,44.25,395.5,14,27.5,0.53037
660,131.75,386.5,16.25,32.5,0.53019
660,188.5,394,15.25,30.5,0.53009
660,452.75,26,13.25,26.75,0.53002
690,149.25,418,13,26.25,0.54874
690,560.75,325.25,12.5,25.5,0.54153
690,358.25,357,14.25,28.5,0.54103
690,117,274.25,15.25,30.5,0.53912
690,73.5,262,104.25,208.25,0.53846
690,407,234.5,13,25.75,0.53818
690,516,405.5,15.25,30.75,0.53782
690,605.25,338.25,14.75,29.25,0.53582
690,151.25,287.75,12.25,24.75,0.53538
690,256.75,265,11.5,23,0.53503
690,452,178.25,13.75,27.25,0.53459
690,102,261,12,24,0.53439
690,392.75,155,11.5,23,0.53407
690,477.75,96.75,12.5,25,0.53385
690,510.75,388.5,12,24.25,0.53373
690,578.75,46,15.5,30.75,0.53286
690,476.75,39.5,12.75,25.25,0.53225
690,373.25,400,13.25,26.5,0.53181
690,212.25,444.5,15.25,30.25,0.53118
690,466.5,98,11.5,23.25,0.53089
690,500.25,406.25,13,26,0.53061
690,94,379.5,23.75,47.75,0.53036
690,456.25,388.75,12,24,0.53002
720,112.25,440.5,12.25,24.75,0.54815
720,383.5,159.75,12.75,25.5,0.54351
720,262.25,308.5,14.5,28.75,0.5419
720,-2.25,150.25,21,41.75,0.54129
720,399.25,254.5,12.75,25.25,0.5371
720,118.25,440.25,12.25,24.5,0.53709
720,308.75,310.25,13.5,27.25,0.53435
720,220.25,338.25,14.5,29.25,0.532
720,187.75,440.75,12.25,24.25,0.5318
720,542,261.25,21.5,42.75,0.53138
750,100.75,265.75,13.75,27.5,0.56966
750,549,330.25,11.75,24,0.55884
750,260,355.5,13.5,26.5,0.55607
750,227,330.5,15.25,30,0.54974
750,428.75,361,11.5,23,0.54926
750,140.5,265.5,15.5,30.75,0.54917
750,348.5,371.5,13.25,26.25,0.54555
750,572.75,251.75,14,28.25,0.54386
750,149,245.5,13.75,27.5,0.54357
750,108.5,261,14.25,28.75,0.54259
750,501,414,13.25,26.5,0.54232
750,565.5,332,13.25,26.5,0.542
750,550,139.75,12.5,25,0.54165
750,38,343.75,12.5,25.25,0.53976
750,197,379.5,15,30.25,0.53662
750,108,249,12.75,25.5,0.53658
750,276,375,13.75,27.25,0.53648
750,86,252,13.75,27.75,0.53512
750,148,134.25,26.25,52,0.53495
750,102.25,334.25,13.25,26.5,0.53429
750,91.75,319,16.75,33.5,0.53402
750,100.5,346.75,14.75,29.25,0.53367
750,181.5,293.5,13.5,27,0.53338
750,453,240.5,13,26,0.53316
750,163.25,350.25,17.25,34.5,0.53277
750,-4.25,72,34.25,68,0.53261
750,142,248.5,12.5,25,0.53248
750,236.25,294,13,26.5,0.53155
750,309,306.75,15.25,30.5,0.53137
750,12,228.5,30.25,60.5,0.53047
750,300.5,396,12.5,25,0.53038
780,421,328.25,12.5,25,0.58149
780,309,291.25,15.5,31,0.56232
780,292,281.5,15.25,30.5,0.55126
780,203.25,315.75,13.5,27,0.54878
780,403.75,137,12.75,25.75,0.54793
780,140,367.75,12.5,25,0.54265
780,289.75,334.25,17.5,35,0.54112
780,413.75,358.25,13,26.25,0.53904
780,124.75,347.5,14.25,28.5,0.53893
780,316.75,290.75,15,30,0.53836
780,317.75,301.75,13,26.25,0.53732
780,132.75,242.5,15,30,0.53678
780,429.25,383.25,15.5,31,0.53577
780,140.75,378.5,12.5,25,0.53506
780,403.75,364.25,18.75,37.5,0.53499
780,29.75,278.25,13.25,26,0.53496
780,500.75,396.75,14.5,28.75,0.53489
780,164.75,396.25,14.5,28.5,0.53472
780,118,199.5,29.75,59.5,0.53358
780,140.5,254,15.5,30.75,0.53331
780,158,268.25,13,25.75,0.53301
780,136,236.75,23.5,46.5,0.53287
780,540.75,169.75,33.25,66.5,0.53282
780,69.25,302.5,15,30,0.53275
780,308.5,271.5,12.75,25.5,0.53256
780,110.5,400.5,12,24,0.53234
780,477.5,368.75,13,26,0.53232
780,43,283.25,11.5,23,0.53217
780,257,289.75,20.5,41.25,0.53212
780,100,274.75,15.5,31,0.53206
780,124.25,396.5,12.25,24.75,0.5314
780,253.25,319.5,14,28.25,0.53085
780,428.75,362,12.25,24.75,0.53059
780,148.75,379,14.75,29.5,0.5305
780,452.25,368.5,15,30,0.53024
810,325.25,321.25,15.25,30.5,0.56197
810,300.25,393.25,16,32,0.55412
810,356.5,352.25,16.25,32.75,0.55185
810,301.25,309,14,27.75,0.5496
810,412.25,372.25,13.5,27,0.54936
810,435,379.75,18.25,36.75,0.54461
810,404,330.75,15.25,30.5,0.54257
810,547.75,344.5,15.5,31.25,0.54246
810,172.5,363.5,12.5,25.25,0.54171
810,48,176.75,70.75,141.5,0.5409
810,604.75,389.75,14.75,29.5,0.54048
810,21.5,144.5,14.5,29.25,0.53991
810,197.5,373,14.5,28.75,0.53729
810,339.5,353.75,16,31.75,0.53576
810,274,309.25,19,38.25,0.53548
810,579.5,403,16,31.75,0.53527
810,157.25,363,13.5,27.25,0.5352
810,28,303.25,12.75,25.5,0.53513
810,27.75,351.75,16.75,33.5,0.535
810,197,393.25,14.25,28.25,0.53449
810,450.25,315.25,18,36.25,0.53428
810,262.5,382.75,13.25,26.25,0.53394
810,292.25,391.25,15,30,0.53312
810,508.75,386.25,14.5,29.25,0.53271
810,156.5,373.5,13.25,26.75,0.53216
810,36.5,393,12.5,24.75,0.53204
810,340.5,268.5,12,24,0.53166
810,116.75,315.25,14.5,29,0.53148
810,499.5,350,14.75,29.75,0.53131
810,432.5,340.25,11.5,23.5,0.53123
810,532.25,332,15.75,31.25,0.53112
810,457.25,186.5,15.5,30.75,0.5307
810,55.75,351.25,12.5,25.25,0.53068
810,175,297.25,12,24,0.53055
810,380.75,40.75,23.25,46.5,0.53035
810,262,394.5,13.75,27.5,0.53029
810,588.5,406.25,13.75,27.5,0.53019
840,564.5,403.25,15,30,0.56205
840,228.5,383.75,12.75,25.5,0.55562
840,548.5,351.25,14.75,30,0.55521
840,412.75,261.5,14,27.75,0.5547
840,117,331.25,14.75,29.25,0.55277
840,134.25,335.75,13.25,26.75,0.55202
840,373.5,283,13,26.25,0.54801
840,548.5,328,14.75,29.75,0.54774
840,338.75,399.75,12.75,25,0.54725
840,509,396.75,14,28.25,0.54722
840,181.5,318.5,13.5,27,0.54641
840,172.5,402.75,12.25,25,0.54516
840,188.75,240.25,15.75,31.25,0.5448
840,118.25,133.5,22.25,44.5,0.54448
840,301,371.25,14.75,29.75,0.54433
840,204.75,316.75,14.75,29.25,0.54312
840,564.25,322,15.5,31,0.54301
840,220.5,352.25,14.75,29.5,0.54276
840,212,335.25,16,32.25,0.54239
840,106.75,136.75,20.75,41.75,0.53997
840,116.25,387.25,15.25,30.5,0.53958
840,390.5,288.75,12.25,24.5,0.53931
840,141,329,15,30,0.53869
840,165.25,291.25,15,30,0.53842
840,434.75,131,21.25,42.5,0.53818
840,588.25,351.5,13,25.75,0.53751
840,294,392.75,12.75,25.5,0.53712
840,55,264.75,11.75,23.75,0.53665
840,411.5,288.25,16.75,33.25,0.53652
840,389.5,380.5,14.5,28.75,0.53606
840,476.25,219,11.5,23,0.53597
840,105,250,23.25,46.25,0.53566
840,35.25,365.5,16.25,32.75,0.53551
840,334,400.25,12.25,24.5,0.53519
840,214.25,305.5,12.5,24.5,0.53495
840,548.25,300.25,15,30.25,0.53456
840,396.5,341.25,14.75,29.5,0.53437
840,516.25,299.5,15,30,0.53413
840,285.5,355.75,13.5,27,0.53391
840,172.75,292.5,14.25,28.75,0.53341
840,187,272.25,16.5,33,0.53329
840,220.25,394,15.25,30.25,0.5332
840,476.5,294.75,14.75,29.5,0.53308
840,70,276.25,14,28,0.53267
840,460.5,394,13.5,27.25,0.53245
840,28.5,386.25,11.75,23.5,0.5324
840,421,347.5,15.5,31.25,0.53221
840,581.25,314.75,14,28.25,0.53196
840,198.25,236.75,13.25,26.5,0.53094
840,296,313.25,12.25,24.75,0.53063
840,75.5,288.75,16.25,32.5,0.53053
840,165,350.25,13.75,27.5,0.53027
870,572.75,390.5,13.5,27,0.57068
870,412.25,397.5,14.25,28.25,0.56729
870,309,398,14,28,0.55866
870,164,239.75,16.25,32.5,0.55578
870,141.5,354.75,18.25,36.75,0.55341
870,134.25,376,13.5,27,0.5526
870,565.5,385.25,13,26,0.54965
870,524.5,415.25,13.25,26.5,0.54755
870,148.75,261.75,14.5,29,0.54658
870,389.25,396.5,14.25,28.5,0.54638
870,396.25,395.25,15,29.75,0.54635
870,468,339.25,15.5,31,0.54291
870,381.25,318.25,13,26.25,0.54288
870,228.5,378.25,15.5,30.75,0.54278
870,456.75,393,11.5,23,0.54227
870,29.75,244,14.5,28.75,0.54225
870,581.25,350,15,30.25,0.54158
870,379.75,390.5,17.75,35,0.54153
870,261,379.25,13.75,28,0.54146
870,419.25,334,17.5,35,0.54127
870,107.5,318,17.5,35,0.54117
870,588.5,408.25,16.25,32.5,0.54107
870,133.5,239,14,28,0.54087
870,277.75,389,14,27.75,0.54061
870,164,272.25,16,32.25,0.54054
870,180.75,382.25,13.5,26.75,0.54053
870,117,221.25,13.75,27.5,0.53968
870,196,256.5,16.5,33.5,0.53936
870,459.75,343.75,15,30,0.5388
870,235.25,253.5,16.5,33,0.53845
870,181,218.25,12.75,25.25,0.53821
870,70,138.75,19.75,39.75,0.53769
870,404,323.5,15.5,31,0.53687
870,308.75,261.25,15.25,30.75,0.53668
870,204,251,13.5,27,0.53637
870,229.25,308.25,14.5,28.75,0.53616
870,491,319,16.75,33.75,0.53615
870,389,299.5,14.25,28.5,0.53595
870,156.25,225,15,30,0.53592
870,213.75,233,13.75,27.25,0.53583
870,420.75,344.25,12.75,25.75,0.53568
870,571.5,352.75,16.5,32.75,0.53561
870,76,253.75,23.25,47,0.53541
870,212.25,263,13,25.75,0.53538
870,92.75,373,14.5,29.25,0.53532
870,149.5,225.75,13.25,26.5,0.53521
870,125.5,218.5,14.75,29.25,0.53509
870,253.5,307.25,14.75,29.25,0.53507
870,194.75,130,25.5,51,0.53475
870,205.25,261.5,13.75,27.5,0.5347
870,236.5,348.25,14.5,29,0.53461
870,500.75,312.25,12.5,25,0.5345
870,444,317.75,17,34,0.53443
870,116.5,388,14.75,29.25,0.53333
870,173.75,243.25,15,29.75,0.53321
870,379.25,301.5,17.75,35.25,0.53284
870,133.25,221.25,14.5,28.75,0.53258
870,325,327.25,14.5,29,0.53226
870,403.75,271.25,15.5,31.25,0.53185
870,172.75,223,15.25,30.75,0.5317
870,181.25,314,15.5,31.5,0.5317
870,355.25,302,13,26,0.53167
870,252.5,268.75,12.75,25.25,0.5315
870,75.5,151.25,13,26,0.53148
870,164.25,304.5,16,32,0.53133
870,197.25,220.5,12.75,25.25,0.53126
870,35.75,302.75,12.75,25.25,0.53124
870,84,371.25,14,28.25,0.53109
870,397,311,13.25,26.25,0.53106
870,296.5,257,12,24,0.53099
870,124.5,384,13.25,26.75,0.53084
870,314,330.75,31,62,0.53083
870,212,130.75,26.5,53,0.53068
870,149.25,399,13,26.25,0.53068
870,388,379.5,14,28,0.53033
900,500.5,351.5,12.5,25.25,0.55454
900,152.25,142,12,24.25,0.54815
900,49.75,272.25,21,42.5,0.54767
900,288.75,381,19,38.25,0.54358
900,542.25,118.75,104.25,208.25,0.54299
900,332.5,283.5,16.5,33,0.54276
900,397.5,132.75,33.25,66.75,0.54123
900,278.25,399,13,26,0.53885
900,371.5,181,12.75,25.25,0.53809
900,100.25,279.25,14.25,28.75,0.53807
900,309.5,395.5,12.5,25,0.5377
900,396.75,299,15.75,31.25,0.53748
900,349,387.25,12.75,25.25,0.53678
900,304.75,100.75,12.25,24.5,0.53664
900,8.75,112,12.25,24.25,0.53625
900,364.25,392,12.75,25.5,0.53495
900,156.25,379.25,12,24,0.53453
900,580.75,411.25,14.25,28.75,0.53435
900,345,400.25,12.5,24.5,0.53427
900,214.25,400.25,12.5,24.75,0.53421
900,572.25,410,15,30,0.53419
900,77.5,322.75,14.5,29.5,0.53412
900,317.25,401,14.75,29.75,0.53378
900,451,409.75,16,32,0.53334
900,325.5,398,13.25,26.75,0.53308
900,508,396,15.5,31.25,0.53235
900,342.25,270.25,14.75,29.5,0.53203
900,364.25,306.75,12.25,24.5,0.53194
900,581.5,417,13.75,27.75,0.53193
900,101.25,124.25,33.25,67,0.53142
900,79.5,208,16.75,33.25,0.53122
900,608.75,15.75,36,72.25,0.53091
900,396.5,271,14,28,0.53079
900,412.25,379,16.25,32.25,0.53062
900,341.25,413.5,13.5,27,0.53037
900,459.75,387.25,15.5,31.5,0.53023
930,532.5,350.75,17,34,0.56364
930,-6.25,367.75,50.25,100.5,0.56037
930,380.25,358.75,13,26.25,0.55717
930,389.75,140,31.75,63.5,0.55519
930,136,419.75,23.5,47,0.55403
930,209.5,412,28.5,57,0.55307
930,313.5,406.5,29.25,58.75,0.55098
930,228.75,354,15.5,31,0.54986
930,453.5,341.5,13.5,27.5,0.54591
930,205.5,279.25,12.5,25,0.54514
930,419.75,347.25,14.25,28.75,0.54511
930,460,352,16,32,0.54487
930,302,359.75,13.25,26.25,0.54394
930,428.5,405.25,30.75,61,0.54362
930,396.5,351.75,15.25,30.5,0.54272
930,445.25,354.75,15.5,31,0.54204
930,253,45.25,14.75,29.25,0.5417
930,252.5,304.5,13.75,27.5,0.5408
930,251.5,291.75,14.5,29.25,0.54036
930,506.5,300.25,13,26,0.53942
930,435.75,314,15.25,30.5,0.53847
930,531.75,429.25,18.25,36.5,0.53796
930,309.5,354.25,14.5,28.75,0.53786
930,443,309.75,24,47.75,0.53777
930,235.5,352,14.5,29,0.53755
930,468.75,352.5,13.5,26.75,0.5374
930,214.25,412.5,27.75,55.75,0.5367
930,151.25,337,14.25,28.25,0.5362
930,237.25,306.5,14.5,29.25,0.53617
930,253.25,414.5,26.25,52.5,0.53597
930,500.25,328,15.5,30.75,0.53585
930,317.5,309,13.75,27.75,0.53554
930,287.75,130,39.25,78.5,0.53553
930,108.75,267.5,15,29.75,0.53519
930,167,415.5,26.75,53,0.53515
930,230,320.75,12.25,24,0.53493
930,243,311,17,33.75,0.53485
930,211.5,268.25,17,33.75,0.53482
930,487.5,324.5,13,25.75,0.53443
930,180.75,304.25,12.75,26,0.53418
930,130.25,337.5,15.75,31.5,0.53388
930,223.5,415.25,25.5,51.25,0.53357
930,365.75,282.25,12,24,0.53353
930,422.5,328.25,12,24.5,0.53341
930,467,334,17.5,34.75,0.53334
930,406,342.5,13.5,27.25,0.53243
930,300,424,14.75,29.75,0.53229
930,141,418.5,24.5,49.25,0.53226
930,93,263.25,13,26.5,0.53182
930,470.5,365.5,13.5,27,0.53152
930,204.25,354,15.75,31.75,0.53109
930,12.5,256.5,12,24,0.53062
930,379.5,315.75,13.5,27.25,0.53038
930,156.5,221.25,12.5,25.25,0.53037
930,127.75,99.5,56,112.25,0.53028
930,394.75,408,30.75,61.5,0.53008
960,564.5,347,14.5,29,0.57395
960,157.25,301.75,13.75,27.5,0.56285
960,515.75,362.5,16,32.25,0.56072
960,116.5,379,15,30.25,0.55736
960,213.75,435.25,13.75,27.5,0.55684
960,124.5,391.25,13.25,26.5,0.5506
960,357.75,328.5,12.5,25.25,0.54996
960,476.25,372.25,14.5,28.75,0.54982
960,164.75,300,14.5,29.5,0.54883
960,99.75,369.5,15.75,31,0.54831
960,141.75,318.5,13.75,27.5,0.54814
960,77.5,286.5,13.5,26.75,0.54786
960,380.25,395.5,15.75,31.5,0.54731
960,107.75,280,15.5,30.75,0.54632
960,212.75,266,15.25,30.25,0.54604
960,438,351.25,14,28,0.54583
960,172.25,347,16.5,32.75,0.54539
960,224.5,246.75,13.25,26.75,0.54493
960,151,382.25,13,26,0.54231
960,333.75,395.25,13.5,27,0.54209
960,284.75,371.5,13.75,27.5,0.54185
960,86,389,13.25,26.5,0.54134
960,298.75,333.75,19,38.25,0.5407
960,348.5,386,13.25,26.75,0.53908
960,118.5,359.75,12.25,24.5,0.5386
960,189.75,388.5,17.5,35,0.53839
960,218.5,247.75,12.75,25.25,0.53817
960,214.25,247,13.5,27,0.53788
960,302.25,347.25,13,26,0.53785
960,21.5,243,14.75,29.25,0.5376
960,382.25,376.5,12.25,24.75,0.53742
960,309,401.75,14.25,28,0.5374
960,284.25,340.5,13,26,0.53688
960,558,348,13.5,27,0.53664
960,301.5,354.75,14.5,28.5,0.53646
960,508.5,364,15,29.75,0.53618
960,578,133.75,40.75,81.5,0.53614
960,580.75,268.25,15.5,31,0.536
960,93.25,279.75,13.25,26.75,0.53596
960,525.5,366.25,13.5,27.25,0.53592
960,408.5,264.75,12,24,0.53566
960,611.75,272.5,16.25,32.75,0.53561
960,452.75,400.25,12.75,25,0.5342
960,236.5,335,14,27.75,0.53407
960,214.25,253,13.75,27.5,0.53364
960,340.25,284.25,14.75,29.25,0.5336
960,572.5,353.5,14.25,28.5,0.53333
960,69.75,277.25,14.5,29.25,0.5329
960,411.5,371.75,18.75,37.25,0.53273
960,300.5,389.75,13,25.75,0.53262
960,607.25,139.25,31,61.75,0.53248
960,468,385.25,15.75,31.25,0.53236
960,29.25,255.25,12.75,25.75,0.53204
960,173,307,14.75,29.5,0.5319
960,235,432.25,16.25,32.75,0.53188
960,276.75,347.25,15.5,31,0.53173
960,596.25,266.25,13,25.75,0.5316
960,487.5,375.75,12.5,25.25,0.53158
960,-1.75,10.5,13.5,26.5,0.53141
960,454.5,333.25,12.25,24.75,0.53091
960,589.75,277.5,14,27.75,0.5308
960,191.5,236.75,12,24.5,0.53047
960,238.5,243.25,14.75,29.75,0.53043
960,428.25,398.25,19.5,39.25,0.53028
960,316.75,358.5,15,30,0.53026
960,364.25,288.75,14.5,29,0.5302
960,132.25,347.5,15.25,30.25,0.53004
990,459.75,387,15,29.75,0.5658
990,412.5,349,15,30.25,0.56322
990,419.5,348.75,18.25,36.25,0.56129
990,579.5,350,16.75,33.25,0.55608
990,333,324.75,14.25,28.25,0.55245
990,277,374.5,14.25,28.25,0.55165
990,380.5,388.5,12.25,24.75,0.54892
990,620.5,391.5,11.75,24,0.54847
990,197.75,247.75,12.5,25.25,0.54647
990,506.75,399.25,17,33.5,0.54611
990,414,108,53.75,107,0.54592
990,262.25,375.5,13.5,27,0.54436
990,584.25,399.5,12.25,24.5,0.54424
990,356.5,365.5,16.5,32.75,0.54266
990,404,346,15.25,30.25,0.54244
990,509.5,150.5,13.25,26.5,0.54209
990,301.25,321,14.25,28.75,0.54173
990,300.5,302.25,13.25,26.25,0.54117
990,220.5,387.75,13.5,27.25,0.54102
990,66.75,93,159.75,319.5,0.53927
990,412.5,341.75,15.25,30.5,0.5375
990,381.75,327.5,14.25,28,0.53696
990,283,246.5,12.75,25.5,0.53658
990,534.25,199,22.25,44.5,0.53585
990,477,309.25,14.5,29,0.53506
990,345.75,375.5,25,50,0.53499
990,363.75,366,16.25,32.5,0.53477
990,340.25,336.75,15.5,31,0.53437
990,374,249.25,12.75,25.5,0.53382
990,302.25,387.25,14.5,29.25,0.53382
990,324,354,16.25,32.25,0.53372
990,539.5,220.5,14.25,29,0.53354
990,429.5,361,14,28,0.53348
990,510.25,347.5,12.5,24.75,0.53323
990,356.75,344.5,15,30,0.53279
990,491,352.75,16.25,32.5,0.53231
990,508.5,299.25,15.25,30.5,0.53191
990,160,173,12.75,25.5,0.5319
990,460,293.75,15,30.5,0.53174
990,428.5,338,14.5,29.25,0.53119
990,294.25,394,13.25,27,0.53066
990,607,108.75,12.75,25.75,0.53064
990,378.75,336,19,37.75,0.53056
990,548.25,120.75,39.25,78.5,0.53054
990,524.75,115.75,25.5,51,0.53023
990,164.5,384.75,15.5,31,0.53023
990,180.75,376.5,14,28.25,0.53018
1020,60,348.25,17.25,34.75,0.54911
1020,359.5,327.5,13,26,0.54713
1020,485.75,328.75,12.25,24.75,0.54698
1020,404.25,412.25,14.25,28.5,0.54697
1020,494,360.5,12.5,25.25,0.5468
1020,156.5,444.5,12,24,0.54557
1020,469.75,295.5,12.75,25.5,0.54523
1020,380,308,14.5,28.75,0.54422
1020,123.5,273.25,14.75,29.75,0.54315
1020,404,331.75,14.75,29.5,0.54222
1020,396.5,337.5,14.25,28.5,0.54187
1020,556.5,379.75,13.25,26.5,0.54128
1020,236.25,348.25,16.75,33.75,0.54067
1020,572,402.25,15.75,31.5,0.53998
1020,507,364.5,15.25,30.25,0.53957
1020,229,345.5,14.25,28.5,0.53889
1020,411,431.25,17.75,35.75,0.53851
1020,326,395.25,14.5,28.75,0.53801
1020,246.25,347.25,14.25,28.25,0.53756
1020,358,376.75,14.5,29.25,0.53721
1020,373.75,278.75,13,25.75,0.53526
1020,300,417.75,15.25,30.25,0.53521
1020,412.25,326,13.25,26.5,0.53519
1020,156.25,402.5,12.25,24.5,0.53509
1020,237,59.75,12.25,24.5,0.5345
1020,364,391.75,12.75,25.5,0.53446
1020,323.25,267.25,18,36,0.53375
1020,345,337.25,14.5,28.75,0.53336
1020,365.5,251.75,13.75,28,0.53263
1020,170.75,376.25,18.75,37.75,0.53256
1020,385,31.25,13,26,0.53217
1020,613.25,410.25,14.75,30,0.53212
1020,438.75,405.5,13.5,27,0.53174
1020,170.75,255.25,17.5,35,0.53164
1020,317.75,334.25,13.75,27.5,0.53122
1020,533.5,400.75,14.5,29,0.53117
1020,455.75,294,13.5,27,0.53074
1020,332.5,334.5,16.5,32.5,0.53054
1050,300.75,344.25,12.5,25,0.55978
1050,429.75,320.75,14.75,29.5,0.55865
1050,618.5,142,16.75,33.75,0.55261
1050,516.5,384.75,12,24,0.55066
1050,70,292.5,14.5,29,0.54795
1050,421.5,325,14.25,28.75,0.54661
1050,197.25,351.25,14.75,29.5,0.54531
1050,37,15.75,14.5,29.25,0.54513
1050,52,289.75,15.5,30.5,0.54416
1050,620.25,152.5,12.5,25,0.54039
1050,69.5,120.25,12.25,24.5,0.54017
1050,317.75,287.75,12,24,0.53809
1050,228.25,384.5,16,31.75,0.53766
1050,429,411.75,13.75,27.75,0.53755
1050,102.75,24.5,12.75,25.25,0.53746
1050,172,232.5,13.5,26.75,0.53702
1050,59,289,15.5,30.75,0.53635
1050,63,122,12.5,25.5,0.53498
1050,452.25,9.75,13.25,26.75,0.53462
1050,306,323.25,18,36.25,0.53426
1050,483.75,399.75,13,26.25,0.53397
1050,268.5,360,16.5,32.75,0.53322
1050,212.5,353.5,15.5,31.25,0.53317
1050,316.5,310.5,16.75,33.25,0.53302
1050,427,220.25,15.75,31.5,0.53302
1050,60.5,307.5,14.5,29.25,0.53261
1050,95.5,23.75,14,28,0.53244
1050,396,384.75,15.75,31.25,0.53231
1050,96.25,45,12.25,24.25,0.5319
1050,437.5,327.5,12.75,25.75,0.53089
1050,333.25,306.75,15,30,0.53074
1050,116.25,29.5,14.25,28.25,0.53068
1050,543.5,33.5,22,44,0.53057
1050,551,370,12.75,25.75,0.53054
1050,460.75,25,11.5,23,0.53031
1050,-20,95.25,177.25,354.5,0.53004
1080,262.75,328.75,13,25.75,0.58262
1080,228.75,296.5,15.25,30.5,0.58144
1080,372.25,298.25,14.5,29.25,0.57505
1080,44.5,347.75,13.5,27,0.57369
1080,365,296,14.75,29.25,0.57165
1080,371.5,278.25,13.5,27,0.56429
1080,444.75,310.25,14,27.75,0.56064
1080,387.75,278.75,13.25,26.75,0.5596
1080,396.75,289.75,16,32,0.55537
1080,428.25,312,16.25,32.75,0.55491
1080,493,337.75,14.75,29.5,0.55412
1080,244.5,295.25,14,28,0.55366
1080,411.75,315,15.25,30.5,0.55267
1080,438.25,305.5,13.75,27.5,0.54887
1080,397,309.5,14.5,28.75,0.54817
1080,500.5,321,16,31.75,0.54691
1080,275.25,315.75,17.75,35,0.54642
1080,435.75,286.75,16.75,33.75,0.54638
1080,145.25,312,20.5,41,0.54582
1080,389,297.75,15.25,30,0.54551
1080,149.25,347,13.5,27.25,0.54468
1080,236.75,294.5,14,28.25,0.54435
1080,7.75,338.25,12.5,25.25,0.54402
1080,596.75,416.5,14.75,29.5,0.54385
1080,420.75,310.75,15,29.75,0.54288
1080,212.25,320.75,12.75,25.5,0.54222
1080,403.75,304.75,17.25,34,0.54113
1080,461,303.75,12.75,25.5,0.53999
1080,236.25,320.25,14.25,28.5,0.53976
1080,476.75,282.5,13,25.75,0.53966
1080,380.25,391.25,12.75,25.5,0.53889
1080,165,323.5,14.25,28.25,0.53883
1080,530.25,280.5,11.75,23.75,0.5378
1080,229.25,287,13,26.25,0.53763
1080,164.5,346.25,14,28.25,0.53736
1080,355.5,119.75,55.25,110.5,0.53694
1080,284.75,301,14,28,0.53682
1080,509.5,312,12.75,25.75,0.53666
1080,451.5,305.75,16,32,0.53649
1080,83.5,245,14.75,29.5,0.53636
1080,292.75,325,13.5,26.5,0.5361
1080,381.75,295.5,14,27.75,0.53587
1080,252.5,284.25,16.75,33.75,0.53572
1080,93,304.75,14,28.25,0.5357
1080,428.5,281,16.5,33.5,0.53534
1080,336.25,296,12.75,25.5,0.53526
1080,417.75,283.75,16.75,33.25,0.53504
1080,583.5,404,13,26.25,0.53488
1080,332.25,306.25,16.25,32.75,0.53478
1080,603.75,300,14.5,29.25,0.53464
1080,28.75,327.25,12.75,25.75,0.53389
1080,355,311.75,17.25,34.75,0.53385
1080,196.75,324.75,14.5,28.75,0.53351
1080,269,331.75,14.75,29.75,0.53343
1080,364.5,306.5,16,32.25,0.53324
1080,214,342,13.5,26.75,0.53308
1080,183.25,378.5,13,26,0.53301
1080,157.5,335.5,13,26.5,0.53232
1080,500.25,184,13,26,0.53208
1080,588.5,417.25,14.75,29.75,0.53186
1080,388.25,292.25,14.75,29.5,0.5318
1080,197.25,369,13.75,27.5,0.53171
1080,300.5,282.75,12.5,25,0.53125
1080,92.5,267.75,14.5,28.75,0.53119
1080,578,209.75,15,30,0.53109
1080,476.25,92.25,12.75,25.5,0.53106
1080,524,357.25,13.5,27,0.53079
1080,30.75,344,13.5,27,0.53002
1110,308.75,24,15.75,31.5,0.55662
1110,537.75,86,13,26,0.55351
1110,18.5,114.25,12,24.25,0.55279
1110,481,192.25,12.5,25,0.54934
1110,301.25,371.75,14.5,29.25,0.54356
1110,498.75,86.75,13.5,26.75,0.54324
1110,332.25,212.5,14.25,28.5,0.54248
1110,450.75,311,16.25,32.75,0.54008
1110,325,336.75,28.5,57,0.53953
1110,61.25,21,15,30,0.53897
1110,369.75,363,37.5,75,0.53832
1110,253.75,317.25,13.5,27,0.5354
1110,340.25,32.25,12.25,24.5,0.53512
1110,389,89,11.75,23.5,0.53446
1110,436.5,193.75,12,24,0.53429
1110,508.5,387.25,12,24.25,0.53332
1110,469.25,302.5,12.75,25.25,0.5331
1110,620.75,281,11.5,23,0.5331
1110,603.5,272.5,15,30,0.53304
1110,252.75,138.25,15.25,30.5,0.53278
1110,101.5,253,13.5,26.5,0.53233
1110,-1.75,385,12.5,24.75,0.53204
1110,156.25,17.5,15.25,30.75,0.53204
1110,523.75,384.25,15.25,30.5,0.53179
1110,329.25,146.5,11.75,23.5,0.53163
1110,22.5,28.25,12.25,24,0.53079
1110,332.25,43.5,15.5,31,0.53038
1110,581.75,141,14.5,29,0.53036
1110,-5.5,160.75,45,89.75,0.53027
1110,404.75,402.5,14.5,29.25,0.5302
1110,359,153.25,50,100.25,0.53002
1140,300.75,340,14.75,29.5,0.57227
1140,37,357.25,14.5,29,0.56499
1140,580.5,80.75,16.5,33,0.56439
1140,184.25,15.25,12.25,24.75,0.56099
1140,379.75,304.75,15.75,31.25,0.55629
1140,309.25,351.5,15,30,0.55567
1140,549.25,213.25,14.25,28.75,0.55232
1140,420.75,305.25,15.25,30.5,0.55065
1140,579.75,411.25,18.5,37,0.55058
1140,279.75,389.25,12.5,25,0.54978
1140,51.75,368.25,15.25,30.5,0.54856
1140,60.5,362.75,14,28,0.54577
1140,-2.5,93,75.75,151.75,0.54573
1140,533.25,216.75,14.25,28.75,0.54552
1140,260.5,344.75,12.75,25.75,0.54541
1140,155.75,40.5,16.5,33,0.5442
1140,325,366.25,13,26,0.54252
1140,44.5,376.5,13.25,26.5,0.54204
1140,124.25,289.75,14.5,29.25,0.54201
1140,491,336,15.5,31.25,0.54087
1140,491.75,326,13.25,26.5,0.54083
1140,28.5,279,12.75,25.25,0.54078
1140,285.25,276.75,14.5,29,0.5398
1140,198.5,381.75,13.25,26.75,0.53961
1140,284.5,301.25,16.25,32.5,0.53955
1140,452.5,316.75,15.75,31.5,0.53953
1140,299.5,350.25,16.75,33.5,0.53861
1140,469.25,350.75,14.75,29.5,0.5385
1140,230,224,12.25,24.5,0.53797
1140,77.75,366,13,25.75,0.53777
1140,293,339,14.75,29.75,0.53746
1140,124.75,251.5,14.5,29,0.53743
1140,117.25,246.75,13.25,26.5,0.53722
1140,149,42.5,14.25,28.5,0.53651
1140,85.75,267.75,14,28,0.53643
1140,412,329,16.25,32.5,0.53634
1140,395.75,268.25,12.25,24,0.53617
1140,374,349.25,13,26,0.53594
1140,483,379.25,15.75,31.5,0.5356
1140,413.75,171.25,27,53.75,0.53548
1140,468.25,328,12.75,25.5,0.53547
1140,372,375.25,13,25.75,0.53517
1140,461,383.25,13.5,27,0.53466
1140,212,301.5,16.25,32.5,0.53465
1140,293.25,319.5,16,32.25,0.53419
1140,183.5,22.25,12.75,25.25,0.53413
1140,253.25,378.5,14.75,29.75,0.53412
1140,340.5,312.25,12.75,25.25,0.5341
1140,517.25,344.5,12,24,0.534
1140,204.25,380.25,15.5,30.75,0.53378
1140,51.75,284.75,14.5,29.25,0.53324
1140,380.75,237.5,13.75,27.75,0.53311
1140,44.25,284.75,14,28.25,0.53303
1140,99.5,110.75,17.5,35,0.53255
1140,378,328.5,20.25,40.75,0.53245
1140,338.75,20.75,14,28,0.53241
1140,540.5,224,12.25,24.5,0.53236
1140,252.75,356.5,14.5,29,0.53206
1140,47.5,23,12.5,25.5,0.53205
1140,365.25,305.25,15,29.75,0.53193
1140,309.5,8.75,12.5,25.25,0.53188
1140,161.75,266.5,19,37.75,0.53184
1140,483.75,335.5,14.75,30,0.53172
1140,326.25,277.75,13.5,27.25,0.53167
1140,205,288.25,14,28,0.53145
1140,375.75,376.5,12.25,24.75,0.53124
1140,468.25,345.25,15.75,31.75,0.53116
1140,469,384.25,13.5,26.75,0.53109
1140,571.25,141.5,13.75,27.25,0.53102
1140,407.75,306.75,13,26,0.53087
1140,473.5,149.25,19.75,39.5,0.53086
1140,556.5,215.75,12.5,25.25,0.53058
1140,364.25,57,13,26.25,0.53058
1140,123.5,245.75,14,27.5,0.53009
1140,608.75,81,11.5,23,0.53008
1140,304.5,318.75,12.75,25.5,0.53007
1170,28,395.75,13,25.75,0.57021
1170,484.25,8,12.5,24.75,0.56195
1170,18.25,187,15.25,30.75,0.55458
1170,507.25,381.75,15.75,31.5,0.55451
1170,349.75,269.25,16,32,0.54785
1170,600.5,240,12.5,25,0.54632
1170,619.5,283.75,13,26.25,0.54518
1170,52.5,24.5,12.75,25.5,0.54504
1170,371.5,7,12.75,25.25,0.54478
1170,44.25,411.5,14.25,28.5,0.54419
1170,582.25,375.75,12.75,25.5,0.54253
1170,344,29.25,13.25,26.5,0.54029
1170,52.25,401.75,12.75,25.5,0.54
1170,27.75,303.75,16.75,33.5,0.53974
1170,445,388.75,14,28.25,0.53868
1170,510.75,246.5,15.25,30,0.53816
1170,20,313.5,17.25,34.25,0.53806
1170,430.5,7,13,26,0.53715
1170,36.75,299.25,14.25,28.5,0.53673
1170,451.5,385.75,15.5,30.75,0.53673
1170,370.75,244.25,12.25,24.5,0.5364
1170,536.25,363.25,12,23.75,0.53628
1170,589.25,415.25,13,26.25,0.53578
1170,196,247.25,16,31.75,0.53556
1170,40.75,281,11.5,23,0.53534
1170,77.5,7.5,15,29.75,0.53527
1170,421.25,45,13.75,28,0.53524
1170,325.25,71.25,13.75,27.25,0.53523
1170,20.75,403.5,13.75,27.75,0.5351
1170,146.25,9.25,14,28,0.53498
1170,435.5,384.5,15,30.25,0.53482
1170,27.5,11,19,37.75,0.53471
1170,598.25,408.75,12.5,24.5,0.53471
1170,174.75,283.25,12.25,24.75,0.5341
1170,417,349.75,17,34,0.53389
1170,396.5,399,13.75,27.5,0.53383
1170,232,344,12,24.5,0.53348
1170,408.25,168.5,12,23.5,0.53311
1170,343.25,258.5,14,28.25,0.5331
1170,432,168.75,66,131.75,0.53274
1170,134.75,52.75,13,26.5,0.53263
1170,309.5,11.5,15,30.25,0.53256
1170,118.5,318.75,11.75,23.75,0.53253
1170,486.25,378,12.75,25.75,0.53237
1170,213,389,13.5,27.25,0.53225
1170,13.5,404.25,13.5,26.75,0.53224
1170,141.75,354,14.5,28.75,0.53223
1170,260.25,217,15.5,31,0.53206
1170,272.5,313.25,11.75,23.75,0.53158
1170,364,397.25,16,32,0.53156
1170,320,63.75,12.25,24.25,0.53152
1170,80.25,443.75,12.5,25,0.53124
1170,105,125.25,160.5,320.75,0.53122
1170,-6.25,118.25,50.75,101.75,0.53099
1170,165,317.75,13,26.25,0.5309
1170,116,352.75,17.25,35,0.53082
1170,339.75,50.5,18.75,37.5,0.5308
1170,436.5,2,13.25,26.25,0.53039
1200,419.75,383.5,17.25,34.25,0.58111
1200,444.5,80,26,51.75,0.57095
1200,597,427.5,13.75,27.25,0.56499
1200,51.5,307.75,16.25,32.5,0.56281
1200,188,381.75,14,28,0.56178
1200,445.75,368.25,13.25,26.5,0.5616
1200,468.5,413.5,14.5,29,0.56154
1200,295,415.5,12.75,25.5,0.55964
1200,532.25,368.5,12.25,24.25,0.55911
1200,165.25,399.5,13.75,27.5,0.55617
1200,68.25,311.75,16.5,33.25,0.55579
1200,344.25,392.25,12.25,24.75,0.55431
1200,164.5,375.5,13.5,27.25,0.55237
1200,540.25,364.25,12.5,25.25,0.55124
1200,20.75,311,14.75,29.75,0.55056
1200,120,444.75,12.25,24.5,0.54891
1200,390.5,33.25,14.75,29.5,0.54814
1200,29,323.5,14.25,28.75,0.54746
1200,396.75,410.75,29,58.25,0.54568
1200,212.5,44.5,13.75,27.75,0.54531
1200,339.75,409.5,13.5,27.25,0.54479
1200,475.75,17,15.5,31.25,0.54476
1200,404.5,305.25,14.75,29.75,0.54454
1200,357.25,408,13.75,27.5,0.54391
1200,156.5,378.5,14.75,29.5,0.54365
1200,20.25,322,15.25,31,0.54365
1200,420.25,62.5,12.75,25.75,0.54237
1200,317.5,265.75,13.5,27,0.54234
1200,103.5,28,12.5,25,0.54113
1200,236.25,256.25,14.5,29,0.54105
1200,108.75,342,13.75,27,0.541
1200,576.5,198,42.75,85.25,0.54073
1200,389,385,12,24.25,0.54063
1200,372.25,382.5,15,29.75,0.54051
1200,129.25,396.25,12,24.25,0.54027
1200,37.25,325.75,13.75,27.25,0.53999
1200,36,247.25,12.5,25,0.53946
1200,459.75,399.25,16.5,33.25,0.53929
1200,333.5,262.5,13.25,26.5,0.53921
1200,444,402,19,38.5,0.53884
1200,40,40.75,12.5,24.75,0.53796
1200,414,366.75,15.25,31,0.53789
1200,183.25,35,13.75,27.5,0.53783
1200,292.75,364.25,13.75,27.25,0.53775
1200,452.25,295.75,12.75,25.5,0.53734
1200,308.25,347.25,16.5,32.75,0.53715
1200,203.25,254,18.25,36.75,0.53715
1200,620.5,417.25,12,23.75,0.53685
1200,347,405.5,16.5,33.25,0.5368
1200,284.75,364.5,13.5,26.5,0.53661
1200,317.5,44.25,13.75,27.5,0.53645
1200,298.75,351,17.5,35,0.53573
1200,162.75,9,11.5,23,0.53556
1200,302,344.75,13.75,27.5,0.53542
1200,22.25,194.25,17.5,34.75,0.53536
1200,450.75,370.75,17.75,35.25,0.53532
1200,408.5,9.75,11.75,24,0.53514
1200,375.75,31.5,13,26,0.535
1200,196.75,379.25,15.25,30.5,0.53494
1200,156,321,15.5,30.75,0.53492
1200,205.25,381,13.75,27.75,0.53479
1200,477,28,14.25,28.5,0.53462
1200,532,333.75,12.75,25.75,0.53461
1200,60,395.5,16,31.75,0.53441
1200,404,49,12.25,24.5,0.53441
1200,277.25,366.25,14.5,28.5,0.53427
1200,244,359,13,25.75,0.53416
1200,116.5,20.25,14.5,29,0.53416
1200,485,390.75,13.25,26,0.5341
1200,317,371.25,15,30,0.53397
1200,44.25,305.75,15,30,0.53391
1200,452.25,386.75,15.75,31.5,0.5337
1200,389,19.75,16,32,0.53367
1200,89,444.75,12,24,0.53348
1200,372.75,355.5,14.25,28.25,0.53335
1200,431.75,43.25,12.5,25.25,0.53328
1200,91,2.25,15.5,31,0.53328
1200,211.75,254,16.5,32.75,0.53302
1200,508.25,55.75,13,25.75,0.533
1200,7.5,356.25,11.75,23.75,0.53293
1200,497.75,388,23.25,46.5,0.53289
1200,405.75,362,12.25,24.5,0.53277
1200,35.5,40.75,12.75,25.5,0.53275
1200,220.5,268,14.5,28.75,0.5327
1200,524,350.5,15.25,30.75,0.53223
1200,483.5,346.75,15.75,31.25,0.53182
1200,365.75,393,13.25,26,0.5317
1200,365,273,15.5,31.25,0.53149
1200,84.75,304.5,16.5,33,0.53119
1200,366,382.25,13.5,26.75,0.53082
1200,27.5,40,12.75,25.5,0.53065
1200,77,379.5,14.5,28.75,0.53042
1200,408,64.5,12.5,24.75,0.53034
1200,229,267.5,14.5,29.25,0.53024
1200,364.5,367,14.5,28.75,0.53009
1230,461.25,374.5,13.5,26.75,0.59872
1230,164.75,357.75,14.75,30,0.57623
1230,445.25,370.25,14.25,28.5,0.57124
1230,189,302,18.5,37,0.56502
1230,556.5,381.5,15,30,0.55921
1230,380.25,295,13.25,26.25,0.55725
1230,539.75,369.5,16,31.75,0.55571
1230,100.5,322.75,14.25,28.25,0.55568
1230,380.5,337.25,12,24.25,0.55483
1230,173.5,316.25,14.25,28.25,0.55427
1230,306.75,50.25,14.75,29.5,0.5539
1230,565,377.25,13.75,27.25,0.55348
1230,365.75,292.25,14.25,28.5,0.55228
1230,172.25,16.75,13,26.25,0.55168
1230,85.75,324.25,13.5,27,0.55096
1230,399,319.25,13,25.75,0.54771
1230,294.25,408.25,12.5,25.25,0.54757
1230,525,406,13.75,27.75,0.54729
1230,396.5,380.75,14,28,0.54564
1230,613,390.5,15,30.25,0.54528
1230,165,298.75,14.25,28.25,0.54497
1230,68.75,347.75,14.75,29.25,0.54458
1230,524.75,321.5,14.5,29.25,0.54457
1230,469.25,385.25,14.75,29.25,0.54444
1230,436.25,85.25,25.25,50.75,0.54376
1230,483.5,378.5,16.5,33,0.54372
1230,421.25,355,14.75,29.5,0.54363
1230,116.5,361,15.75,31.75,0.54285
1230,516,362.25,16,32.5,0.54269
1230,52.25,376.75,14.5,29,0.54245
1230,173.25,308.5,14.25,28.25,0.54241
1230,261.25,369,14.75,29.5,0.54059
1230,308.75,281.25,13.5,27,0.5405
1230,148.5,332.5,15.25,30.5,0.54047
1230,28.25,20,13,26,0.5399
1230,52.25,334.75,35.75,71.25,0.53983
1230,556.25,369.25,16,32.25,0.5389
1230,86.25,288,12.5,25.25,0.5389
1230,61,324.25,14,28.25,0.53857
1230,191,318.75,13,25.75,0.5382
1230,236.25,380.5,14,28,0.53812
1230,68.25,361.25,15.75,31.75,0.53809
1230,348.5,357.5,13.75,27.5,0.53777
1230,350.75,374,13.5,27,0.53774
1230,493.5,428.75,14.25,28.5,0.53763
1230,251.75,383,16.75,33.25,0.53738
1230,507,386.25,15.25,30.5,0.53685
1230,429.5,329.25,14,28,0.53682
1230,340.5,368.5,16.25,32.75,0.53606
1230,43.5,352.75,16,32.5,0.53594
1230,546.75,49.75,12,23.75,0.53549
1230,493.75,316.75,14.5,28.75,0.53539
1230,107.75,282.5,12.75,25.5,0.53531
1230,211.75,284.25,16.25,32.75,0.53516
1230,104,385.75,46.25,92.5,0.5351
1230,324.5,292.25,16.5,33,0.53507
1230,230.75,314.5,16.5,33.25,0.53497
1230,99.5,390.25,16.75,33.75,0.53493
1230,428.75,9.75,11.5,23.25,0.53452
1230,277,408.5,15.25,30.5,0.53446
1230,244.25,365.75,15,30.5,0.53445
1230,364,380.75,16.25,32.75,0.53442
1230,293.75,288,15,29.75,0.53413
1230,139.25,310.75,17.5,35,0.53413
1230,220.25,331.75,17.25,34.75,0.53388
1230,406,318.5,13,26,0.5338
1230,342.25,42,12.5,24.75,0.53371
1230,316.25,338.5,12,24,0.53358
1230,331.5,367,14.5,29.5,0.53317
1230,269,381.5,13.75,27.75,0.5331
1230,28.25,332.25,17.75,35.5,0.53288
1230,456.5,320,12.5,24.75,0.53288
1230,162.25,199.5,108.5,217.5,0.53222
1230,485.75,59.75,14.25,28.75,0.53216
1230,468.25,373.75,13.75,27,0.53206
1230,412.25,308.5,14,28.25,0.53192
1230,180.5,19.75,12.5,24.75,0.53167
1230,348.5,348.25,15.25,30.5,0.53133
1230,548.5,422.5,15.25,30.5,0.53115
1230,485,400,12.75,25.25,0.53081
1230,525,386.25,13.75,27.5,0.53056
1230,443.75,426.75,16.25,32.25,0.53033
1230,307.5,358,17.75,35.25,0.53015
1230,188,307.25,13.25,26.5,0.53006
1260,19.75,387.5,15,30,0.56697
1260,93,347.5,13.5,26.75,0.56686
1260,437.5,82.75,24.75,49.5,0.55898
1260,260.25,314.25,14.5,29,0.55492
1260,581,445.25,14.5,29,0.55442
1260,515.75,377.75,15.5,30.75,0.55383
1260,404.5,364.75,15.25,30.25,0.55325
1260,373,431.5,12.75,25.5,0.55155
1260,93,322.75,14.75,29.75,0.55083
1260,604.5,414,13.75,27.5,0.55024
1260,535.5,169.75,13.5,27,0.54902
1260,77,387.25,14,28.5,0.54867
1260,404.25,391.75,15,30,0.54831
1260,33.75,362.5,20.25,40.5,0.54638
1260,276.25,312.5,15.5,31,0.54626
1260,92.25,385.75,12.75,25.5,0.54392
1260,412.5,423,13.75,27.75,0.54358
1260,525.25,390.5,13.25,26.75,0.5432
1260,549.25,41,14,28,0.54155
1260,343.25,290.25,13.75,27.75,0.54151
1260,453,397.25,14.25,28.25,0.5409
1260,571.5,392.75,17,33.5,0.54078
1260,450.5,364,18,36,0.5407
1260,83.75,388.25,14.25,28.5,0.54041
1260,269,325.75,13.25,26.25,0.54035
1260,146.75,279,12.5,25,0.54004
1260,365,383.75,15.5,31.25,0.53987
1260,396.5,365,14.25,29,0.53925
1260,357.5,396.75,14.5,29.25,0.5391
1260,539.75,398.25,14.25,28.25,0.53869
1260,513.5,349.5,16.75,33.25,0.5384
1260,596.5,272,12.25,24.5,0.53799
1260,27.5,401,16.5,33,0.53701
1260,482.75,382,17,33.5,0.53684
1260,438.25,423,13.5,27.25,0.53673
1260,397,428.25,14.25,28.75,0.53639
1260,355.25,303,17,34,0.53621
1260,252.5,352.75,16,31.75,0.53606
1260,452,411.75,14.5,29.25,0.53586
1260,37.5,308,14.5,28.75,0.53577
1260,374,267.25,13.5,26.75,0.53575
1260,70.25,319,14.25,28.5,0.53575
1260,459.75,353.25,15.5,30.5,0.53479
1260,448,249.5,13,25.75,0.53475
1260,354.75,285.5,17.75,35.5,0.53472
1260,580,412.75,12.75,25.5,0.53452
1260,531,402,17.5,35,0.53401
1260,84,398.5,17,34,0.53386
1260,445.25,291.5,14.75,29.25,0.53365
1260,60.75,391.75,13.75,27,0.53362
1260,208.25,450.75,12,23.75,0.53351
1260,284.5,418,16,31.75,0.53351
1260,357.25,238,14.5,29,0.53341
1260,117,363,14,28,0.53292
1260,305.25,1,12,23.5,0.5326
1260,29.75,416.75,12.75,25.75,0.5324
1260,148.75,406.25,26.75,53.25,0.53234
1260,493.25,386.5,15.25,30.5,0.53226
1260,470.25,386,14.25,28.75,0.53207
1260,475.25,60,12.25,24.75,0.53184
1260,166.25,265.75,12.25,24.75,0.53163
1260,61.75,432.25,11.75,23.5,0.53117
1260,501.5,390.75,13,25.75,0.53111
1260,396.75,279.5,13,26,0.53041
1290,116.75,422.75,13,25.75,0.55849
1290,293.5,395,13.25,26.25,0.55317
1290,85.25,310.25,14.25,28.75,0.54849
1290,59.5,22,13,26,0.54847
1290,30.25,366.75,12,23.5,0.54752
1290,196.25,416.75,12.25,24.5,0.54748
1290,268.75,372.75,14.25,28.5,0.54709
1290,581.25,403.75,14,28.25,0.54563
1290,604.75,411.75,13.25,26.75,0.54491
1290,245.75,358.5,13,25.75,0.54341
1290,44.25,378.5,14.75,29.5,0.54274
1290,144.5,255.5,12.5,25.25,0.54268
1290,84.75,397,15.25,30.5,0.54202
1290,588.5,402,14,27.75,0.54118
1290,28,353.5,15.5,30.75,0.54096
1290,148,393.25,12.5,24.75,0.54089
1290,124.5,339.5,14.25,28.5,0.54072
1290,293.75,321.75,13.75,27.75,0.54059
1290,76.25,44,12.25,25,0.54058
1290,53.75,337.75,15.25,30.75,0.54023
1290,132.25,363.25,14.5,28.75,0.5402
1290,84.75,392.25,15.25,30.5,0.53988
1290,348.25,359.25,13,25.75,0.53949
1290,92.25,393.75,14.75,29.5,0.53907
1290,572.5,411.5,15,29.75,0.53893
1290,448.5,152.75,42.25,84.5,0.53872
1290,591.25,17,13.25,26.5,0.53847
1290,53.25,416.25,13,26,0.53827
1290,373.75,382.75,13.25,26.25,0.53795
1290,389.5,426.5,14.25,28,0.53791
1290,356.5,379.25,15,29.75,0.53779
1290,225,415.75,12.75,25.5,0.53754
1290,373.25,351.25,13.5,26.75,0.5375
1290,373.5,254.75,14,28.5,0.53734
1290,564.5,389,14.75,29.5,0.53731
1290,504,1.5,12.25,24.25,0.53715
1290,75.25,32,14.25,28.25,0.53684
1290,124,337.75,13.5,27.25,0.53673
1290,548.5,426.75,14.5,28.75,0.53647
1290,435.25,381.25,17.5,34.75,0.53617
1290,163.5,274.25,16.75,33.25,0.53612
1290,380.25,343.5,12.25,24.75,0.53589
1290,355.25,347,17.25,34.75,0.53582
1290,532,380,15.25,30.75,0.53562
1290,413,378.75,13.75,27.25,0.5355
1290,40.25,321,12.5,24.75,0.53543
1290,59.25,336.25,13.5,27,0.53542
1290,565.25,415.75,12.5,25.25,0.53517
1290,254.25,311.25,12.5,25.25,0.53504
1290,300.75,31.75,13.5,27.25,0.53482
1290,307.25,36.5,15.25,30.5,0.53402
1290,338.25,247.5,14.25,28.75,0.53399
1290,93.25,292,15.5,30.75,0.53366
1290,436,320.5,12.25,24.75,0.53359
1290,181.25,397.5,13.25,26.25,0.5334
1290,456.25,416.75,12,23.75,0.53339
1290,301,323.75,14.75,29.75,0.53337
1290,21.25,306,13.25,26.5,0.53329
1290,516.25,20.5,13.25,26.25,0.53327
1290,425.75,62.25,32.5,65,0.53314
1290,221.75,367.5,12.75,25.75,0.53307
1290,194,181,15.5,31,0.53278
1290,390.25,368,13.25,26.75,0.53274
1290,68.5,322.5,15.5,30.75,0.53266
1290,100.5,417,14.75,29.25,0.53183
1290,572.25,12.25,13,25.75,0.53174
1290,339.5,47.25,16.75,33.75,0.53111
1290,108.25,417.25,15.5,31,0.53109
1290,152.5,72.5,12,24,0.53105
1290,28.5,395,15.25,30.25,0.53087
1290,620.5,437.25,11.75,23.5,0.5308
1290,454,398.5,13.25,26.75,0.53079
1290,187.5,367.25,16,32.25,0.53075
1290,373,437,14.75,29.5,0.53068
1290,196,362.75,13.75,27.5,0.53063
1290,526.5,268.25,12,24,0.53032
1320,308.5,338,15.75,31.75,0.55454
1320,324.75,338.75,15.25,30.75,0.54881
1320,334,304.25,13.25,27,0.54875
1320,300.5,289,12.75,25.5,0.54781
1320,141.25,281,14.75,29.75,0.54637
1320,347.75,352.5,15.75,31.5,0.54532
1320,309,353,14.25,28.5,0.5453
1320,245.75,277.75,13.75,27.5,0.54319
1320,377.75,398.75,25.5,51,0.5429
1320,279.5,243.75,12.75,25.5,0.54226
1320,434.25,326.5,13.25,26.5,0.54177
1320,216.25,365,12,23.75,0.54136
1320,292,401,15,30,0.5407
1320,252,337,12.75,25.75,0.54067
1320,103.5,279.75,12.5,25,0.54063
1320,520.25,416.5,13,26,0.54
1320,373.5,395.5,13.5,27,0.53963
1320,267.5,125.5,12.5,24.5,0.53938
1320,372.75,378.75,15,30.25,0.53833
1320,145.5,80.75,12,24,0.53731
1320,420.75,424.75,15,30,0.53701
1320,148.75,397.25,14.5,29,0.537
1320,139.75,261.25,13.5,27,0.53571
1320,276.75,303.5,15.75,31,0.53557
1320,287.75,71.5,12.75,25.5,0.53503
1320,147.25,377.25,17.5,35,0.53503
1320,437.25,428.25,14,28.25,0.53494
1320,339,400.5,20.25,40.5,0.53476
1320,399.25,367.75,13.25,26.5,0.53441
1320,434.5,365.75,17.25,34.5,0.53402
1320,36.75,393,11.5,23,0.53391
1320,580.25,424,13.75,27.25,0.53389
1320,551.25,235.25,15,30,0.53386
1320,397.75,352.25,14.5,29.25,0.53373
1320,381.5,400,14,28.25,0.53368
1320,516.25,392.5,14.75,29.5,0.53343
1320,172.75,281.25,12.5,25.25,0.53326
1320,155.75,386.25,16.75,33.5,0.53324
1320,399.5,128.75,14,28.5,0.53292
1320,598.5,335.75,13.25,26.75,0.53285
1320,76.5,290.25,15.5,30.75,0.53267
1320,282.75,253.75,14.25,28.5,0.53258
1320,28.5,262,12.25,24.5,0.53235
1320,435,55,33.25,66.75,0.53199
1320,70,295.25,13,25.75,0.5317
1320,355.5,347,16.25,32.5,0.5314
1320,539,400,16,32,0.53135
1320,404.5,236,14,28,0.53125
1320,-15.5,109.25,175.25,350.25,0.53113
1320,308.5,402.25,14.75,29.5,0.53094
1320,496.5,8.75,11.75,23.5,0.53092
1320,245.75,43,14.5,29,0.5308
1320,340.25,350.5,14.5,28.75,0.53073
1320,253.75,367.25,13.5,26.75,0.53065
1320,52.5,263.75,12.5,25,0.53064
1320,364.5,397.25,13.75,27.25,0.5305
1320,547.5,214.75,22.5,45,0.53045
1320,264.5,232,12,24.25,0.53043
1320,52.5,283.25,14,28.25,0.53029
1320,20.5,381.5,13.75,27.5,0.53024
1320,172.5,361.5,12.5,25,0.53016
