30,367.5,143.25,42.25,84.25,0.57806
30,404.5,332.25,14.75,29.5,0.55808
30,273,168.75,13.75,27.25,0.55559
30,163.75,341.75,13,25.75,0.55486
30,214.5,327.5,12.25,24.75,0.55322
30,435.25,283.5,15,30.25,0.55293
30,56.25,304.25,12.5,25,0.54917
30,396.5,331.75,15,29.75,0.5483
30,350,297,12,23.5,0.5442
30,588.75,54.5,13.5,27.25,0.54321
30,373.75,413.25,15,30.25,0.54143
30,387.75,351.5,13.25,26.5,0.54049
30,518.75,435.75,14.5,29,0.54047
30,437,324.25,13,26.25,0.53987
30,162.25,134.5,25.75,51.5,0.53919
30,198,142.25,28.5,57,0.53844
30,272,148.5,23.25,46.75,0.53683
30,519.5,284.25,12,24.25,0.53617
30,472.75,417,11.5,23,0.53609
30,428.25,341.5,12.75,25.5,0.5359
30,613.25,308.75,14.25,28.25,0.53579
30,567.5,356,13,26,0.53541
30,531.25,321,18.25,36.25,0.53453
30,303.5,341.5,15,30.25,0.53421
30,412.25,331.75,14.75,29,0.53256
30,199.25,52.5,14.5,29,0.53256
30,388,198,31.75,63.75,0.53217
30,325.5,167,15.25,30.75,0.532
30,36.25,420,15.25,30.5,0.53196
30,331.25,183.25,14.25,28.5,0.53182
30,132.5,382,12.25,24.75,0.5318
30,227.75,390.75,13,26,0.53169
30,516.5,382.5,12.5,25,0.53117
30,366.5,334.25,17.25,34.5,0.53112
30,151.25,268.5,14,28,0.53104
30,204.75,385,11.5,23,0.53102
30,502.5,433,12.75,25.25,0.53099
30,461,354.75,17,34,0.53084
30,439.5,420.5,12.25,24.25,0.53081
30,512.5,421.25,12.25,24.75,0.53077
30,311.75,393,12.25,24.75,0.53043
30,331.75,88.5,38,76,0.53031
60,315.25,325.75,13.75,27.25,0.55499
60,86.75,275.75,12.25,24.5,0.54935
60,67.75,340,14.25,28.75,0.54817
60,236.5,172.75,13.25,26.5,0.54707
60,70.75,303.75,12.75,25.5,0.5442
60,77.75,159,13.25,26.5,0.54293
60,614,192.5,11.75,23.75,0.54263
60,557.5,130.25,12,24,0.54045
60,575.5,26.75,13,25.75,0.54017
60,196.5,319.5,12,24.25,0.53996
60,278.5,349.5,12,24.25,0.53872
60,283.25,139,54.75,109.5,0.53834
60,72.75,47.25,13,26.5,0.53834
60,144.25,240,12.5,25,0.53795
60,68.75,348.75,14.75,29.25,0.5373
60,370.75,398.75,13.75,27.25,0.53719
60,612,340.5,14.25,28.5,0.53562
60,38.25,268.25,12.25,24.5,0.53547
60,300.25,405,16.5,33,0.53487
60,168.5,345.25,11.75,23.5,0.53464
60,152,296.5,12.25,24.25,0.53461
60,532.5,352.5,17.25,34.25,0.53414
60,76.25,305.5,12,24,0.53395
60,151.25,388.5,14,28,0.53368
60,448.25,328,12.25,24.5,0.53362
60,261.5,333.25,13.75,27.75,0.53347
60,181.5,319.5,16.25,32.5,0.53342
60,93,361.5,14,28,0.53288
60,389,412.75,13.5,27.25,0.53211
60,252.75,407.5,15.25,30.75,0.53205
60,534.75,285,11.5,23,0.53204
60,36.25,288.5,12.25,24.5,0.53195
60,107.75,137.25,31.5,63.5,0.53164
60,22,314.75,13.25,26.75,0.53147
60,162.5,142.25,21.5,43,0.53139
60,500.75,45.75,14,28.25,0.53131
60,392.5,121,58.75,117.5,0.53106
60,143.75,232.75,13,26,0.53094
60,201.25,288.25,14.5,28.75,0.53085
60,520.25,352,12.75,25.25,0.5302
60,216,157.5,20.75,41.5,0.53014
90,61,285.75,14.25,28.25,0.56866
90,44.5,284,14,27.5,0.55727
90,607.25,368.25,12.25,24.75,0.55503
90,52.75,284.5,14.25,29,0.5511
90,90,109,44.75,89.75,0.54248
90,550.75,308.5,11.75,23.5,0.54147
90,217.25,127.25,60.75,121.5,0.53877
90,75.5,288.5,12.75,25,0.53811
90,373.5,198.5,21,42,0.53731
90,384.25,101.75,19.5,39,0.5366
90,200,10.75,119.25,238.5,0.53641
90,86.5,148,20.5,41,0.53538
90,71,324,14,28.25,0.53438
90,572.25,121.5,14.5,28.75,0.53423
90,355.5,211,46.5,93.25,0.53395
90,158.25,260.25,12.5,25,0.53287
90,348.5,296,13.25,26.5,0.53246
90,483.5,119,15,30.25,0.53205
90,574.75,142.5,13.5,26.75,0.53152
90,603,368.5,12,23.75,0.53125
90,119,402.75,13.5,26.75,0.53111
90,619.5,187.5,20.75,41.5,0.53098
90,476,202.75,21.5,43.25,0.53095
90,377.75,100.5,13,25.75,0.53081
90,29.5,384.75,12.25,24.25,0.53046
120,146,371.75,14,28.25,0.57011
120,253.25,317.5,14.5,28.75,0.54932
120,346.5,95.75,24.25,48.5,0.5478
120,624.5,193.5,16.5,33,0.5475
120,612,149,31,61.75,0.54627
120,242.5,313.25,12.25,24.75,0.54588
120,189.5,140,57.75,115.5,0.54363
120,247,310,13,26,0.54314
120,100.25,154,21.5,42.75,0.543
120,40.25,240.5,12.5,25,0.54141
120,86.25,153.75,22,44,0.54008
120,114.25,296.25,12.25,24.5,0.53726
120,292,309,14,28.25,0.53672
120,321.25,222.75,48,95.75,0.53474
120,375.75,374.75,12.5,25.25,0.53393
120,234.25,220.75,15.75,31.25,0.53359
120,125.5,447.75,13.25,26.5,0.53283
120,263.25,129.5,12.5,24.75,0.53272
120,520,336.5,13.25,26.5,0.53245
120,49,223.5,12.25,24.5,0.53202
120,612.25,441.5,15.5,30.75,0.53195
120,34.5,248.5,11.75,24,0.5318
120,133.25,449,11.5,23,0.53162
120,61,289.5,13,26.25,0.5307
150,572,107,15.75,31.25,0.57383
150,195.75,407.5,12.75,25.5,0.56559
150,229.5,347,13.5,27,0.54931
150,274.25,181.25,19.75,39.75,0.54609
150,253.75,271,13.5,26.5,0.54579
150,77.5,354.5,13.5,27,0.54183
150,20.25,350.75,16,31.75,0.53967
150,625.25,81.75,15,30.25,0.53966
150,595,421.25,17,34.25,0.53833
150,604.25,422.75,14.5,29,0.53353
150,626.5,200.5,14.25,28.75,0.53298
150,364,14.5,12.5,25,0.53241
150,120.5,364.5,11.75,23.75,0.53219
150,65,272.5,12.25,24.75,0.53188
150,602.5,422.25,27.5,54.75,0.53184
150,62.25,407.5,12.5,25.25,0.53158
150,492.5,218.25,12.75,25.5,0.53157
150,-5.75,108,45.5,90.75,0.53107
150,60.25,387.25,11.75,23.5,0.53083
150,527,417,28.5,56.75,0.53043
150,76.25,400.5,12,24,0.53031
150,264.75,411,11.5,23,0.53028
150,524.25,350.5,16.5,33,0.53022
180,37.25,282.75,13.75,27.5,0.55509
180,580,114,16.25,32.25,0.5493
180,430,128,12.5,25.25,0.54394
180,227.5,392.75,14,27.75,0.54067
180,286.5,233.75,56.25,112.5,0.54014
180,625.5,201.25,15.5,31.25,0.53965
180,71.75,175.25,19.75,39.25,0.53865
180,625.75,126,14.75,29.75,0.5367
180,-5.75,111.75,46.5,92.75,0.53599
180,12.75,277,15,30,0.5358
180,20.75,333,11.5,23,0.53539
180,314.5,101.75,18.5,37,0.53436
180,68.5,326.75,14,28,0.53392
180,71.25,360.25,25,50.25,0.53309
180,580,435.75,17.25,35,0.53285
180,102.75,323.75,14.25,28.5,0.53261
180,61.5,364,12.25,24.25,0.53201
180,42,168.25,13.5,27.5,0.531
180,196,266,32.5,65,0.53069
210,66.25,242.75,44.5,88.75,0.573
210,204.5,184.5,12.5,24.75,0.55765
210,19.75,289.75,16.25,32.5,0.55033
210,625.5,204.5,15,30,0.54926
210,261.25,359.25,13,26,0.54763
210,45.5,129.75,17.25,34.25,0.54406
210,198,453.25,12.5,24.75,0.54296
210,37,323.75,14.25,28.5,0.54168
210,440.5,98,11.75,23.25,0.53918
210,209,355.75,38.75,77.5,0.53845
210,288.5,241.5,50.75,101.25,0.53816
210,445.75,368.25,13,26,0.53759
210,51.75,293.5,15.25,30.5,0.53712
210,558.75,110,12,24.25,0.53708
210,581.75,115.5,13.75,28,0.5355
210,269,350,13.25,26.5,0.53462
210,197.5,175.75,15.25,30.5,0.53458
210,60,397.75,14.5,29,0.53305
210,446.25,106.25,14.75,29.75,0.53215
210,313,202,13.25,26,0.53042
210,226.75,200,19.75,40,0.53004
240,-16,119,133,265.75,0.5576
240,100.25,420.75,14.5,29,0.55678
240,625.5,208,15,30,0.54772
240,502,429.75,12.75,25.75,0.54727
240,612.25,363.5,15.5,30.75,0.54673
240,590.5,131.75,14.25,29,0.54329
240,185.5,387.75,13.75,27,0.54248
240,468.25,359.5,16.5,32.75,0.54063
240,568,402.25,12.25,24.75,0.5406
240,6,288.5,18.5,36.75,0.54028
240,55.25,35,12.5,25,0.53974
240,281.25,297,16,31.75,0.53858
240,32,179.75,14.5,28.75,0.53851
240,210.25,257.75,95.5,190.75,0.53847
240,588.75,420.75,11.75,23.75,0.5349
240,397.75,352.5,15,29.5,0.53471
240,501.75,140.25,14.25,28.75,0.53324
240,262.5,333.75,13,26,0.53322
240,241.25,104.5,160.75,321,0.53289
240,389,27.75,15.75,31.25,0.5324
240,-8.75,177.25,69.5,139.25,0.53237
240,33.5,275,42.25,84.25,0.53205
240,219,381.25,12,24.25,0.53071
240,140,212.25,12.25,24.25,0.53005
270,153,133.25,90.25,180.5,0.55775
270,149.5,61.75,16.5,33,0.54563
270,309.5,257.75,106,212,0.53979
270,43.75,272.5,57.25,114.75,0.53895
270,231.75,219.5,21.5,43.25,0.53809
270,-13.5,171.75,107.5,215.25,0.53794
270,523.75,330.5,12.25,24.25,0.53673
270,95,82,36.25,72.25,0.53562
270,508.75,94.25,12.75,25.75,0.53553
270,597.25,172.25,14,28,0.53494
270,253.75,73.75,13.5,27,0.53479
270,252,179,12.75,25.75,0.53472
270,46.25,181.5,15,30,0.53443
270,484,404.75,14.25,28.5,0.53377
270,525,393,13.75,27.75,0.53359
270,363.5,190,14.5,29,0.53278
270,47,423.75,13,26,0.53254
270,502.75,95.25,12.75,25.75,0.53226
270,-2,334.25,17,34,0.53183
270,157.75,60,16.75,33.25,0.53113
270,222.5,390.5,14,28,0.53107
270,525.5,95.75,12.25,24.25,0.53097
270,90,290,58.75,117,0.53086
300,564.5,417.5,15,30,0.57475
300,132.75,65.75,14.5,29,0.55095
300,589,414.5,13.25,26.5,0.5504
300,78.25,163.5,142.25,284.5,0.55
300,609.5,400.5,11.75,23.5,0.54519
300,625,206.75,16.25,32.75,0.54369
300,289.75,286.75,27.25,54.5,0.54195
300,43.25,170.25,130.25,260,0.54064
300,603.5,401.75,15.75,31.5,0.53967
300,216.5,196.5,20.75,41.75,0.53931
300,378,185,23.5,46.75,0.53865
300,237,161,12.75,25.75,0.53769
300,88.75,413,25.25,50.5,0.53711
300,274.25,181.5,12.25,24.75,0.53703
300,138.25,54.75,34.5,68.75,0.53561
300,39.5,278.75,14,28,0.53543
300,432,244.5,14.25,28.5,0.5352
300,277.75,333.25,12,24.25,0.53518
300,437,4.25,25.75,51.75,0.5333
300,68,401,12.25,24.25,0.5331
300,353,360.5,19.5,39.25,0.53208
300,509.75,211.75,13,25.75,0.53171
300,340.25,122.75,17.75,35.5,0.53152
300,327.75,138.5,12.75,25.25,0.53131
300,434.75,239.25,13.5,27.25,0.53083
300,86.5,415.25,12.75,25.5,0.53034
330,211.75,251.75,34.75,70,0.54238
330,626,241.75,14,28.25,0.54197
330,147.5,418,16,32.5,0.54119
330,156,81.75,15,29.5,0.5389
330,47.75,169.5,20.5,41.25,0.53744
330,626.5,213.75,12.75,25.5,0.53708
330,339.5,124.5,18.5,36.75,0.53661
330,173.5,119.75,28,55.5,0.53525
330,437,395,40,80,0.533
330,573.75,28.5,12.5,25,0.53261
330,337,128.75,19,37.75,0.53233
330,391.5,404.75,36.25,72.5,0.53229
330,347.5,109.75,16.5,33,0.53115
330,589,255,16.75,33.25,0.53104
330,499.75,441.25,15.5,31.25,0.53092
360,82.75,138.5,137,274.5,0.55129
360,156,12.75,12.25,24.5,0.55097
360,194.75,171.25,83.25,166.75,0.54595
360,340,119.75,18.25,36.25,0.54113
360,88.25,259.75,15.5,31.25,0.53804
360,193.5,290.25,29,58.25,0.5379
360,619.5,179.5,21.75,43.25,0.53777
360,203.5,262.25,59.75,119.5,0.53767
360,236,108.75,15.5,31.5,0.53623
360,614.5,452.25,11.75,23.25,0.53456
360,287.75,320.25,77.25,154.5,0.53325
360,46.75,164.75,21.25,42.5,0.53287
360,314.25,239.25,12.25,24.75,0.53131
390,151,101.75,13.75,27.5,0.5651
390,141.5,109.25,13.25,27,0.54712
390,232.25,160,96.5,192.75,0.5448
390,340,125,17.75,35.5,0.54363
390,87.5,180.75,16,32.25,0.5435
390,435.25,189.25,20.5,40.75,0.5431
390,625.25,208,15.75,31.75,0.54093
390,293.75,241.75,12.75,25.75,0.53953
390,58.5,176.25,14,28,0.53943
390,318.25,162.25,12.25,24.5,0.53925
390,625.5,240.75,15,29.75,0.53846
390,140,94.75,18.75,37.25,0.53639
390,137,119.25,150.25,300.25,0.53364
390,376.75,90.25,128,256,0.53341
390,194,239.25,12.75,25.5,0.5322
390,620.5,184.5,20.25,40.5,0.53011
420,151.25,101,13.25,26.5,0.56166
420,139.25,155.75,19,38,0.55132
420,137.5,158.5,25.75,51.75,0.55029
420,44.5,291.25,12.75,25.5,0.5427
420,128.5,381,12.5,24.5,0.538
420,156,97.75,15.5,31.25,0.53792
420,495,395.5,13.25,26.25,0.53782
420,444.5,24.25,12,24,0.53571
420,508,415.75,13,26,0.53494
420,601,88.5,12,24,0.5345
420,139,101.5,14.5,28.75,0.53344
420,247.5,131.5,153.75,307.5,0.5323
420,147.25,412.5,12.75,25,0.53164
450,151.5,101.25,13.25,26.25,0.58759
450,625.75,211.25,15.25,30.25,0.56559
450,139.25,155.75,19,38,0.55132
450,91.5,162.25,16.25,32.5,0.54626
450,136.25,78.75,24.5,49,0.54321
450,339.75,127.25,18.25,36.75,0.54139
450,626,245.25,13.75,27.5,0.53972
450,137,156.75,25.5,51,0.53751
450,327,143,13.25,26.5,0.53601
450,446,24.25,12,24,0.53437
450,319,391,19.5,39.25,0.53325
450,264.25,170.75,19.5,39,0.53309
450,315,244.75,12.5,25,0.53301
450,620,187.25,20.75,41.5,0.53149
450,421.5,20,13.5,27,0.53112
450,148,120.75,20.25,40.5,0.53081
450,42.75,293,11.75,23.5,0.53056
450,182.75,355,11.5,23,0.53014
480,151.25,100,14.25,28,0.55391
480,139.25,155.75,19,38,0.55132
480,626,245.25,13.75,27.5,0.55118
480,138.75,96,17.25,34.75,0.54499
480,625.5,210.5,15.25,30.75,0.54448
480,340.25,125,17.75,35.75,0.54356
480,151.5,112.25,14.5,28.75,0.54109
480,343,386.5,14.5,29,0.53952
480,524.75,141,11.5,23,0.53829
480,335,135.5,19.5,39.5,0.53739
480,137,156.75,25.5,51,0.53547
480,170.25,123.25,15.75,31.5,0.53487
480,322.75,271,13.75,28,0.53468
480,157.75,190.25,14.25,28.5,0.53465
480,151,78.5,12.5,24.75,0.53422
480,599,144,15.25,30.75,0.53401
480,90.5,158,17.5,34.75,0.53225
480,157,68,13,26,0.53131
480,532.5,204.75,11.75,23.75,0.53062
480,281.25,245.25,56.5,113,0.53029
510,625.5,210,15.5,30.75,0.56259
510,151.5,99.75,13.5,27.25,0.56032
510,139.5,92.5,17.25,34.5,0.55291
510,136.75,157.5,26.25,52.25,0.5502
510,548.5,385,14.25,29,0.54693
510,41.5,171.75,16.25,32.5,0.54665
510,572.75,395.75,14,28.25,0.54292
510,6.5,166,18,36,0.54116
510,156,191.25,15.5,31.25,0.54103
510,151.75,112.75,13,26.25,0.54012
510,625.5,241,15.25,30.25,0.54011
510,20.75,289,14.5,28.5,0.53966
510,34,174.25,12.25,24.5,0.53936
510,14.5,219,12.5,24.75,0.53912
510,54.5,15.5,13.5,26.75,0.53738
510,628,234.25,12.75,25.5,0.53662
510,99.75,343,12.5,25.5,0.53547
510,532.75,211.25,14.25,28.25,0.53504
510,510.25,229.5,16,31.75,0.53417
510,155.25,305.25,12.75,25.25,0.53411
510,139.5,155,21.25,42.25,0.53342
510,336.25,131.75,19.75,39,0.5318
510,91.25,159.75,16.25,32.5,0.53116
510,404,351.25,14.25,28.25,0.53066
510,26.25,306.25,19.25,38.25,0.53051
510,620.75,397,11.5,23,0.53009
540,278.25,239,70.25,140.5,0.56946
540,156,190.25,15.75,31.5,0.54556
540,21.5,280.5,14.5,28.75,0.54465
540,151.5,112.5,13.5,26.75,0.54158
540,190.75,156.5,144.5,289,0.5398
540,140.5,93.75,17.75,35.5,0.53878
540,318.25,159.75,12.25,24.25,0.53809
540,357.75,280.75,36.75,74,0.53756
540,320,134.25,12.25,24.75,0.53722
540,42,171.5,14.5,29,0.53664
540,151.25,100.25,13.25,26.5,0.53567
540,34.5,171.5,11.75,24,0.53555
540,89.25,156,17.75,35,0.53544
540,535.25,342,42.5,85,0.53498
540,156.25,18.75,12.25,24.5,0.53249
540,420.75,19,12.5,24.75,0.53182
540,577.5,395,17.25,34.5,0.53159
540,252,342.75,25.25,50,0.53048
570,596,417.25,15,30,0.55958
570,156.25,51.25,12.5,25.25,0.55826
570,626,213.75,14.75,29.25,0.55214
570,552,388,12.5,24.75,0.5501
570,596.25,400.5,13,26.25,0.54909
570,233.5,424.5,17.5,34.75,0.54468
570,620.25,189,20,40.25,0.54396
570,299,359.5,13.25,26.5,0.54318
570,322.25,431.5,22.75,45.5,0.54269
570,315.5,358.25,13.25,26.5,0.54268
570,306.25,329.75,26.25,52.75,0.54126
570,136.5,158,26.5,53.5,0.54106
570,620.25,399.5,12.25,24.5,0.53924
570,140.25,93.25,17.75,35.25,0.53878
570,331.75,210,69.75,139.75,0.53864
570,151.5,112,13.75,27.75,0.53846
570,556.75,184,11.5,23.25,0.53812
570,347.5,289.25,32.25,64.5,0.53613
570,491,230.25,16.75,33.25,0.53546
570,533.5,369,12.75,25.5,0.53506
570,187.5,321.25,71.75,143.5,0.53484
570,331.25,335.5,16,32.25,0.53399
570,279.25,316.5,12.25,24.5,0.53339
570,19.5,283,13.75,27.75,0.53279
570,313,278.25,13.5,27,0.53269
570,227.25,422.5,19.5,39,0.53246
570,381,326.25,13.5,27.25,0.53151
570,483.25,208.5,16.5,33,0.53069
570,582,443,12.5,25.25,0.53058
570,437.5,2.25,25.25,50,0.53056
570,478,141.25,15.25,30,0.53012
600,625.25,242,15.75,31.5,0.56052
600,40.75,230,117.25,234.75,0.55675
600,620,188,21,41.75,0.54462
600,104.25,378.25,40,80.25,0.54055
600,156.5,18.5,11.75,23.5,0.53688
600,41.5,171.75,16.25,32.5,0.53652
600,625,211.75,16.25,32.75,0.53617
600,335,137,19.25,38.25,0.53516
600,340,126.25,18,36,0.53515
600,547.5,162,15.5,31,0.53339
600,493.5,170,19,37.5,0.53178
600,236.75,342.75,13,25.75,0.53147
600,326.75,143.75,13,26,0.53129
600,19.25,276,25.75,51.25,0.53023
630,620.25,188,20.5,41.25,0.55825
630,625.5,212,15.5,31,0.55424
630,52.25,261,14,28,0.55302
630,414,136.25,12.75,25.5,0.54321
630,613.5,444.5,14.25,28.75,0.54308
630,25,313,45,90,0.54183
630,480,182.25,13.5,26.75,0.5393
630,425,248.75,19.75,39.5,0.53839
630,58,331,23,46,0.53776
630,188.25,392.75,12.25,24.5,0.53727
630,336,135.25,19.5,39.25,0.53633
630,471.75,181.5,13.25,26.5,0.5359
630,625.75,244.75,14.25,28.75,0.53551
630,141.25,187.25,13.25,26.75,0.53481
630,534.5,92.25,28.5,57,0.53444
630,524.5,173,15,29.75,0.53416
630,159.25,119.25,12.75,25.5,0.5339
630,488.25,164.25,12,24,0.53317
630,340.75,127,17.25,34.5,0.53295
630,-0.25,266.5,14,28,0.5319
660,625.75,213.75,15,30,0.56522
660,308,269.75,13,25.75,0.55537
660,256.75,187.5,12,24,0.55481
660,540.75,377,11.5,23,0.55144
660,141.25,187.75,13.5,27,0.54996
660,-3.25,155.25,27.25,54.5,0.53947
660,5,188,85.25,170.5,0.53894
660,227,110.25,152.25,304.75,0.53631
660,373.25,214.75,15.75,31.25,0.53493
660,203.5,233.75,47.5,94.75,0.53417
660,278.5,425.5,11.75,23.75,0.53359
660,312.5,104.25,26.75,53.25,0.53252
660,155.5,76,16.75,33.25,0.53239
660,567.5,124.5,13.25,26.5,0.53232
660,29,297.25,32.5,65,0.53205
660,488,118.75,12,23.75,0.53198
660,471,108.25,12.25,24.75,0.53181
660,473.5,125.5,18.5,37.5,0.53177
660,338.75,161.75,14,28,0.53158
660,48.25,298.75,16.25,32.25,0.53115
660,300.5,270.75,12.5,24.75,0.53054
690,108,405.25,13.5,27,0.56175
690,24.5,271.75,32.75,65.25,0.55837
690,625.5,149.25,15.25,30.75,0.55413
690,368.5,216.25,12.25,24.25,0.55039
690,145.25,200,102.5,205.25,0.54712
690,43.5,305.5,23.25,46.75,0.54204
690,625,138,15.75,31.5,0.54138
690,627,215.25,14,28,0.5408
690,463,107.5,13.75,27.75,0.54058
690,625.75,244.25,15.75,32,0.53782
690,620.5,372.25,12,24.25,0.53647
690,231.5,126.25,11.75,23.5,0.53454
690,270.5,375.5,13.25,26.5,0.5344
690,541.75,111.5,15.25,30.5,0.53365
690,304.25,228.25,23.75,47.5,0.53234
690,403.25,229,14.25,28.25,0.53219
690,571.75,212.5,15.5,31,0.53092
690,227.75,376.25,13.5,27.25,0.53078
690,625.5,129.25,14.75,29.75,0.53048
690,170.25,298.75,12.5,25.5,0.53025
720,147.5,336.25,16.5,33.25,0.58065
720,483.75,236.5,13.75,27.75,0.5417
720,104.75,109.25,13.25,26.75,0.54146
720,628.25,203,12.25,24.75,0.54021
720,403.25,107.5,16,32,0.53849
720,70.25,356,14.5,29,0.53736
720,138.5,106,154.5,308.75,0.53681
720,627.25,133.75,12.5,25.25,0.53587
720,258.75,251.75,60.25,120.25,0.53538
720,68.75,74.75,37.75,75.25,0.53345
720,104.25,153.25,19.5,39.25,0.53078
720,22.25,384.25,12,24,0.53075
720,488,376.25,12.25,24.5,0.53055
720,422.75,139.5,12,24.25,0.53011
750,516.75,122.25,14,27.75,0.55717
750,382.75,385,11.5,23,0.55041
750,168.75,140.75,89,178.25,0.54644
750,588,113.75,14.75,29.5,0.54108
750,517,144.75,12.75,25.25,0.53835
750,341.75,123,13.5,26.5,0.53747
750,188,404.5,12,23.75,0.53551
750,477.75,239.5,14.25,28.5,0.53461
750,348.75,116.25,12.75,25.5,0.53274
750,531.5,127.75,16.75,33.25,0.53251
750,491.5,132,14.25,28.5,0.53223
750,516.5,391.25,13.5,27,0.53165
750,577.75,107.25,16.75,33.25,0.53161
750,95.25,317.25,13.25,27,0.53141
750,264.25,69.75,13,25.75,0.53129
780,516.25,425.25,14.75,29,0.55856
780,580,139.25,14.25,28.75,0.55645
780,572,125.25,16,31.75,0.55381
780,625.75,124.75,15,30,0.55108
780,13,160.25,13,25.75,0.54839
780,281,102,18.25,36.25,0.5469
780,0.75,171,15,30,0.54338
780,619.5,200,20.25,40.75,0.54263
780,542.5,113,12.25,24.75,0.54157
780,332.5,209,12,23.5,0.53997
780,486,130.75,15,29.75,0.53793
780,475,240.75,12.75,25.75,0.53704
780,484,376.25,12.5,25.25,0.53703
780,580.5,120.75,11.75,23.5,0.53542
780,437.25,137.75,11.75,23.75,0.5348
780,523.75,148.25,13,26,0.53391
780,343,208,12,24,0.53291
780,611.5,413.25,15.5,31,0.53263
780,476.25,136.75,12.25,24.25,0.5321
780,404.25,108,13,26,0.53188
780,168.25,450.75,12.25,24.75,0.53155
780,450,410.5,12,23.75,0.53012
810,556.75,409.75,14,27.75,0.56046
810,572,384.75,15.75,31.5,0.55873
810,316.75,394.5,15.75,31.25,0.55303
810,613.25,378.25,13.75,27.5,0.5515
810,268.5,115.25,18.25,37,0.54706
810,549.25,391.5,13,26,0.54629
810,450.5,160.75,11.75,23.75,0.54571
810,521.75,391.5,12.5,25,0.54423
810,527.75,392,12.75,25.25,0.54383
810,388.5,139,12.25,24.5,0.5438
810,19.5,366.5,15.75,31.5,0.54371
810,628.25,318.25,12.75,25.5,0.54354
810,285,242.25,44.75,90,0.54337
810,-3.75,108.5,30,59.75,0.54192
810,608,438.5,15.25,30.25,0.54133
810,564.5,403.75,14.75,29.5,0.53989
810,596.5,447.75,12.75,25.25,0.53964
810,259.75,115.75,14,28,0.53791
810,550.25,411.25,12.5,25,0.53787
810,323,23,16.25,32.25,0.53744
810,583,340.75,14.5,29.5,0.53724
810,107.5,398.25,16.25,32.75,0.53719
810,540.25,411.5,14.5,29,0.53699
810,625.75,257.5,15.25,30.25,0.5364
810,500.5,140.75,12.5,24.75,0.53637
810,580.25,396.5,14.5,29,0.53551
810,2.5,166,16.75,33.25,0.5348
810,384.25,384.25,12.5,25,0.53292
810,617.75,137,23.5,47.25,0.5328
810,51.75,375.75,14.5,29,0.53273
810,375.75,139.5,12.75,25.5,0.53255
810,356.75,376.75,17.25,34.75,0.53184
810,-1.75,121,15.5,31,0.53149
810,21.5,417,12.75,25.5,0.53143
810,539.25,401.5,16.75,33.75,0.5314
810,567.25,376.75,12.75,25.5,0.53125
810,333.25,21.5,15,30.25,0.5308
810,235.5,207,13.25,26.25,0.53051
810,582,424.5,13.5,26.5,0.53009
840,44.5,72.75,13.25,26.75,0.55758
840,27.5,52.5,12.75,25.5,0.55646
840,301.5,360,12.5,24.75,0.552
840,177.5,214.75,12.5,25,0.54852
840,331.75,381.75,13,25.75,0.54673
840,7.5,327.75,12.5,25.25,0.54483
840,572.25,336.25,16,32.25,0.54402
840,540.75,355.5,12.75,25.75,0.54278
840,347,225.5,15.5,31,0.54262
840,80.25,385,12.25,24.75,0.54099
840,450.75,221.5,40.5,81.25,0.5407
840,309.75,422.75,12,24.25,0.54028
840,490.25,254.25,18,36.25,0.54021
840,613.5,383.75,13.75,27.75,0.53884
840,406.25,223,12.25,24.5,0.53766
840,628.25,284,12.5,24.75,0.53547
840,381.75,343.75,13.25,26.5,0.53544
840,254.75,186.5,12,24,0.53521
840,326,366.5,13.5,27.25,0.53486
840,527.75,209.5,16.25,32.5,0.53458
840,628.5,202.75,12,23.5,0.53246
840,316,104.75,12.5,25.5,0.53216
840,248,247,12.5,25,0.5307
840,561.5,119,91.5,183,0.53027
870,478.25,363.5,14,28.25,0.54912
870,252.5,428.5,12,24,0.54636
870,571.75,366.25,16.75,33.75,0.5459
870,426,264.25,17.25,34.25,0.54466
870,138,270.25,13.5,27,0.54324
870,417.25,228,36.25,72.25,0.54312
870,353.75,213.25,13.75,27.75,0.53904
870,54.5,195.75,14.75,29.5,0.53801
870,244.25,425,12.5,25,0.5363
870,113,248.5,16.75,33.5,0.5362
870,611.5,214.75,12.75,25.5,0.53527
870,236.25,427.5,13.5,27,0.53246
870,376.75,439,15.75,31.5,0.53154
870,269.75,322.25,14.5,29,0.53146
870,252,318.5,12.75,25.75,0.53114
870,580.25,363.75,13,26.5,0.53074
900,277,338.75,15.25,30.75,0.58373
900,225.5,223,30.75,61.25,0.5555
900,498.5,212.75,78.25,156.5,0.5543
900,234,258.75,14.75,29.75,0.55088
900,478.5,252.75,52.5,105.25,0.54625
900,456.75,136.5,44.25,88.5,0.54615
900,84.25,327.75,12.5,25,0.5422
900,378.75,327.5,18.5,37,0.54125
900,93.25,425,12,24.25,0.54003
900,372.5,404.5,14.25,28.75,0.53923
900,92,380,12,24,0.53863
900,444,383.5,12.5,25.25,0.53789
900,452.5,380.75,12,24.25,0.53734
900,508,328,12.5,25,0.5365
900,611.75,401.75,12.75,25.5,0.53576
900,46.75,295.5,13.25,26.25,0.53548
900,37.25,291.25,14.5,29,0.53477
900,-3.25,219.25,26.25,52.25,0.53413
900,620,402.75,12.25,24.5,0.53279
900,286.75,429,11.5,23.25,0.53182
900,311.5,237.25,17.5,35,0.53101
900,204.25,92.75,12.25,24.5,0.53056
900,414.25,91.75,12.75,25.5,0.53008
930,108.75,249,19.25,38.5,0.56142
930,12.5,355.75,14.25,28.5,0.56129
930,475.5,324.75,12.75,25.5,0.55581
930,222.25,344.5,23.5,47,0.55475
930,189,364,13,26,0.55275
930,516,445.75,14.25,28.5,0.55227
930,214,370.75,17.5,34.75,0.54637
930,277,277.75,29.5,59,0.54497
930,320,238.25,18.75,37.25,0.54471
930,300.5,381,12.75,25.25,0.54349
930,197.75,410.75,13.25,26.5,0.54278
930,35.5,192,13.25,26.75,0.54105
930,452,240.5,84,167.75,0.54072
930,212.25,397,12.25,24.75,0.54045
930,323.75,365.25,13.25,26.25,0.53982
930,478.5,334.25,37.25,74.75,0.53975
930,134,416.75,13.75,27.25,0.53876
930,582,62.75,12.75,25.25,0.53825
930,276.5,207.25,65,129.75,0.53674
930,156.5,416,12.75,25.25,0.53669
930,19.5,380.5,12,23.75,0.53634
930,61.5,104.5,12.25,24.25,0.53552
930,455,426.75,12.5,25.25,0.53446
930,180,405,14,28,0.5326
930,44.5,186.5,13.5,27,0.53238
930,449,426.5,13.5,26.75,0.53211
930,308.75,387,15.25,30.75,0.532
930,227,364,18.5,36.75,0.53188
930,611.5,111.75,13.25,26.5,0.53166
930,598.75,353.75,16,32.25,0.53139
930,228,428.5,12.75,25.25,0.53139
930,580,374.5,12.75,25.5,0.53082
930,240.75,296.5,12.25,24.5,0.5308
930,75.25,129.5,78.5,156.75,0.53079
930,-2.5,195.5,20.5,41.25,0.53074
930,215.75,381.75,13.5,27,0.53022
930,36,183.75,12.75,25.75,0.53011
960,123.5,257.5,18.5,37.25,0.57987
960,284.5,394.25,15,30,0.5619
960,212,383.25,14,27.75,0.55985
960,220,410.25,16.75,33,0.55956
960,90.25,392.25,20.25,40.25,0.55872
960,445.25,267,84.5,168.75,0.55193
960,581,430,12,24,0.55127
960,220.5,387.75,14.5,29,0.54729
960,376.5,418.75,14.75,29.75,0.54438
960,293,391.25,14,28,0.54361
960,243.75,381.75,14,27.75,0.54322
960,21,364.5,14.75,30,0.54313
960,269.5,413.25,13,26,0.54058
960,204.5,369.75,14.75,30,0.54046
960,421.5,427.25,13.75,27.25,0.54017
960,75,382.75,17.5,34.75,0.53952
960,148.75,395.75,14.5,29.25,0.53935
960,228.25,395,16.5,32.75,0.53931
960,372,415.75,12.5,24.75,0.53701
960,468.75,338.5,47.75,95.25,0.53615
960,314.5,239.75,19.5,38.75,0.53591
960,84,400.75,15.5,31,0.53506
960,280.75,304,19,38,0.53498
960,218.5,368.5,12,24,0.53404
960,106.25,93,12.5,24.75,0.53398
960,250.75,379.5,14.25,28.5,0.53346
960,359.25,407,13.25,26.5,0.53333
960,161.25,383.25,17,33.75,0.53292
960,281.25,266.5,18.25,36.75,0.53138
960,60.25,388.25,16.75,33.5,0.5313
960,613.75,190.75,13,26,0.5312
960,57.75,194.75,39.25,78.25,0.53077
960,28.5,378.25,14.75,29.5,0.53072
990,125.25,368,14.25,28.25,0.56667
990,524.5,247.25,22,44.25,0.55572
990,357.25,182.75,12.5,25,0.54985
990,140,383.25,12.5,25,0.54977
990,467.5,326,13.75,27.5,0.54536
990,100,331.25,14.75,29.75,0.54453
990,221.25,352,15,29.75,0.54405
990,153.25,356.5,14,28,0.54381
990,76.25,331.75,12,24,0.5437
990,50.25,359.75,12.25,24.75,0.54235
990,44.5,400.5,12.5,25,0.54179
990,339.75,401.75,12.25,24.5,0.54096
990,262.5,81.75,12.75,25.25,0.54021
990,223,338,13,26,0.53926
990,222,201.25,66.25,132,0.53898
990,501.75,411,13.5,27.25,0.53882
990,283.75,185.75,13.5,27.25,0.53872
990,608,55.75,12.75,25.75,0.53851
990,378.25,287.25,13.5,26.5,0.53824
990,94.5,326.5,13.25,26.75,0.53795
990,85.5,317,13.5,27,0.5376
990,269.5,256.75,24.75,49.25,0.53728
990,167.25,343.25,12.75,25.25,0.53695
990,28.75,364.25,13,26,0.53642
990,535.5,142,18,36.25,0.53629
990,619.25,266.25,16.75,33.5,0.53566
990,36.75,21.25,13.75,27.5,0.53482
990,283.75,359.5,12.75,25.25,0.53409
990,288,374.5,13.25,26.75,0.5337
990,64.25,1.75,12,24,0.53267
990,132.25,303,16.25,32.5,0.53198
990,565,437.25,12.75,25.75,0.53147
990,225.75,193,16,31.75,0.53103
990,204.25,383.25,12.5,24.75,0.53095
990,538.25,431.75,12.25,24.75,0.53078
990,245.25,370.5,15.25,30.5,0.53068
990,426.5,350,13,25.75,0.53013
1020,36.5,352.75,16,32,0.55585
1020,293.5,7.25,16.75,33.5,0.54948
1020,342.5,289.25,15.25,30.75,0.54627
1020,579.25,361.75,13,26,0.54487
1020,372.25,195,12.25,24.75,0.54448
1020,183.5,217,12.75,25.5,0.54352
1020,211.75,376.25,12.5,24.5,0.543
1020,528.5,202.5,12.5,25.25,0.54198
1020,408.5,368.75,11.75,23.5,0.54197
1020,152.75,187.25,21,41.75,0.54132
1020,29.25,197.75,46.25,93,0.54036
1020,276.25,353,16.5,33,0.5402
1020,261.75,357,14.5,28.5,0.53993
1020,301.75,396.5,13.75,27.75,0.53816
1020,47.5,187.75,13.5,27.25,0.53677
1020,488.25,366.25,12.25,24.75,0.53645
1020,207.25,375,13,26,0.53643
1020,87,363.25,13.5,27,0.53609
1020,271.5,347,12.75,25.25,0.53588
1020,161.75,169,20,39.75,0.5354
1020,325.5,402.5,15,30.25,0.53491
1020,189.5,330.75,22.5,45,0.53485
1020,602,291.75,12.75,25.25,0.53478
1020,36.25,222.25,34,68,0.53446
1020,623.5,214.25,13.5,26.75,0.53443
1020,50.25,363,19.5,38.5,0.53397
1020,262.75,364,12.75,25.5,0.53387
1020,93,406.25,13,26.25,0.53382
1020,177.25,315.25,18,35.75,0.53338
1020,182.25,203.75,15.5,30.75,0.53323
1020,454.25,345,12.5,25,0.53298
1020,381.25,103.5,22.75,45.75,0.53282
1020,426.75,183.5,15.5,31.5,0.53268
1020,52,396.75,16,32,0.53182
1020,612.75,333,11.5,23,0.53174
1020,344.5,260.25,12.25,24.75,0.53148
1020,54,412.5,13.75,27.5,0.53137
1020,563,359.5,12.75,25.75,0.53118
1020,448.25,150.5,12,24,0.53112
1020,205,395.5,14,28.25,0.53077
1020,165,189.25,19.5,39.5,0.53061
1020,77.5,318.75,13,26,0.5305
1020,589.25,53.5,13,26,0.53047
1050,282,368.5,14.5,29,0.56089
1050,331,190.75,14.5,28.75,0.55345
1050,169.5,273.75,13.5,27.25,0.55018
1050,-9,71.75,75.25,150.75,0.54951
1050,533,357.25,14,27.75,0.54715
1050,535,422.25,13.25,26.75,0.54251
1050,299.5,400.25,16.25,32.5,0.54005
1050,8.25,196.75,13.5,27,0.53988
1050,24,137.25,88.5,176.75,0.53962
1050,538.5,296.75,12.5,24.5,0.53605
1050,203,171.75,13,25.75,0.53496
1050,70,400.75,12.5,24.75,0.53494
1050,162,382,19,38.25,0.53453
1050,316.25,166.75,14.25,28.5,0.53421
1050,377.75,166.25,13.25,26.5,0.53384
1050,172,178,13.25,26,0.53368
1050,314.75,103,15.5,31.25,0.53353
1050,269.25,413.75,12.25,24.75,0.53293
1050,227.5,354.25,12.75,26,0.53274
1050,578.25,64.5,12.25,24.75,0.53236
1050,571,357.25,13.25,26.5,0.53221
1050,480,383.5,12.75,26,0.53151
1050,552.25,432.25,12,24,0.53129
1050,386.25,169.75,15.75,31.5,0.53121
1050,95.5,190.5,12,24,0.53104
1050,28,65.75,14,28,0.53099
1050,611,448.75,14.25,28.75,0.53089
1050,225.5,178.5,32.25,64.5,0.53074
1050,562.75,61.5,23.25,46.75,0.53042
1050,-1.5,77.75,12.25,24.5,0.5304
1050,376.5,175.75,14.75,29.75,0.53035
1050,520,367.25,13,26,0.5301
1080,323.75,398.5,13,26,0.55059
1080,58.5,178,19.75,39.25,0.54975
1080,520,435.5,12,24,0.54537
1080,567.75,428.5,13,26,0.54292
1080,70,238.25,53.5,107,0.5423
1080,16.25,153.75,38.5,77,0.5395
1080,294.5,400.5,14,28.25,0.53931
1080,552.25,147.5,12.75,25.75,0.53726
1080,533.25,431.25,16.5,33.25,0.53619
1080,200.75,223.5,55.5,110.75,0.5347
1080,307.25,403.25,14.5,28.75,0.53374
1080,5.75,45.25,103,205.75,0.53338
1080,66.5,56,14.75,29.5,0.53323
1080,326.75,165,13.5,27,0.53244
1080,620,285.25,12.5,25,0.53223
1080,493.25,429.25,13,25.75,0.53171
1080,579.25,417.5,15.75,31.5,0.53158
1080,449,62.25,31,62,0.53143
1080,136.75,130,77,154.25,0.53132
1080,36.25,181.25,12.75,25.25,0.53127
1110,210.75,9.5,14.25,28.75,0.56717
1110,102.75,168.25,19,37.5,0.55587
1110,628.25,255,12.5,25.25,0.55508
1110,501.25,164.25,16,32,0.54506
1110,56.75,47.25,102.25,204.25,0.53897
1110,409.5,445.75,14.5,29.25,0.53859
1110,493.75,253,20.75,41.25,0.53842
1110,581,224.5,33,66.25,0.53803
1110,356.5,401.25,11.5,23,0.53736
1110,133.5,304.5,12,24.25,0.53605
1110,48,72.25,13.25,26.5,0.53551
1110,30.5,153,123.25,246.75,0.53497
1110,126.25,311.25,16.5,33.25,0.53486
1110,217,327,36.25,72.5,0.53455
1110,599.25,187,43.5,86.75,0.53327
1110,189.75,183.75,34,68.25,0.53285
1110,105.5,190,15.25,30.75,0.53269
1110,190.75,346.75,11.5,23.25,0.5324
1110,143.5,187,13.5,27.25,0.53217
1110,95.25,190.75,15,30.25,0.53183
1110,-1.75,214.5,13,26,0.53181
1110,110.5,51,15,29.75,0.53168
1110,413,362.75,12.5,25.5,0.53143
1110,341.25,301.75,24.75,50,0.53084
1110,192,182.75,20.5,41,0.53011
1140,225.25,159,148.25,296.25,0.55887
1140,446.25,450.25,13,26,0.54504
1140,-6.75,257.75,52.25,104.5,0.54348
1140,145.25,168.75,26.75,53.5,0.5409
1140,401,179,38.75,77.5,0.53931
1140,63.25,14,95.5,191,0.53804
1140,266.75,427.25,13.5,26.5,0.53772
1140,106.25,40,101.75,203.5,0.53724
1140,324.75,179.25,33.25,66.5,0.53701
1140,408.25,268.25,12.25,24.75,0.53668
1140,395.5,352.25,13.5,27.25,0.53238
1140,33.75,155,150.25,300.25,0.532
1140,351.5,276.75,12.75,25.5,0.53191
1140,113.75,82,16,31.5,0.53113
1140,157.75,44.75,16,32,0.531
1140,460.25,160.5,13.5,26.75,0.53082
1140,320.75,189,11.5,23,0.53081
1140,555.75,336,12.25,24.25,0.53062
1140,477,448,12.75,25.25,0.53035
1140,332.25,183.5,38,76.5,0.53018
1170,125.75,33,111.25,222.5,0.55601
1170,180.75,77.5,11.5,23.5,0.55547
1170,565,92.25,84.5,169,0.55373
1170,122.5,63.75,15.75,31.5,0.55149
1170,59.25,144.5,158.25,316.5,0.55064
1170,190.25,41.5,16,32,0.54574
1170,589.75,212.75,27,53.5,0.54362
1170,444.75,400.75,16,32,0.54319
1170,135.5,56.5,12,24.25,0.54225
1170,340.75,380.75,16.5,33,0.54177
1170,517.5,370,37,73.75,0.54105
1170,611.75,187.25,31,61.5,0.54028
1170,253.5,365.5,13.5,27.25,0.54007
1170,349,409.75,27,54.25,0.53613
1170,483,204,28.5,57,0.53603
1170,457.5,193.25,35.5,71,0.53601
1170,230.25,360.25,12.75,25.25,0.53586
1170,185.25,196.5,14.75,29.5,0.53545
1170,236.75,355.75,14.5,29,0.5352
1170,540,315.5,77,153.75,0.53499
1170,141.5,60,13.5,26.5,0.53315
1170,503.25,380.5,13.25,26.25,0.53295
1170,124.25,75.75,12.5,25,0.53256
1170,612.75,167.75,13.75,27.25,0.53243
1170,427.75,99.25,14.5,28.75,0.53219
1170,80.75,12.5,114,228.5,0.53132
1170,107.5,248.5,21,41.75,0.53082
1170,463.25,171.25,19,37.5,0.53073
1170,368.5,413.25,25.25,50.5,0.5307
1170,188.25,40,17,34,0.5303
1200,502,294.25,13.5,27.25,0.55318
1200,204,204.5,12.75,25.5,0.54297
1200,281,188.25,43.25,86.5,0.54297
1200,146.5,62.5,12,23.75,0.5425
1200,176.5,430.75,13.75,27.25,0.54071
1200,124.25,22.25,12.75,25.75,0.53858
1200,207.75,77.5,13.25,26.25,0.53631
1200,98,261.25,12.25,24.25,0.53482
1200,559.75,244,14,28.25,0.5348
1200,176.5,407.5,23.5,47,0.53426
1200,206.5,32.25,18.25,36.25,0.53423
1200,154.25,207.75,36.75,73.25,0.53227
1200,139.25,67.75,13.5,27,0.53118
1200,590,444.25,16,31.75,0.53084
1200,444.25,305,16,32.25,0.53078
1200,166.75,63,11.5,23,0.53067
1230,88.25,39.25,14,28,0.55559
1230,546.75,223,11.5,23,0.55409
1230,605.5,384.25,14.5,28.75,0.54883
1230,252,275,62.5,124.75,0.54605
1230,75.75,33,13.5,26.75,0.54418
1230,549.5,298.75,14.5,28.75,0.54162
1230,126.25,195.25,12.5,25,0.5415
1230,556,297.75,15.5,31,0.541
1230,608.75,217.25,34,68,0.54044
1230,444.5,408.5,12,24.25,0.53999
1230,131.75,156,15.75,31.5,0.53976
1230,91.75,145.25,18.5,37,0.53828
1230,591,374.75,13.75,28,0.53794
1230,434.25,274.25,12.75,25.25,0.53782
1230,428.25,300,14,27.75,0.5378
1230,78.75,33.5,15,30.25,0.53759
1230,586,374.75,13.75,27.5,0.53758
1230,169.5,151,46.75,93.5,0.53582
1230,342,305,12.75,25.5,0.53576
1230,47.5,57.25,21.5,43.25,0.53482
1230,167.5,194.75,23.75,47.75,0.53403
1230,616.5,223,13.5,27.5,0.53386
1230,484.5,226.25,12,23.75,0.53368
1230,574,301.25,12.25,24.5,0.53348
1230,534,295.25,12.5,25.25,0.53267
1230,76,177.75,15,29.75,0.53231
1230,242.75,95,17.75,35.5,0.53229
1230,139.25,209.75,13.75,27.25,0.53148
1230,405.25,302.75,13.75,27.25,0.531
1230,236.5,256.25,13.25,26.25,0.53032
1260,357.5,368.75,13,25.75,0.56061
1260,90.25,37.75,13.5,27,0.55856
1260,317,372.25,14.5,29,0.54858
1260,488.75,174.25,22,44,0.54731
1260,364,326.5,12.75,25.25,0.54514
1260,233.75,362.25,12.5,25.25,0.54448
1260,421.75,326.75,13.25,27,0.54262
1260,83.25,46.75,16.75,33.5,0.54149
1260,78,39.5,12.75,25.25,0.54051
1260,106.75,149,57.5,115.25,0.54
1260,203,337.5,15.5,31,0.53967
1260,611,226.25,14,28,0.53841
1260,203.75,353.25,13.25,26.5,0.53838
1260,-0.5,152.25,34.25,68.75,0.53826
1260,626.5,116,14.25,28.25,0.53818
1260,508.25,381.5,12.25,24.75,0.53794
1260,20.25,26.5,13,26.5,0.5376
1260,338.75,318.75,11.75,23.5,0.53637
1260,612.25,196.75,29.5,59.25,0.53633
1260,572.75,200,55.75,111.75,0.53471
1260,546.25,197.5,26.25,52.5,0.53445
1260,609.5,196.5,29.5,59.25,0.53405
1260,372,338.75,12.5,25.25,0.53383
1260,214.5,88.75,19.25,39,0.53295
1260,395.75,363.75,15.25,30.5,0.53283
1260,12.25,32.75,12.25,24.5,0.53273
1260,364.25,347.75,12.75,25.75,0.53252
1260,604.75,381,12,24.25,0.53211
1260,488,351.75,12.25,24.25,0.53047
1260,494.25,348.25,12.75,25.5,0.53022
1290,220.25,403.25,14.25,28.25,0.56039
1290,77.25,35.5,14,28,0.55393
1290,56.75,76.75,12,24,0.54872
1290,59.75,85.25,13,26,0.54784
1290,302.25,235.25,13.5,27.25,0.54777
1290,331.5,267,20.25,40.25,0.54747
1290,155.5,218,12.5,25.25,0.54589
1290,422.25,407,12.5,25.25,0.54587
1290,584.5,440,12.25,24.5,0.54584
1290,55,205.25,12.5,24.75,0.5447
1290,189,415,12.5,25,0.54412
1290,83.25,200.5,26.5,53,0.54287
1290,139.5,384.25,12.25,24.5,0.54234
1290,-8,150.75,66,132,0.54183
1290,-2.25,131.5,18.75,37.5,0.54048
1290,43,171.5,29.5,58.75,0.53967
1290,540.25,176,13,26,0.53861
1290,188.25,401,12,24,0.53859
1290,468.5,256.25,12.25,24.75,0.53813
1290,10.75,228,15.5,30.5,0.53791
1290,168.25,214.5,12.5,25,0.53761
1290,68.75,13,11.5,23,0.53715
1290,525.75,436,14,28,0.53652
1290,605,406.25,13.25,26.75,0.53594
1290,298,394.75,20.25,40.25,0.53535
1290,335.75,190,13.5,26.75,0.53479
1290,30,137,12.5,25.25,0.53391
1290,378.5,401.75,18.25,36.25,0.53355
1290,607,448,12.5,24.75,0.53345
1290,323,277,13.5,27,0.53305
1290,175.5,80.25,20.5,41,0.53302
1290,300.5,416.25,12.5,25.25,0.53296
1290,181,412.75,13.5,27.25,0.53287
1290,63,76.5,18.25,36.75,0.53283
1290,377.25,379,14.25,28.25,0.53281
1290,612.5,339.75,14,27.75,0.53277
1290,565.75,433.25,15.5,31.25,0.5327
1290,356.25,374.5,13.75,27.25,0.53241
1290,611.25,165.25,32.75,65.5,0.53232
1290,64,39,12.5,25,0.53201
1290,575,437,13.5,27.25,0.53182
1290,227.75,407,13.25,26.5,0.53107
1290,236.5,106.5,11.75,23.5,0.53079
1290,612.25,402.5,15.25,30.25,0.53034
1290,437.25,416.75,15,30.25,0.53033
1290,555,182,43.25,86.25,0.53027
1290,109.5,401.75,22.25,44.5,0.53022
1320,603.25,333.5,16.5,33.25,0.56277
1320,492,187,13,25.75,0.56016
1320,145.5,177,20,39.75,0.55578
1320,532,334,12.75,25.75,0.55259
1320,576.25,237.25,14.75,29.5,0.55259
1320,228.75,337,15.75,31.5,0.55126
1320,187.75,315,12.5,25,0.54934
1320,572,216.5,23,46.25,0.54934
1320,397.25,379,13,26,0.54882
1320,43.25,221.5,17,34.25,0.54457
1320,406.25,368,12.75,25.5,0.54376
1320,252.75,301,14,27.75,0.54343
1320,399.75,355.75,12.75,25.25,0.54292
1320,411.5,180.5,14.5,29.25,0.54244
1320,267.75,278.5,16.25,32.5,0.53991
1320,36,312.25,12.25,24.5,0.53916
1320,404.25,316.75,14.5,29,0.53893
1320,604.25,322.75,16.25,32.75,0.53855
1320,277.5,361.5,12.25,24.5,0.53848
1320,422.25,375,13,26.25,0.5384
1320,374.5,172.5,39,78,0.53747
1320,400.5,425.75,20.5,40.75,0.53714
1320,407.75,195,13,26.25,0.53651
1320,260.75,347.5,15.25,30.5,0.53595
1320,220.5,348.25,14.75,29.5,0.53528
1320,305.5,200,19,38,0.53431
1320,604.25,351.25,12.5,25,0.53319
1320,457.25,331,19.25,38.5,0.53307
1320,563.5,319.75,12.75,25.5,0.53282
1320,457.5,93.75,12.5,25,0.53253
1320,300,333.75,14,27.75,0.53242
1320,269,331.25,13,26,0.53229
1320,67.25,223,13.75,27.5,0.53201
1320,491,174.5,15.75,31.25,0.53192
1320,583,30,66.5,133,0.53091
1320,309,180.5,30.5,61.25,0.5309
1320,464.5,344,12.25,24.5,0.53088
1320,540.25,331,13.25,26.75,0.53065
1320,336.75,269,11.5,23,0.53047
1320,146.75,19.5,13.5,27.5,0.53042
1320,-4.25,164.25,34.75,69.5,0.53023
1320,412,314.25,13.25,26.5,0.53023
1320,569.5,396.75,40.25,80,0.53011
1350,141,412.5,13.75,27.75,0.56154
1350,567,224.75,28.5,57,0.559
1350,327.5,307.5,13,25.75,0.55504
1350,470.25,387.5,13.5,27.5,0.55286
1350,181,357.5,13.75,28,0.55277
1350,412,86.5,13.25,26.5,0.55153
1350,533.75,341.75,12.75,25.5,0.55038
1350,359.5,374.75,12.75,25.75,0.54975
1350,372,359,12.75,25.5,0.54623
1350,571.25,246.75,19.5,39,0.54482
1350,206.5,212.5,12,24,0.54453
1350,116.75,379.25,14.75,29.5,0.54441
1350,388.5,375.75,12.5,25,0.54399
1350,589.5,407.25,13.25,26.25,0.54353
1350,172.75,344,13,26,0.54301
1350,187.25,338.5,15.5,31.5,0.54039
1350,201,183.75,26.5,53.25,0.53987
1350,197,367.75,15,30.5,0.53984
1350,372.25,366.5,13.5,27,0.53934
1350,538.5,377.25,17.75,35,0.53916
1350,155.25,383.75,16.5,32.75,0.53892
1350,508.5,379.25,15.25,30.25,0.53851
1350,362.5,181.5,15,29.75,0.53799
1350,233.75,315.75,17.5,35,0.53765
1350,60,408.75,12.25,24,0.53762
1350,517.25,384.5,13.25,26.5,0.53742
1350,53.25,95.25,63.25,126.25,0.53738
1350,131.75,229,14.75,29.75,0.53734
1350,571.75,427,15.5,30.75,0.53694
1350,595.25,423.5,16.25,32.5,0.53662
1350,395.5,166,29.5,59,0.5366
1350,226.5,287,14.75,29.5,0.5364
1350,398.75,383.5,12.25,24.75,0.53635
1350,244.25,351.25,20.25,40.75,0.53605
1350,163.75,383.75,16.5,33,0.53584
1350,138.25,217.5,18.25,36.25,0.53579
1350,133.25,403.25,14.25,28.5,0.53553
1350,171.75,361.75,17.5,34.75,0.53522
1350,524,387.5,14.75,29.25,0.53445
1350,612.25,416.25,16.25,32.5,0.53442
1350,46.75,369,13.5,27,0.53418
1350,265,314.25,12.5,25.25,0.53414
1350,428.5,77,113,226,0.53412
1350,218.25,219,120.75,241.75,0.53392
1350,236.25,323.75,18.25,36.75,0.53391
1350,231.25,202,14,28,0.53383
1350,233,310.25,14.75,29.25,0.53352
1350,559.5,402.25,16.25,33,0.53343
1350,213.75,374,13.25,26,0.53342
1350,524,367.75,16,32,0.53225
1350,56.25,343.75,12,24.25,0.53203
1350,133,395.5,12.75,25.25,0.53153
1350,227,368.25,12,24.25,0.5311
1350,338.75,341.25,14,28,0.53074
1350,192.5,176.5,13.75,27.75,0.5307
1350,249.25,370.5,25.5,50.75,0.53067
1350,332,342.25,13.25,26.5,0.53067
1350,380.5,374.5,13,26.25,0.5304
1350,346.5,178.75,12.25,24.75,0.53005
1380,339,346,20,40.25,0.5663
1380,177.25,381,12.25,24,0.55794
1380,178.5,380.75,12,24.25,0.55482
1380,276.25,351.5,16.25,32.75,0.55126
1380,324.5,187.5,30.5,61.25,0.54834
1380,262,172.75,13.25,26.5,0.54505
1380,411.75,122,13,25.5,0.54497
1380,331,346.75,17.5,35.25,0.54486
1380,107.75,400.75,15.5,31.5,0.54448
1380,284.5,416.25,15.5,31.25,0.54351
1380,548.25,432,15.5,30.75,0.54161
1380,161.75,220.25,12.75,25.75,0.54084
1380,380.5,320.5,16.25,32.75,0.53947
1380,237.5,368.75,23.75,47.5,0.53917
1380,437.25,187.5,16,31.75,0.53853
1380,187.75,374,13.25,26.5,0.53828
1380,326,345.5,12.75,25.5,0.53749
1380,572.5,372.75,13.5,26.5,0.5364
1380,-3.5,162.5,28,55.5,0.53617
1380,319.75,166,39,78.25,0.53607
1380,139,184.25,12.5,24.75,0.53551
1380,171.75,367.25,17.25,34.75,0.53549
1380,483.75,187.5,12.5,25.25,0.53506
1380,624.5,349.75,17.5,34.75,0.5348
1380,434.75,172.25,18.75,38,0.53323
1380,235.75,384.5,13.5,26.75,0.53305
1380,318,345,12.75,25,0.53275
1380,310.25,346.25,12.75,25.25,0.53159
1380,221,355.5,12.5,24.75,0.53158
1380,262,422.5,13.5,26.5,0.53154
1380,390.25,406.25,12.25,24.75,0.53084
1380,37,234.5,29.25,58.75,0.53051
1380,222.75,374.25,13.5,27.25,0.53045
1380,403.75,74.5,14.75,29.5,0.53031
1380,322.25,318.5,20.75,41.5,0.53028
1410,494,122.5,19.25,38.25,0.5607
1410,502.5,128.25,14.75,29.5,0.55924
1410,285.25,412.25,12.5,24.75,0.55614
1410,495.25,136.25,16.25,32.5,0.54296
1410,403.75,112.5,12.5,25.5,0.54226
1410,236.75,371.5,17.25,34.5,0.54173
1410,195.25,171.75,20,40.25,0.53971
1410,396.25,402.25,15,29.75,0.53934
1410,215.25,256.5,24,48,0.5388
1410,179.75,382.5,12.5,25.25,0.53695
1410,276.5,419,14.75,29.25,0.53689
1410,-6,97.5,50,100,0.53685
1410,335.5,253.5,26.75,53.75,0.53656
1410,572,424.25,12.5,24.5,0.53628
1410,222.25,208,15,30.25,0.53619
1410,-3.25,155.25,24.5,49,0.53567
1410,76.5,415.5,12.5,25,0.53543
1410,59.25,129,11.5,23,0.535
1410,114,192,12.5,25.25,0.53435
1410,400.5,340.25,20.5,41,0.53369
1410,102.25,184.5,12.5,24.5,0.53336
1410,557.5,433.5,15.5,31,0.53217
1410,219.75,168.25,31,61.75,0.5309
1410,590,234.5,52,104,0.53074
1410,363.5,420.5,13,26.25,0.5307
1410,308,353.75,16,31.75,0.53066
1410,375,387.5,13.5,26.75,0.5306
1410,116.5,409.75,15.5,30.75,0.53036
1410,389.5,355.25,15.5,31,0.53023
1440,536,135,12.75,25.25,0.55768
1440,526.75,165,13.5,27,0.55386
1440,487,159,24.75,49.25,0.54606
1440,550,134.75,13.5,27.25,0.54117
1440,472.75,126,12.5,24.75,0.54049
1440,242,221.75,69,138,0.53959
1440,197,19.5,14.25,28.25,0.53714
1440,112.75,212.75,29,57.75,0.53655
1440,214,269.5,45.5,91,0.53565
1440,433.5,148.5,12,24.25,0.53553
1440,521.25,168.25,12.5,25.5,0.53446
1440,-6.75,88.5,57.75,115.75,0.53427
1440,79.75,108.25,12.75,25.75,0.53392
1440,369.75,195.5,12.5,24.75,0.53336
1440,460.5,120.75,12,23.75,0.53274
1440,391.75,154.75,44,88,0.53266
1440,190,152.75,26.75,53.75,0.53259
1440,204.5,58.5,11.75,23.5,0.53252
1440,512,287.25,32.5,64.75,0.53244
1440,388.25,89.75,18.75,37.25,0.5323
1440,267.5,180,14.75,29.75,0.53128
1440,79.75,101,12.75,25.5,0.53122
1440,524.5,121.5,13.75,27.5,0.53118
1440,466.5,120.25,12.75,25.5,0.53043
1470,0.75,198.75,14,28,0.5596
1470,205.5,339,13.5,27,0.55635
1470,174,394.5,13.75,27.75,0.5561
1470,36,358.5,13.25,26.5,0.55294
1470,509.75,145.5,12.75,26,0.55266
1470,329.25,311.5,12.75,25.5,0.54986
1470,380,366,12.75,25.75,0.54892
1470,188.25,385.25,15.25,30.75,0.54714
1470,238,374.5,13.75,27.75,0.54564
1470,419,441.75,18.25,36.5,0.54553
1470,154,178.75,13.75,27.5,0.54264
1470,598.25,140.5,12,24,0.54229
1470,411.75,75.75,27,54,0.5413
1470,605.25,139.5,12.25,25,0.5402
1470,434.25,181.75,23,46,0.53887
1470,307.5,181.25,12.75,25.75,0.53686
1470,303.5,183.5,20,39.75,0.53674
1470,52.5,339.75,13.75,27.25,0.53652
1470,236.25,282.5,92.5,185,0.53626
1470,221.75,324.25,12,24.25,0.53591
1470,415,372.75,13.5,27,0.53542
1470,564.5,156.25,27.25,54.5,0.53379
1470,100.5,306.25,14.25,28.5,0.53279
1470,361.5,334,28.75,57.5,0.53246
1470,334.25,191.25,12.75,25.5,0.53246
1470,363.5,392.5,17,34.5,0.53242
1470,428.75,209.5,16.75,33.5,0.53216
1470,450.5,355.25,26.25,52.25,0.53195
1470,487.25,11.75,140,280,0.53177
1470,319,180.75,16,32,0.53153
1470,472.75,283,13,26.25,0.53153
1470,477.75,444.75,14.5,29,0.53072
1470,214.25,309.5,12.75,25.5,0.5303
1470,225.75,157.5,151.5,303,0.53019
1470,514,22.75,21,42,0.5301
1500,-1.5,185.5,13.75,27.75,0.55754
1500,306.5,380.25,20.75,42,0.55724
1500,454.5,388.5,14.25,28.25,0.55698
1500,183.25,179.25,13.5,27.25,0.55104
1500,221,393,12,23.75,0.54852
1500,306.75,308.5,13.5,27.25,0.54403
1500,453.75,66.5,30.25,61,0.54264
1500,69.5,307.5,13.25,26.5,0.54164
1500,351,184.5,13,26.25,0.54159
1500,200.25,190,13,26.25,0.54007
1500,577.75,156.25,13.25,26.5,0.53968
1500,-5,139.25,40.5,81,0.53781
1500,224.5,392,12,24.25,0.53752
1500,562.5,362,12,24.25,0.53652
1500,252.25,263.5,12.25,24.75,0.53645
1500,246.5,387.25,11.75,23.5,0.53631
1500,269.25,367.25,13,25.75,0.53592
1500,126.75,394,11.75,23.25,0.53532
1500,247,163,150.5,301,0.53523
1500,-4.5,184.75,35.25,70.75,0.53476
1500,88.75,100.5,11.75,23.5,0.53467
1500,428,392.5,13.5,27,0.53341
1500,252,320,12.25,25,0.53326
1500,338.5,180.25,12.25,24,0.53282
1500,536.5,421,28.25,56,0.53282
1500,574.25,145.5,12,24,0.53204
1500,204.75,392.75,11.75,23.75,0.5306
1500,374,383.75,12.25,24.5,0.53055
1530,391.5,276.5,11.75,23.75,0.55165
1530,280,193,130,259.75,0.54972
1530,444.25,417,12.25,24.75,0.54677
1530,272,165.75,42.25,84.5,0.54387
1530,620,145.25,12.5,25,0.54383
1530,202.25,181.25,14.25,28.5,0.54323
1530,55.25,66.75,68.75,137.5,0.54056
1530,317.75,272,13.25,26.75,0.54029
1530,315.25,328.75,63.5,127,0.53648
1530,526.25,239.75,14,27.5,0.53542
1530,390.5,181.75,20.25,40.5,0.53407
1530,429.25,412.25,13.5,27,0.53356
1530,472.75,386.25,16.5,33.25,0.53316
1530,253.5,409,13,25.75,0.53285
1530,253.75,190.75,16.5,33,0.53282
1530,520.5,214,24.5,48.75,0.5327
1530,336.25,263,13.25,26.25,0.5326
1530,612.5,139.25,15.25,30.75,0.53247
1530,55.5,154,12.25,24.25,0.53238
1530,123.25,197.25,14.75,29.5,0.53182
1560,496.75,65,31.75,63.5,0.56378
1560,259.25,387.5,18.75,37.75,0.5599
1560,-0.75,185,18,36,0.55926
1560,444,300.25,12,24.25,0.55687
1560,281.75,295,13.75,27.75,0.55265
1560,237.25,276.25,13,25.75,0.55252
1560,297.25,215.25,124,248,0.55063
1560,619.75,2.75,20.75,41.5,0.55029
1560,17.25,142.5,15,30,0.54847
1560,274.25,303.5,13,26,0.54755
1560,431.25,378.75,13.5,27.25,0.54696
1560,333.5,236.75,14,28,0.5419
1560,380,304.25,13,26,0.54181
1560,554.25,221.5,28,56,0.54175
1560,387,187.75,14.25,28.75,0.54141
1560,411.25,188.5,17.25,34.75,0.54034
1560,356.25,292.5,15.5,31.25,0.53909
1560,517,398.25,14.75,29.5,0.53697
1560,399.5,280.5,13,25.5,0.53652
1560,397.25,304.5,15.75,31,0.53532
1560,26,153.5,13.5,27,0.53527
1560,168.5,96,13,26,0.53482
1560,284.75,176.5,42.5,85,0.53446
1560,471.25,126.25,12.5,24.75,0.534
1560,246.5,275.25,12.75,25.75,0.53329
1560,389,295.25,14.25,28.5,0.53314
1560,168.75,89.25,12,24.25,0.5329
1560,317,288.25,15.5,31.25,0.53277
1560,202.75,188,14.25,28.25,0.53275
1560,282.75,304.5,11.5,23.25,0.53246
1560,542.75,390.5,41,82,0.53204
1560,348.75,308.75,14.5,29.25,0.53191
1560,295.75,292,12.75,25.5,0.53103
1560,294.25,274,14.75,29.25,0.53021
1560,246,233.25,12.25,24.5,0.53012
1560,496.75,114.75,47.5,95.25,0.53007
1590,268.5,362.75,14.5,28.75,0.56522
1590,589.75,220,37.75,75.5,0.56246
1590,518,417.25,27.5,55.25,0.55752
1590,460.75,363.75,14.5,29,0.55315
1590,601.25,263.25,18.75,37.25,0.54999
1590,468.25,364.5,14.5,28.75,0.54942
1590,332.25,319.75,13.5,27.25,0.54844
1590,489.75,132.25,12.75,25.5,0.54583
1590,132.75,86.75,12,24.25,0.54457
1590,243.75,359.75,16.5,32.75,0.54427
1590,342.25,302.5,12.25,24.75,0.54388
1590,291.75,353,14.75,29.75,0.54295
1590,173.25,355.25,14.75,29.75,0.54249
1590,299.5,366,16,32.25,0.54237
1590,229,331.75,14.5,29,0.54214
1590,414,346.5,13.75,27.5,0.54055
1590,188,349,15.25,30.5,0.53898
1590,308,297.25,15.75,31.25,0.53868
1590,324,364,17.25,35,0.53868
1590,492.75,109,61.5,122.75,0.53724
1590,444.25,318.5,11.75,23.75,0.53659
1590,252.25,324.25,12.75,25.5,0.53654
1590,366,186.75,13,25.75,0.53589
1590,527.25,219,22.25,44.5,0.53552
1590,598.25,333.5,14.75,29.75,0.5341
1590,262.75,156.25,12.25,24.75,0.53387
1590,414.25,367.5,14.5,28.75,0.5333
1590,239,313,13.75,27.5,0.53285
1590,62.5,322.75,13.5,27,0.53248
1590,317.75,333,13,25.75,0.53241
1590,234.75,338.75,18.75,37.75,0.5323
1590,381,190,15.5,30.75,0.53208
1590,500.25,55.25,35.25,70.75,0.53187
1590,12.5,160.5,13.25,26.25,0.53182
1590,116.5,367.75,16.25,32.25,0.53104
1590,283.25,297,13,26,0.53073
1590,212.25,320.75,12,24,0.53071
1590,494.75,359.25,12,24.5,0.53056
1590,181.25,359.5,12.75,25.75,0.53015
1620,455,411.75,14.5,29.25,0.55961
1620,515.75,102.25,60.5,121.25,0.55829
1620,278,417.75,13.5,27.25,0.55292
1620,203.5,372.25,14.75,29.75,0.55232
1620,587,225.25,31.75,63.75,0.55142
1620,430.25,380.5,13.5,27.25,0.5491
1620,556.25,426,13.25,26.75,0.54725
1620,437,185,14.5,28.75,0.54611
1620,119.75,90.75,13,26.25,0.54195
1620,492.25,399.25,12.25,24.25,0.54104
1620,226.5,389.5,17.5,35,0.5409
1620,521,42.25,39.5,79,0.5406
1620,145,73.75,11.75,23.75,0.53791
1620,447.75,422.5,13,26.25,0.53789
1620,205,419.5,14.25,28.75,0.53757
1620,261.5,154,13.75,27.25,0.53714
1620,470.5,413.5,12.75,25.25,0.53688
1620,356.25,398.5,15,29.75,0.53685
1620,507.75,416.5,13.25,26.5,0.53621
1620,178.75,204.5,16.25,32.75,0.5361
1620,293.75,57.5,13,26.25,0.53425
1620,374.5,326.25,12,24,0.53395
1620,311,387,14.25,28.5,0.53295
1620,187.25,357,14,28.5,0.53225
1620,421.25,375.75,14.75,29.5,0.53207
1620,153.5,40.5,26,52.25,0.53195
1620,422,400.25,12.75,25.25,0.53194
1620,236.75,400.25,13.25,26.25,0.53161
1620,15.25,173.25,16,31.75,0.53152
1620,386,189.5,17,34.25,0.53118
1620,313.75,334.75,29.25,58.5,0.53097
1620,424.25,267.5,13.5,26.5,0.53036
1620,252.5,322.25,23.75,47.5,0.53025
1650,501.75,410.75,13.75,27.5,0.55413
1650,152.25,183,19.25,38.75,0.55041
1650,266.5,398.5,11.75,23.75,0.54964
1650,412,194,13.75,27.5,0.54851
1650,518.5,86.5,13.5,27,0.5471
1650,568.25,127.5,12.5,25,0.54446
1650,506.75,429.75,13.25,26.75,0.54207
1650,554.25,97,11.5,23,0.54005
1650,173.75,416,13.5,26.75,0.53895
1650,251.25,147,27.5,54.75,0.53871
1650,235.5,391.75,16,32,0.53844
1650,561.25,18.75,43.5,86.75,0.53556
1650,76.5,387.5,12.25,24.5,0.53555
1650,572.25,127,14.5,29,0.53552
1650,393.25,402.75,13.5,26.5,0.53551
1650,247,203.75,69.25,138.75,0.53515
1650,267,150.5,13,26.25,0.53438
1650,198.25,214.25,14.75,29.75,0.53433
1650,275,285.5,26,51.75,0.53417
1650,-3.5,184,28,56,0.53335
1650,11,208.5,17.5,34.75,0.53294
1650,117.25,143.25,49.25,98,0.5325
1650,436.5,407.75,12,24,0.53213
1650,104.75,68.25,13.5,27,0.53204
1650,342.75,397,12.25,24.75,0.53183
1650,458.25,420,11.75,23.75,0.53179
1650,454,187,35.5,71,0.53179
1650,493,387.25,13,26,0.53159
1650,292,398.25,15,29.75,0.53137
1650,46,204.5,17.5,35.25,0.53089
1650,491.25,142.75,14.25,28.5,0.53076
1650,412.25,211,12,23.5,0.53074
1650,170.25,186,47.5,95.25,0.53064
1650,253,399,15.25,30.25,0.53012
1680,518.5,86.25,13.75,27.5,0.5708
1680,108,391.25,13,26,0.56521
1680,269.75,257.5,13.75,27.5,0.56024
1680,44.75,46.5,13,25.5,0.55138
1680,102.75,392.5,12.25,24.5,0.54683
1680,294,273.75,13,25.75,0.54275
1680,114.5,377.75,11.75,23.5,0.5427
1680,356.75,375,14.5,29.25,0.54264
1680,284.75,416.5,15.75,31.75,0.54103
1680,315.5,250,13.75,27.5,0.53954
1680,501.5,349,13,26.25,0.53953
1680,413.25,188.5,14,27.75,0.53854
1680,516.75,404.5,14.25,28.25,0.53828
1680,223.25,335.75,63,126,0.53796
1680,134.5,386.25,13.5,27.25,0.53758
1680,563,249.75,89,178.25,0.53757
1680,571.5,55,13.25,26,0.53754
1680,600,38.75,12.75,25.25,0.53753
1680,348.25,386.5,15.25,30.5,0.53704
1680,-1,207,22.25,44.5,0.53595
1680,317.25,364.75,13.75,27.75,0.53542
1680,188,163,12.5,24.5,0.5351
1680,522.75,193.5,18.25,37,0.53509
1680,501.5,236.5,14.5,29,0.53504
1680,325.25,265.5,15.25,30.75,0.53497
1680,231.5,258.75,12.75,25.25,0.53492
1680,332,395.25,12.5,25,0.5347
1680,164.25,394.25,12,24.25,0.53414
1680,115.5,401,12.75,25.5,0.53323
1680,9.75,388.75,44.5,89,0.53301
1680,480.25,381,11.75,23.5,0.53255
1680,277.5,252,14.5,29,0.53251
1680,591.25,87,12.75,25.5,0.53246
1680,528.5,283.5,11.75,23.25,0.53208
1680,556.5,398.75,13,26,0.53103
1680,438.25,152.25,17,34,0.53089
1680,284,250.75,13.75,27.5,0.53071
1680,368.5,145.75,12,24.5,0.53063
1680,491.25,354.25,15.25,30.5,0.53039
1680,504.75,403,11.5,23,0.53023
1680,292.5,252.5,15,29.75,0.5302
1710,476.75,409,14.25,28.5,0.56579
1710,116,332.75,16.75,33.5,0.56194
1710,397,359.5,14.25,28.5,0.56043
1710,164.75,412.25,14.75,29.75,0.55856
1710,178,367,14,28.5,0.55553
1710,324.75,274.25,15,30.25,0.5554
1710,268.25,272.25,16,32,0.55429
1710,235.75,323.25,15,30,0.55371
1710,405.25,359,14.25,28.25,0.55236
1710,373.25,367.25,13.5,26.75,0.55058
1710,164,370.75,12.5,24.75,0.55027
1710,573.75,245.5,34.75,69.25,0.55017
1710,198.25,303.25,12.75,25.5,0.54802
1710,293,309.75,36.5,73.25,0.54765
1710,332,265.75,16.75,33.75,0.54765
1710,584.5,44.25,12.75,25.75,0.54762
1710,318.5,167.75,14,28.25,0.54659
1710,466.5,391.5,12.75,25.25,0.54647
1710,15.75,39.25,13,26,0.54502
1710,268.5,305.75,14.75,29.5,0.54479
1710,190.25,404,15,29.75,0.54427
1710,140.5,306.25,15.5,31,0.5442
1710,357.25,307,15.5,31,0.54417
1710,396.75,284.5,13.75,27,0.54415
1710,282.5,287,18,35.75,0.54329
1710,572.5,55.75,12.5,25.25,0.54327
1710,315.75,324.75,13.75,27.75,0.54279
1710,156.75,412.75,14.5,29.25,0.54227
1710,341.25,265.5,13.75,27.75,0.5422
1710,340.5,272.25,16.25,32.5,0.54177
1710,437.5,404.5,14.75,29,0.54166
1710,262.5,264.5,13,25.5,0.54081
1710,25.75,321,12.75,26,0.54073
1710,12.5,39.75,13,25.75,0.5407
1710,332,369,13,26,0.54049
1710,308.5,292,14,28,0.54019
1710,314.5,294.75,28.25,56.5,0.53978
1710,394.5,195.25,14,27.75,0.5397
1710,277.25,265.75,14,27.75,0.53966
1710,255.25,301.75,23,46.25,0.53947
1710,625.5,230.75,15,29.75,0.53946
1710,44.5,67.75,13.5,26.75,0.53884
1710,268.25,400.75,16.25,32.5,0.53882
1710,455.5,188.5,13.5,26.5,0.53764
1710,501.5,235.5,16.75,33.75,0.5376
1710,364.5,365,14.75,29.25,0.53662
1710,614,35.25,13.5,26.75,0.53653
1710,429,380.5,13,26.25,0.53634
1710,361,324.75,26.75,53.5,0.53628
1710,586.75,433.75,19.75,39.5,0.5361
1710,50.5,200.75,39,77.75,0.53605
1710,253.25,374.25,18,35.75,0.5357
1710,508.5,397.75,12,24.25,0.53553
1710,385,340.25,12.5,25,0.53537
1710,316.25,267.25,15.75,31.75,0.53506
1710,582,280.5,17,34.25,0.53491
1710,86.25,314,13.25,26.25,0.53489
1710,403.75,289,16.25,32.5,0.53484
1710,482.75,335.25,14.25,28.25,0.53475
1710,603.25,359.75,12.5,25,0.53473
1710,316.75,289.25,15.25,31,0.53447
1710,124.25,316.25,17.75,35,0.53447
1710,268,368.75,16.75,33.25,0.53388
1710,333.5,380.5,14,28,0.53312
1710,616,358.25,13.25,27,0.53279
1710,374.5,283.75,13.5,26.75,0.5327
1710,100.25,325.5,14.5,28.75,0.53263
1710,295,345.25,27.25,54.5,0.53259
1710,460.75,410.5,14.25,28.5,0.53254
1710,177.5,11.25,17.5,35,0.53214
1710,408.75,191.75,15.75,31,0.53209
1710,589,358.5,13.25,26.75,0.5317
1710,387.25,285.25,18,36,0.53163
1710,123.75,294.5,12.75,26,0.53129
1710,107.75,336.25,16,32,0.53123
1710,62.25,45.75,12.75,25.75,0.5307
1710,284.5,266.5,12.25,24.75,0.53069
1710,379,363,18.75,37.5,0.53068
1710,150,359.5,12.75,25.5,0.53066
1710,236.75,292.5,13.5,27.25,0.53062
1710,139.75,215,35.5,70.75,0.53052
1710,358.5,271.5,14.25,28.25,0.53043
1710,242.75,143.25,32,63.75,0.53043
1740,44.25,123.5,14.25,28.5,0.56521
1740,108.75,369.25,15.5,31.25,0.56302
1740,115.25,369.5,14.5,29,0.5598
1740,598.25,136.5,13.25,26.75,0.55978
1740,108.25,355.5,15,29.75,0.55844
1740,428.5,368.25,12,24.25,0.55332
1740,119,356,14.5,29.25,0.55237
1740,93.75,380.25,13,26,0.55034
1740,575,231.25,50.75,101.75,0.54954
1740,12.5,39.75,12.75,25.75,0.54936
1740,277.25,373.25,14.75,29.5,0.54896
1740,124.25,337.25,12.25,24.5,0.54814
1740,115.75,357.5,13.5,27,0.54742
1740,572.25,55.75,12.75,25.25,0.54658
1740,486,195,37.25,74.5,0.54576
1740,15.5,38.75,13.25,26.5,0.54502
1740,246,407,12.75,25.5,0.54431
1740,116.75,335.5,12.75,25.75,0.54367
1740,179,334.75,13,26,0.54334
1740,343.25,285.5,13.75,27.5,0.54277
1740,230,451.75,12.5,24.75,0.54103
1740,145.5,416.75,11.75,23.5,0.54048
1740,94.25,72.5,11.75,24,0.54014
1740,594.5,43,17.25,34.75,0.54009
1740,492.25,410.75,12.5,25,0.53913
1740,36.5,385.75,14.75,29.75,0.53838
1740,132.25,376,14.25,28.5,0.5379
1740,301,362.5,15.25,31,0.53727
1740,584.75,45,12.25,24.5,0.53722
1740,386.75,414.75,12.5,25.25,0.53692
1740,365.25,276.75,14.25,29,0.53679
1740,341.75,296,12.75,25.5,0.53599
1740,575,242.75,13.5,27,0.53595
1740,476.25,400.5,16.5,32.75,0.53573
1740,264.25,20,12.75,25.5,0.53549
1740,421.75,369.25,14,28.25,0.53528
1740,252.25,337,12.75,25,0.53512
1740,310,287,13.5,26.5,0.53512
1740,568.5,339.5,12,24.25,0.53482
1740,289.25,182.75,28.5,56.75,0.53474
1740,171.75,368.75,13,26.25,0.53427
1740,228,295.25,12.75,25.5,0.53405
1740,419.25,162,25.25,50.5,0.53401
1740,604.75,230.75,12,24,0.53395
1740,615.5,35.25,12.5,25.5,0.53388
1740,330.25,321.75,16,32,0.53384
1740,614.5,8.75,13,25.5,0.53365
1740,-1.5,320.5,12,23.75,0.5334
1740,69,243.75,29,57.75,0.53297
1740,363.25,284.25,17.5,35.25,0.53297
1740,124.75,368,14.5,28.75,0.53271
1740,43.75,382,15.25,30.75,0.53271
1740,202.5,332.25,13.25,26.75,0.53246
1740,98.75,335.75,13,25.75,0.53234
1740,61.75,45.25,13.75,27.25,0.53204
1740,149.5,380.25,13.75,27.5,0.53202
1740,252.5,321.5,15,30,0.53188
1740,214.5,328.25,12.25,24.25,0.53184
1740,421,410.75,15.75,31.5,0.53159
1740,572.75,45,14.5,29.25,0.53139
1740,470,390.5,14.25,28.25,0.53129
1740,87.5,87.75,28.5,57,0.53097
1740,316.25,283,15.5,30.75,0.53071
1740,600,28,17,34,0.53067
1740,269.5,90.25,13.25,26.25,0.53058
1740,206.25,452.25,12.25,24.5,0.53015
1740,292.25,311.25,13.25,26.75,0.53009
1770,348.75,405,14.5,28.75,0.56854
1770,291.5,399.75,16.5,33.25,0.55422
1770,340.75,404.5,14.5,29,0.55404
1770,195,376,13,25.5,0.55339
1770,309,407.25,13.75,27.5,0.55155
1770,55,384.75,12.5,25,0.55136
1770,20.25,367.5,15.25,30.5,0.55101
1770,555.75,355.5,14.75,29.25,0.54897
1770,60.75,394.25,14.75,29.5,0.5486
1770,404,419.25,12.25,24,0.54833
1770,173,378.25,15.25,30.25,0.54589
1770,389,368.5,18.25,36.5,0.54462
1770,355.25,385,17.5,35,0.54404
1770,291.75,348,15,30,0.54304
1770,278.25,351.5,12.5,25,0.54231
1770,284.75,397.25,14.5,29,0.54222
1770,260.25,82,13.25,26.75,0.54198
1770,315,375.5,28.25,56.5,0.54183
1770,150,448.25,12.5,25.25,0.54138
1770,311.5,365.25,13.75,27.5,0.54074
1770,568.25,187.5,77,153.5,0.54008
1770,324.75,400.25,15.25,31,0.53946
1770,615.75,36.75,12.5,24.75,0.53945
1770,575,56.25,11.75,23.75,0.53874
1770,157.75,448.5,12.25,24.5,0.53864
1770,406.25,378.75,12.25,24.25,0.53853
1770,-0.5,132.5,19,37.75,0.53833
1770,435.75,184.25,17.5,34.5,0.53738
1770,616,368.75,12.5,25,0.53731
1770,300.25,169.5,12.75,25.75,0.53649
1770,407,206.25,109.75,219,0.53617
1770,327.5,415.75,12.5,25,0.53537
1770,580.75,438.5,17.75,35.75,0.53532
1770,382.25,415,13,26.25,0.53526
1770,48.5,116,20.25,41,0.53522
1770,274,352.25,12.5,24.75,0.53513
1770,28.75,96,16.5,32.75,0.5349
1770,625.25,233.75,16,32,0.53477
1770,13,8.75,12.75,25.75,0.53408
1770,624.75,220.75,16,31.75,0.53384
1770,219,137.25,34.75,69.75,0.5333
1770,108.25,367.75,12,24.25,0.53261
1770,596,395.75,14.5,28.75,0.5324
1770,488.25,293.25,12,24,0.53239
1770,316.25,400,16.75,33.25,0.53229
1770,260.75,350.5,11.75,23.5,0.53218
1770,360.75,317,11.5,23,0.5318
1770,351.75,99.75,98,196,0.53175
1770,28.25,223.5,12.5,24.75,0.53163
1770,443.75,228,13,26.5,0.5312
1770,584.25,45,12.75,25.25,0.53098
1770,539.25,161.75,15,30,0.53066
1770,332.75,402.5,14.5,29.25,0.53054
1770,571.5,318.5,12.5,25.25,0.5305
1770,611.75,37.75,12.75,25.25,0.53025
1770,9.75,254.25,12.75,25.75,0.53015
1770,109.25,161.25,23.5,47.25,0.53009
1800,619.5,127.5,12.75,25.25,0.56167
1800,269.25,296.75,13.25,26,0.55299
1800,354.75,304,17.75,35.25,0.54435
1800,401.5,354.25,19.75,39.75,0.54117
1800,477.25,151,16.75,33,0.53829
1800,590.75,414.75,13.75,27.5,0.53805
1800,389.25,366,15,29.75,0.53783
1800,62.75,332.25,18.5,36.75,0.5374
1800,599.75,319.25,12.25,24.75,0.53682
1800,324.5,224.25,12,24,0.53392
1800,522.25,426.75,16.5,33,0.53338
1800,95.75,157.75,23.75,47.5,0.53326
1800,13,147.25,14.5,29.25,0.53295
1800,397,365.25,12.75,25.5,0.53167
1800,284.75,289.5,15.5,31,0.53163
1800,542.5,308,14,28,0.53129
1800,628.5,412,12.5,25,0.53107
1800,224.75,149,11.5,23,0.53092
1800,419,328.5,12,24,0.53092
1800,76.5,314.25,20.5,41.5,0.53046
1800,56.75,353,11.5,23,0.53036
1800,612.5,368.5,14.5,28.75,0.53026
1830,375.5,414.5,13.25,26.25,0.55733
1830,325.25,380,13.25,26.75,0.55126
1830,308.5,383.75,16.25,32.5,0.55075
1830,616.5,369.75,24.75,49.5,0.54659
1830,519.5,110.25,12.75,25.5,0.54429
1830,292.25,411,15,29.75,0.54419
1830,236.5,149,12,24,0.54199
1830,261,358,14.75,29.75,0.54026
1830,429.5,409.25,15.25,30.75,0.53994
1830,395.5,312.5,12.5,24.75,0.5399
1830,23.5,380.25,12,23.75,0.53977
1830,316.75,368.5,15.5,31.25,0.53687
1830,581.75,357.25,13.5,27.25,0.5367
1830,147.75,443.75,14.5,29,0.53585
1830,405.75,344.25,12.25,24.75,0.53501
1830,341,234.75,14.5,29.25,0.53469
1830,349,252.5,12.75,25.5,0.53372
1830,349.25,418.75,12,24,0.53369
1830,406.5,302,14.5,29,0.53229
1830,324.25,364.25,16.5,32.5,0.53224
1830,261.5,312.5,13.5,26.75,0.53224
1830,167.5,398.5,13.5,27.25,0.53103
1860,68.5,380.25,14.25,28.5,0.57468
1860,277,369.5,15.5,31.25,0.55448
1860,356.75,335.25,15,30,0.54691
1860,389.75,362.75,14,28.25,0.5468
1860,51.5,388.75,16.25,32.25,0.54654
1860,486.5,382.5,14.5,29,0.54543
1860,311.5,99.5,12.5,24.75,0.54511
1860,405,366,13.75,27.5,0.54465
1860,375,271.25,14.5,29,0.54351
1860,109.75,380.5,13.75,27.25,0.54116
1860,200,376.75,12.25,24.25,0.54113
1860,443.75,277.25,12,24.25,0.53983
1860,300.75,293.5,12,24,0.5389
1860,421.25,357,14,28,0.53818
1860,380.75,335.75,16.5,33.25,0.53775
1860,353.25,240.25,12.5,25.25,0.5375
1860,279.75,333.5,15.25,30.25,0.53671
1860,598,125.5,18,36,0.53625
1860,436.25,332.25,16.5,32.75,0.5352
1860,118.5,165,19.25,38.5,0.53467
1860,414.75,339,13.5,27,0.53457
1860,113.25,166.5,12.75,25.5,0.53427
1860,365.75,338,14.25,28.25,0.534
1860,595.5,102.5,13.75,27.75,0.53368
1860,427.75,333.5,17.75,35.25,0.53298
1860,156.75,370.5,14.5,28.75,0.53287
1860,383,260,13.5,27.25,0.53215
1860,389.25,337.75,15.75,31.75,0.53213
1860,547.75,292.75,13.25,26.25,0.53173
1860,584.25,51.75,12.25,24.5,0.53158
1860,88.5,364.75,12,23.75,0.53146
1860,178.75,348,16,31.75,0.53139
1860,382,136.5,18.5,37.25,0.53124
1860,310.5,353,13.75,27.5,0.53113
1860,348.75,376.5,12.75,25.5,0.53105
1860,243.25,280.25,15,30,0.53088
1860,493,432,12,24,0.53066
1860,300.25,341,12.75,25.5,0.53059
1860,232.25,328.5,12,24,0.5304
1860,54.25,271,12.75,25.5,0.53023
1890,315,383.75,17.5,35,0.55954
1890,283.75,385,18.25,36,0.55569
1890,598.5,102.75,13,26.25,0.55461
1890,310.25,91.75,13.5,26.75,0.55133
1890,394.75,400.75,11.75,23.75,0.5477
1890,419.75,401.75,16.5,33,0.54268
1890,148.25,415.25,14.75,29.75,0.54184
1890,446,120,22.25,44.5,0.54142
1890,164.5,348.5,13.5,26.75,0.53985
1890,256.25,361.75,12.75,26,0.53943
1890,229,340.5,15.25,30.75,0.53935
1890,206.25,297,12.25,24.25,0.53793
1890,363.5,351.5,14.5,29,0.53744
1890,220.5,384,14.75,29.75,0.53572
1890,93.75,168,13.25,26.75,0.53527
1890,364.25,368.75,12.25,24.25,0.53515
1890,612.75,137,11.5,23,0.53405
1890,470,431,12.5,25.25,0.53351
1890,410.25,292.75,12,24,0.53338
1890,168.25,416.75,12.25,24.25,0.53335
1890,249.5,298.75,27.5,54.75,0.53314
1890,226.25,313.75,21.25,42.25,0.53282
1890,397,340.5,13.5,26.75,0.53256
1890,45.5,279.5,13,25.5,0.53253
1890,332.25,173.5,12,24.25,0.53179
1890,6.75,187.25,13.5,27,0.53177
1890,68.75,305.75,16.5,33,0.53158
1890,232.75,143.75,11.5,23,0.53156
1890,388.75,415.25,12.75,26,0.53096
1920,68.25,302.75,13,25.75,0.56127
1920,-0.75,173.25,14.5,29.25,0.55592
1920,598,102.75,13.25,26.25,0.55461
1920,91.5,300.75,12.5,25,0.55157
1920,602.75,105.75,19.75,40,0.5469
1920,397.75,326.25,13.75,27.5,0.54683
1920,27.75,20.5,13.75,27.5,0.54325
1920,348.25,393,15.25,30,0.54182
1920,502,389.5,12.75,25.5,0.54074
1920,348.5,408.75,12,24.5,0.54028
1920,437.25,340.75,12.5,25.5,0.5398
1920,298.75,302.75,17.5,35,0.53962
1920,625.75,448.25,14.75,29.75,0.53934
1920,294,79.5,15.25,30.75,0.53908
1920,309.25,323.75,15,29.5,0.53705
1920,292,73.25,14,27.75,0.53659
1920,189.25,368.75,15,30,0.5361
1920,221.75,147.5,14.75,29.5,0.53522
1920,32.25,112,82.25,164.5,0.53504
1920,467.75,383.5,14.5,29,0.53476
1920,584.25,324.75,12.5,25,0.53464
1920,508.5,396.25,14.25,28.5,0.53461
1920,76.25,429.25,12,24,0.5342
1920,503.75,329.75,14,27.75,0.53399
1920,389.25,362.5,14,28,0.53382
1920,397,299.5,15,30,0.53293
1920,282.5,309.25,26.5,53.25,0.5328
1920,60.25,311,16,31.75,0.5328
1920,67,294.25,13.25,26.5,0.53248
1920,60,300.75,13.75,27.5,0.53244
1920,268.75,348.5,15,29.75,0.53228
1920,307.5,298.5,18,35.75,0.53192
1920,594,236.25,18.5,37.5,0.53118
1920,381.5,363.5,13.75,27.25,0.5309
1920,612.5,94.75,16.25,32.25,0.53015
