30,411.75,323.75,16.5,33,0.56628
30,488,402,12.25,25,0.56565
30,405.25,379.75,14,28,0.55444
30,389.75,302.25,13.25,26.5,0.55134
30,397.5,319,13,26.25,0.55041
30,174,53.75,13.25,26.75,0.54778
30,107.25,410.75,20,39.75,0.5477
30,379.5,405.25,17.75,35.5,0.54738
30,421.25,324.75,14.5,29,0.54575
30,396.25,419.5,14.75,29.5,0.54546
30,11.75,72.5,12,24,0.5432
30,171.5,378.75,14,28.25,0.54252
30,277.75,420.25,13.75,27.5,0.54224
30,183,54.5,13,25.5,0.54119
30,304.25,189.25,19.5,39,0.54006
30,148.5,394.25,14.75,29.75,0.54004
30,628.25,257.75,12.25,24.75,0.53978
30,235.75,194.5,15,30,0.53932
30,168.25,375,12.75,25.5,0.5391
30,554.5,398.5,12.75,25.5,0.53866
30,228.25,398.75,17,33.75,0.53796
30,25.25,187.25,13.25,26.5,0.53746
30,396.75,336.5,23,46.25,0.53663
30,443.75,320.75,12.5,25.5,0.53638
30,506.25,379.75,17.75,35.75,0.53574
30,317,337.25,15.5,30.75,0.53507
30,364,33.5,13,25.75,0.53456
30,73.75,59.25,13.25,26.25,0.53439
30,124.25,177.25,19.5,38.5,0.53412
30,220.25,306.75,12.75,25.5,0.534
30,525,379.25,15,29.75,0.53308
30,11.75,93,13.25,26.5,0.53274
30,461.25,378.5,13.5,27.25,0.53252
30,26.5,270.75,12.75,25.75,0.53251
30,325,424.25,12.75,25.75,0.53249
30,232,197.25,30.5,61,0.53212
30,306.25,178,15.5,31,0.53198
30,308,364.75,17.5,35.25,0.53186
30,86.5,412,12.5,25.25,0.5311
30,608.25,256,33.5,67,0.53104
30,523.75,423.75,16.25,32.5,0.53088
30,178.25,47,16.5,33,0.53062
30,216.5,133.5,16.75,33.25,0.53059
30,176.75,347,11.5,23,0.53045
60,331.75,294.75,13,26.25,0.56534
60,493.5,176.25,18,36,0.56448
60,411.75,368.5,16.5,33,0.5505
60,132.5,337.75,14.75,29.75,0.54727
60,343.5,336.75,12.5,25,0.54697
60,194.25,348,13.5,27,0.54559
60,564.5,316.5,14.5,29.25,0.54474
60,40.5,120.75,12,24,0.54409
60,442,331.25,18.75,37.75,0.54355
60,604.75,335.5,12.75,25.75,0.54284
60,348.25,376,12.75,25.5,0.5428
60,316.5,177.75,38.75,77.5,0.54094
60,473.75,173.5,17.25,34.25,0.54065
60,557,318.75,14.75,30,0.54031
60,524.5,75.25,90.25,180.5,0.53881
60,132,383.25,16.25,33,0.53808
60,299.25,290.5,16.25,32,0.53782
60,341.75,389.75,13.5,26.75,0.53755
60,548.5,299,15.5,31,0.53754
60,141,403.25,14.25,28.25,0.53644
60,406,124.5,12.25,24.5,0.53603
60,364.25,269.75,15.5,31,0.53553
60,548.5,413.75,14.25,28.5,0.53519
60,22.75,22,21.25,42.25,0.53518
60,29.75,362.25,14,28,0.53479
60,440,176.25,16.5,33,0.53435
60,439.75,320.75,12.25,24,0.5333
60,469,427.75,14,28.25,0.53329
60,180.25,109.5,20.25,40.75,0.53326
60,300.75,303.5,12.5,25,0.53286
60,265,400.75,11.75,24,0.53212
60,316,182.5,12.5,24.5,0.53157
60,192.25,123,19.75,39.75,0.53142
60,242,304.5,14.75,29.5,0.53129
60,141.75,104.75,59.5,118.5,0.53124
60,604,320.25,14.5,29,0.53109
60,525.5,66.25,14.75,29.75,0.53098
60,381.25,276.75,15.25,30.25,0.53038
60,283.75,301.75,12.5,25,0.53009
90,405,378,14,28.25,0.57691
90,466.75,170.5,21,41.75,0.56036
90,365.75,374.25,13.5,27,0.55899
90,531.75,168.75,24,48,0.55843
90,8.75,126,13,26,0.55465
90,625.5,442,15,30,0.5528
90,46,63.25,90.75,181.5,0.54816
90,188.25,357.75,12.5,25.25,0.54787
90,164.25,406.75,14,28,0.54771
90,267,325,13.75,27.75,0.54325
90,366,394.25,12,24.25,0.54237
90,107.75,89,70.5,141,0.54179
90,190,324.25,12.25,24.25,0.54176
90,44.5,333.75,13.5,26.75,0.54156
90,405.75,138.75,34.75,69.25,0.54143
90,109.25,176.5,21.5,42.5,0.54026
90,506.25,167.75,21.75,43.5,0.5401
90,486,265.75,13.75,27.5,0.53948
90,60.75,378.25,14.25,28.5,0.5391
90,55.25,178.5,20,40.25,0.53877
90,155.25,178,12,24,0.53692
90,411.75,7,15.75,31.25,0.53681
90,389.75,411,14,27.75,0.53628
90,122.25,139.75,12.25,24.5,0.53497
90,36.25,330.5,15.25,30.5,0.53469
90,198,245.25,26.25,52.5,0.53457
90,319.25,397.75,17.5,35.25,0.53385
90,488.25,162.25,27.25,54.5,0.53331
90,331.5,401.5,14,28,0.53329
90,100.75,352.5,15.25,30.5,0.53263
90,183,324.25,12.75,25.75,0.53178
90,40.75,397,11.5,23,0.53146
90,462.25,179,14.5,29.25,0.5314
90,358,213,15,29.75,0.53131
90,494.25,265.75,12,24,0.53089
90,150.25,92,24.75,49.5,0.53084
120,212,351.25,16,32.25,0.56085
120,31,167.5,32.25,64,0.55639
120,288.5,359.5,12.5,25,0.55556
120,381.5,291.75,13.75,27.25,0.55261
120,149.25,378.75,13.75,27.5,0.55143
120,132.5,363.75,13,26,0.54874
120,48.5,57,92.75,185,0.54795
120,341,371.5,14.5,28.75,0.54755
120,-11.75,35.25,105.75,211.25,0.54522
120,562.75,315.25,17.5,35.25,0.54333
120,317.75,180.5,12.75,25.25,0.54278
120,243.5,331.5,13.75,27.5,0.54235
120,604.5,317.75,13.75,27.75,0.54065
120,626.25,209.75,14,27.75,0.54031
120,379.75,181.75,13.5,27,0.53884
120,572.5,435.75,14.75,29.5,0.53849
120,515.75,342,16,32,0.53821
120,140,364.25,12,24,0.53814
120,423.75,391,12.75,25.5,0.53799
120,571.5,156.5,30,60.25,0.53772
120,275.25,348,18,36,0.53655
120,347.75,359.75,16,31.75,0.5364
120,468.25,417.25,12.75,25.75,0.53634
120,354.75,363.5,18.25,36.75,0.53626
120,549.25,281.75,15.5,31.25,0.53605
120,53.75,385,15,30.25,0.53586
120,168,348.75,12.5,24.75,0.53451
120,378.75,285.25,12,23.75,0.53421
120,588.75,439.25,13.25,26.25,0.53421
120,620.5,316.75,12,24,0.53406
120,619.5,296.25,21.75,43.25,0.53374
120,113.5,67.5,31.25,62.5,0.53285
120,248.5,379,12,23.5,0.53272
120,267.25,337.25,17.25,34.75,0.53268
120,555.75,379.5,18,35.75,0.53266
120,397.25,332,13,26.25,0.53232
120,218.75,173.5,14,27.75,0.53231
120,20.75,202.25,16,31.75,0.53164
120,531,55.5,15,30,0.53152
120,242.75,366,15,29.75,0.53134
120,310,332.75,12.25,24,0.53126
120,463,241.25,14.25,28.5,0.5312
120,357.75,433,17.25,34.75,0.5312
120,594.25,282,13.25,26.25,0.53114
120,412.25,402.25,15.75,31.75,0.53084
120,356.75,357,14,27.75,0.53073
120,589.5,447.25,13,26,0.53064
120,182.75,155,11.5,23,0.53041
120,571.75,317.25,18,36,0.53039
120,283.75,349.25,12.5,24.75,0.53038
120,246.75,334.5,14.75,30,0.53027
120,615.5,135.75,22.5,44.5,0.53014
150,293.5,303.75,14.25,28.25,0.56365
150,333,353,15,30.25,0.55971
150,202,362.75,13.5,27.25,0.5542
150,230,335,13.25,26.5,0.55381
150,608.75,69.75,36,71.75,0.55346
150,443.5,386.5,14.5,29.25,0.55261
150,403.25,366.25,17.25,34.75,0.55155
150,134.25,370.5,14.25,28.5,0.54911
150,194.75,364.75,14,28,0.54807
150,328,414.75,12.25,24.25,0.54772
150,204,384.75,16,32,0.54685
150,245.75,137.5,13,26,0.54631
150,237.25,335.5,13.25,26.5,0.54619
150,284.75,347.25,14.25,28.75,0.546
150,389.25,379,14.25,28.5,0.5459
150,140.75,393.25,15.25,30.5,0.54514
150,348.25,273.25,13.75,27.25,0.54226
150,277.25,348.25,14.75,29.25,0.54202
150,148.5,384,14.5,28.5,0.5419
150,396.5,369.75,15,29.75,0.54135
150,251.5,328.25,13.5,27.25,0.54089
150,211.75,384.25,16.25,32.75,0.53988
150,109.25,400.75,13,25.75,0.53967
150,203.5,376.25,12.75,25.75,0.53892
150,405.25,357.75,14.5,29,0.53888
150,166.5,165.25,13.25,26.25,0.53874
150,596.5,304.25,12.5,24.75,0.53821
150,358.25,348.75,14,28,0.53818
150,609.25,428.5,22.75,45.5,0.53784
150,316.5,297.75,15.75,31.75,0.53762
150,412,356.75,13.75,27,0.53702
150,300,202.5,19.5,39.25,0.5367
150,315.25,177.25,14.25,28.5,0.53663
150,579.5,320.5,14.25,28.25,0.53627
150,172.25,376.5,13,25.75,0.53596
150,443.5,78.25,63.5,127,0.53585
150,392.5,182.25,17.75,35,0.53554
150,348.75,336.5,12.75,25.75,0.53407
150,536.5,285.5,11.75,24,0.53381
150,343,294.25,23,45.75,0.53305
150,85.25,395.75,14.75,29.5,0.53305
150,604.5,349.5,16,31.75,0.53292
150,188.25,359.5,12.5,25.25,0.53277
150,107.5,86,74.75,149.25,0.53272
150,293.5,354.5,15.5,30.75,0.53257
150,203.75,175,13,26,0.53244
150,540.5,304.25,11.75,23.5,0.53243
150,605.25,424.5,24,48,0.53214
150,413,358.75,22.5,45.25,0.5317
150,378.75,321.25,15.75,31.5,0.53168
150,616.5,170.75,25.75,51.75,0.53166
150,210.25,314.75,13,25.75,0.53165
150,166,366,12.5,25.25,0.53155
150,76.75,67.75,36,72,0.53153
150,267.75,257,12,23.75,0.53133
150,532.5,423.5,14.75,29.25,0.53055
150,227.75,327.25,12.75,25.75,0.53029
150,614.25,153.5,11.75,24,0.53028
150,252.5,293.5,15,29.75,0.53006
180,428.25,208.25,13,26.25,0.56654
180,149.75,415,13,26,0.56554
180,216.75,346,18.25,36.5,0.55963
180,285.25,414.5,13.25,26.5,0.55605
180,364.5,416,12,24.25,0.55508
180,413,407.5,13,25.75,0.55489
180,130.5,131.25,13.75,27.5,0.54685
180,32,252,15,30,0.54597
180,142,135,13.25,26.5,0.54555
180,411.5,391,16.5,33,0.5454
180,588,178.5,16.25,32.5,0.54297
180,194.75,401.25,15,30,0.54282
180,212.25,408.25,13,25.75,0.54136
180,237.25,405.75,14,27.5,0.54132
180,294.75,396.25,12.75,25.5,0.54081
180,155.75,404,13.75,27.75,0.54078
180,25.75,252.25,15,30.25,0.5398
180,329,353.25,25,50,0.53972
180,135.25,405.75,13.25,26.5,0.53879
180,179.75,176.75,16.25,32.75,0.53839
180,346.75,247,17.25,34.75,0.538
180,98.25,389,14.25,28.25,0.53792
180,218,357,14.25,28.5,0.53778
180,252.75,413.25,11.75,23.5,0.5375
180,212.25,126.25,40.5,81,0.53745
180,531,357.5,13.75,27.25,0.53728
180,256.25,412.5,11.75,23.25,0.5369
180,278.25,398.25,13.25,26.5,0.53679
180,356.25,369.5,15,30,0.53644
180,51.25,317.75,16.75,33.25,0.53638
180,483.25,402.75,12.25,24.75,0.53518
180,145.75,400.5,12.5,25,0.53508
180,230.25,349,12.5,24.75,0.53483
180,308,366,17,33.75,0.5348
180,357.5,394,13.25,26,0.53478
180,341.25,404.5,14.25,28.5,0.53434
180,324.5,338.5,14.75,29.5,0.53431
180,628.25,179.75,12.5,25,0.5339
180,422,182.75,12.75,25.75,0.53341
180,-5,43.5,40.5,81,0.53275
180,11.75,95.75,13.75,28,0.53209
180,160,182.75,13.25,26.5,0.53169
180,608,99.5,35,70,0.53127
180,419.25,197.5,19.75,39.75,0.53126
180,126,225,27,54,0.53124
180,317.75,358.75,12.5,24.75,0.53117
180,109.75,246.25,18.5,37,0.53099
180,261.75,408,12.75,25.25,0.53083
180,41.25,250.25,15,30.5,0.5307
180,309.75,400.75,14.5,29.25,0.53065
180,395.75,398.75,14.5,29,0.53018
210,137.75,82.5,68.5,136.75,0.56322
210,184.75,318.75,15.5,30.75,0.56276
210,333.5,393,13.25,27,0.55777
210,333.5,242.75,14.25,28.75,0.55314
210,155.75,116,13.25,26.75,0.55094
210,40.75,341,11.5,23,0.54714
210,194.25,114.25,46.5,93.25,0.54704
210,539,434.75,17.25,34.5,0.54387
210,343.75,341,13.75,27.5,0.543
210,341,244.25,14,27.75,0.54192
210,565.25,296.5,75.5,151,0.54184
210,201.25,171.25,16,31.75,0.54113
210,606.25,155.25,32,63.75,0.5409
210,69.75,394.75,14.75,29.75,0.54076
210,61.25,379.75,14,27.75,0.5404
210,532.25,441.5,15,30.25,0.54011
210,147.5,175.75,19.75,39.75,0.54006
210,422.75,451,11.5,23,0.53838
210,316.5,313.25,15.25,30.75,0.53822
210,355.5,385.25,16.5,33,0.53777
210,92.75,142.25,11.75,23.75,0.53753
210,341,432.75,18.75,37.25,0.53711
210,539,367.75,16.25,33,0.53697
210,51.75,381.5,16.75,33.5,0.53687
210,451.75,336,13,25.75,0.53639
210,45.5,370.25,13.25,26.5,0.53594
210,339.75,170.5,12.75,25.5,0.53577
210,356.25,436.75,16.25,32.5,0.53569
210,519.5,195.5,16.75,33.25,0.53557
210,612.75,156.5,19.25,38.5,0.53466
210,218.75,174.5,12.75,25.75,0.53458
210,532,348,14.75,29.25,0.53456
210,94.25,23.5,13.25,26.5,0.53443
210,623.75,197,13,26,0.53426
210,324.25,435.75,17,34,0.5339
210,572.25,398.25,11.75,23.75,0.53379
210,40.5,393.75,12,24,0.53366
210,477.25,446.5,13.25,26.75,0.53309
210,303,384.25,14.5,29,0.53265
210,532.75,57.25,14.75,29.5,0.53236
210,605.75,297.5,12.75,25.5,0.53209
210,144,78.5,13,26.25,0.53185
210,111.25,380.25,13.5,26.75,0.5317
210,531.25,27.5,30.75,61.5,0.53146
210,498.75,244,14,28,0.53133
210,388.75,170.5,17.25,34.5,0.53129
210,84,19.5,13.25,26.25,0.53083
210,500.5,353.75,12,24,0.53012
210,278,375,14.25,28,0.5301
240,613.5,320.25,13.25,26.5,0.56461
240,405,397,14,28.25,0.56331
240,277.5,313.5,14.25,28.5,0.55903
240,580.75,421.75,14.75,29.5,0.55506
240,557.25,359.25,13,25.75,0.55504
240,231.25,385,12.75,25.5,0.55484
240,268.25,353.5,16.25,32.25,0.55429
240,70.5,325.5,13.5,27.25,0.54843
240,572.25,421.25,15.5,31,0.54776
240,165.5,327.25,13.75,27.75,0.54696
240,491,397.5,17.25,34.25,0.54666
240,253.5,318.75,13.75,27.25,0.54577
240,84,333.25,16.75,33.5,0.54533
240,324.5,313.5,15.5,30.75,0.54474
240,-2.75,429,21.75,43.25,0.54453
240,108,330.75,12.5,25,0.54395
240,230.75,371,14.5,29,0.54391
240,116.5,402.25,15.75,32,0.54361
240,491.25,414,16.25,32,0.54307
240,54.25,338.5,14.5,28.75,0.54307
240,341,358.25,15,30,0.543
240,63.75,321.5,14,28.25,0.54293
240,175.25,180.5,11.75,23.25,0.54283
240,397.5,297.25,13.75,27.25,0.5426
240,556.5,395.25,13,25.75,0.54257
240,571,148.75,13,25.75,0.54236
240,406.25,178.75,19,38,0.54226
240,111,451,12.75,25.5,0.54185
240,477,249,12.75,25.25,0.54097
240,181.25,320,14.5,29.25,0.54044
240,268.75,312.25,15.5,30.75,0.54028
240,246,277.25,13.75,27.5,0.53997
240,445.25,191,14,28.25,0.53973
240,277.5,395.75,14.5,29,0.53959
240,269,386.75,14.75,29.5,0.53881
240,134.5,172.75,13,25.75,0.53823
240,340.5,225.25,12.25,24.75,0.53816
240,389.25,317.75,14.25,28.5,0.53803
240,204.25,364.5,16.5,32.5,0.53802
240,332.5,270,14.5,29,0.53758
240,263,391.5,12.5,24.75,0.53737
240,218.75,303,16,31.75,0.53734
240,315.75,316,16.25,33,0.53732
240,420.75,384.5,16,32,0.53669
240,284.5,386,15.25,30.5,0.53648
240,140,378.25,17.75,35.5,0.53645
240,11.75,220.75,14.5,29,0.53625
240,107,377.75,17,33.75,0.53621
240,172.75,320.25,15.75,31,0.5362
240,501.5,406.25,12.75,25.5,0.53614
240,600,314.25,12.75,25.25,0.53592
240,315.5,263.25,13,26.25,0.53591
240,285,316.5,14.25,29,0.53586
240,86.5,51.5,12.25,24.5,0.53583
240,470.5,414,12.25,24.5,0.53553
240,141,354.25,15,30.25,0.53548
240,422,349.25,13,26.25,0.5352
240,291.75,362.5,18.5,37.25,0.53464
240,524.75,360.5,14,28,0.53463
240,315.75,271.5,13.25,26.5,0.53423
240,455.75,360.25,12.75,25.5,0.53405
240,364.25,384.75,16,32.25,0.5332
240,396.5,340,14,28.25,0.53298
240,241.75,133,35.25,70.5,0.53283
240,447,389,13.75,27.5,0.53256
240,606.75,144.75,13.25,26.25,0.53251
240,607.25,314.75,12.75,25.5,0.53251
240,525.75,331,13.5,27.25,0.5324
240,284.75,304,14.75,29.75,0.5321
240,188,353.5,15.5,31,0.53177
240,256,398.25,13.25,26.5,0.53177
240,443.5,430.25,13,26.25,0.53169
240,372.5,262,12.5,24.5,0.53133
240,120.5,377,11.75,23.5,0.53111
240,186.75,330.5,18.25,36.75,0.53107
240,491.5,388.5,15.75,31.75,0.53082
240,276.25,296.75,15.75,31.75,0.53045
240,221,325.5,15,30,0.53018
240,105.75,99.5,12.75,25.5,0.53014
240,172,441,16.75,33.25,0.53009
270,421.25,389.25,14.25,29,0.55821
270,564,250.5,14.5,29,0.55487
270,198,348.5,13,25.75,0.55384
270,260.75,385.5,14,28.5,0.55148
270,599.5,318.75,13,26,0.54624
270,509,343.5,14,28,0.54583
270,588.5,310.75,12.75,25.5,0.54346
270,469,364.5,12.25,24.5,0.54276
270,197.25,371,14,27.75,0.54247
270,501.25,162.5,41.75,83,0.54159
270,292.25,347.5,13.75,27.5,0.54102
270,60.5,382.75,14.75,29.5,0.54087
270,77.25,318,13.75,27.5,0.54058
270,118,374.25,13,26,0.54028
270,70.5,331.75,13,26.25,0.5399
270,51,29,17,33.75,0.53981
270,340.75,250.75,29.25,58.25,0.53976
270,78.25,364.75,12,24,0.53822
270,277.25,398.75,13.5,27.25,0.53785
270,36.25,368,15,30.25,0.53753
270,508.75,404,14.5,29.25,0.53748
270,421.25,411.5,14.25,28.25,0.53684
270,604.75,429,11.5,23,0.53675
270,408.25,292.75,12,24,0.53622
270,595.75,427.75,15,30,0.53609
270,168,359.5,12.75,25.25,0.53539
270,373,408.75,14.75,29.75,0.53459
270,364.25,342.75,16,32.5,0.53435
270,40.75,394.5,11.5,23.25,0.53434
270,1,200,15,30.25,0.5343
270,269,391.5,13.5,26.75,0.53321
270,113.5,418.75,12.25,24.75,0.53259
270,285.25,252.75,27.75,55,0.53255
270,309.5,328,13,25.5,0.53238
270,370.25,314.75,17.25,34.75,0.53232
270,316.5,319.25,16.25,32.5,0.53232
270,392.75,148.5,23,46,0.5321
270,267.75,370,13.25,26.75,0.53182
270,67.5,83,12.75,25.75,0.53135
270,179.25,366.25,16.75,33.5,0.53119
270,545,60.5,15.25,30.75,0.53093
270,284.25,412.25,14.5,29.5,0.53085
270,389.25,347,13.5,27.25,0.53064
270,232.75,129.5,38.5,77.25,0.53059
270,490.25,90.5,12,24.25,0.53008
300,341.25,356,14.5,29.25,0.57215
300,134.5,390.75,13,26,0.56626
300,11.75,132.75,13.5,26.75,0.56447
300,500.75,230,13.5,27.25,0.56032
300,140.5,397.75,14.5,29,0.55479
300,403.75,395.25,15.75,31.5,0.55444
300,444.25,403.5,12,24,0.55249
300,158.25,391.5,18.75,37.25,0.55244
300,347.75,408.5,16,31.75,0.55171
300,482.5,382,13,26,0.5507
300,455,402,12.5,25.25,0.54764
300,332.5,417.75,15.25,30,0.54734
300,340.5,414.75,14.75,30,0.54631
300,101,412.5,14,28,0.54578
300,43.5,395.25,15.75,31.5,0.54571
300,45,318,13.5,26.75,0.54439
300,464.25,212.25,16.75,33.25,0.54082
300,323.75,365.5,17.25,34.25,0.54037
300,444.25,379,14.75,29.75,0.53999
300,195.75,395.5,14.75,29.75,0.53967
300,380.75,212.5,15.75,31.5,0.53966
300,200,288,12.25,24.75,0.53961
300,323.75,357.5,15,29.75,0.53902
300,72.25,108,12.25,24.5,0.53861
300,490.5,380,18.75,37.5,0.53844
300,436,362.5,15,29.75,0.53832
300,345.5,175,21.25,42.5,0.53761
300,13.25,181.25,15.5,31,0.53732
300,324.5,385,14.75,29.25,0.53727
300,467.75,408.5,15.5,31,0.53719
300,442.5,382,21,42,0.53717
300,32.75,184,28.75,57.25,0.53679
300,211.75,267.25,15.25,30.5,0.5364
300,366.5,382.5,12.25,24.75,0.53606
300,87.25,115.25,13.5,27,0.53594
300,398.75,381,14.25,28.5,0.53582
300,344,266,12.75,25.5,0.53552
300,164,408,12.5,25,0.53513
300,239.75,163,46,91.75,0.53484
300,299.75,409.25,15.75,31.25,0.5346
300,51.5,200.75,14.25,28.5,0.53384
300,378.5,378.75,11.75,23.75,0.53354
300,171.25,396.5,14.25,28.75,0.53345
300,582.25,169,12,23.75,0.53312
300,316.5,399,16.25,32.75,0.53287
300,197,375.5,14.5,29,0.53279
300,250.75,146,27.75,55.75,0.53273
300,387,130.75,14.75,30,0.53251
300,284.5,354.25,11.75,23.75,0.53234
300,347.75,389,16,32.25,0.53211
300,195.75,111.75,53.5,107,0.53193
300,124.5,408,16,32,0.53164
300,410.75,257.5,12.5,25,0.53134
300,15.25,130,15.25,30.5,0.53099
300,253.5,362.25,13.25,26.75,0.53073
300,603,437.5,17.5,35,0.53045
300,386.25,398,17.25,34.75,0.53029
330,292.75,401.75,15.75,31.5,0.57864
330,60.25,396,15.75,31.5,0.57198
330,355.75,15.5,14.5,28.75,0.5667
330,498.25,127.75,35.5,71.25,0.5616
330,427.25,147.75,15.75,31.5,0.55171
330,619,431.75,22.25,44.5,0.5493
330,546.25,235.5,34.75,69.5,0.54552
330,232.25,372.25,12.5,25,0.54503
330,411.25,334.25,18,36.25,0.54302
330,317.25,418.75,14.5,29.25,0.54256
330,478.5,402.25,14,27.75,0.54251
330,539.25,373,12,24,0.54188
330,392.5,150.75,24,47.75,0.53959
330,286,403.25,13,26,0.53868
330,453.75,422.25,14,28.25,0.53673
330,148.75,362.5,14,28,0.53638
330,410.75,312.5,12.5,24.75,0.5357
330,309,384,15,30.25,0.53509
330,506.5,156.75,21.25,42.75,0.53446
330,250,360.75,16,32,0.53443
330,227.25,411.75,13,26,0.53434
330,269.75,369,12.25,24.75,0.53385
330,614,98,24.25,48.5,0.53368
330,545.25,384.75,12,24.25,0.53356
330,401,330,19.5,39,0.53341
330,455.5,377,12,24,0.53316
330,282.5,351.75,15.25,30.5,0.53316
330,573.75,57.75,67,134.25,0.53307
330,48.25,60.75,96,191.75,0.5327
330,439,426.25,12.75,25.75,0.53268
330,310.25,399.25,12.5,25,0.53232
330,374.25,300.25,12.25,24.5,0.53232
330,92.75,352.25,13.75,27.25,0.53179
330,345.25,349.25,28.25,56.5,0.53153
330,320.25,356,12.5,25.5,0.53145
330,467.75,402,15,30,0.53112
330,333.25,410.75,14.5,29.25,0.53086
360,25.25,197,18,35.75,0.55628
360,151.75,371,13,26.5,0.55465
360,395.5,371.25,17.25,34.5,0.55178
360,306.25,333.75,19.5,39,0.55141
360,85.5,362.25,13.75,27.5,0.55101
360,317.5,379.5,14,28.25,0.551
360,214,288,12.75,25.25,0.55061
360,454.25,425.25,12.5,25,0.54798
360,148,392.25,14.75,29.5,0.54722
360,274.5,169.25,19,38,0.54701
360,220,295,15.75,31.25,0.54661
360,341.5,399.75,13,25.75,0.54512
360,244,372,14.5,29,0.54165
360,348.5,423.25,13.25,26.5,0.5412
360,260.25,362.25,12.75,25.5,0.53959
360,347.75,309,13.5,26.5,0.53846
360,106.25,46.5,12.5,24.75,0.53664
360,332.75,378,15.25,30.25,0.53643
360,204.5,413,15.5,30.75,0.53558
360,421.75,412.75,14.25,28.25,0.53524
360,328.5,368.25,11.75,23.25,0.53412
360,286.75,177.25,15.5,31,0.53385
360,382,365.5,14.5,29,0.53346
360,247,175,16.25,32.75,0.53312
360,282.5,331,24.25,48.5,0.53312
360,395.25,329,17.75,35,0.53286
360,141,398.5,12,24.25,0.53268
360,332.5,335.25,12.75,25.5,0.5321
360,168.75,309,11.5,23,0.532
360,292.75,205.75,13.75,27.5,0.5319
360,390,381,13,26.25,0.53188
360,214.75,379,12,24,0.53182
360,330,204.75,33.5,67,0.53163
360,490.5,156.5,18.75,37.5,0.53155
360,116.25,373.75,13,25.75,0.53149
360,172,340,14.25,28.5,0.53075
360,303.75,349.25,12.75,25.75,0.5305
360,424,379.25,12.75,25.5,0.53018
390,124.25,109,12.25,24.5,0.54827
390,220,215,71.75,143.25,0.54534
390,-1.75,166.75,18.5,37,0.54533
390,320.25,216,73.25,146.75,0.54273
390,311.25,359.5,13,26.25,0.54102
390,574.75,291,15,29.75,0.53987
390,627,445,14,27.75,0.53963
390,416.25,395.5,12.25,24.25,0.53909
390,448.25,296.5,12.25,24.75,0.5388
390,223.75,175.5,15.75,31.75,0.53816
390,389.5,421.5,14.25,28.75,0.53478
390,555.75,445,14,28.25,0.53411
390,594.75,76.25,16.5,32.5,0.53408
390,381.75,415,13.25,26.5,0.53168
390,524.75,136.5,20,40,0.5314
390,282.5,452,13.25,26.5,0.53124
390,519,359,13.25,26.25,0.53112
390,88.75,37.25,12.25,25,0.53099
390,397.25,417,14.75,29.25,0.53069
390,229.75,358,13,26,0.53018
420,501.25,266.75,13.75,27.5,0.56764
420,103.75,407.5,12.75,25.75,0.56763
420,540,415.75,17,34,0.55994
420,579.75,345.75,15.75,32,0.55824
420,146,404,13.25,27,0.55568
420,285,412.75,14.25,28.25,0.55448
420,300.5,395,15.25,30.75,0.55258
420,106.5,104.5,12.25,24,0.54834
420,357.75,391.25,13.5,27,0.54813
420,268.5,346.75,15.75,32,0.54739
420,356.75,327.25,12.5,25.5,0.54697
420,396.5,386.5,15,29.75,0.54562
420,549,330.5,14,28.25,0.54486
420,604.25,276.25,14.25,29,0.54466
420,349.25,369.25,14.75,29.5,0.54316
420,382.5,368.25,13,26.25,0.54237
420,220,154.25,25.5,51.25,0.54224
420,340.75,392.5,16.5,33,0.54194
420,365.5,391.5,14.5,28.75,0.54185
420,171.5,361.25,18,36.25,0.54157
420,214.75,380.25,12.5,25.25,0.54032
420,612.75,386.75,15,30,0.53997
420,308.75,384.5,16.25,32,0.53965
420,436.25,400,15.5,31.25,0.53961
420,189.25,381.5,19,38,0.53906
420,172.25,385.5,15.5,30.75,0.53902
420,269,447,13.25,26.5,0.53846
420,609,137,35.75,71.25,0.53719
420,508.25,382,12,24,0.53706
420,110.5,72.5,12.25,24.75,0.53701
420,220.75,383,12,24,0.53643
420,92.75,397.25,14.25,28.25,0.53637
420,200,364.5,12.25,24.25,0.53597
420,239.5,364.75,13.5,27,0.53585
420,375.5,389.25,12.5,25.5,0.5357
420,300,384.5,16.5,32.75,0.53562
420,252.25,356.5,12.5,25.25,0.53547
420,421.25,382.5,14,28.25,0.53542
420,392.5,366.25,24,48,0.53527
420,480,128.5,16.25,32.5,0.53508
420,581,357.5,13.75,27.75,0.53502
420,333.25,396.25,14.5,28.75,0.53492
420,214.25,448.75,11.75,23.5,0.53468
420,190.5,397.5,14.5,28.5,0.53463
420,441.5,283.5,12.75,25.25,0.53463
420,43.75,392.5,15.5,30.75,0.53425
420,341.5,317,13.75,28,0.53397
420,356.75,368,14.25,28.25,0.53375
420,496.25,248.75,12,24,0.5335
420,132.25,318.5,14.5,29.25,0.53321
420,528,273.5,12.25,24.75,0.53303
420,595.75,180.25,16.5,33,0.53193
420,60.25,365,18,36,0.53189
420,363.5,377.5,19,38.25,0.53167
420,500.75,380.25,13.25,26.25,0.53135
420,473.5,85,12,24,0.53117
420,588.75,417.5,14.5,29.25,0.53113
420,284.75,387.5,15,29.75,0.53086
420,572.25,348,16.25,32.5,0.53083
420,576,144,19.5,39.25,0.53051
450,124.25,381,12.5,25.5,0.58693
450,311.75,360.25,12.25,24.75,0.55916
450,38.25,38.25,15.75,31.5,0.55681
450,300.75,370.5,15.5,31.25,0.55296
450,92.75,367.25,14,27.75,0.55211
450,184.25,380,12.5,24.75,0.54891
450,516.75,392,12.75,25.75,0.54886
450,188.75,379,13.25,26.75,0.54626
450,416.5,420.75,12,24.25,0.54531
450,284.75,411.5,14.75,29.5,0.54481
450,327.75,231.25,12.5,25.25,0.54467
450,204.5,374.5,13.5,27,0.543
450,28.25,155.75,12.25,24.5,0.54257
450,316,401.5,16.25,32.5,0.54216
450,393.5,386,21.75,43.25,0.54193
450,204.25,381,12.5,24.75,0.54138
450,133.25,419.5,13.75,27.75,0.54097
450,27.75,161.25,13,26,0.53899
450,340.25,376,18.25,36.5,0.53825
450,452.25,233,14.75,29.25,0.5381
450,164.75,403.25,14.25,28.5,0.5374
450,212.75,383.75,14.75,30,0.53692
450,160.5,97.75,20,40,0.53664
450,556.75,429.25,13.75,27.25,0.5362
450,28.5,116.75,11.75,23.5,0.53614
450,579.75,339.75,13.25,26.5,0.53577
450,172,163.25,13,26,0.53522
450,108.75,378.5,14,28.25,0.53519
450,132.25,408.75,14.5,28.75,0.53486
450,171.25,400.25,16,32,0.53469
450,197.25,378.5,14,27.5,0.53457
450,151.5,395.5,14.5,29,0.53452
450,70.25,387.25,13,26,0.53414
450,402.5,117,17.25,34.75,0.53405
450,298.75,234.25,13,26.25,0.5338
450,508.5,141,12.75,25.5,0.53348
450,181.25,410.5,12.75,25.5,0.53319
450,237,452.5,13.25,26.5,0.53285
450,241.75,355.5,15.5,30.75,0.53282
450,191.75,450.75,12.25,24.5,0.53238
450,44.75,77,13.5,27.25,0.53234
450,445.75,403.5,13.25,26.75,0.53231
450,181.5,366.25,14,28.5,0.5322
450,261,371,16.5,33,0.53212
450,576.25,340,12.5,25.5,0.53206
450,146.5,355,14,28,0.53087
450,176.75,367.25,13.25,26.5,0.5306
450,604.25,373.25,14,28,0.5305
450,606.5,354,13.5,27,0.53046
450,540.25,258.25,13,25.75,0.53044
450,329.25,297.25,17,34,0.53024
450,154.75,396.75,17.5,35,0.53011
450,598.75,336.5,12.5,24.75,0.53009
480,178.5,356,14.25,28.25,0.58889
480,370.25,343,12.5,24.5,0.58616
480,326.75,330.5,13.5,26.75,0.57619
480,502,390.25,13.25,26.75,0.56981
480,202.25,397,13,26,0.55692
480,417.25,165,13.5,27,0.55621
480,316.75,307.5,14.75,29.25,0.55593
480,259.75,345.75,16.25,32.25,0.55316
480,234,358.5,13.5,26.75,0.55101
480,610.25,366.25,15,30.25,0.54965
480,169,350.75,13.5,26.5,0.54935
480,219.5,405,14.25,28.25,0.5445
480,454.25,451.5,12.25,24.75,0.54291
480,243.5,276.5,16.25,32.75,0.5429
480,215.75,355,31.25,62.75,0.54278
480,218,354.25,15.5,30.5,0.54106
480,290,345.25,12.5,25.25,0.54102
480,266.75,319.25,13.75,27,0.53982
480,355.75,391.75,16.75,33,0.53975
480,274.25,421.25,12,24,0.53899
480,274.25,317.75,19,38,0.53872
480,619.5,330,21.25,42.25,0.53779
480,459.75,406.25,15.5,31,0.53754
480,236.25,404.75,14,28,0.53741
480,199.75,150.5,38.75,77.5,0.53717
480,460.5,348.5,13,25.75,0.53706
480,282.25,268,13,25.75,0.53644
480,187.5,406.75,13,26,0.53576
480,186.5,355.75,15.25,30.75,0.53575
480,148.75,106,13.25,26.25,0.53572
480,451.75,425.5,14.75,29.25,0.53513
480,225.5,357.5,13.25,26.5,0.53495
480,263,300.5,12.5,25,0.53484
480,209.5,398.5,16.25,32.25,0.53483
480,220.25,380.5,15,30.25,0.53475
480,-12.25,47.25,105,210,0.53432
480,494.5,378.75,12.75,25.25,0.53409
480,593.75,98.75,13.75,27.5,0.53404
480,413.25,102,24,48.25,0.53389
480,262,279.5,34.5,68.75,0.5337
480,-3.75,186.75,30.5,61,0.53361
480,83.75,175.25,13.25,26.5,0.53355
480,610,96.25,34.5,68.75,0.53344
480,268.75,340.5,13.5,27,0.53324
480,529,171,18.5,37.5,0.53285
480,231.75,400,12.5,25.25,0.53254
480,348.75,257,12,24,0.53248
480,194.75,404.25,14,28,0.53244
480,454,364.5,13.5,27.25,0.53236
480,388.75,117.75,13,25.75,0.53225
480,252.5,397.5,18.5,37,0.53211
480,309.25,383,12.75,25.25,0.53198
480,382,392.25,20.25,41,0.53178
480,418.75,375,11.5,23,0.53171
480,604.25,271.5,14.25,28.75,0.53152
480,241.25,262.5,15.5,30.75,0.53152
480,37.75,365.75,13.25,26.25,0.53136
480,125.5,156,28.5,57,0.53131
480,470.5,224,12.75,25.5,0.53121
480,468.75,4.25,11.75,23.5,0.5305
480,299,318.75,27.5,55,0.53046
480,356.75,301,11.5,23.25,0.53035
510,365.75,368.75,13.25,26.5,0.56188
510,501.25,261.5,13.25,26.75,0.55493
510,429.5,164.75,18.5,37,0.55173
510,564.75,189.5,13,26.25,0.54809
510,110,95.25,13.75,27.5,0.54782
510,580.25,322.75,17,33.75,0.54754
510,140.75,371.25,12.75,25.75,0.54704
510,324,383.5,16,31.75,0.54685
510,411.5,354.5,12.5,24.75,0.54669
510,524.75,386.25,13.75,27.75,0.5437
510,292,356.75,14.75,29.5,0.54328
510,626,120.75,13.5,27,0.54271
510,412.25,405,13.5,27.25,0.54189
510,439.75,379.25,12.75,25.75,0.54168
510,613.5,448,14.25,28.5,0.54123
510,348.75,378.75,14.5,29.25,0.54081
510,333,283.75,16,32.25,0.54052
510,243,347.75,15.25,31,0.53922
510,539,370.75,16,32.25,0.53892
510,293.25,320.25,13.25,26.75,0.53816
510,556.75,335,12.5,25,0.53776
510,84.25,378.75,12,24,0.53773
510,205.5,412.5,12.75,25.25,0.5376
510,125.75,67,48,95.75,0.53607
510,318.25,365.75,13.25,26.75,0.53531
510,59.75,129.25,13.5,26.75,0.5353
510,90.5,64,31,62.25,0.53477
510,543.75,279,12.75,25.25,0.53449
510,326.5,291.25,13,26.25,0.53442
510,85.75,80,42.5,85.25,0.53433
510,89.75,74.5,20.75,41.25,0.53429
510,325.5,366.5,15.25,30.75,0.5342
510,567.75,328.75,12,24,0.53414
510,260.75,340.75,12.75,25.25,0.53367
510,261,380.75,12.5,25.25,0.53359
510,564.75,163.5,18,35.75,0.53312
510,342,375.5,14,28,0.53311
510,340.5,172.5,13.25,26.25,0.53308
510,213.25,403.25,14.5,29,0.53292
510,380.75,393.25,11.75,23.5,0.53254
510,98.5,418.25,12.75,25.75,0.53248
510,230,278.25,13.5,27,0.53198
510,579.75,406,14,28,0.53155
510,231.25,340.25,11.5,23.25,0.53143
510,308.25,383.75,14,28.25,0.53116
510,167,358.5,15.75,31.5,0.53113
510,584.5,158.25,12.25,24.25,0.53102
510,272.75,334.75,16,32,0.53012
540,401.5,415,12.5,25,0.55668
540,565.5,313.75,13,26,0.5519
540,180.25,348.5,14.5,28.75,0.55059
540,452.25,393.25,13.25,26.5,0.5472
540,356.25,384.75,14.5,29,0.54589
540,577,311,12.5,25.25,0.54403
540,393.75,413.25,13.75,27.5,0.54314
540,461.5,332,13,26,0.54298
540,150.75,377.5,17.5,35,0.54206
540,78,56.5,13.75,27.5,0.54079
540,28.75,51,31,61.75,0.5389
540,441.75,165.75,18,35.75,0.53812
540,171.75,304.75,12.75,25.5,0.53803
540,325.25,393.75,15.25,30.5,0.53785
540,285,365.25,13.75,27.25,0.53685
540,57.25,68.75,13.25,26.5,0.53651
540,52,67,13.75,27.5,0.53637
540,55.75,77.75,15,30,0.5362
540,453.25,324,14.25,28.25,0.53506
540,556.75,353.25,12.25,24.25,0.53442
540,12,153,41,81.75,0.53427
540,557.5,178,13.25,26.25,0.53422
540,212.75,170.25,12.25,24.75,0.53307
540,535,27.75,85.75,171.25,0.53295
540,293.75,320.75,13,26,0.53253
540,448.25,325.25,13.75,27.5,0.53239
540,238,293.75,13,26,0.53222
540,174.5,134.75,12.75,25.5,0.53198
540,468.25,414.5,12.75,25.5,0.53189
540,558.5,315.25,13,26,0.53134
540,343.75,373.25,14,28,0.53006
570,69,382,14,27.75,0.57031
570,403,411.5,16.75,33.5,0.5667
570,438,414.5,16.5,33,0.56197
570,84,370.75,15,30.25,0.55874
570,423.5,396.5,12.5,25,0.5568
570,132.5,413,12.5,24.75,0.55664
570,6.25,60.25,14.5,29.25,0.55266
570,162.5,132,14,27.75,0.55207
570,0,184.75,14.75,29.25,0.55175
570,-2,29.5,25.25,50.25,0.5484
570,384.5,378.25,12,24.5,0.54753
570,252.5,363.25,15.5,31.25,0.54259
570,292.75,370.25,16,32,0.54248
570,350.75,102.5,13,25.75,0.54201
570,124,70.25,16.75,33.75,0.54176
570,307.25,361.25,15,29.5,0.54162
570,212.25,389,15.25,30.25,0.53881
570,269,363.25,13.75,27.5,0.53872
570,439.75,431.5,12.25,24,0.53846
570,508.5,379,14.25,28.25,0.53776
570,76,371.25,15,30,0.53693
570,-5.75,252.75,47,93.75,0.53384
570,507.5,392.5,13.25,26.25,0.53372
570,172,59.25,13.5,26.75,0.53334
570,386.75,179.75,12.25,24.5,0.53266
570,236,368,12.75,25.75,0.53241
570,390.25,362.75,17.25,34.5,0.53206
570,487,261,14.25,28.75,0.53168
570,479.5,400.25,12.5,24.75,0.53156
570,591,382.25,13.75,27.5,0.53144
570,602.5,447.25,16,32,0.53067
570,159,407,14.75,29.25,0.53021
600,304.5,238.5,12.25,24.5,0.54909
600,399.75,181.25,12.5,24.75,0.54836
600,110,406.25,13.25,26.75,0.547
600,383.75,165.5,13.5,27.25,0.54449
600,626.5,133.25,14.25,28.5,0.54264
600,261.75,116.5,142.75,285.75,0.5419
600,65.5,92,13,25.5,0.54119
600,455.25,122.75,42.25,84.5,0.54021
600,349.25,413,12,24.25,0.53895
600,0.5,134.25,12.25,24.75,0.53892
600,571.5,383.25,17.75,35.75,0.53812
600,106.75,43.75,27,54.25,0.53709
600,527.75,53,94.75,189.5,0.5361
600,599.25,397,13.5,27.25,0.53605
600,367.25,71.25,26.25,52.25,0.53554
600,580.25,410.5,12.5,25,0.53511
600,458.75,417,11.5,23,0.53495
600,92.25,399.75,12,24.25,0.5344
600,600.25,451,12.75,25.5,0.53399
600,444.25,397.75,12,24,0.53394
600,535,102.75,18.5,37,0.53381
600,156.75,127.75,14,28,0.53304
600,111.75,399.25,12.25,24.5,0.53246
600,332.75,170.25,14,27.75,0.53193
600,521.25,182.25,13.5,27,0.53105
630,491,160.75,29.25,58.5,0.55518
630,146.5,123.5,16.75,33.75,0.55235
630,477.75,348.5,16,31.5,0.54824
630,437.5,191.5,12.5,25,0.54698
630,340,447.25,14.25,28.25,0.54089
630,305.5,321.75,74.25,148.5,0.54051
630,407.75,182,12.75,25.5,0.53942
630,372,163.5,16,31.75,0.53888
630,190.75,452.75,13.25,26.5,0.53865
630,155.5,30.5,17.25,34.5,0.5377
630,390.25,422.25,13.5,27,0.53657
630,572,154.25,12.25,24,0.53654
630,328.5,355.25,25.25,50.5,0.53593
630,295.5,173.5,100.25,200.5,0.53574
630,92.5,34.5,29.25,58.5,0.53567
630,512,298,85.25,170.5,0.53415
630,155,22.5,13.25,26.5,0.534
630,459.5,424.75,12.5,25,0.53391
630,357.25,402.25,15.25,30.5,0.53363
630,101.25,56.5,17.25,34.75,0.53207
630,541.75,181.25,15.75,31.5,0.53119
630,161,23,23,46,0.53104
660,316.5,295.75,12.5,25,0.55346
660,269,399,12.75,25.5,0.54979
660,604.5,395,13.25,26.5,0.54869
660,413.75,185.75,13.75,27.25,0.5443
660,347.25,400.5,12,23.5,0.54425
660,134.75,38.25,15.5,30.75,0.54261
660,60.25,171.5,12.75,25.75,0.54077
660,70,25,31.75,63.75,0.54051
660,293.25,259.25,13.25,26.5,0.53817
660,213.5,393.5,14,28,0.5346
660,136.5,3,27.25,54.75,0.53424
660,308.5,281.25,15.25,30.75,0.53398
660,506.75,160.25,27.75,55.75,0.53366
660,129.5,123.25,15.25,30.25,0.5328
660,72.5,296.5,11.5,23.25,0.53237
660,26,86.25,12.75,25.75,0.53185
660,341.25,442.5,13.75,27.75,0.53117
660,460.25,429,11.75,24,0.531
660,281.75,193.75,134,268.25,0.53069
660,456.25,311.75,12.5,24.75,0.53041
660,116.5,135.25,53.5,106.75,0.53038
660,457.75,358.75,55.5,110.75,0.53012
660,365.75,427,13.25,26.75,0.53006
690,156.25,407.5,13.5,27,0.57869
690,337.5,168,17,34.25,0.56536
690,212.5,338.5,15.25,30.5,0.55589
690,572.25,324.5,14.75,29.5,0.55545
690,237.5,382.5,12.75,25.75,0.55321
690,616.75,188.5,19.75,39,0.5532
690,228,351.25,16.25,32.25,0.5469
690,242.25,397.25,18.5,37,0.54489
690,598,363.25,12.75,25.25,0.54448
690,98.75,117.5,17.75,35.5,0.54184
690,263,278.75,12.75,25.75,0.54098
690,190.25,394.75,11.75,23.75,0.54082
690,567.25,206.75,12.25,24.5,0.54069
690,147.75,167,35.25,70.5,0.54055
690,518.75,412.5,13,26.25,0.53954
690,277.25,319.5,14.25,28.5,0.539
690,365,412.5,13.75,27.75,0.53791
690,520.25,161.75,33,66.25,0.53761
690,420.25,187.75,17,33.75,0.53683
690,333,385.75,15,30,0.53664
690,375.25,295.25,14,28,0.53554
690,213,396.5,14.75,29.75,0.53543
690,605.25,340.5,12.25,24.75,0.53476
690,252.5,352.5,12.5,25,0.53456
690,571.5,431.75,16.5,32.75,0.53456
690,236.5,393.25,14,27.5,0.53455
690,227.75,183.25,12.75,25.5,0.53438
690,191.75,155,61.75,123.25,0.53436
690,508.75,301,11.5,23,0.53432
690,76.75,380.25,13.25,26.75,0.53405
690,219.75,352,17,33.75,0.53349
690,164,407,13.75,27.5,0.53325
690,79.75,68,13.5,27.25,0.53314
690,408,338.5,12.25,24.75,0.53268
690,614.75,167,24.5,48.5,0.53259
690,242.75,366.5,17.5,34.75,0.53213
690,243.5,298.5,16.75,33.5,0.53196
690,142.25,378.75,12.25,24.75,0.53161
690,101.75,36.75,12,24,0.53158
690,296.75,325,11.75,23.75,0.53124
690,179,451.25,12.75,25.75,0.53116
690,37.5,30.75,23,46,0.53053
690,625,440.25,16.5,33,0.53032
690,395.25,400,12.5,25.25,0.53008
690,548.25,412.25,16,32.25,0.53007
690,267.25,143,12.5,25.25,0.53007
720,300.75,394,15.25,30.25,0.56366
720,260.75,376.25,14,28,0.55583
720,604.25,334.25,12.25,24.25,0.55048
720,556.75,326.25,12.75,25.75,0.54884
720,580.5,360.75,11.75,23.5,0.54786
720,348.75,415.5,12.5,25,0.5473
720,284.5,327,12.75,26,0.54536
720,390.75,395.25,12.75,25.5,0.54351
720,50.75,105.5,23.25,46.75,0.54232
720,237,400.25,16,31.75,0.54083
720,589,159.75,16.5,32.75,0.54074
720,294.75,176.25,12.25,24.5,0.53885
720,227.5,280.5,13,26,0.5385
720,359,282.25,14.5,29,0.53796
720,184,378,12.5,24.75,0.53755
720,311.25,349,12.5,25,0.53752
720,518,395.75,18.75,37.25,0.53728
720,31,123.25,69.25,138.25,0.53677
720,381.25,399.5,17,34,0.53669
720,148.75,383.75,12.5,24.75,0.53668
720,52.25,411,14.5,29.25,0.53657
720,226.75,288,14.5,28.75,0.53656
720,20.5,360.75,12,24,0.53653
720,205,182,17.25,34.75,0.53648
720,251,269.25,14,27.75,0.53488
720,62.75,113.25,16.75,33.25,0.5344
720,168.5,316.25,12,24.25,0.53347
720,166.25,373.25,14,28,0.5333
720,628.5,108.25,12.25,24.5,0.53255
720,366.25,226,12.75,25.5,0.5325
720,315.5,166.25,13.25,26.25,0.53248
720,264.75,289,11.5,23,0.53241
720,242.75,382.5,17.25,34.5,0.53237
720,453.75,421.5,13,26.25,0.53231
720,248.25,324.25,12,24,0.53229
720,628.25,150.25,12.5,25.25,0.53197
720,491.75,272,13.25,26.25,0.53161
720,-0.25,121.25,13.75,27.75,0.53157
720,21.75,143,18.25,36.75,0.53139
720,108,277.5,14.75,29.75,0.53124
720,347.75,396.5,15,29.75,0.531
720,294.25,383,14.75,29,0.53045
720,194,324.5,12,23.75,0.53043
750,438.75,137.75,13,25.75,0.56632
750,59.75,317.5,13,26.25,0.56361
750,84.5,376.25,15.5,31.25,0.55475
750,332.25,382.75,12.25,24.5,0.55141
750,317.5,350,13.25,26.75,0.54924
750,118.5,412.5,12,24,0.54783
750,96.25,343.5,12.5,25,0.54768
750,68.75,307.25,14.75,29.25,0.5469
750,82.25,404,13,26,0.54624
750,291.75,163.75,17,33.75,0.5418
750,537.75,282,12.5,24.75,0.54146
750,451.5,292.25,14.25,28.25,0.53989
750,583.5,348.75,14.25,28.25,0.53971
750,51.75,320,12.5,25,0.53883
750,212,415,13.25,26.5,0.53735
750,124,380.75,12.5,24.75,0.53633
750,368.25,24,38,76,0.53615
750,517.25,168.75,15.75,31.75,0.53561
750,424.25,137.25,12,24,0.53558
750,269.25,366.75,13.25,26.5,0.53512
750,261,313.25,12.25,24.75,0.53435
750,332.25,412.75,14,27.75,0.53419
750,612,385,13.25,26.25,0.53395
750,214.25,301.75,13,25.75,0.53389
750,261,346.75,14.75,29.5,0.53362
750,269.25,418.5,13.25,26.5,0.53285
750,85.5,370.75,14.25,28.75,0.53221
750,19.75,319.5,16,32.25,0.53116
750,36.25,320.75,12,24,0.53075
750,193.75,386,21.75,43.75,0.53066
750,618,188,21.25,42.25,0.53062
750,44.75,319,12,24.5,0.53048
750,172.25,396.25,12.75,25.75,0.53042
780,439.5,136.75,12.25,24.75,0.56632
780,477.75,406.75,13.75,27.5,0.562
780,452.25,127,13,26.25,0.56085
780,548.5,62.5,16,31.75,0.55391
780,420.75,124.75,16.25,32.75,0.55108
780,128.75,448.5,11.75,23.75,0.55084
780,341.25,372,14,28,0.54595
780,269,157.25,16,32,0.54501
780,401.75,129.25,12.75,25.5,0.54495
780,143.5,447.25,14.75,29.25,0.54394
780,593.75,199.75,49.25,98.25,0.54313
780,422.75,416.75,11.75,23.75,0.54172
780,236.75,399.25,13,25.75,0.54171
780,141.25,28.25,13.75,27.5,0.54012
780,396.75,409,11.5,23,0.53857
780,5.25,125.75,13.5,27.25,0.53852
780,401.75,242.25,12.25,24.5,0.53852
780,204.5,408,14,28,0.53835
780,214.25,361,12.5,25,0.53616
780,424.25,137,12,24.25,0.53558
780,604.75,421.25,13.25,26.25,0.53503
780,135.5,162,26,52,0.53283
780,117.5,354.75,15,29.75,0.53267
780,619.25,443,14,28.25,0.53143
780,85,152,50.5,101.25,0.53102
780,141,188.25,13.25,26.5,0.53083
780,325,380.75,12.75,25.25,0.53047
810,221,393.25,14.75,29.75,0.57935
810,231.5,392,13,25.75,0.57262
810,36.75,374.25,15,30,0.56377
810,103.75,376,12.25,24.75,0.55601
810,30.75,373.75,13,26,0.55328
810,452,125.5,13.75,27.5,0.5515
810,277.5,412.25,13.5,27,0.54884
810,357.25,364.75,14,27.75,0.54863
810,438,412.25,14.25,28.5,0.54824
810,456.5,109.25,11.75,23.5,0.54801
810,46.75,360.75,14.5,29.25,0.54747
810,234.25,155,21.5,43.25,0.54655
810,439,137.75,12.75,25.25,0.54532
810,299.5,335.75,16.75,33.5,0.54299
810,60.5,300.25,14.25,28.5,0.54243
810,320,321.25,12.5,25,0.53908
810,117.75,384,13,25.75,0.53902
810,493,172.75,19.5,38.75,0.53885
810,243.5,322.5,14.75,29.25,0.53884
810,21.25,290.5,14.75,29.75,0.53857
810,616.25,199.5,26.25,52.5,0.53778
810,415.25,122,15.5,31.25,0.53653
810,445.5,405,13.5,26.75,0.53419
810,214,380.75,13,26.25,0.53333
810,238.75,183,11.5,23,0.53275
810,196.5,382.25,15.5,31,0.53248
810,77,393.25,13.5,27.25,0.53221
810,525.25,52.75,78.25,156.5,0.53175
810,92.75,407.25,13.75,27.25,0.53141
810,613,339.5,15,29.5,0.53131
810,614,137.75,13.5,27,0.5311
810,312.75,133,13.25,26.25,0.53072
810,290.5,88,24.75,49.25,0.5302
840,485.5,85,15.75,31.5,0.58017
840,226.25,148.75,28.5,57.25,0.56942
840,134.25,344.5,13.25,26.25,0.56433
840,434.25,387.25,16,32,0.55305
840,294.5,380.5,12.75,25.5,0.54887
840,364.5,416.75,11.75,23.75,0.5488
840,575.75,185,13,26,0.54731
840,500.75,124.75,12,24.25,0.54642
840,-11.25,175.25,92.5,185.25,0.54411
840,406,81.75,13.75,27.5,0.54138
840,46.5,258.25,14.75,29,0.5398
840,468.75,122.75,14.25,28.5,0.53855
840,355.75,400.5,16,31.75,0.53845
840,304,323.5,15.5,30.75,0.53583
840,260.25,383.25,16.25,32,0.53565
840,19.5,369.25,14.75,29.5,0.53522
840,84,387.5,15.5,31,0.5345
840,348.25,401.5,15.25,30.5,0.53447
840,448.25,138.75,12.25,24.75,0.53342
840,397,393.75,15.5,30.75,0.53329
840,523.5,385.75,15.75,31.25,0.53311
840,79,148.25,26.75,53.75,0.53157
840,507,36,18,36.25,0.53155
840,525.25,413.5,12.5,25,0.5315
840,100.25,380,14.25,28.5,0.5309
840,287.75,248.5,13.25,26.75,0.53084
840,540.25,386,15.25,30.25,0.53078
840,12.75,370.5,14,27.75,0.53077
840,92.5,355,15,30,0.53075
840,259.5,186.75,23.25,46.75,0.53003
870,243.25,141.75,32,63.75,0.57055
870,140.5,321.25,14.5,29,0.56773
870,27.5,221.25,15.5,31,0.5628
870,205.5,382,13.5,27.25,0.56214
870,221,381.75,13.75,27.25,0.55665
870,120.25,385,12,24,0.54655
870,526,53.5,13.75,27.5,0.54439
870,166.5,384,12,24.25,0.54409
870,364.5,374,16,32.5,0.54377
870,550.5,36.25,12,24.5,0.53903
870,516.25,375,14.25,28.5,0.53891
870,84.25,343.75,17.5,35,0.53837
870,124.25,104.5,12.25,24.5,0.53833
870,90.75,345.5,16.75,34,0.5382
870,436.75,104.5,12.25,24.5,0.53817
870,319.75,305.5,12,24,0.53725
870,180.75,402.5,15,30.25,0.53681
870,405.5,121.5,13.5,27.25,0.5366
870,83.75,315,16.25,32.75,0.53612
870,235.75,381.25,13.25,26.25,0.5354
870,37.75,318.75,16.25,32.25,0.53511
870,204.25,441.75,15.25,31,0.53502
870,321.75,294,13.75,27.25,0.53477
870,214.25,383.75,12.5,25.25,0.53471
870,36.75,251.5,14.75,29.5,0.53468
870,268.5,110.5,12,23.75,0.53359
870,92.75,365.5,13.75,27.25,0.53301
870,239.25,393.75,12.75,25,0.53293
870,346.75,400,13,26.25,0.53256
870,103.5,407.75,12.25,24.5,0.53209
870,242.5,131.75,16,32,0.53104
870,71.75,336.25,24.25,48.25,0.53038
870,490.5,43,11.75,23.5,0.5302
900,598.25,18.75,13.5,27,0.56903
900,-2.25,389.5,18.25,36.75,0.56323
900,476,398.75,14.75,29.5,0.54478
900,-3.25,219.5,26.75,53.25,0.5437
900,68.5,249.5,15,29.75,0.54229
900,108,335.25,13.75,27.5,0.54102
900,191.75,283.75,12.5,25,0.54098
900,236.25,408,12.5,25,0.5402
900,63.5,225,12.75,25.5,0.53938
900,173.5,331.25,14,28,0.53897
900,68.25,353.75,15,30.25,0.53765
900,281,138.25,39.5,79.25,0.53705
900,7.75,445.5,13.5,27,0.53705
900,454,376.75,13.5,27,0.53657
900,124.5,371,15.25,30.5,0.536
900,84.75,353,14.75,29.25,0.53534
900,107.75,362.5,15.5,31,0.53514
900,69.25,329.75,14.25,28.5,0.53488
900,134.5,368.75,13.25,26.5,0.53477
900,541.75,211,14.25,28.25,0.53448
900,141.75,343,12.5,25.5,0.53401
900,148.5,339,14.5,29,0.53385
900,9.5,370.25,16.75,33,0.53358
900,514.75,187,12,24.25,0.53321
900,455.25,363.25,13.5,26.75,0.53309
900,312.25,183.25,23,46,0.533
900,355.5,382,16.75,33.5,0.53294
900,-3,95.5,23.5,47.25,0.53285
900,491.75,382.5,12.75,25.25,0.53279
900,347.5,101,13.75,27.25,0.53265
900,64,107.75,13,26,0.53184
900,434.5,372.75,18.75,37.75,0.53179
900,21,353.25,14.25,28.5,0.53138
900,391.5,448,12.75,25.75,0.53129
900,217.5,320,29.5,58.75,0.53097
900,105.5,126,13.5,27.25,0.53092
900,108,321.25,14.75,29.5,0.53073
900,29.5,310,13,26.5,0.53035
900,205,371.75,14.5,28.75,0.53012
930,363.5,336.25,14.25,28.5,0.57191
930,204.75,355,15,30.25,0.56727
930,156,370.5,15,30,0.56662
930,363,129.75,48.25,96.5,0.56491
930,60.25,362.75,14,28.25,0.56452
930,191.5,121,13.25,26.25,0.55983
930,351.25,416,12.75,25.25,0.55578
930,157,300.75,12.5,25,0.54928
930,116,323.25,15.75,31.75,0.54841
930,39.5,262,13.25,26.75,0.5484
930,598.25,142.5,14.5,28.75,0.54479
930,84,238.75,16.25,32.25,0.54457
930,180.5,323.25,15,29.5,0.54441
930,116.75,402.5,15.25,30.25,0.54418
930,125.25,292.75,14.25,28.75,0.54319
930,164.25,355.75,15.25,30.25,0.54312
930,99.75,386.75,15.25,30.5,0.54285
930,243,399.5,17,34,0.54184
930,88.75,448.5,13,26.25,0.54123
930,181,345.5,15.5,31,0.54005
930,436,367,12.75,25.75,0.53986
930,267.75,380.5,12.5,24.75,0.53936
930,198.5,156.5,12,24,0.53912
930,374.25,350.75,13,26,0.53895
930,244.25,318,13.25,26.5,0.53889
930,496.75,111.5,19.25,38.75,0.53879
930,137,327,29.5,58.5,0.5382
930,53.5,270.5,13.25,26.5,0.53807
930,60.5,263.75,16.25,32.5,0.53757
930,355.75,392.25,14.75,29.5,0.53732
930,229.5,390.5,13.5,27.25,0.53679
930,99.5,400,16.25,33,0.53667
930,277.25,57,13.75,27.25,0.53643
930,235.5,396.5,18,35.75,0.53629
930,613.25,336.5,14,27.75,0.53581
930,220.25,367.75,15.75,31.75,0.53571
930,59.75,181.5,13.75,27.25,0.53539
930,68.5,256,13,26,0.53524
930,34.25,313,15,30.5,0.53431
930,304.25,34.75,12,24,0.53409
930,22,272.25,13,25.75,0.53339
930,381,342.75,13.25,26.25,0.53335
930,389,110.25,63.25,126.5,0.53319
930,328.25,359.75,12,24.25,0.53306
930,119.25,444.25,13,26.25,0.53218
930,230.75,292.25,14.5,29.5,0.53179
930,159,321,14,28.25,0.53131
930,51,253.25,13.25,26.25,0.5313
930,76.5,243.25,16,31.75,0.53117
930,109.75,270.5,16.5,33.25,0.53063
930,480.25,26,48.25,96.75,0.53004
930,468,97,13.75,27.25,0.53002
960,182.25,326.75,13.5,26.75,0.55781
960,323.75,381,18,36,0.55171
960,571.25,430.25,18.25,36.25,0.55165
960,230.5,366.25,15.25,30.5,0.54959
960,332,375.75,12.75,25.25,0.5471
960,300.5,413,13,25.75,0.54585
960,389,386.75,15.25,30.75,0.54445
960,76.25,352,16.5,32.5,0.54402
960,291.25,332,16.25,32.5,0.54306
960,6,298.75,13.25,26.75,0.54306
960,156.25,307.75,15.25,30.25,0.54223
960,156,392.5,15.75,31.75,0.5413
960,143.25,183,15,30.25,0.53939
960,422,383,13.25,26.75,0.53923
960,147.75,196.5,12.75,25.5,0.53919
960,172.75,320,13.5,27.25,0.53829
960,140,357.75,13.25,26.5,0.53811
960,69,408,14.25,28,0.53755
960,278.25,334.25,12.5,25,0.537
960,605,433,18.25,36.25,0.53695
960,66.75,345.25,12.25,24.5,0.53694
960,-1.5,173,12.75,25.5,0.53685
960,579,153.25,17,33.75,0.53671
960,88.5,449,12.75,25.25,0.53661
960,141.25,364.25,14.5,29,0.53656
960,216.25,357.75,12.75,25.75,0.53637
960,29.75,143.25,31,62,0.53631
960,292.25,354.75,15,30.5,0.53617
960,412.5,364.5,12,24,0.53554
960,-1.25,395,14.25,28.5,0.53541
960,477,413,12.25,24.75,0.53466
960,204.25,448.5,12,24.25,0.53392
960,454.75,4,13.5,26.75,0.53312
960,343,373,13.5,27.25,0.53292
960,411.75,371.75,14.25,28.5,0.53291
960,324.75,394.75,16,32,0.53278
960,-1.25,248.75,13.75,27.5,0.53255
960,116.25,394.5,12.25,24.5,0.53246
960,413,42.75,15.25,30.5,0.53238
960,229.25,310.5,14.5,29,0.53224
960,174.75,341,12.5,24.75,0.53216
960,216,66.25,13.25,26.5,0.5321
960,286.5,312.25,23.5,47.25,0.53162
960,188.5,447.75,12.75,26,0.5312
960,172.25,370.25,15.75,31.5,0.53114
960,187.75,100,14,28.25,0.53113
960,309,363.25,15.25,30.5,0.53092
960,342,415.25,12.5,25.5,0.53083
960,179,364.75,18.25,36.25,0.53063
960,571.75,440.25,13.5,27,0.53044
960,40.5,29.75,12,24.5,0.53041
960,533.75,207.5,25.5,50.75,0.53001
990,158,341,12.25,24.5,0.57909
990,404.75,382.5,14.25,28.75,0.5668
990,252.25,407.25,12.75,25.25,0.56557
990,183.75,377,12.5,25.25,0.55769
990,92.5,443.75,14.25,28.5,0.55759
990,276.5,389.75,14.25,28.5,0.55678
990,52.25,404.25,14.75,29.5,0.55171
990,236.75,335.75,14.5,29,0.54627
990,117,401,15,29.75,0.54617
990,23.5,372.75,13.75,27.5,0.54563
990,351.25,389,14,28,0.54304
990,336.25,387.25,15,29.75,0.54154
990,31.5,160.5,17.5,35,0.5405
990,39.75,327,13.5,27,0.53971
990,349,109.75,13.25,26.5,0.53963
990,299.25,385.5,15.5,31,0.53925
990,428.75,376.5,12.25,25,0.53904
990,244,336.75,14.5,29.5,0.53845
990,133,410.75,12,24,0.53827
990,336,325.25,13.75,27.75,0.53803
990,252.25,393.5,12.5,25.25,0.53699
990,134.75,379.75,12.5,25.25,0.53676
990,51.75,140,14.5,29.5,0.5361
990,412.25,379.5,14.75,29.5,0.53539
990,203.5,356.25,17,34,0.53505
990,19.75,364.75,12.75,25.25,0.53484
990,252.75,380.25,11.5,23,0.53483
990,405.5,395.25,12.75,25.5,0.5348
990,156.75,368.5,13.5,27.25,0.53476
990,205.75,447.5,12.5,25.25,0.53443
990,179.75,445.75,13.5,27,0.5343
990,117,396.5,15,30,0.53413
990,167.25,422,25.75,51.75,0.53411
990,271.25,63.25,13.5,27.25,0.534
990,-1,157,13.75,27.25,0.53387
990,494.5,157,12,24.25,0.53369
990,211.5,341.25,15.75,31.75,0.53365
990,462,59,17.5,35,0.5326
990,256.25,213.5,14,28.25,0.5326
990,197,445,14.75,29.75,0.53246
990,517.75,90.25,12.75,25.5,0.53232
990,177.25,378,18.75,37.75,0.53212
990,317.25,385.5,15.5,31,0.5317
990,237.5,162.75,15.75,31.5,0.53167
990,15.5,136.75,23,46,0.5315
990,103,108,13,26,0.53106
990,214.5,247,23.75,47,0.53098
990,364.25,407,12.75,25.5,0.53078
990,251.25,194.5,21.5,43,0.53049
990,555.5,154.75,13.25,26.25,0.5304
1020,393.75,210.5,33.5,66.75,0.56133
1020,268.25,334.25,13,25.75,0.55871
1020,119.25,170,137.25,274,0.55211
1020,363.25,193,13.25,26.5,0.549
1020,244,327,13,26,0.54864
1020,407,252.75,14.25,29,0.54663
1020,154.25,264.5,13,26.25,0.54563
1020,100,235,15.5,31,0.54471
1020,38.25,216,12.75,25.5,0.54337
1020,213.75,206.25,13.25,26.75,0.54294
1020,395,210.5,25,49.75,0.54216
1020,155,200.5,13.5,26.5,0.54144
1020,284.25,438,15.5,31,0.54122
1020,572,440.25,15,29.75,0.54058
1020,44.25,219.75,14.5,29,0.54015
1020,65.75,101.5,19.75,39.5,0.53856
1020,304.25,100,14,28,0.53759
1020,229.5,349,13,26,0.53532
1020,101.75,140.25,16.75,33.5,0.53504
1020,24.5,216,12.5,25,0.53493
1020,597.5,431.5,18.25,36.5,0.53438
1020,430.5,320.25,13.25,26.5,0.53376
1020,585.75,30.5,12,24,0.53375
1020,212.75,265.75,12,24.25,0.53371
1020,596,436.5,14.75,29.5,0.53295
1020,463.5,193,18.5,36.75,0.53276
1020,37.25,234.75,13.75,27.25,0.53219
1020,42.5,182,12.75,25.75,0.53219
1020,467.25,433.75,17,33.75,0.53139
1020,239.5,423.5,12.75,25.25,0.53116
1020,444,312.25,18,36,0.53116
1020,465.5,299.75,18.5,37,0.53042
1020,375,29,51.5,103,0.5304
1050,69.25,352.5,16.75,33.5,0.57096
1050,172.5,381,13.5,27,0.5699
1050,52.25,385.75,15,30.5,0.56156
1050,460.5,406,14.25,28.5,0.5596
1050,237,403.25,14.5,28.75,0.55805
1050,139.5,368.75,16,32.5,0.55663
1050,308.5,347.75,16,32,0.55399
1050,44,385.25,15.75,31.5,0.5531
1050,71.75,312.25,12.75,25.5,0.55237
1050,300.25,349.5,14,28,0.55191
1050,138,379.25,25,50.25,0.55086
1050,324.5,391,16.5,33.25,0.5506
1050,148,334.25,15.75,31.25,0.54989
1050,157,396.25,13.75,27.25,0.5497
1050,78.25,137.75,12,24.5,0.54911
1050,178.5,316.25,13,26,0.54846
1050,173.5,394.5,14.25,28.5,0.54579
1050,219.5,379.75,17.5,35,0.54539
1050,58,305.25,12.5,25.25,0.54527
1050,349,336.5,15.5,31.25,0.54502
1050,516.75,228.5,31,62.5,0.54465
1050,297.75,110.5,16.5,33.25,0.54403
1050,197.5,395,14.75,29.25,0.54361
1050,220.75,215,18.5,36.5,0.54278
1050,438,362.25,12.25,24.75,0.54247
1050,108.5,310.25,13,26,0.54175
1050,300.25,371.25,14.25,28.75,0.54078
1050,172,327,13,25.75,0.54072
1050,433.75,392.5,12.25,24.25,0.54069
1050,236.5,323.5,13,25.75,0.54067
1050,84,310.25,13.5,26.75,0.54067
1050,182.25,336.25,13,26,0.54043
1050,156,322.25,15.25,30.5,0.54004
1050,148.25,363.25,14,28,0.53904
1050,545,52,28.25,56.5,0.53855
1050,515.5,228.5,38.25,76.25,0.53828
1050,324.5,385.75,16,31.5,0.5379
1050,468.5,398.75,17,33.75,0.53764
1050,284.75,410.75,14.75,29,0.53724
1050,180.5,399.75,16.25,32.5,0.5371
1050,228.5,305,16,32,0.53697
1050,214.5,180.75,31,61.75,0.53682
1050,254,320.75,12.75,25.5,0.5368
1050,260.5,392,13.25,26,0.53626
1050,300.25,200.5,24.75,49.75,0.5351
1050,300,312.25,16.25,32.75,0.53478
1050,572,173.75,14,28,0.53473
1050,5.75,181.5,13.5,27.25,0.53421
1050,61,411.75,14,28.25,0.53338
1050,458.5,54.5,12,24,0.5332
1050,148.75,251,14.75,29.5,0.5328
1050,292.5,412,14,27.75,0.53205
1050,76.75,378.25,16.5,33.25,0.53195
1050,557.75,298,13.75,27.75,0.53192
1050,603.5,356.75,14.5,28.75,0.53186
1050,165,396.25,14.5,28.5,0.53162
1050,108.75,360.75,12.25,24.75,0.53144
1050,225.75,380.5,20,40.25,0.531
1050,628,112.25,12.5,25,0.5308
1050,220.75,297.5,13.5,26.5,0.53063
1050,120,278.25,12.25,24.75,0.53053
1050,520,273.25,29.5,59,0.53051
1050,147.5,393.5,17,34,0.53022
1050,163.75,384,16.25,32.5,0.53015
1050,389.25,386.25,15,30,0.53013
1080,68.75,395,14.5,29,0.56032
1080,519.5,191,56,112,0.55311
1080,93,416.25,12.5,24.75,0.55276
1080,217.5,195.75,17.5,35,0.55144
1080,309.75,376,13.25,26.75,0.54944
1080,277,363.5,14,28.25,0.54706
1080,363.75,339,13.5,26.75,0.54702
1080,492,415.25,12.5,25,0.53908
1080,605.75,352.5,12,24,0.53882
1080,309.25,324,15,30.5,0.536
1080,395,406.5,13.25,26.25,0.53596
1080,378.25,244.25,20,39.75,0.53546
1080,413.5,90.75,48.5,97,0.53502
1080,380.25,422,13,26.25,0.535
1080,371.5,210.75,35.5,71.25,0.53435
1080,382.25,338.25,14,28,0.53432
1080,619.75,443.25,15.5,30.75,0.53375
1080,100.25,287,17.5,35.25,0.53366
1080,343.25,205,15,29.75,0.53259
1080,237.25,208.5,25,49.75,0.53253
1080,284.75,384.25,14.75,29.75,0.53161
1080,6.5,393.75,12.5,25,0.53113
1080,138.75,183.25,26.75,53.5,0.53111
1080,97.75,416.5,12.25,24.25,0.53075
1080,488,398,12.25,24.5,0.53074
1080,16,20.75,23.75,47.75,0.53061
1080,206.25,392,23.75,47.25,0.53021
1080,326.25,302.25,14.5,29.25,0.53019
1080,419.25,107.75,13,25.75,0.53014
1110,157.75,352,13,26,0.56966
1110,356.5,339.25,15.25,30.5,0.56379
1110,364,322.75,13,26.25,0.5604
1110,308,307.5,14.5,28.75,0.55534
1110,330.5,324.75,29,58.25,0.5552
1110,35.5,351.5,16.75,33.25,0.55379
1110,156.75,306.25,14.5,29.25,0.55231
1110,346.75,328.75,17.25,34.25,0.54923
1110,12.5,349.75,14.5,29,0.54813
1110,140.25,294,13.5,27,0.546
1110,337.5,311,12.75,25.5,0.5453
1110,47.75,246.75,13.25,26.75,0.54429
1110,13.75,341,12.25,24.75,0.54409
1110,141.5,283.5,13.75,27.75,0.54367
1110,44.75,303.75,12.25,24.5,0.5432
1110,598.25,360,12.5,25.25,0.54307
1110,262.5,332.75,12.25,25,0.5421
1110,141.75,385.75,25,50.5,0.54094
1110,400,398.5,12.25,24.75,0.54041
1110,347.75,320.25,14.25,28,0.54012
1110,269.5,355.75,15.75,31.75,0.53998
1110,150.25,315.5,12.5,25.5,0.53973
1110,620.5,371,12,24.25,0.53942
1110,150.5,349.25,12.25,24.5,0.53847
1110,86,339.25,13.5,27,0.53845
1110,223.25,397,12.75,25.5,0.53731
1110,259.75,334.25,17.25,34.25,0.53712
1110,604.25,56.75,13.25,27,0.53628
1110,164.25,351,14.5,29,0.53488
1110,125,260,15.75,31.75,0.5348
1110,288.75,321,15.5,31.25,0.53448
1110,204.25,42,13.25,26.25,0.53429
1110,292.75,294.25,14,27.75,0.53424
1110,132.25,285,14.25,28.5,0.53422
1110,28,228.25,13.75,27.25,0.534
1110,125.75,238,13,26,0.53397
1110,436.25,412.25,14.75,29,0.53382
1110,94,270.25,14,27.75,0.53298
1110,188.25,399.75,13.5,27,0.53253
1110,180.25,273.5,14.75,29.5,0.53231
1110,246.5,398.5,13.75,27.5,0.53161
1110,429.5,353.25,12.25,24.5,0.53156
1110,20.75,123.5,15.25,30.5,0.531
1140,69.5,400.25,12.25,24.5,0.56369
1140,92.25,385.5,15.25,30.5,0.55455
1140,163.5,259.75,23.25,46.5,0.55387
1140,332.5,406.25,17,33.75,0.55079
1140,59.5,274.25,15,30,0.54828
1140,371.5,395.75,16.25,32.5,0.54432
1140,205.75,396.75,13.25,26.5,0.54267
1140,609.5,236.25,34.5,69,0.54254
1140,268.25,404.75,12,24,0.54235
1140,375.75,286.5,40.75,81,0.54153
1140,38.25,236.75,12.5,25.25,0.53983
1140,53.5,232.25,12.75,25.75,0.53976
1140,70,285.75,14.5,29,0.53975
1140,185.25,340.75,14,27.75,0.53949
1140,134.25,374.5,13.5,26.5,0.53949
1140,127.75,375.5,13,26,0.53828
1140,68.5,386.25,14.5,29,0.53759
1140,326,383.25,14.5,29,0.53698
1140,54,388,13.75,27.75,0.53672
1140,188,386.25,12.25,24,0.53671
1140,157.75,348.5,12.75,25.5,0.53655
1140,52.5,286.5,13,26,0.53653
1140,128.5,5.25,12.5,24.75,0.53638
1140,111.5,169.75,26,52,0.53634
1140,540,127.75,13.5,27.25,0.53621
1140,43.25,242,19.75,39.5,0.53608
1140,242.75,133,16.75,33.75,0.53588
1140,376.5,41.5,12,23.5,0.53574
1140,107.75,373.75,12.25,24.5,0.53564
1140,612.5,260.25,22.75,45.75,0.53557
1140,419,62,19,37.75,0.53509
1140,152.5,217.5,41.75,83.5,0.53484
1140,99.5,353.5,12.5,25.25,0.53473
1140,302.5,239.5,12.5,25,0.53467
1140,76.75,290.75,14.75,29.25,0.53454
1140,568.75,429.25,18,36,0.53451
1140,519,429.25,12.25,24.75,0.53431
1140,599.5,86.25,13.75,27.5,0.5341
1140,158.75,367.25,15,29.75,0.53376
1140,396.5,127.75,11.75,23.5,0.53355
1140,28.5,354.5,14.75,29.5,0.53354
1140,556,341.75,13.75,27.25,0.53264
1140,75.5,121.25,15.5,31.5,0.53255
1140,61.25,240.75,12.5,25,0.53218
1140,125.5,395.5,13.75,27.5,0.53199
1140,82,440.5,12.75,25.5,0.53199
1140,128.75,370,15.75,31.5,0.53178
1140,55.5,232.75,12.75,25.25,0.53174
1140,29.75,228.25,14.5,29.25,0.53154
1140,341.5,381,14.75,29.25,0.53127
1140,36.75,355.5,14,28.25,0.53119
1140,86.25,394.25,12.75,25.5,0.5309
1140,422.25,399.5,13.75,27.5,0.53051
1140,71.75,177.25,12.5,24.75,0.53024
1140,84.5,327.5,13,26.25,0.53016
1140,232.25,331.75,13.25,26.75,0.53006
1170,80.25,285,15.5,30.75,0.55826
1170,124.25,356.75,15.5,31,0.55335
1170,269,132.75,14,27.5,0.54994
1170,100,384.25,17,34,0.5481
1170,44.75,245.5,12.5,25,0.54776
1170,453.25,406.5,12.5,25,0.54702
1170,599.5,242.75,13.5,27,0.54601
1170,20.5,244,15.25,30.25,0.54556
1170,88,129,13.75,27.5,0.54459
1170,366,125.5,13.25,26.5,0.5427
1170,473.75,137,20.25,40.5,0.54214
1170,457,130,16.75,34,0.54142
1170,390.25,370,17,34,0.54132
1170,37,253.5,14.25,28.75,0.53926
1170,29.75,252,12.75,25.5,0.53882
1170,132.75,412.5,12.25,24.5,0.53857
1170,358.25,143.75,12.25,24.5,0.53807
1170,76.5,354,14.75,29.5,0.53751
1170,445,399.75,15.25,30.5,0.5371
1170,29.5,353.75,12.5,24.75,0.53706
1170,36.25,350.25,15.5,30.75,0.53683
1170,588.25,48,14.5,29.25,0.5362
1170,165.5,73.5,156.25,312.5,0.53602
1170,618.25,41,21.25,42.75,0.53581
1170,76,337.75,15,30.25,0.53537
1170,469.75,147.5,15,30.5,0.53531
1170,574,125.75,12.25,24.5,0.53513
1170,118,72,55.75,111.5,0.53511
1170,13,373.75,13,26,0.53439
1170,240.75,309,13.75,27.25,0.53412
1170,374.25,372.5,13.5,27,0.53376
1170,218.25,306.25,42.5,85,0.53353
1170,574,272,12.25,25,0.53248
1170,104.5,397.25,11.75,23.75,0.53218
1170,423.75,386,13.25,26.5,0.5317
1170,76.75,371.25,15,30.25,0.53148
1170,500.5,408.5,12.5,25,0.53128
1170,244,355.25,13.25,26.5,0.53007
1170,374.75,145.75,12,23.75,0.53001
1200,582,358.75,13.5,27.25,0.56519
1200,20.25,7.25,13,26.25,0.565
1200,76.25,328.25,23.25,46.25,0.55772
1200,246.5,159.25,14.75,29.5,0.5574
1200,256,167.75,12.5,25,0.55342
1200,53.25,407.75,12.75,25.5,0.55276
1200,83.75,396,14,28.5,0.5518
1200,428.5,414.25,13,26.25,0.55031
1200,48,344.75,12.75,25.25,0.55013
1200,472,326.25,13.25,26,0.5488
1200,389.75,187.5,12.5,25.25,0.54773
1200,333.75,166.25,13.25,26.5,0.54597
1200,449,231.5,42.25,84.75,0.54447
1200,267.25,360.25,12.75,26,0.54397
1200,300,159.75,13,26,0.54208
1200,588.25,379.25,14.75,29.5,0.54189
1200,588.75,336.25,16.25,32.75,0.54188
1200,173,406,13.75,27.25,0.54085
1200,15,235.25,12.5,25.25,0.54074
1200,76.5,232,14.5,29,0.54068
1200,526.5,106.75,15.75,31.75,0.54042
1200,454.5,339.75,14.25,28.75,0.53819
1200,13,12,14,28.5,0.53783
1200,515.25,363.5,18.25,36.5,0.53764
1200,267.25,179.5,12.5,25.25,0.53757
1200,285,418.5,15.25,30.5,0.53756
1200,93,408.5,12.25,24.25,0.53704
1200,160,169.5,13.5,27.5,0.53683
1200,540.75,246.75,29.25,58.75,0.53628
1200,22,411.25,13.25,26.5,0.53595
1200,43.75,18.25,15.5,30.75,0.53567
1200,502.5,357.5,13,25.75,0.53509
1200,581.5,374.75,13.75,27.5,0.53506
1200,219.5,180,14.5,29,0.5347
1200,564,345.25,16,32,0.53436
1200,306.25,364.75,19,37.75,0.53426
1200,268.5,411.5,15.25,30.25,0.53399
1200,33.5,351.75,15.25,30.75,0.53387
1200,567.25,371.25,13.5,27.25,0.5338
1200,-1.75,167.75,13.25,26.5,0.53357
1200,260,362,13.75,27.25,0.53343
1200,523.25,89,13.25,26.75,0.53297
1200,438,427.75,14,27.75,0.53288
1200,435.25,415,15.25,30,0.53235
1200,430,407,12.5,25,0.53138
1200,464,429.75,12.25,24.25,0.53106
1200,308,380.5,17,34,0.53083
1200,285.25,337.75,15,30,0.53079
1200,212.75,90.5,13.75,27.75,0.53033
1230,116.5,393.75,15.25,30.25,0.57568
1230,141,393.75,15.5,30.75,0.55998
1230,558.25,260.75,51.5,103,0.55879
1230,87.5,383.75,14.75,29.5,0.55648
1230,586.75,396.75,13,26,0.55626
1230,-4,185.5,30.5,60.75,0.55605
1230,576.5,174,20.5,40.75,0.55412
1230,107,391.25,18,36,0.55079
1230,45.5,181,13.25,26.25,0.55069
1230,53.25,387,13.25,27,0.55043
1230,401.25,203,13.75,27.25,0.54929
1230,593.25,402.75,14.25,28.75,0.54754
1230,141,408.25,14.75,29.25,0.54599
1230,582.25,332.75,13,26,0.54564
1230,84.25,391.75,13,26.5,0.54463
1230,613,411.25,14.25,28.5,0.54434
1230,103.25,158.5,13.25,26.75,0.54317
1230,188.5,391.75,12,24,0.54278
1230,103.25,381,13.75,27.5,0.54247
1230,343.75,201.75,12.75,25.75,0.54191
1230,59.5,382.75,17,33.75,0.54158
1230,160,235,36.5,73.25,0.54104
1230,77.25,398,14,27.75,0.54078
1230,594,412.25,18.25,36.75,0.5405
1230,563.25,395.75,17.5,35,0.54005
1230,20.5,409.75,15,30,0.53881
1230,11.75,157,19.75,39.5,0.53798
1230,132,391.25,16.25,32.75,0.53754
1230,31.5,371.25,13.25,26.25,0.53725
1230,158,170.5,12.75,25.75,0.53697
1230,214.5,407,12.75,25.5,0.53678
1230,568.75,100,13.25,26.5,0.53648
1230,240,175.75,14.5,29.25,0.53521
1230,172.5,163.75,12.25,24.75,0.53504
1230,77,406,14,27.75,0.53495
1230,588.75,427.5,14,28.25,0.5343
1230,156.25,356.75,12,24.25,0.53387
1230,238,83.25,13,26.25,0.53328
1230,611.5,399,13.75,27.25,0.53306
1230,-3.5,248.25,29,58.25,0.53305
1230,52.25,406.25,14,27.5,0.53302
1230,397.5,216.5,32,64.25,0.53288
1230,108.5,347.75,12.5,25,0.53258
1230,125.25,382.25,13.25,26.25,0.53255
1230,368.5,178,28.25,56.5,0.53236
1230,12.75,412.75,14.25,28.75,0.53196
1230,165.25,317.75,18.5,37,0.5318
1230,484.25,139.25,11.75,23.5,0.5317
1230,373.25,202,16.25,32.75,0.53133
1230,507.5,437.5,16.25,32.25,0.53119
1230,540.25,376.5,13.25,26.5,0.53092
1230,597.5,385.75,16.75,33.5,0.53081
1230,84.5,32.5,12.25,24.75,0.53055
1230,323,144.5,18.25,36.5,0.53052
1230,576.25,319.75,15.75,31.75,0.53044
1230,566.5,42,22.5,45.5,0.53005
1260,292.25,408.5,12.25,25,0.5668
1260,172.5,386.75,15.25,30.75,0.5641
1260,20,360.5,14.75,29.5,0.55661
1260,60,319.75,12.25,24.5,0.5544
1260,52.75,370,13.5,27,0.55376
1260,287.5,408,12.5,25,0.5518
1260,327.25,450.75,12,24,0.54971
1260,297.75,412.75,13.25,26.75,0.54917
1260,430.75,173.75,31.25,62.75,0.54737
1260,185,346.25,15,30,0.54551
1260,619,179.75,21.5,42.75,0.5455
1260,246.25,341.25,13.25,26.5,0.54472
1260,78.5,375.25,16.25,32.5,0.54242
1260,168.25,385,12.5,24.5,0.54232
1260,107,391.25,18,36.5,0.54201
1260,597,128.75,46.25,92.5,0.54055
1260,117,395.25,14.5,28.75,0.54015
1260,480.5,283.5,14.75,29.25,0.53988
1260,76.25,401.5,15.25,30.75,0.53918
1260,60.25,402.5,13.75,27.75,0.53893
1260,332.75,416.75,11.75,23.75,0.53874
1260,551.25,146.75,14,28,0.53818
1260,613.25,413.75,13.75,27.25,0.53808
1260,435.5,203,16.75,33.75,0.53695
1260,268.75,314.75,15.5,30.75,0.5369
1260,170,201.75,15.5,31,0.53689
1260,86.5,368,13.75,27.5,0.53667
1260,204,407.75,12.25,24.5,0.53662
1260,124.5,391.75,12.25,24.25,0.53659
1260,117.25,385.75,14.5,29.25,0.53628
1260,203.25,366.5,17.75,35.5,0.53551
1260,603.25,387,15.25,30.5,0.53463
1260,51.5,391.75,16,32,0.53438
1260,212.25,308,14.5,29.25,0.53425
1260,157.5,373.5,13.25,26.5,0.53405
1260,12.5,362,13,26,0.53354
1260,46.75,319.25,12.5,24.75,0.53328
1260,154.25,353.75,13,25.75,0.53305
1260,604.5,410,13.25,26.5,0.53303
1260,135.5,190.75,42.25,84.5,0.53302
1260,229.5,341.5,13,26,0.53296
1260,300.5,425.5,12.25,24.25,0.53189
1260,311,407,12.5,25.25,0.53116
1260,112.25,377,12,23.75,0.53083
1260,332.5,367.75,15.5,31.25,0.53055
1260,295.5,125.75,13,25.75,0.53043
1260,581.5,407.75,16.5,33,0.53038
1260,520,199.5,19.75,39.5,0.53034
1260,479.75,332.75,70.75,141.5,0.53032
1260,245.75,139.5,42.5,85.25,0.53028
1290,125.25,388.75,14.25,28.5,0.55673
1290,538.5,71.75,12.75,25.5,0.55585
1290,164.25,368,15.75,31.75,0.55564
1290,247.5,387.25,15,30.25,0.55237
1290,107.75,373.25,14.5,29.25,0.5514
1290,371.75,383.25,12.75,25.5,0.54988
1290,306.75,405.5,13.5,27,0.54443
1290,298,189.5,45.25,90.5,0.54308
1290,172,367.25,16.5,33,0.54241
1290,342.25,64.25,15.25,30.75,0.542
1290,85,345.75,14.25,28.25,0.54138
1290,56.75,359.5,16.75,33.25,0.54134
1290,151.5,285.25,15.25,30.75,0.54132
1290,556.75,205.5,26.25,52.5,0.54126
1290,443.25,156.5,12,24.25,0.54083
1290,281.25,360.5,12.75,25.5,0.5398
1290,51,354,13,26,0.53976
1290,54,203.25,25.75,51.5,0.53975
1290,108.5,398,12.5,25.25,0.53911
1290,354.5,384.25,18.25,36.5,0.5387
1290,148,269,12.25,24.5,0.538
1290,49,361.25,15.75,31.75,0.53736
1290,143.5,358.25,13.25,26.75,0.53709
1290,224.5,296.5,12,24.25,0.53667
1290,606.5,432.25,13,26,0.53656
1290,79.25,384.5,16,32.25,0.53643
1290,132.75,277,13.5,27.25,0.53623
1290,90.25,188.25,14.75,29.5,0.53609
1290,497.5,177.25,34.25,68.25,0.53602
1290,13.25,11.25,14,27.75,0.53516
1290,67.5,377,16.5,32.5,0.53398
1290,63,359.5,25,50.25,0.53386
1290,118,373.25,13,26.25,0.53342
1290,139.5,278,13,26,0.53297
1290,555.5,440.75,17.75,35.5,0.53283
1290,502.75,60,11.5,23,0.5316
1290,93,268.5,11.75,24,0.53157
1290,289,131.5,50,99.5,0.53123
1290,58.75,230,16,32,0.53098
1320,171.5,296.5,13.5,27,0.55603
1320,313.25,398.75,17.25,34.25,0.55556
1320,12,335,12.75,25.5,0.55526
1320,585.75,143.25,20.25,40.25,0.55448
1320,595,12.75,17.25,34.5,0.55073
1320,110,378.75,13.25,26.5,0.54817
1320,74.5,304,16.5,33.25,0.54628
1320,577.5,405.75,26,51.75,0.54476
1320,132.25,396.75,13.5,27.25,0.54401
1320,123.75,310,15,30,0.54216
1320,78,410.25,12.75,25.25,0.54171
1320,25.75,317,16,32,0.5414
1320,61.25,411.25,14.75,29.5,0.54104
1320,623.25,193.5,14.5,29,0.53907
1320,253,209,21.75,43.5,0.53834
1320,353,123.5,21.25,42.5,0.53825
1320,133.75,297,15,29.5,0.53724
1320,195.75,365,16.75,33.5,0.53686
1320,61.5,395.25,15.25,30.5,0.53674
1320,12.25,326,12,24,0.53653
1320,245.25,323,15,30,0.53637
1320,418,67.25,22.25,44.75,0.53565
1320,567.5,163,14.75,29.5,0.5352
1320,603.5,10.75,20.5,40.75,0.5348
1320,300.5,407.5,12.5,25,0.53463
1320,312,349.75,15.5,31,0.53414
1320,589,168,41.5,83,0.53413
1320,59,328.5,23.25,46.5,0.53389
1320,582.75,20.5,14.25,28,0.53373
1320,588.75,161,13,25.75,0.53337
1320,447.25,86.25,14,28.5,0.53275
1320,568.25,55.25,12.25,24.25,0.53234
1320,204.25,362.75,22.25,44.5,0.53226
1320,596.5,204.75,19.75,39.75,0.53218
1320,24.75,177.5,14.5,29.25,0.53211
1320,372.75,186.5,56,112.25,0.53164
1320,613.5,194.75,28,55.75,0.53134
1320,174.75,182,12.5,25.25,0.53132
1320,498.25,351.75,16.75,33.5,0.53063
1320,83.75,349,21.5,43,0.53033
1320,245.25,107.5,74.25,148.5,0.53028
1320,341.5,54.75,44.25,88.75,0.53007
1320,447.5,183.75,12.75,25.25,0.53003
1350,301.25,342.25,13.75,27.5,0.579
1350,213.25,340.75,14,28.5,0.56691
1350,348.75,342.5,13,26,0.55769
1350,188,360.25,17,34.25,0.55674
1350,167.25,324.5,14,27.75,0.55553
1350,236,338.75,14.5,29,0.5533
1350,243.25,336.5,16.75,33.75,0.55272
1350,52.25,18.75,15,30,0.55168
1350,317.75,402,13.5,27,0.55025
1350,348,406,14.75,29.5,0.55012
1350,268.25,386,16.5,32.5,0.54939
1350,139.5,16.75,17,33.75,0.54903
1350,92.25,321.75,13.75,27.25,0.54814
1350,144.5,292.25,12.5,25,0.54712
1350,85.25,1.25,14.5,29.25,0.54696
1350,379.75,355.75,13.75,27.75,0.54625
1350,558.5,166.5,17.75,35.5,0.5462
1350,365.75,363.5,13.25,26.25,0.54579
1350,204.25,344.75,15.75,31.5,0.54539
1350,17.25,302.75,12.5,25.25,0.54532
1350,308.75,346.5,15.75,31.25,0.5452
1350,536.25,358.75,12.75,25.5,0.54429
1350,372.25,355,15,30,0.54346
1350,308.75,339.75,14.5,28.75,0.54306
1350,412.5,375.75,12.75,25.25,0.54177
1350,220.5,339.5,14.25,28.5,0.54079
1350,13.25,347,13.25,26.5,0.54028
1350,393.5,132.75,73.25,146.5,0.5398
1350,188,178.75,12.5,25.25,0.53912
1350,99.75,319.75,16.25,32.75,0.53909
1350,412.25,394.5,14.5,29.25,0.53854
1350,51.75,388,15.75,31.5,0.53844
1350,65.5,185,19,38,0.53779
1350,17.75,161,14.25,28.5,0.53752
1350,317,356.25,14.5,29.25,0.53745
1350,197.25,355.25,14.75,29.75,0.5368
1350,355.75,350.75,13,26,0.53673
1350,60,392.75,16.25,32.5,0.53673
1350,213.25,305.25,15.25,30.75,0.5365
1350,68,317.25,16.25,32.25,0.5361
1350,124.5,20.75,14,28,0.53595
1350,260.75,346.25,15.25,30,0.53558
1350,144.75,239.5,21.25,42.25,0.53546
1350,510.5,228.5,12,24,0.53536
1350,317.25,363,14.25,28.75,0.53533
1350,273.5,296.5,12,24,0.53507
1350,319.5,344.75,12.75,25.75,0.53464
1350,38,299,12.75,25,0.53394
1350,394.75,383.75,16.5,32.75,0.53386
1350,283.5,146.25,16.75,33.25,0.53383
1350,348.5,363.25,14,27.5,0.53353
1350,253.5,317.75,14,28,0.53333
1350,134.75,332.75,11.75,23.75,0.53322
1350,192.5,307.5,12,24,0.53315
1350,284,350.5,17,33.75,0.53287
1350,212,12.5,13.25,26,0.53269
1350,455,115.5,16,32.5,0.53261
1350,504.75,48,11.5,23,0.53257
1350,172,330.5,14.5,29,0.53255
1350,422.5,301.25,13.25,26.25,0.53223
1350,100.75,346,14.5,29.25,0.532
1350,336,342.75,13,25.75,0.53197
1350,316.5,346,15.75,31.5,0.53192
1350,595.5,353.75,15,30.25,0.53188
1350,588.25,106.75,12.5,25,0.5318
1350,164,450,12.25,24.75,0.53168
1350,222.75,400.25,12.25,24.75,0.53144
1350,324.75,353.75,15.25,30.75,0.53143
1350,20.75,346.75,14.5,28.75,0.53133
1350,94,172.75,37.25,74.75,0.53093
1350,44.5,32.75,12.5,25,0.53087
1350,285,306.75,16,32,0.53076
1350,215.25,295.75,13.25,26.5,0.53065
1350,313.75,192.5,38.5,76.75,0.53058
1350,325,401.5,13.75,27.5,0.53037
1350,558,357.75,13.25,26.75,0.53037
1350,84,328,16.25,32.5,0.53026
1350,471.5,95.75,14,28.25,0.53026
1350,132,18.5,15,30.25,0.53023
1350,404.5,379.75,14.25,29,0.5302
1350,420,396.75,13.75,27.5,0.53017
1380,348.75,278.75,12.75,26,0.56754
1380,568.5,368.25,17.75,35,0.56377
1380,164.5,312.75,12,24.5,0.5607
1380,183.75,384.25,12.25,24.5,0.56039
1380,470,364.75,13,26,0.55978
1380,181.5,6.75,13,26.25,0.55762
1380,220.25,335.5,16.5,33,0.55724
1380,479.5,183.25,13.5,26.75,0.55294
1380,92.75,385.5,12,23.75,0.55186
1380,332,375.5,13,26.25,0.5499
1380,116.5,323.5,15.5,31,0.5466
1380,27.25,337.5,14.75,29.25,0.54429
1380,196.25,368.25,16,31.5,0.54385
1380,229.25,332,14.25,28.5,0.54317
1380,47.75,353.25,12.5,25,0.54189
1380,380.5,318.25,13,25.75,0.54105
1380,360,206.5,12.5,25,0.54039
1380,381.75,392.75,13.5,27.25,0.54013
1380,624.75,436,17,34,0.53821
1380,220.5,387.5,14.25,28.75,0.53811
1380,258.5,386.5,14.75,29.5,0.53811
1380,513.5,243.5,75.25,150,0.5381
1380,383.5,102.5,33,66,0.53775
1380,141.25,341.5,14,28,0.53754
1380,525.5,83.75,15.75,31.75,0.5374
1380,360,344.25,12.25,24.5,0.53622
1380,111.5,323.5,14.5,29,0.53612
1380,374,176.25,14.5,28.75,0.536
1380,68.25,148.75,53.5,107,0.53532
1380,396.5,203.25,14,28.25,0.53426
1380,224.5,184.25,20.25,40.5,0.53322
1380,196,327.25,13,25.75,0.53313
1380,576,69.5,12.5,25.5,0.53312
1380,337,280.5,11.75,23.75,0.5328
1380,80.5,116.25,19.25,38.75,0.53257
1380,415.25,408.75,12,24,0.53192
1380,193,172,47,93.75,0.53191
1380,407.75,185,46.75,93.5,0.53163
1380,563,142.25,16.75,33.5,0.5316
1380,8.25,102.5,12.25,24.5,0.53143
1380,125,330.75,14.75,29.5,0.53138
1380,90.5,113.25,18.25,36.5,0.53129
1380,100.75,411.25,14.75,29.5,0.53125
1380,389,400.75,15.75,31.75,0.53113
1380,324.25,336.75,12.5,24.75,0.53052
1380,226.25,368.5,14.75,29.25,0.53041
1380,229,384.5,14.75,29.25,0.53015
1380,188.75,380,14.25,28.75,0.53012
1410,491.5,396.25,15.25,30.5,0.55592
1410,588.75,429,13.25,26.75,0.55431
1410,209.75,382.5,15,29.75,0.55151
1410,253.5,413.25,14.25,28.5,0.5503
1410,123.25,308.5,14.75,29.5,0.54949
1410,150.75,303,12.5,25,0.54919
1410,49,149,14.25,28.5,0.54862
1410,396.75,273.25,12.75,25.5,0.54611
1410,540.5,262.75,14,28.25,0.5459
1410,557.25,416.5,16.25,32,0.54558
1410,155.5,110.75,17.25,34,0.54466
1410,172.25,406.75,12.5,25.25,0.54419
1410,598.25,406.5,12.75,25.25,0.54403
1410,82,106,13.25,26.25,0.54375
1410,220.75,273.75,12.75,25,0.54141
1410,263.25,177.5,55.5,111.25,0.54029
1410,120.25,407.25,12.25,24.75,0.54002
1410,567.5,193,35.75,71.75,0.53916
1410,476.75,179,16.5,33,0.53904
1410,422.5,316.25,12.25,24.5,0.53898
1410,219.75,386,16,31.75,0.53833
1410,109,304,18.25,36.5,0.53815
1410,200.75,210.25,20,39.75,0.53787
1410,428.5,311,13.25,26.75,0.53688
1410,188,408.25,12,24,0.53684
1410,300,175,14,28,0.53641
1410,452,330.75,15.25,30.75,0.53581
1410,587.5,401.25,15.5,31,0.53576
1410,545.5,391.75,19.25,38.25,0.53556
1410,533.25,406.5,14.75,29.5,0.53397
1410,194.25,240,12,24,0.53382
1410,280.75,305,11.5,23,0.53306
1410,235.25,271,63.75,127.5,0.53255
1410,259.5,343.75,30.5,61,0.53211
1410,418.75,297,11.75,23.5,0.53177
1410,236.5,384.75,14.25,29,0.53166
1410,253,300.5,13.5,27.25,0.53116
1410,613.75,298,13.5,26.5,0.53106
1410,157.75,317.75,12.75,25.25,0.53076
1410,604.5,414,13.75,27.5,0.53071
1410,86,302.25,13.5,27.25,0.53054
1410,48.25,128.75,16.75,33.75,0.53005
1410,325,189.75,109.25,218.25,0.53004
1410,457.5,215.25,14.25,28.25,0.53002
1410,460.25,330.5,14.75,29.5,0.53001
1440,188.25,367,12.25,24.5,0.57485
1440,276.25,363.25,13.25,26.75,0.56186
1440,179.75,405,13.75,28,0.56148
1440,298.75,396.75,17.75,35.5,0.55642
1440,151.5,382.75,12.75,25.25,0.55307
1440,262,356,13,25.75,0.55112
1440,308.75,415,15.5,31,0.55072
1440,116.25,414.5,15.5,31,0.54898
1440,196,234.25,12.75,25.25,0.5486
1440,194.25,376.75,12.5,25,0.54788
1440,195.5,193.5,34,68,0.54705
1440,268.75,374.25,14.75,29,0.54571
1440,422.25,206.75,12,24,0.5445
1440,325,404,13,26.25,0.54347
1440,261.5,375,13.75,27.5,0.54225
1440,205.75,362.25,19.5,38.75,0.54132
1440,-9,33.5,110.5,220.75,0.54099
1440,309.25,187.5,12.75,25.25,0.5407
1440,455,335.5,14.25,28.5,0.5407
1440,220.5,395.25,14,27.75,0.54018
1440,333.5,387.5,14.5,29,0.54016
1440,588,447,15.25,30.5,0.53996
1440,107.25,363.75,17,34,0.53984
1440,140.5,394.5,12.25,24.75,0.53899
1440,570,320.25,12,24.25,0.53857
1440,202,375.25,12.75,26,0.53847
1440,66.75,345.75,14.75,29.25,0.53835
1440,540,390.25,13.5,27,0.53778
1440,566.75,312.25,12.25,24.75,0.53751
1440,342.25,369,12.25,24.5,0.5371
1440,253.25,176.5,77,153.75,0.53702
1440,291.75,302,18.25,36.5,0.53682
1440,276.25,384,16.5,33.25,0.53645
1440,201.75,394.5,16.75,33.5,0.53632
1440,130.25,411.25,13.25,26.5,0.53615
1440,188,275.75,13,26,0.53611
1440,548.25,380.75,12,24,0.53529
1440,472.75,367.75,12.75,25.25,0.53526
1440,238.75,348.25,20.25,40.5,0.53498
1440,421.5,419.5,14.75,29.5,0.53485
1440,476.5,408.5,14,28,0.53436
1440,618,189.25,23.5,47.25,0.53426
1440,494.5,222.5,16.75,33.25,0.53411
1440,411.5,188.75,22.25,44.75,0.53409
1440,364,410.75,13.5,27.25,0.53342
1440,171.5,372.75,17.25,34.25,0.53303
1440,148.75,103.75,19,38,0.53277
1440,300,409.25,13,26.25,0.5327
1440,396,131.5,35,70,0.53266
1440,-4,146.5,33,66.5,0.53255
1440,31.75,297.25,12.5,25.25,0.53221
1440,412,338,13.75,27.75,0.53184
1440,208,337.25,12.75,25.75,0.5317
1440,269.25,249.25,12.75,25.75,0.53153
1440,513.75,177.5,21.75,43.5,0.53138
1440,235.5,399.5,12.75,25.5,0.531
1440,376.5,424.75,12,24.25,0.53097
1440,303.5,173,15.25,30.5,0.5309
1440,365.75,424.25,12.75,25.5,0.5309
1440,118.75,363.5,18.75,37.25,0.53053
1440,194.75,193,64.75,129.5,0.53043
1440,70.25,297,12.25,24,0.53039
1440,99.5,211,69.5,138.75,0.53033
1440,132.25,395,12.75,25.5,0.5303
1440,332.75,359.75,16.5,32.75,0.53009
1470,324.5,431.25,13.25,26.75,0.562
1470,268.25,283.25,15.25,30.5,0.56079
1470,294.25,417,15,30,0.5581
1470,116.25,339.5,14.25,28.75,0.55464
1470,317.25,430.75,13.75,27.25,0.55454
1470,165.5,309.75,13.5,26.75,0.55178
1470,276.25,274.5,15,30,0.55046
1470,366.5,268.5,13.25,26.75,0.54972
1470,131,145.5,51,102.25,0.54919
1470,472,408.5,12.25,24.75,0.54831
1470,381.5,280.5,15.75,31.25,0.54792
1470,347.75,419,14.75,29.5,0.54706
1470,164.5,409.75,15,30,0.54655
1470,435.5,206.25,14.25,28.25,0.5457
1470,268.5,417.25,11.75,23.75,0.54549
1470,425.75,168,15.25,30.5,0.54499
1470,491.25,415.25,17.5,35,0.5435
1470,411.25,412.75,13,25.5,0.54328
1470,173.25,411.75,14.75,29,0.54289
1470,298.5,171.75,15.75,31.5,0.54274
1470,543,251.5,13.5,27.25,0.54248
1470,513.25,372,17.25,34.5,0.54241
1470,276,287.5,16.5,32.75,0.54207
1470,203.5,344.75,28.75,57.75,0.54149
1470,382.25,267.75,12.5,25,0.54146
1470,539.75,385.25,15.25,30.5,0.54108
1470,524.25,395,14.75,29.75,0.5408
1470,156,274.25,13.25,26.75,0.54057
1470,133.25,353,15.25,30.5,0.53991
1470,556.75,394.5,14.25,28.75,0.53958
1470,109.25,388,22.25,44.5,0.53904
1470,582,418,13.75,27.75,0.53869
1470,431.25,361.25,21,42,0.53845
1470,509.75,427.25,13,26.25,0.53822
1470,220.5,345.75,26.75,53.5,0.5381
1470,369.25,137.75,19.5,39.25,0.5369
1470,389.75,282,14,28,0.5368
1470,193.25,198.5,13,26,0.53668
1470,453.25,413.5,14.75,29.25,0.5358
1470,155.25,334,13,25.75,0.53545
1470,563.75,162.5,13,26,0.5353
1470,398,279.75,15,29.75,0.53469
1470,485.25,370.75,16.25,32.25,0.53466
1470,292,264.5,12.5,24.75,0.53418
1470,556.25,171.75,17.25,34.5,0.53292
1470,164,137.5,15.5,31.5,0.53258
1470,134.75,92,23.25,46.5,0.53237
1470,531.75,393.75,16,32.25,0.53212
1470,56.25,248.5,12,24,0.53201
1470,251.75,272.75,13.75,28,0.53185
1470,437.5,420.5,13.5,27.25,0.5318
1470,226.25,338,40,80,0.5317
1470,534.75,300,14,28,0.53167
1470,21.75,295.5,12.75,25.5,0.53161
1470,17.75,173.75,28.75,57.75,0.53156
1470,308,287,13.25,26.5,0.53119
1470,276,40.5,15.25,31,0.53079
1470,300.25,271.75,12.25,24.5,0.53069
1470,392,337,31.75,63.5,0.53059
1470,469.75,380.5,14.25,28.5,0.53041
1470,506.25,14.75,12,24,0.53009
1500,261.25,375,13.5,27,0.58061
1500,381.25,293.25,15,29.75,0.56781
1500,244.75,366,16,32.25,0.56335
1500,447.75,375.5,12.75,25.5,0.55963
1500,365,316.75,14,28,0.5559
1500,162.25,359.75,12.25,24.75,0.55581
1500,355.5,291.25,14.5,29.25,0.55564
1500,406,295.25,13,26.25,0.55483
1500,362.25,291.25,15.25,30.25,0.55358
1500,306.75,290.5,15.5,31,0.5509
1500,343.75,375.25,13.25,26,0.54931
1500,396,293.25,13.25,26.75,0.54886
1500,195.75,288.25,12.5,25,0.54627
1500,472,339,12,23.75,0.54575
1500,324.25,317,15.75,31,0.54486
1500,388.25,291.75,15.75,31.5,0.54403
1500,348.5,304,13,26,0.54334
1500,527.75,431.25,12.5,24.75,0.54291
1500,235,363.75,16,32.25,0.54284
1500,3.75,201.5,17,34,0.54225
1500,494.25,379.25,12.75,25.25,0.54153
1500,178.5,224.25,14,27.75,0.54147
1500,438.25,334,13.25,26.5,0.54132
1500,358.5,247,14,27.75,0.54114
1500,462.75,375.75,12.75,25.75,0.54089
1500,101.5,264.75,12.75,25.25,0.53906
1500,238.75,327,13,26,0.5386
1500,76,368,12.25,24.75,0.53854
1500,606.75,269,17,34,0.53849
1500,18,203,17.25,34.25,0.53735
1500,445.5,106.5,13,26.25,0.53709
1500,28.25,386,12,24.5,0.53666
1500,278.75,278.25,13.5,27.25,0.53633
1500,-13.25,32.75,110.25,220.5,0.53609
1500,119.25,81.75,23.25,46.25,0.53587
1500,-5,142.75,40.5,81,0.53461
1500,444,376.5,12.5,24.75,0.53438
1500,156.5,348.75,13.75,27.5,0.53351
1500,460.5,354.75,22.5,45.25,0.53351
1500,375.5,292.25,14.25,28.75,0.53344
1500,544.25,253.25,11.75,23.75,0.53336
1500,625.25,67.75,16.25,33,0.5323
1500,391.25,254.75,12.5,25.25,0.53223
1500,203,285.75,14,28.25,0.53171
1500,579.25,417.75,14.25,28.5,0.53151
1500,588,170.5,16.25,32.5,0.53128
1500,269,280.25,13,26.25,0.53072
1500,516,172.75,41.25,82.25,0.53066
1500,502.75,327.25,12.75,25.5,0.5303
1500,332.5,378.5,12.25,24.25,0.53028
1500,404.25,371.5,15.25,30.5,0.53018
1530,333.5,377.75,14.75,29.75,0.57545
1530,156.75,326.25,14.25,28,0.56961
1530,341,399.25,16.5,33.25,0.56563
1530,460,368.25,16.5,33.25,0.56393
1530,412,347.25,15.5,30.75,0.56273
1530,251.75,309.5,13.5,27,0.56207
1530,484,384.75,16.5,32.75,0.55618
1530,443.5,336.25,16.5,32.75,0.55456
1530,92.5,375.25,15,30.5,0.55217
1530,445,349.5,13.75,27.5,0.55158
1530,441.75,328.5,12.5,24.75,0.5485
1530,165.5,315.25,13.5,27,0.54786
1530,232,314.75,12.75,25.5,0.54713
1530,108,73.25,26,52,0.54596
1530,293,362.75,13.5,27.25,0.54484
1530,124.75,385,16,32,0.54476
1530,396.5,400.75,16.25,32.5,0.54472
1530,429.75,326,13.5,27,0.5447
1530,280.25,305.25,12,24.25,0.54308
1530,448,328.75,12.25,24.5,0.54231
1530,144.5,125.25,13.5,27,0.54225
1530,148.5,317.75,17.25,34.5,0.54175
1530,501,364.75,14,28.5,0.5416
1530,500.75,377.5,15.5,31,0.54156
1530,412,415.5,16.5,33,0.54151
1530,78,271.75,13.25,26.75,0.54114
1530,478.75,368.25,12.75,25.75,0.54098
1530,292.75,398.75,16,32.5,0.54078
1530,333.5,319.25,14.25,28.75,0.54076
1530,523,417,16.25,32.5,0.54042
1530,608.75,230.75,15.25,30.5,0.54019
1530,572.25,420,12,24.25,0.53994
1530,332.5,330,15.25,30.75,0.53933
1530,133,328.25,12.5,25,0.53867
1530,318,15.75,12.75,25.5,0.53789
1530,181.25,400.25,15.75,31.5,0.53775
1530,390.75,150.25,13.75,27.5,0.53735
1530,439.25,307.75,12.75,25.5,0.53733
1530,419.75,334.75,13.75,27.25,0.53715
1530,412.25,334,14,28,0.53695
1530,331.75,348.75,17.75,35.5,0.53659
1530,373.25,331.5,15.75,31.25,0.53635
1530,395.5,234.25,14.75,29.75,0.53588
1530,395,272.75,12.75,25.5,0.53578
1530,101.5,276,14.25,28,0.53563
1530,264.25,312.5,12.25,24.5,0.5355
1530,227.75,328.5,12,24,0.53548
1530,598,41,43,86.25,0.53498
1530,221,371,14.5,29,0.53426
1530,580.25,432,18.5,37.25,0.53413
1530,236.5,183.75,14.5,28.75,0.53344
1530,20.25,409.75,15,29.75,0.53325
1530,224.75,259,11.5,23,0.53314
1530,195,290.75,15.5,31.25,0.53288
1530,473.5,371.25,20.75,41.5,0.53273
1530,458.25,378.5,20.25,40.5,0.53217
1530,556.75,185,12.25,24.75,0.53214
1530,248.25,313.25,12.25,24.25,0.53179
1530,325,338.25,15.5,30.5,0.5315
1530,290.25,343.25,12.75,25.5,0.53136
1530,460.75,179.75,38.75,77.25,0.5313
1530,269.5,272.5,12.25,24.75,0.53095
1530,120.25,265,12.25,24.25,0.5308
1530,117.5,142.75,48.25,96.5,0.53071
1530,149,389.25,14,28,0.53053
1530,435,348,17.75,35.5,0.53043
1530,141.25,250.25,14,27.75,0.53035
1530,133,347.75,15,30,0.53028
1530,268.5,397,16,31.75,0.53025
1560,491.75,386.5,12.75,25.25,0.55606
1560,504,399.5,12.5,25.25,0.55568
1560,366,359.75,14.25,28.5,0.55449
1560,391.25,368.75,16.75,33,0.55254
1560,143.25,91.25,58.25,116.25,0.55163
1560,327.25,363.5,15,29.75,0.54708
1560,213.5,379.25,13.25,26.75,0.5452
1560,101.25,63.75,26.5,53,0.54143
1560,253.75,294.25,14.25,28.75,0.54086
1560,286.25,388.75,12.25,24.25,0.54041
1560,74.75,390.75,13.75,27.75,0.54023
1560,139.5,118.5,13.5,27.25,0.53997
1560,397.5,305.75,13.25,26.5,0.53934
1560,204.25,376.25,16,32.25,0.53926
1560,228,181.75,16.75,33.5,0.53778
1560,364.25,449.75,12.25,24.5,0.53639
1560,433.5,215,12,24.25,0.53593
1560,472.25,380.5,13.5,27,0.5353
1560,321.75,176,13.25,26.5,0.53529
1560,261.25,293.75,15.75,31.75,0.53415
1560,196,385.25,17,34.25,0.53384
1560,304.75,158.25,17.25,34.75,0.53347
1560,316.25,342,18.25,36.25,0.53344
1560,358,373.75,14.75,29.25,0.53324
1560,344.5,177.5,12.25,24.75,0.53305
1560,140.75,349.75,12.5,25,0.53294
1560,597.75,180,16.5,33,0.53288
1560,603.75,34.25,15,30,0.53279
1560,406.5,138.25,11.75,23.5,0.53262
1560,86.5,194.5,16,31.75,0.53227
1560,412.25,183.5,26.5,52.75,0.53134
1560,255.75,319.75,13,25.75,0.53124
1560,261.25,309.75,14.25,28.25,0.53123
1560,172.5,1.5,16.5,33.25,0.53122
1560,575.75,78.5,12.75,25.25,0.531
1560,487,298.75,12.75,25.5,0.53089
1560,220.75,397,13.5,26.75,0.5308
1560,501,174.25,51.25,102.25,0.53076
1560,625.5,132.75,15.5,30.75,0.53071
1560,148.25,394.75,14.75,29.5,0.53061
1590,221,196.25,13.5,27,0.55906
1590,220.5,313,13.25,26.5,0.55494
1590,205,357,14.5,28.5,0.55455
1590,213.5,304.25,13.5,26.75,0.54646
1590,282,152.25,31.5,62.75,0.54381
1590,268.75,384.25,14,28,0.54276
1590,236,332,19.5,39,0.54267
1590,92.75,57,27.75,55.5,0.54083
1590,363.25,182,13,25.75,0.53826
1590,600.25,435,12.25,24.75,0.53781
1590,245.75,381.75,14.25,28.75,0.53724
1590,254.75,304.75,18.75,37,0.53684
1590,141,90.25,50.75,101.5,0.53592
1590,315.75,181.75,13,26,0.53564
1590,363.75,397.5,13.75,27.25,0.53487
1590,181,413.5,13.25,26.25,0.5348
1590,134.5,113.75,13,26.25,0.53455
1590,579.5,431.75,17.75,35.5,0.53447
1590,172.5,336.25,15.5,31.25,0.53358
1590,196.25,357,14.75,29.75,0.53348
1590,601,165,12.25,24.75,0.53326
1590,580.25,69.75,12.5,25,0.53277
1590,440.25,365.75,12,23.75,0.5324
1590,437,385.25,15.75,31.5,0.53217
1590,92.5,369.25,12,24.25,0.5318
1590,95.75,382.5,13.75,28,0.53174
1590,284.5,382.5,16.25,32.5,0.5316
1590,230,345.25,12.5,25.25,0.53118
1590,72.75,190.5,18,35.75,0.53115
1590,200.5,396.5,11.75,23.5,0.53114
1590,24.25,22.5,12.25,24.5,0.5304
1590,430.75,394.75,13,25.75,0.53032
1590,459.25,84.25,85.75,171.75,0.53017
1620,390,406.5,13.25,26.75,0.56491
1620,576.75,387.75,20,40,0.55942
1620,131.75,113.5,14.5,29,0.55195
1620,327.25,404.75,13.5,27,0.55113
1620,218,201.5,13.5,27.25,0.54909
1620,323.75,390,17.75,35.75,0.54852
1620,220.75,337.5,13.25,26.5,0.5482
1620,588.5,188.5,13,25.75,0.54413
1620,549.75,408.75,12.25,24.75,0.54385
1620,617.75,420,23.5,47,0.54375
1620,381,403.5,14.75,29.75,0.54221
1620,85.25,191.5,19.25,38.5,0.54134
1620,181.25,325.75,14,28.25,0.54096
1620,482.25,380.75,11.75,24,0.54085
1620,205.25,308.5,14.25,28.75,0.54022
1620,405.5,414.75,13.5,26.75,0.53989
1620,459,344,13.5,26.75,0.53926
1620,346.75,407.75,12.5,24.75,0.538
1620,325.5,184,14.75,29.25,0.53788
1620,505,61.75,23.5,47.25,0.53766
1620,152,368.75,12,24,0.53764
1620,239.75,245.5,12.5,25,0.53643
1620,331.75,349.25,13.75,27.5,0.5361
1620,220.5,320.5,12.5,24.75,0.53511
1620,430.75,132.25,13,25.75,0.53501
1620,343,343.25,14.25,28,0.53494
1620,194.75,291,21,41.75,0.53443
1620,545.25,408.75,12.25,24.5,0.5336
1620,33.75,26.25,12,24,0.53324
1620,439.75,355.75,12.75,25.75,0.53295
1620,188,337.5,16.25,32.5,0.53202
1620,205.75,269,20.25,40.25,0.53171
1620,450.5,186.75,37.75,75.5,0.53154
1620,532.5,403.5,17.5,35,0.5314
1620,350.25,394.75,15.25,30.5,0.5312
1620,172.25,399.5,12.75,25.5,0.53111
1620,103.5,402.25,12,24,0.53109
1620,512.25,392.25,12,23.75,0.53066
1620,460.25,237,14,27.75,0.53022
1620,122,450,12.5,24.75,0.53014
1620,199.5,444.25,12.5,24.75,0.53004
1650,188.25,355.5,12.75,25.5,0.56223
1650,472.5,81.25,98.5,197,0.55259
1650,342,408.5,12.75,25.5,0.55257
1650,166.25,448,13.25,26.25,0.54837
1650,215.25,359.5,12.75,25.5,0.54337
1650,618.75,174.5,22,44,0.54335
1650,597.75,195.25,13,25.5,0.54298
1650,221.5,354,15,30,0.53922
1650,239,287.25,13,26.25,0.5375
1650,446,416,12.5,25.25,0.5372
1650,130.5,454.75,12,23.5,0.53538
1650,53.25,364,16.75,34,0.5341
1650,20.25,190.25,15,29.5,0.53326
1650,207.5,323.25,13,26,0.53307
1650,300,191.25,13,25.75,0.53293
1650,159.5,373.75,13,26.25,0.53257
1650,190,352.25,20.5,40.75,0.53225
1650,617.5,422,23.5,47,0.5321
1650,301.25,404.5,12.5,25,0.53136
1650,373.5,194.5,13,26,0.53119
1650,36.5,108.75,12,24,0.53105
1650,30.5,30.5,12,24.25,0.53103
1650,567.75,381.25,12.5,25.25,0.53038
1650,428.25,409.5,12.25,24.25,0.53007
1650,412.5,416.25,12.5,25,0.53005
1680,536.25,408.5,12.5,25,0.56086
1680,259.5,332.25,18,36,0.55651
1680,460,354,15,30.25,0.55644
1680,406.5,420.75,12.5,25.25,0.54946
1680,428.5,356.75,12.75,25.5,0.54798
1680,483.5,415,14,28,0.54332
1680,581.75,185.75,13.75,27.25,0.54266
1680,128.5,148.5,17.5,35,0.54066
1680,229.5,316.75,14.25,28.5,0.54043
1680,436,356.75,12.75,25.5,0.5386
1680,179.75,159.25,35.25,70.5,0.53825
1680,136.75,401,11.5,23,0.53712
1680,586.25,183.5,21.5,42.75,0.53665
1680,466.75,372.25,17.25,34.5,0.53657
1680,360.5,367.5,20.5,41,0.53655
1680,372.75,197.75,14.25,28.5,0.5361
1680,492,417.5,14.25,28.25,0.53588
1680,429.5,412,15,30,0.5355
1680,229,215,17.5,35.25,0.53514
1680,604.75,424.25,24.25,48.25,0.53467
1680,262.5,329,13.5,27.5,0.53428
1680,71.75,124.75,12.5,24.75,0.53424
1680,86.5,228,12.25,24.5,0.53424
1680,498.5,398.25,17.25,34.25,0.53336
1680,614.25,210,12.25,24.5,0.53313
1680,107.75,189.75,15.5,31.25,0.53259
1680,504,145.25,12.5,25.25,0.53238
1680,578.25,399.5,16.5,33,0.5321
1680,413.25,406.5,13.25,26.75,0.53175
1680,476.5,422.75,14.25,28.5,0.5314
1680,459.25,368.5,12.75,25.25,0.53116
1680,477.5,243.5,15.75,31.25,0.53096
1680,276,177.5,12.5,25,0.53037
1680,231.5,211.25,13.25,26.5,0.53029
1680,247.5,295.5,13,26.25,0.5302
