30,330,347,18.75,37.75,0.57433
30,201.25,189,134.5,269,0.56034
30,325.5,355,14.75,29.75,0.54595
30,242.25,298.25,79.5,159.25,0.54568
30,585.5,101.25,38.75,77.75,0.54422
30,133,90.75,62.25,124.5,0.54399
30,375.25,141.75,37,74,0.54375
30,588.75,408.5,12,24,0.54308
30,476,365.25,13,26,0.54284
30,355.75,344.5,17,33.5,0.54255
30,387.75,172.75,19.25,38.75,0.54165
30,453.25,339.5,67.5,134.75,0.53936
30,355,411.75,17.5,34.75,0.5386
30,-2.75,228.25,23,46,0.5381
30,340.5,399,17,33.5,0.53751
30,349.5,347.5,14.75,29.5,0.53749
30,559,151.25,46.75,93.5,0.53659
30,412,382.5,37.75,75,0.53639
30,145.75,162,19.25,38.5,0.53598
30,315.75,341.75,12.75,25.75,0.53457
30,301,420.5,12.25,24.5,0.53429
30,126.75,179.5,24.75,49.5,0.53419
30,164.75,392,14.5,29.5,0.53412
30,125.25,165.75,23.25,46.75,0.53363
30,468.25,175,12.75,25.75,0.53284
30,102.75,179,15,30.25,0.53258
30,396.25,350.75,22,43.75,0.53202
30,381.25,156.5,151.25,302.75,0.53154
30,69.5,158,41.5,82.75,0.53149
30,518.25,70.75,14.5,29,0.53126
30,124,413,12.5,25.25,0.53114
30,350.75,364,13.25,26.25,0.53112
30,165,273.25,96.25,192.5,0.53105
30,-9.25,318.5,73.5,147,0.53076
30,364.25,344.75,12.25,24,0.53037
30,407.5,375.75,23.75,47.75,0.53017
30,507.5,302.5,16.75,33.5,0.53003
60,238,164.25,14.5,29.25,0.54922
60,-11.75,45.25,99,198.5,0.54804
60,192.5,305,12,24.25,0.5469
60,42,367.5,47.75,95.75,0.54369
60,29.25,89,18.5,37,0.54143
60,453,357,57.25,114.5,0.54132
60,69.25,309.75,13.25,26,0.54015
60,308,382.5,17.5,35,0.53918
60,611,80.5,20,39.75,0.53849
60,350,385,23.5,47,0.53808
60,386.75,176.5,16.5,33,0.53793
60,77.5,15,17,34,0.53592
60,156.75,402.5,13.5,27,0.53592
60,382.5,264.5,101.25,202.25,0.5341
60,28.75,104,12.5,24.75,0.53398
60,-1,221.75,18.75,37,0.53394
60,122,42,13,26,0.53305
60,428.75,267.25,39,78.5,0.53255
60,580.75,297,16.25,32.5,0.53246
60,355.75,401,16.75,33.5,0.5321
60,69.75,158.25,44.5,88.75,0.53165
60,243.5,394.5,15,29.75,0.53146
60,192,316.75,11.75,23.5,0.53145
60,324.5,395.75,15.5,30.75,0.53141
60,492,408.5,12.75,25.25,0.53073
60,332.5,311.75,16.5,33,0.53038
60,537,32,30.25,60.5,0.53032
60,268.5,318.75,15.75,31.5,0.53026
60,205.75,189.75,13,25.75,0.53001
60,9.75,410.5,26,52,0.53001
90,76,416.25,12.5,25.25,0.56539
90,21,380.5,13.5,27.25,0.56097
90,293.5,244.75,30,60,0.56055
90,420.75,400.75,15.25,30.5,0.55473
90,365.75,413.75,13.75,27.5,0.55167
90,476.75,416.75,14.25,28.5,0.54925
90,-6.75,150.75,57,114.25,0.54913
90,348,409,15.75,31.75,0.54837
90,250.75,380.25,15.25,30.75,0.54834
90,154.5,368,13.75,27.25,0.5475
90,54.25,360.25,12.5,25,0.54499
90,122.25,343.75,27.75,55.75,0.54359
90,444.5,365.25,17.75,35.25,0.54344
90,170,360,26.75,53.75,0.54319
90,535.75,404.25,13,25.75,0.54308
90,275.25,403.75,13.75,27.5,0.54104
90,414,172.25,15.25,30.5,0.54102
90,260.5,371,12.75,25.5,0.54072
90,500.75,427,14.25,28.25,0.5393
90,304.25,178.75,37,74.25,0.53905
90,309.5,412.75,12.5,25.25,0.53843
90,243,387,16,32.5,0.53801
90,387,185.75,15.5,31.25,0.53793
90,450.75,397.25,17.75,35.25,0.53754
90,164.5,365.75,14.75,29.5,0.53745
90,219,369,18,35.5,0.53668
90,61.5,360.25,13.25,26.25,0.53628
90,333,378.25,14,28,0.53623
90,332.75,317,11.75,23.75,0.53619
90,202.75,390.75,12.25,24.75,0.53555
90,560,175.75,14.5,29.25,0.53529
90,164,399.75,16.25,32.75,0.53449
90,28.75,372.75,14.75,29.75,0.53395
90,535,415.25,14.25,28.5,0.53393
90,451.5,383.75,16.25,32.75,0.53391
90,325,352.25,15.75,31.5,0.53383
90,275.75,186.75,17.25,35,0.53375
90,67,93.25,16.75,33.25,0.53361
90,405.25,288.25,16.75,33.5,0.53324
90,436.5,418.25,12.75,25.75,0.53309
90,333.75,369.25,13,26.25,0.53296
90,136.25,388.75,12.5,25,0.53273
90,68.75,361.75,12.25,24.25,0.53223
90,60.75,174,13.25,26.5,0.53201
90,56.75,90.75,17,34.25,0.53193
90,428.5,346.75,13,25.75,0.53158
90,9.5,102.5,12.5,25.5,0.53146
90,439,99.25,30.5,60.75,0.53085
90,249.5,365.75,18,35.5,0.53058
90,59.75,4.5,17.5,35.25,0.53056
90,93.5,387.75,14.5,28.75,0.53055
90,315,396.25,19,38.25,0.53009
120,523.5,403.5,12.75,25.5,0.59162
120,77.75,278.75,12.75,25.75,0.55599
120,136.75,365.5,11.75,23.25,0.54689
120,56.5,90.5,18,36,0.54671
120,573.5,438.75,16.5,33.25,0.54507
120,591,177,13.5,27,0.54493
120,329.5,151.5,23,46,0.54428
120,284,409.5,12,24.25,0.54289
120,407,405.25,13.75,27.75,0.54285
120,487.75,419.5,12.25,25,0.54185
120,131.25,398.5,16,31.5,0.54184
120,32.5,106.25,12,24,0.54123
120,219.25,280.75,12,24,0.54062
120,66.5,73,12,24.25,0.53973
120,496.75,381,11.75,23.75,0.53797
120,420,415,13,26.25,0.53769
120,184.25,288.25,12.75,25.5,0.53727
120,246.25,415.25,12,24.25,0.53724
120,247,135.25,37.25,74.75,0.53678
120,620.25,323,12.5,25.5,0.53496
120,165.25,98.5,92.5,185.25,0.5348
120,317,391.25,14,28,0.53445
120,274.5,398.25,12,24.5,0.53416
120,588.75,284.5,12.75,25.5,0.53263
120,28.5,412.25,13.25,26.75,0.53258
120,497,117.75,39.25,79,0.5324
120,426,170.25,15.75,31.25,0.53199
120,384.5,170.25,32.75,65.25,0.53126
120,582.25,282,12.5,25,0.531
120,486,404.25,14.75,29.25,0.53083
120,456.5,286,52.5,105,0.53082
120,27.25,84.75,15.5,31,0.53041
150,324.25,377,16,31.75,0.55846
150,518.75,402.75,13.5,27,0.55127
150,308.75,360,15.75,32,0.54976
150,454,393.5,12.75,25.5,0.5487
150,428.5,364.5,17.75,35.5,0.54789
150,23,153,41.25,82.5,0.54779
150,260.5,353.75,15.75,31.25,0.54774
150,389.25,351.25,14.75,29.5,0.54689
150,235.75,405.5,13.75,27.5,0.54683
150,107.5,407.25,13,25.75,0.54536
150,476.75,395,15.75,31.5,0.54435
150,405.25,333.75,13.75,27.75,0.5441
150,236,134.25,19,38,0.54191
150,388.5,165,32.25,64.25,0.5407
150,341,75.5,14.25,28.25,0.54068
150,40.5,153.25,12.5,25,0.54066
150,331.5,359.5,14.25,28.25,0.54044
150,387.5,180.75,12.75,26,0.53953
150,381.25,374,15,29.75,0.5394
150,290.75,335.75,15.25,30.5,0.53939
150,278.25,285.5,12.75,25.5,0.53917
150,366,102.25,107.25,214.25,0.53902
150,40.25,85,12.5,24.75,0.53899
150,340.5,422.75,12,24.25,0.53828
150,221.75,348,18.75,37.5,0.53733
150,183.5,230.5,18.75,37.5,0.53707
150,404.75,352.75,14.75,29.75,0.53607
150,54.75,406.25,13.5,26.75,0.53605
150,357,383.25,13.25,26.5,0.5348
150,123.75,340.5,13,26,0.53463
150,126.25,407.5,12.75,25.5,0.53454
150,247,397.5,17.75,35.5,0.53453
150,215.75,158,18.25,36.25,0.53415
150,32.75,106.5,12,24,0.53382
150,186,110.25,47.25,95,0.53333
150,364.75,388.25,14.25,29,0.53323
150,27.75,83.25,13.5,27,0.53313
150,133.25,332.75,12.25,25,0.5319
150,402.75,364.25,17.25,34,0.53184
150,188.25,378.5,13,26,0.53159
150,299.75,361.5,16.25,32.25,0.5314
150,619.75,165,14.75,29.75,0.53056
150,447.75,391.75,12.75,25.75,0.53055
150,300.25,339,15.5,31,0.53047
150,524,324,14,28,0.53043
150,276.5,325.5,13.25,26.5,0.53025
180,124.75,293,11.75,23.5,0.57668
180,16.25,140.75,52.75,105.75,0.55705
180,246.5,410.5,14.75,29,0.55502
180,564.5,432.5,12.25,24.75,0.54721
180,202.5,333.5,31.75,63.25,0.54361
180,416.25,427.25,11.75,23.5,0.54211
180,364.5,269.25,11.75,23.75,0.53924
180,79.75,41,14.25,28.5,0.53918
180,462.5,214,12,24.25,0.53801
180,285.25,405.5,14.75,29.5,0.53754
180,575.5,296.5,13,26,0.53562
180,253.5,335.5,26.25,52.75,0.53552
180,540.75,126,19.75,39,0.53527
180,51.25,343.25,34.25,68.75,0.53518
180,519.75,412.25,12.75,25,0.53463
180,34.25,137.5,12.25,25,0.53431
180,165.75,112.25,12.75,25,0.53407
180,251.75,411,14,27.75,0.5329
180,22,290.75,12.75,25.25,0.53289
180,413,427.75,11.5,23,0.53172
180,459.25,182.5,13,26,0.53144
180,181,282.75,13,26.25,0.53087
180,324.25,267.75,12.75,25.5,0.53068
180,99.5,364.25,15.5,30.75,0.53029
180,491.5,82.25,12.25,24.25,0.5302
210,298.75,363.75,17,34.5,0.55288
210,220.5,337.75,14.25,28.5,0.54959
210,420,370.5,13.5,27.25,0.54958
210,477,188,13.5,26.5,0.54947
210,350.5,299.75,15.5,30.75,0.54732
210,39.75,157.5,13.5,26.75,0.54693
210,42.75,26.25,16.25,32.75,0.54575
210,477.5,374.25,14.75,29.5,0.54456
210,311,279.25,12.75,25.75,0.5434
210,420.5,359.5,13,26,0.53958
210,619,9.75,22,43.75,0.53936
210,228,277.75,14,27.75,0.53798
210,173.25,190.75,20.75,41.5,0.53729
210,364.75,316,13,26,0.53728
210,412,375.5,16.75,33.5,0.5372
210,387.25,317.25,12.25,24.75,0.5371
210,149.75,375.25,12.75,25.75,0.53676
210,308.5,147.5,43.5,87.25,0.53672
210,246.25,366.25,12.25,24.5,0.53619
210,218.5,128.25,51.75,103,0.53581
210,437.5,342,13,26,0.53572
210,180.75,352.25,17.25,34.25,0.53511
210,205.75,350.75,13,26,0.53466
210,188.75,315.25,13,26,0.53458
210,355.75,268,12.75,25.5,0.53453
210,117.75,328,13.25,26.25,0.53439
210,-5,148.25,39.25,78.75,0.53407
210,168.5,322.5,12,24.5,0.53406
210,183.25,194.5,34.75,69.5,0.53402
210,323.5,266.5,13,26,0.53399
210,414.75,350.75,13.25,26.5,0.53376
210,334,374.75,13.75,27.75,0.53375
210,605.75,269.5,14.75,29.25,0.53369
210,311.75,320,12.25,24.25,0.53365
210,588,285,15.25,30.5,0.53357
210,164.5,378.75,12.25,24.25,0.53346
210,626.5,416.25,12.75,25.5,0.53331
210,396.5,275,14.25,28.5,0.53316
210,139.5,328.75,12,24.25,0.5329
210,260.5,280.25,14.25,28.5,0.53216
210,332.5,67.5,15,29.75,0.53209
210,29.25,318.75,13.5,27.5,0.53196
210,404.5,283.5,15,30,0.53192
210,301.75,280.5,16.75,33.5,0.53188
210,187.5,173.75,14.25,28.75,0.53147
210,325,310.5,13.75,27.5,0.53095
210,184,384.25,12.25,24.75,0.53092
210,43.25,276.25,19,38.25,0.5307
210,559.5,151,47.5,95,0.53061
210,525,273.25,15.25,30.25,0.53027
210,372.75,290,14,28.25,0.53015
240,216.75,322.5,11.75,23.75,0.56398
240,12.25,22.5,13,26,0.5541
240,21,272,12.25,24.5,0.55336
240,304.25,139.25,49,98,0.5531
240,348,286,18.25,36.25,0.54988
240,36,283,13.5,26.75,0.54953
240,411.75,387.5,14,28.25,0.54538
240,593.5,153.25,49.75,99.5,0.54379
240,20.5,304.25,13,26,0.54348
240,135.75,356.25,11.75,23.25,0.54225
240,131,415.75,12.25,24.5,0.54217
240,380.75,370,12.25,24.75,0.54178
240,378.5,276.75,12.5,25,0.5415
240,341,400.25,14.5,28.75,0.54133
240,597.5,293.5,14.75,29.75,0.54007
240,406.25,171.25,12.25,24.5,0.53948
240,316.25,304.5,16.25,32.25,0.53918
240,219.5,121.75,39.75,79.5,0.5389
240,592.25,337.5,12,24.25,0.53834
240,599.75,138,13.25,26.25,0.53779
240,437.5,372.5,14.5,28.75,0.53772
240,223.5,416,12,24.5,0.53722
240,307.25,320.75,12,24,0.53712
240,495.75,188.5,16.25,32.5,0.5371
240,531.25,406.25,13.25,26.75,0.53642
240,256.75,409.5,11.75,23.75,0.53611
240,293,408.75,12,24.25,0.5361
240,469,374.5,14.75,29.75,0.53512
240,302.25,166.5,14.25,28.25,0.53505
240,452,389.75,15.5,31,0.53439
240,300,287.25,13.25,26.5,0.53428
240,518.75,69,14,27.75,0.53424
240,436.5,367.75,12.75,25.5,0.5341
240,168.25,384.5,12.5,25.25,0.53397
240,300.5,365.75,16.75,33.5,0.53395
240,173.5,410.5,14.25,29,0.53351
240,410.25,265.5,13,26.25,0.5335
240,322.5,270,12.25,24.5,0.53303
240,437.5,343.75,16.25,32.75,0.53189
240,388.75,329.5,15.5,31.25,0.53185
240,314.75,334.25,17.75,35.75,0.5318
240,606.75,139.5,13,26,0.53158
240,98.75,294.25,12.25,24.75,0.53099
240,214.75,174,13,25.75,0.53054
240,62,203,20,40.25,0.53043
240,494,143,13.25,26.75,0.53038
270,421.25,378.75,14.25,28.5,0.56608
270,516.5,197,36.5,72.75,0.55812
270,443.25,417.5,15,30,0.5528
270,323.75,400.75,14,28,0.55132
270,438.5,325.75,13,26.25,0.55062
270,88.5,186.5,13.25,26.5,0.54823
270,159.25,327.75,12.75,25.25,0.5479
270,140.75,383,14.5,29,0.54438
270,213.75,124.5,14,28,0.5438
270,397.5,287.5,13.25,26,0.54147
270,244,373,14.25,28.5,0.53981
270,277,383,13.25,27,0.53958
270,196.75,216.5,15,29.75,0.5395
270,441.75,396.25,12.75,25.75,0.53919
270,180.25,301.75,13.75,27.75,0.53868
270,527.5,242,13.75,27.75,0.53851
270,232.25,381,12,24,0.53808
270,603.5,421.75,15.25,30.5,0.5362
270,55.5,266,35,70.25,0.53542
270,436,381,12.5,24.75,0.53524
270,403.75,379.75,13,26.25,0.53462
270,204.25,118.25,60,120,0.53404
270,620.5,444.25,12,24.25,0.53388
270,269.25,401.25,13,26,0.5334
270,245.25,189.25,19.75,39.5,0.53279
270,444.25,371,17.75,35.75,0.53234
270,303.75,135.25,49.75,99.75,0.53223
270,310,294.5,13,25.75,0.53217
270,233,379,21.75,43,0.53207
270,295,376,13,26,0.53159
270,188.25,372,12.25,24.5,0.53138
270,213,387.75,14.75,29.75,0.53133
270,518.5,422,13.75,27.25,0.53127
270,348,349.5,29.5,59,0.53053
300,23,91.25,13,25.75,0.56361
300,412.25,418.25,12.25,24.5,0.55105
300,400,21.75,12.25,24.25,0.55035
300,356.75,399.5,14.5,29,0.54767
300,34.75,204.25,14.5,29,0.54674
300,472,400.25,12.75,25.75,0.54663
300,395.5,412.75,18.25,36.75,0.54653
300,567.75,453.75,12.75,25,0.54586
300,561,259.25,14.75,29.75,0.54454
300,363.75,339.75,14.5,28.75,0.54381
300,388.75,380,33.75,67.25,0.54212
300,125.75,133.75,13.5,27,0.54107
300,546.5,203,42,84.5,0.54079
300,625.5,446.25,16,32,0.54074
300,333.75,334.5,13,26,0.54067
300,411.5,364,18,36.25,0.5406
300,471,182,13.25,26.5,0.54048
300,452.75,167.25,21,41.75,0.53965
300,261.25,385.75,14.75,29.75,0.53869
300,618.25,432.25,23.25,46.5,0.53784
300,202.5,135,59.5,119,0.53771
300,-2.25,441.75,18.25,37,0.53694
300,452.75,176,19,38.5,0.53644
300,309.75,389.25,13.5,27.25,0.53561
300,284.75,387.25,14.5,29.25,0.53533
300,245.5,402.5,14,27.75,0.53495
300,429.25,366.75,16,31.75,0.53462
300,317.75,316,13.5,26.5,0.53439
300,395.5,379.75,15.25,30.25,0.53433
300,396.75,332.25,23.75,48,0.53423
300,116,77.75,16.75,33.5,0.53414
300,182.25,362.25,13.75,27.5,0.53364
300,506.75,238.25,12,24,0.53358
300,370.5,337,16,31.75,0.53195
300,303,301.25,12,24,0.53163
300,379,396.25,16.75,33.25,0.53131
300,240.75,350.75,24.5,48.75,0.53104
300,364,149.75,12.75,25.5,0.53098
300,97.25,206,24.25,48.75,0.53087
300,365.5,176.25,23,45.5,0.53083
300,407.25,335.5,12.75,25.5,0.53063
300,414.25,408.5,13,26,0.5302
330,324.5,384,16.25,32.75,0.57568
330,189.5,398.75,13.75,27.25,0.56128
330,379.75,330.5,15,30,0.55932
330,380.75,372,15.5,31.25,0.55802
330,584.75,210.75,49,97.75,0.55612
330,250.5,321.75,15.5,30.75,0.5552
330,308.5,384.5,15.25,30.5,0.55428
330,453.25,387.5,15,30.25,0.55407
330,338,294.5,20.75,41.75,0.55331
330,508,430.25,12.25,24.25,0.5513
330,228,302.25,17,34.25,0.55071
330,50.5,216,17.5,35.25,0.54857
330,236.25,380,14,27.75,0.54605
330,317.25,287.5,12.5,25.5,0.54493
330,308.5,299,15.25,30.75,0.54447
330,455,186.25,16.5,33.25,0.54322
330,529.5,245,13.5,27.5,0.54321
330,603.75,280,15,29.5,0.5428
330,268.75,415.75,14.25,28,0.54253
330,292.25,413.25,14.5,29.25,0.54244
330,324,366.5,17,33.75,0.54226
330,411.5,335.25,16.25,33,0.54168
330,267.25,314.75,18.5,37,0.54105
330,507.25,417.5,14,28,0.54059
330,389,383.75,14.75,29.5,0.54019
330,109,188.25,13.5,27,0.54013
330,291.25,290.75,15.75,31.5,0.54001
330,580.25,332.25,12,24,0.53951
330,280.25,295.5,12.75,25.75,0.53944
330,381,302,15.5,31,0.53732
330,251.5,334.25,13.75,27.75,0.53726
330,428.25,366.25,15.25,30.5,0.53714
330,389.25,318.5,15,29.75,0.53565
330,298.75,295.5,18.5,37,0.53526
330,340.75,388,14.75,29.5,0.53507
330,439.25,171.75,17.75,35.75,0.53502
330,389.75,363.5,12.75,26,0.53501
330,288.75,285,14.5,28.75,0.53496
330,499.75,379.5,12,24.25,0.53494
330,522.75,206.75,28.25,56.5,0.53472
330,284.75,353,11.5,23,0.53458
330,221.5,298.75,14,28,0.53434
330,548.25,52,16,32.25,0.5342
330,479.75,176,15.5,31,0.53413
330,153.25,161.25,18,35.75,0.53409
330,465.5,180.75,14.5,29,0.53407
330,446.25,222.5,21.5,43,0.53392
330,444,388.75,13,26.25,0.53382
330,307,286.75,12.5,25,0.5337
330,266.25,292.25,14.5,29,0.53369
330,396.25,318.25,14.75,30,0.53308
330,331.25,292.5,23.25,46.25,0.53279
330,445,412.25,14.5,29.25,0.53261
330,181,347,15,30.25,0.53253
330,391.75,330.5,33.5,66.5,0.53236
330,395.25,183.5,37,74,0.53214
330,95.5,191.75,13.25,26.25,0.5321
330,196.75,395.5,15.25,30,0.53184
330,196.25,402.5,15.5,30.75,0.53175
330,344,286.5,13.25,26.25,0.53151
330,420.75,337.5,16.25,32.5,0.53129
330,401.75,187.5,15,29.5,0.53019
330,205,127,14,28.25,0.53016
360,194,137,22.25,44.25,0.55922
360,264.75,383.25,13,25.75,0.55745
360,299.25,370.25,16.25,32.75,0.55596
360,420.25,393.5,16.75,33.25,0.55548
360,514,177.5,18.5,37.25,0.55542
360,389.75,318.25,14,27.5,0.55159
360,293.5,370.25,13.25,26.75,0.55119
360,403.75,368.5,16,32,0.5505
360,267.5,317,17.25,34.5,0.54926
360,389.75,359.5,13.25,26.25,0.54846
360,340.25,395.5,17.5,34.75,0.54664
360,350,286.25,14,28.25,0.54627
360,542,208.75,33.75,67.75,0.54571
360,428.25,327.5,12.5,25,0.54567
360,627.5,433.5,12.25,24.75,0.54174
360,324.5,368.75,15.75,31.25,0.54148
360,317.5,406.5,13.25,26.25,0.54143
360,308.5,389.25,15,30.25,0.54123
360,144.75,163,21.25,42.25,0.54075
360,73.25,188,13.75,27.75,0.54016
360,302.75,159,42.75,85.75,0.53987
360,331,410.25,21,42,0.5394
360,348.75,294.75,13.25,26.75,0.53933
360,324,383,17.25,34.5,0.53921
360,470.25,427.25,13,26,0.53901
360,363.25,301.5,19.5,39,0.53884
360,373.75,157.25,13,26.25,0.53846
360,444.5,412,15.25,30.25,0.53809
360,92.5,68,17.75,35.5,0.53801
360,380.25,333,14,27.75,0.53762
360,252.25,315.25,12.75,25.25,0.53735
360,287.75,280,13.5,26.5,0.53709
360,552,262.25,13,26,0.53651
360,503.5,197.25,41,82.25,0.53645
360,403.25,312,16.5,33,0.53579
360,324.5,100.5,13.25,26.25,0.53576
360,395,187,13.25,26.5,0.53556
360,232,416.25,12.25,24.25,0.53546
360,427.75,336,15,29.75,0.53504
360,372.5,371.25,15.25,30.75,0.53369
360,324.75,284,15,30,0.53308
360,357.5,295,13.5,26.75,0.53276
360,343.25,251.75,13.25,26,0.53269
360,389.25,298.25,14.75,29.5,0.53258
360,220.75,179,13,26,0.5325
360,123.75,188,13.75,27.5,0.53229
360,347.75,380,26,52.5,0.5321
360,567.25,8.5,82.75,165.25,0.53187
360,386.5,360.25,12.25,24.75,0.53181
360,411.75,335.5,16,32.25,0.53155
360,529.5,192.75,15.25,30.5,0.53142
360,381,314.75,15.75,31.5,0.53131
360,276,288.75,16.75,33.5,0.53123
360,188.25,178,65.5,131,0.53041
390,299.75,386.75,14,28,0.56278
390,324.5,336.5,16.25,32.5,0.56223
390,381.75,319.75,14,27.75,0.55764
390,376.5,391.5,26,51.75,0.55646
390,340,332.75,17.75,35,0.5528
390,343,310.25,13.25,26.5,0.55276
390,451.75,410.25,16.25,32.5,0.55213
390,389.25,380,14,28,0.55176
390,577.5,273.5,13.5,26.75,0.5488
390,411.75,11,15,29.75,0.54729
390,324.25,300.75,13.75,27.25,0.54674
390,435.5,394.25,14.75,29.25,0.54438
390,566.5,219.75,37.75,75.5,0.54291
390,180.5,176.25,18,36,0.54209
390,294.75,325.5,12.25,24.5,0.54195
390,365.25,275.25,14.75,29.5,0.54145
390,286.25,283.75,15.25,30.5,0.54139
390,459.25,395.5,16.75,33.5,0.54005
390,85,63.75,14.25,28.25,0.53968
390,420,391.75,16.5,32.75,0.53899
390,437,343.25,12.75,25.75,0.53882
390,526.75,160,30.25,60.75,0.53834
390,392,383.75,27.5,55,0.53812
390,166.25,400.5,12.25,24.25,0.53722
390,26.75,212.75,17.25,34,0.53698
390,518.5,175.75,19.75,39.5,0.53663
390,495.25,279.25,13,25.75,0.53651
390,584.5,203.5,12.5,25,0.53548
390,254.75,383.25,12.25,24.75,0.53486
390,292.75,297,11.75,23.5,0.53463
390,380.75,370,15.75,31.25,0.53461
390,502,277.75,13,25.75,0.53433
390,186.75,196.25,15.75,31.5,0.53291
390,130,1.25,13.25,26.5,0.53281
390,228,367,16.75,33.25,0.53265
390,419.75,416.75,17.5,35,0.53213
390,244.25,413,13.5,26.5,0.53197
390,207.5,129.5,13,25.75,0.53175
390,325,369.5,15.25,30.25,0.53154
390,136,162,25.75,51.5,0.53144
390,238.25,306.75,15.25,30.5,0.53099
390,551.25,252.75,12,24,0.53049
420,127.5,159.75,24.5,49,0.55827
420,503.5,191,15.75,31.5,0.55634
420,459.75,401.5,15.75,31.25,0.55177
420,377.75,400.75,21.5,42.75,0.54862
420,331.5,377.25,17.75,35.75,0.54415
420,396.75,397.5,14.75,29.25,0.54316
420,359.5,382.75,31.75,63.25,0.54123
420,204.75,130.25,12.5,25,0.54081
420,566,97.5,82.25,164.75,0.5401
420,397.25,10.25,13.25,26.75,0.53916
420,195.75,124.25,15.5,31,0.53811
420,170,117,33.25,66.5,0.53794
420,411.75,391.5,14.75,29.75,0.5371
420,419.25,240.5,18.25,36.5,0.53609
420,340.25,399.75,18,35.75,0.53562
420,141.25,192.75,15,30,0.53525
420,269,268.75,12.5,24.75,0.53486
420,481.25,178.25,19.75,39.5,0.5341
420,537,181.75,21.75,43.5,0.53402
420,628,208.5,13,25.75,0.53373
420,372.25,184.75,16,32.25,0.5329
420,390.25,342.75,13.75,28,0.53275
420,378.25,331,21.25,42.5,0.53247
420,300.25,331.5,12.5,25,0.53194
420,364.5,371.25,15,30,0.53177
420,278.75,383.25,12.25,25,0.5301
420,181.5,181.5,17,34,0.53004
420,236.5,412.5,14,28,0.53004
450,311,322,13.75,27.5,0.55893
450,567.75,320,13.25,26.5,0.55213
450,578.5,152.25,38,76.25,0.55177
450,533.5,395.75,13.25,26.25,0.55004
450,588.75,320.5,12,24.25,0.54767
450,381,376.5,13,26,0.54706
450,444.75,386.75,15.5,30.75,0.54523
450,112.5,158.5,25.75,51,0.54485
450,332,351.25,13,26,0.54478
450,310.75,376,13,26.25,0.54461
450,285,327.75,13.5,27,0.54421
450,571.25,319.75,13,26,0.54418
450,412,337.25,13.75,27.25,0.54405
450,395.75,376.75,12.5,25.25,0.5411
450,284.25,318,12,24.25,0.5411
450,340,393.25,19.75,39,0.54086
450,611.75,274.25,15.75,31.75,0.54021
450,388.25,8.75,12.25,24.5,0.53969
450,285,297.5,14,27.5,0.53928
450,482.25,171,21,42,0.53868
450,355,311.75,12.75,25.25,0.53847
450,613,446.75,14.75,29.75,0.53844
450,190.25,118.5,17,34,0.53835
450,460.25,410,15,30.5,0.53792
450,580.75,280.5,12,23.75,0.53635
450,460.25,400.75,15,29.75,0.5363
450,364,187.25,13,25.75,0.53527
450,612.25,48.5,30.75,61.75,0.53506
450,419,399.25,16.5,32.75,0.53466
450,263,332.75,12.5,25.25,0.53456
450,359.25,352.25,13.5,26.75,0.53436
450,467.75,426.75,15,30.25,0.53416
450,395.25,368.75,25.5,51.25,0.53367
450,302.75,320.5,12.25,24.25,0.53366
450,395.75,328.25,27.75,55.5,0.53311
450,473,387.5,12.25,24,0.5329
450,598.75,202.5,13.75,27.5,0.53253
450,460.5,427.5,14.5,29.5,0.53223
450,544.5,304.75,11.75,23.5,0.53208
450,620.5,277.75,12,24,0.53171
450,350.5,351.75,13.75,27.75,0.53139
450,244,383.75,13.5,27,0.53139
450,476.75,193.25,16.75,33.25,0.53101
450,243,321.25,16.75,33.5,0.53074
450,175.25,175,21.5,42.75,0.53028
480,420.25,415.5,13,26,0.55277
480,91.75,155.25,29.75,59.5,0.5523
480,389.25,384,14.75,29.75,0.54813
480,460.25,416.5,12.25,24.75,0.54607
480,391.75,335.75,33.75,68,0.54601
480,311.75,160.75,36.25,72.25,0.54536
480,547.75,232.75,12.25,24,0.54391
480,229,179.75,47.75,95.75,0.5415
480,357.75,373.25,14.75,29.25,0.5412
480,428.25,415,13.25,26.25,0.54004
480,426.25,404.75,13.5,26.75,0.5397
480,424.5,404.5,12.5,24.75,0.53924
480,505.25,120.25,15.75,31,0.53899
480,556.25,307.25,12.5,25,0.53834
480,460,385.25,12.5,24.75,0.53777
480,430.5,192.25,49.25,98.25,0.53673
480,424,356.75,12.5,24.75,0.53642
480,262.25,392,12.5,24.5,0.53614
480,335.25,35.5,15,30,0.53505
480,381.5,232.25,19.25,38.5,0.5349
480,294.5,369.25,13.5,26.5,0.53478
480,341.75,415.75,13.75,27.25,0.53443
480,339.75,302.25,19.25,38.25,0.53426
480,86.25,196.5,13.25,26.5,0.53397
480,-1.5,96.25,12,23.5,0.53301
480,370.5,173,36.25,72,0.5329
480,320,311.5,23.25,46.5,0.53269
480,443.25,401.5,19,38,0.53265
480,265.25,208.25,13.25,26.25,0.5325
480,193.25,127.5,12.5,25.5,0.53186
480,459.5,387,16,32,0.53183
480,438.25,412.25,13.75,27.5,0.53181
480,372.5,157.25,17,34,0.53175
480,377.5,184.75,12.5,25,0.53152
480,330.5,402,22.75,45.25,0.53128
480,461.5,403.5,13.75,27.5,0.53119
480,197.25,124.5,14.5,29,0.53101
480,625,203.25,16.5,32.5,0.53099
480,571.75,161.75,20.75,41.75,0.53081
480,538,390.25,14.25,28,0.53078
480,318.5,301.5,12.75,25.25,0.53069
480,280.25,294.75,13.75,27,0.53015
510,445.75,414.75,13.25,26.5,0.55955
510,52.75,146.5,41,81.75,0.55398
510,475,418,12.75,25.75,0.5495
510,359.75,375,13.5,26.75,0.54888
510,363.25,171,18,36.25,0.54729
510,420.75,419.75,15.75,31.5,0.54473
510,602.5,174.75,25.5,50.75,0.5439
510,220.5,411.5,13,25.75,0.54024
510,494,103.75,15.75,31.75,0.53976
510,550,318,14.75,29.75,0.53917
510,357.25,418,13.75,27.75,0.53885
510,459.75,410.75,13.5,27,0.53794
510,430.5,162.5,31.75,63.75,0.53763
510,298.25,319.5,12.5,25.25,0.5374
510,518.75,111,16,32.5,0.53658
510,434.75,373.25,18.25,36.75,0.53591
510,348.5,161,13.25,26.5,0.53582
510,437.25,191.25,17.25,34.5,0.53547
510,200.5,402.75,11.75,23.5,0.5349
510,16,345.25,12.25,24.5,0.53444
510,615.5,173.5,26,52,0.53347
510,72.25,412.5,12.25,24.25,0.53334
510,365.5,180.5,14,27.75,0.53248
510,331,405.5,18,35.75,0.53229
510,180.75,413,11.5,23,0.53155
510,620,436.25,21.25,42,0.53082
510,146.5,266,13,25.75,0.53062
510,236.25,168.5,17.75,35.5,0.53036
510,488.5,86,12.25,24.5,0.53009
540,29.5,176.75,32.25,64.5,0.55897
540,462,205.5,14.5,29,0.55184
540,358.25,399,13,26.25,0.54914
540,163.5,382.75,16.5,32.75,0.5458
540,405.5,382.75,13.5,27.25,0.54541
540,28.25,62.25,11.75,23.75,0.5438
540,342.5,384.5,12.5,24.75,0.54337
540,54,193,17.25,34.75,0.54167
540,443,152.75,37,74.25,0.54112
540,586.25,434.5,12.25,24.25,0.54077
540,271.75,415.25,12.75,25.5,0.5405
540,628,434.75,12.25,24.75,0.53858
540,427.75,384.25,12.75,25.25,0.53626
540,389.25,128.75,110,220,0.5361
540,399.75,376.75,12,24,0.53567
540,138,163,24,47.75,0.53539
540,586.25,160.5,19.5,39,0.53529
540,537.25,298.25,19.5,39,0.5351
540,318,384,12.75,25.5,0.53486
540,179,106.75,16.25,32.25,0.53436
540,356.25,167.25,17,34.25,0.53389
540,376,288.25,12.5,25,0.53349
540,36.5,210.75,12,24,0.53347
540,190.75,281,25,50,0.53346
540,483.75,401.75,14.25,28.5,0.53323
540,-0.75,135.75,47,94,0.53311
540,380,228.5,16.5,33.25,0.5331
540,508.25,424.75,11.5,23.25,0.53268
540,394.75,376.75,12.25,24.25,0.53133
570,358.75,350.5,13,26,0.56387
570,9,200.25,17.25,34.5,0.56375
570,397,390.75,13.75,27.75,0.5591
570,365,251.75,15.25,30.5,0.55835
570,619.5,268,13,26.25,0.55384
570,357,251.5,15,30,0.5532
570,430,385,12.5,25,0.55286
570,243,165.5,143.25,286.5,0.55205
570,373.5,349,14,28,0.55197
570,89.5,95,17,33.5,0.55017
570,331,252.25,15,30,0.54837
570,119.75,164.75,25.25,50.25,0.54723
570,392,130.5,13,25.75,0.54707
570,38,262.75,12.75,26,0.54675
570,380.25,439.75,12.75,26,0.5455
570,428.5,439,13,26,0.54544
570,348.25,249.75,16,32,0.54533
570,412.75,391.5,12.25,24.75,0.54512
570,604.25,433.5,16.5,33,0.54381
570,364.5,359.25,15.75,31.25,0.54279
570,350.25,438.75,13.5,27,0.54276
570,572.25,433.25,16.5,33,0.54238
570,171.75,95.25,16.75,34,0.53944
570,229.5,357.75,13.75,27.25,0.539
570,27.25,271.75,12.75,25.75,0.53795
570,451.5,439.5,15.75,31.5,0.53753
570,422,192.5,13.5,27,0.53751
570,405.25,391.25,13.75,27,0.53738
570,162.75,163,17.5,35.25,0.53738
570,62.25,186.5,28.25,56.5,0.53725
570,21,321.75,64.5,129,0.53697
570,308.5,268.75,14.25,28.75,0.53572
570,0.5,195,12,24.25,0.53484
570,380.25,226.25,13,26.5,0.53475
570,231.75,398.25,13,26.25,0.53459
570,157.75,98.5,18,36,0.53415
570,519,230.75,13.25,26.75,0.53305
570,590.5,433.5,18.5,37,0.53232
570,210.25,122.25,36.5,72.75,0.53192
570,333.5,261,14.25,28.5,0.53173
570,372.75,334.25,16,31.75,0.53168
570,433.5,395.5,12.75,25.5,0.53128
570,22.25,272.25,12.5,24.75,0.53126
570,227.75,270.75,12.5,24.75,0.53104
570,516,328.75,15.5,31.25,0.53089
570,464.5,150.5,43.5,87,0.53085
570,324.75,268.25,16,31.75,0.5307
570,389,346.75,15.75,31.5,0.53055
570,498.25,182.75,36.5,72.75,0.53006
600,550.25,240.5,15,30,0.58204
600,397.5,376.5,12.75,25.25,0.55934
600,382.25,347,12.75,25.75,0.55471
600,96.75,165.75,29.25,58.5,0.55428
600,347,365,17.5,35,0.55245
600,373.5,311.75,13.5,27.25,0.55189
600,308,349.5,14.5,29,0.55148
600,195.75,312,12.5,25,0.55103
600,282.75,366.25,15,30.5,0.54893
600,577.5,189.25,50.5,100.75,0.54508
600,364.5,319.25,14,28,0.54488
600,162.5,100.75,18,36,0.54456
600,317,356,14.25,28.5,0.54409
600,612.75,326.25,13.75,28,0.54406
600,239,375.75,14,28.25,0.54244
600,613,414,28.75,57.5,0.542
600,211.25,374.75,13.25,26.75,0.54181
600,364,367.25,17,33.5,0.54177
600,318,294.5,12.5,25.5,0.54154
600,370.5,342.75,20.25,40.25,0.54131
600,506.25,154.25,45.25,90.5,0.54116
600,595.5,263.25,15,30.25,0.54105
600,302.25,372.25,12.25,24.5,0.5408
600,348.75,293.25,14.25,28.25,0.53944
600,404,334.25,14.75,29,0.53896
600,195.75,306.75,13,26,0.53835
600,67.25,201.5,15.25,30.25,0.53825
600,47,3.5,14,28,0.53814
600,433,122.5,51.25,103,0.53795
600,203.75,300.5,13,26.25,0.53783
600,89,95,17,34.25,0.53745
600,206,174,12.75,25.5,0.53719
600,390.75,318,12.25,24.25,0.53706
600,339,100.75,12.5,24.5,0.53699
600,341,338.25,14.5,29,0.53696
600,100.25,202.5,12.25,24.25,0.53529
600,344.75,397,11.5,23,0.53523
600,555.25,365,17.75,35.75,0.53466
600,60.25,80.75,12.25,24.75,0.53456
600,332.75,276,15.25,30.75,0.53345
600,151.75,97.5,20.5,41,0.5334
600,224.75,164.5,32,63.75,0.53337
600,203.75,373.25,14,27.75,0.53331
600,612.75,442.75,14.75,29.75,0.53329
600,610,66.75,19.25,38.25,0.53303
600,276.25,322,12,24.25,0.53262
600,560.25,98.25,93,185.5,0.53248
600,412.75,387.25,13.25,26.5,0.53241
600,402.75,286.25,17,33.75,0.53172
600,514.5,443.25,14,28,0.53144
600,409.5,317.75,13.75,27.5,0.53082
600,365.75,44.5,12,23.5,0.53071
600,494,377.75,13.25,26.5,0.53036
600,328,335.75,20.5,41.5,0.53034
600,209.75,123.5,37.75,75.5,0.53031
600,234.25,368,12,24.25,0.53002
630,468.75,416,13,26,0.58352
630,331.5,370.25,14.75,29.5,0.55431
630,434.75,359.75,18.75,37.75,0.54869
630,294,349.25,13.25,26.25,0.54864
630,63.5,165.75,31.75,63.25,0.54731
630,35.75,79,16.75,33.75,0.54667
630,407.25,288,14,28,0.54633
630,207.75,122.75,40.5,80.75,0.5457
630,341.5,372.25,14.25,28.5,0.54561
630,406.25,347.75,12.75,25.5,0.54536
630,396.5,394.75,15.25,30.25,0.54501
630,348.25,56,13.75,27.25,0.54434
630,133.25,82.25,27,54.25,0.54422
630,600.25,326.5,13,26.25,0.54408
630,458.25,186.75,33,66,0.5421
630,357.25,260,15.5,30.75,0.54123
630,269.75,203.25,12.5,24.75,0.54048
630,300.25,354.75,15.75,31.25,0.54006
630,560,146.5,63.5,127.5,0.53992
630,239.75,336.5,12.5,25,0.53901
630,616.25,329.25,12,24.25,0.53885
630,243.75,336.25,12.5,24.75,0.53876
630,84,184,12.75,25.5,0.53811
630,124.5,102.5,12,23.5,0.53791
630,317.5,354.75,14.5,29.5,0.53727
630,396,332.25,15.25,30.5,0.53727
630,584,336.25,13.25,26.5,0.53726
630,389.75,289.5,13.75,27.25,0.53675
630,301.5,412.75,14.25,28.5,0.5364
630,404,393.75,15.25,30.25,0.53607
630,307,142.75,45.25,90.75,0.53574
630,343.5,158.25,14.25,28.75,0.53552
630,24.5,79.75,20.5,41,0.5354
630,611,243,32.5,65,0.53536
630,619.75,81.75,12.75,25.75,0.53469
630,428.5,353.25,16.5,33.25,0.53452
630,572.25,218,20,40,0.53447
630,532.25,427,16,31.75,0.53417
630,253.75,411.25,14.5,28.75,0.53408
630,340,262.25,15,29.75,0.53343
630,491.75,398.75,13.25,26.5,0.53331
630,620,339.25,12.75,25.5,0.53327
630,533.25,162.25,57.5,115.25,0.53319
630,-13,30.25,113.5,227,0.53314
630,626.25,163.25,13.5,26.75,0.53303
630,460,371.25,15.75,31.75,0.533
630,435.25,322.5,21,42.25,0.53295
630,460.25,362.5,15.5,31,0.53249
630,365,167.75,20.5,40.75,0.53161
630,229.75,297.25,12.5,24.75,0.53106
630,237.25,349.25,13,26.5,0.53053
630,365.25,355,15,29.75,0.53048
660,396,276.75,12.25,24.25,0.56049
660,28,65.75,14,28,0.55554
660,441,198.5,14.25,28.75,0.54802
660,340.5,402.25,14.25,28.25,0.54644
660,114.5,69.25,30.75,61.25,0.54458
660,341,411,13.75,27.5,0.54416
660,269,412.75,12.75,25.25,0.54336
660,19.25,71.5,12.5,25,0.5426
660,413.5,302,12.5,25,0.54176
660,188.25,418.75,12.75,25.5,0.54125
660,558.25,249.25,16.75,33.75,0.54019
660,487.25,393,13.25,26.5,0.53923
660,373.25,401,15.5,31.25,0.53889
660,310.25,391.5,13.25,26.75,0.53768
660,158.5,111,13.75,27.25,0.53766
660,492,202,12.75,25.25,0.53762
660,619.75,402,13,26,0.53694
660,486.25,98.75,12,24,0.53657
660,283.5,414.5,13.25,26.25,0.53636
660,353.75,340.75,20,40,0.53598
660,557.5,259.75,14.75,29.25,0.5355
660,154.75,141,11.5,23,0.53547
660,624.75,396.5,16.75,33.75,0.53527
660,356.25,37,16.75,33.5,0.53495
660,433.75,195.5,14,28,0.53348
660,66.25,1,11.75,23.5,0.53346
660,359.5,373.25,13.5,27.25,0.53345
660,24.5,69.5,12.75,25.75,0.53304
660,396.5,384,14.25,28.25,0.5329
660,24.5,70.25,21.5,43.25,0.53145
660,383.25,368.25,12,24.25,0.53114
660,251.25,369.5,30.5,60.75,0.53102
690,268.75,417.5,14.25,29,0.58046
690,295,422.75,13,26,0.57105
690,480,388.5,14.5,28.75,0.56488
690,196.25,386.75,18,36.5,0.56209
690,269,404,14.25,28.75,0.55564
690,86.25,58.75,32,64,0.55268
690,391,379,13,26.25,0.55226
690,316.5,359.75,12.5,25.25,0.54925
690,452.25,401.75,14.5,29,0.54923
690,436.75,375.75,15.5,31,0.54846
690,261.5,403,14.25,28.25,0.54832
690,460.25,394.5,15,29.5,0.54807
690,320,359.25,13,25.75,0.54784
690,507.25,89.5,12.5,25,0.54517
690,571.25,340.75,13,26,0.54387
690,189.5,419,13.75,28,0.54243
690,468,385.75,15.5,30.75,0.54153
690,422.25,379.75,12.75,26,0.54127
690,404.5,383.25,14.5,28.75,0.54105
690,610,266,20.25,40.75,0.54045
690,412.5,359,13,25.75,0.54024
690,30,57,12,24.25,0.53939
690,395,363.5,12.5,24.75,0.53919
690,58.5,113.5,12,24,0.53914
690,487.25,390.5,13.5,26.75,0.53914
690,333.25,245.75,16,31.75,0.53912
690,230.75,414.5,15,30,0.53906
690,431.5,348.25,12.25,24.25,0.53901
690,206.25,166.75,16.5,33,0.53809
690,429.5,350.25,16.25,32.75,0.53784
690,443.5,405.25,14,27.5,0.53752
690,492.75,389.5,13.75,27.5,0.5373
690,227.5,314.75,13,26.25,0.53711
690,342.75,246,15,29.75,0.53651
690,196.5,418.5,14.5,28.75,0.53606
690,292.25,401.5,12.75,25.75,0.53595
690,304.5,332,12,24.25,0.53536
690,315.5,409.75,13.25,26.75,0.53511
690,565,175.25,14.5,29.25,0.53472
690,385,170.75,18.5,36.75,0.53471
690,456.75,320.75,11.75,23.5,0.53407
690,606.5,205.25,39.5,79,0.53401
690,599,429.25,12.5,24.75,0.53384
690,451,192.75,16.75,33.75,0.53363
690,333.75,219,29.25,58,0.53228
690,19.5,55,12.75,25,0.53191
690,461.25,353.5,13.25,26.75,0.53164
690,598.25,158,33.5,67.25,0.53146
690,364.5,23.5,16.75,33.25,0.53121
690,266.75,333,26.75,53.5,0.53085
690,419.75,357.25,14.75,29.5,0.53081
690,470.5,364,12.25,24.5,0.53052
690,596.25,362.25,12.5,25.25,0.53047
690,236.5,145.75,17.75,35.25,0.53041
690,287.75,205,12.5,25.25,0.5301
720,406,374.5,13.25,26.5,0.57379
720,329,205.5,55.75,111.75,0.56231
720,411.75,369,13,25.5,0.55678
720,49.75,39.75,35,69.75,0.54923
720,-3.5,275.25,29,58.25,0.54843
720,249.5,166.5,17,34.25,0.54709
720,560,349.25,60.5,121,0.5458
720,511.5,411.25,13,26,0.54562
720,311,360.75,12.5,25,0.54407
720,333.5,401.25,13.75,27.25,0.54026
720,492,399.75,12.75,25.75,0.54012
720,438.25,260.75,24.5,49,0.53831
720,25.75,60.75,16.75,33.25,0.53781
720,445.5,379.5,13.5,27,0.53727
720,619.75,272.5,12,24.25,0.53638
720,514.5,261.75,13.5,26.5,0.53609
720,138.75,81,60.75,121.75,0.53527
720,356,397.75,12.25,24.75,0.53489
720,593.25,435,18.5,37,0.53481
720,544.75,164.25,37.25,74.5,0.53459
720,292.25,399.75,12.75,25.25,0.53429
720,392.25,168.25,17.25,34.75,0.53379
720,469.5,201.5,14.5,29.25,0.53377
720,620.25,276.25,12,24.25,0.53328
720,535.75,400.75,13,26,0.53327
720,330.5,379,22.75,46,0.53301
720,248.5,272.75,17,34,0.53298
720,501.5,389.5,13.75,27.75,0.53198
720,376.25,8.25,12.25,24.75,0.53141
720,451.75,422.5,15,30,0.53138
720,564.5,258.5,29,57.75,0.53135
720,539,396.5,22,43.75,0.53123
720,251.25,63.25,14.25,28.25,0.53105
720,142.25,157.25,27.25,54.25,0.53101
720,490.75,386.5,16.75,33.75,0.53067
750,283.5,177.25,122.25,244.5,0.55786
750,556,442.5,16,32.25,0.55576
750,580.25,442.5,15.5,31.25,0.5515
750,572,441.5,16.25,32.5,0.54919
750,611,405.25,32.25,64.75,0.54915
750,612.5,176.75,16.75,33.5,0.54697
750,34,181.75,12.5,25,0.54428
750,581.5,431.25,13.75,27.75,0.54234
750,124.25,289.5,12.75,25.75,0.54085
750,509.25,220,13,26.25,0.54053
750,503.5,282.25,67.5,135,0.54047
750,228.75,403.25,36,71.75,0.5402
750,532,192,16,31.75,0.53993
750,61.25,396,15.5,31.25,0.5396
750,17.5,343,19.75,39.25,0.53809
750,612.25,438.75,15.5,31.25,0.53787
750,384.5,180.75,13,26.5,0.53768
750,254.25,334,12.75,25,0.53749
750,564.25,444,15,30.25,0.53645
750,383.75,171.25,15.25,30.75,0.53611
750,540.25,424.75,12.5,25,0.53518
750,264.25,166.5,38.75,77.25,0.53511
750,39,162.5,15.25,30.5,0.53317
750,424,332,12.5,25,0.53302
750,221,231.5,12.5,25.25,0.53277
750,110.75,74.5,66,132,0.53217
750,309,296.25,59,118,0.53202
750,501.75,426.75,13,26.25,0.5314
750,493.5,425.75,13.75,27.25,0.53072
750,352.75,32,21.25,42.5,0.5302
780,276.75,178.5,142.25,284.5,0.5786
780,547.5,334.25,69.25,138.25,0.55525
780,576,195.25,21,42.25,0.5486
780,260.5,401.75,15.75,31.25,0.54541
780,543.75,243.5,13,26.5,0.54319
780,598.25,390.25,15,30,0.54234
780,626.25,205.25,13,26,0.54182
780,332.5,240.5,12,24.5,0.54152
780,389.25,394.75,15,30,0.54074
780,256.5,404.25,14.5,29,0.53893
780,311,260.5,15.75,31.75,0.53892
780,301.5,275,14.75,30,0.53888
780,125.5,84.5,67,133.75,0.53707
780,419.75,399.75,12.75,25.25,0.53692
780,244,288.25,12.5,24.75,0.53581
780,367.5,381,12.25,24.5,0.53531
780,340.5,59.25,14.5,28.75,0.53462
780,620.75,398.75,12.25,25,0.5343
780,344,154.75,160.5,320.5,0.53403
780,483.25,121.75,15.25,30.25,0.53391
780,401.75,377.5,19,37.75,0.53365
780,398.5,109.5,43.75,87,0.53324
780,269.75,294.75,13,25.75,0.53282
780,99.75,407.75,24.25,48.75,0.53245
780,67.25,96.25,12.75,25.5,0.5324
780,451.75,421.25,14.25,28.5,0.53225
780,404.25,352.75,15,30,0.53221
780,207.75,178.5,13.75,27.5,0.53185
780,164.25,453,12.25,24.5,0.53175
780,344.5,3,22,44,0.53163
780,258.75,300.25,12.25,24.5,0.53156
780,216.25,417.5,13,26,0.53098
780,523,411.25,14,28,0.53085
780,586,432,21.25,42.75,0.53032
780,170.5,184,12.25,24.5,0.53016
810,322.5,362,17.25,34.25,0.5598
810,397.5,339.75,14.75,29.25,0.55919
810,412.25,417,12.75,25.75,0.55806
810,423.75,413,13,25.75,0.55602
810,393.25,107,47.75,95.75,0.55461
810,404.5,362.75,14.75,29.5,0.55139
810,357.5,381.25,12.75,25.75,0.55011
810,477.5,422.5,14,27.75,0.54991
810,206.5,33.5,26.75,53.25,0.54771
810,397.5,270.25,12,24.25,0.54593
810,459.5,393.75,16.5,32.75,0.5447
810,292.25,394.25,12.5,25,0.54306
810,594.25,22,21,41.75,0.54246
810,620.75,281.5,14,28,0.54198
810,555.75,214,21,41.75,0.54081
810,484.75,416.75,16.75,33.75,0.53991
810,564.5,417,14.25,28.5,0.53945
810,221.25,302.75,12.5,24.75,0.53897
810,554.5,235.5,20.75,41.75,0.5384
810,388.75,273.25,11.75,23.5,0.53832
810,445.5,364.25,14,28,0.53824
810,460.25,353.25,14.25,28.25,0.53766
810,-10.5,53,88,176,0.53744
810,229.75,413,13.5,26.75,0.53732
810,589,295,12,24.5,0.53691
810,333.25,256.5,14.5,28.75,0.53678
810,411.25,371,17,34,0.53616
810,205,320.5,13.75,27.75,0.53611
810,618.75,266.25,21.75,43.25,0.53587
810,357.75,169.5,16.5,33.25,0.53568
810,396,313.5,12.75,26,0.53543
810,353.75,269.25,19.75,39.5,0.53504
810,389.25,141.25,21.25,42.5,0.53493
810,124.5,411.75,14.5,29,0.53423
810,333.5,304.5,24.5,49.25,0.53422
810,566,424,12.75,25.25,0.53414
810,389.5,352.75,14.5,29.25,0.53387
810,118.5,412,13.75,27.75,0.53307
810,211,299.5,12.25,24.25,0.53301
810,424.75,392.5,26.75,53.5,0.53263
810,140,412.5,12.75,25.75,0.53206
810,572,444.25,15.75,31.25,0.53186
810,421.25,368.75,14.5,29.25,0.53169
810,554,151.5,30.25,60.5,0.53136
810,312.5,307,30.25,60.5,0.53131
810,138.25,372.5,29.25,58.5,0.53097
810,452,403.25,15,29.75,0.53093
810,284,378.5,14.75,29.25,0.53061
810,190,451.75,13,26.25,0.53051
810,396.5,413.75,14,27.75,0.53048
810,40.25,288.75,12.5,25,0.53044
810,402.5,338.5,16.25,32.5,0.53029
840,360.75,173.5,15,30,0.56286
840,589,315.75,12.75,25.5,0.55041
840,204.25,347,15.75,31.75,0.55041
840,547,436,16.5,32.75,0.54835
840,396.75,401,11.5,23,0.54783
840,413,367.75,12,24.25,0.54493
840,341.75,341,13,26,0.54414
840,324.75,405.25,14,28.25,0.54361
840,380,374,14,27.75,0.54297
840,358.75,225.25,13,25.75,0.54223
840,212.25,346.25,16,32.5,0.54179
840,452.5,360,12.75,25.25,0.54134
840,574,297.25,12.25,24.25,0.54127
840,547,160.75,24,47.75,0.53826
840,359.75,298.75,12.75,25.5,0.53698
840,430,404.75,13,25.75,0.53695
840,300.5,370.25,14.75,29.5,0.53663
840,287.75,179,37.75,75.5,0.53601
840,363.75,207.25,22.75,45.5,0.53581
840,315.75,300,12.75,25.75,0.53417
840,477,416.75,11.75,23.5,0.53407
840,151,413,13.25,26.5,0.53389
840,315.25,412,14.75,29.5,0.53375
840,331.25,315.25,15.75,31.75,0.53355
840,76.5,70.25,79.5,159,0.53317
840,122.25,102.5,12.25,24,0.53272
840,239.5,375.5,12.75,25.75,0.53233
840,608.25,140.5,17,34.25,0.53223
840,350.25,306.75,14.75,29.75,0.53217
840,215.75,47,21.75,44,0.53191
840,326.5,301,14,28.25,0.53099
840,428,101.5,39.5,79.25,0.53083
840,181,183.75,12.75,25.75,0.53068
840,604.25,303.5,15.5,30.75,0.53022
840,86,181,13.25,26.25,0.53009
840,252,352.5,17.5,35,0.53008
840,349.5,374,12.25,24.5,0.53007
870,487.5,391.25,13,26,0.55731
870,562,41.25,18.5,37.25,0.55655
870,392,138,24,47.75,0.54725
870,317.5,412.25,14,28.25,0.54636
870,164.5,93,12.75,25.5,0.54448
870,399.25,380,13.5,26.75,0.54314
870,470.5,128,31.25,62.25,0.54273
870,52.5,180.75,14.25,29,0.54125
870,384.5,249.25,12.25,24.25,0.54101
870,-9.25,41.5,76.5,153.25,0.54037
870,492.75,392,12.25,24.75,0.53991
870,288,293.25,12.5,24.75,0.53939
870,547.25,442.75,16.75,33.5,0.53887
870,599.75,310.25,13.5,27.25,0.53851
870,612.25,322.75,15.75,31.5,0.53836
870,150.75,184.5,15.25,30.75,0.53727
870,152,373.25,13.25,26.75,0.53639
870,382.75,402.75,13.75,27.5,0.53622
870,158.75,367,16,31.75,0.53538
870,299.75,415.25,15,29.75,0.53506
870,624.5,99.25,17,34,0.53454
870,43.5,62,84.75,169.5,0.53423
870,339,35.5,13.75,27.25,0.53398
870,437.5,168.75,49.5,98.75,0.53393
870,265,182.75,17,33.5,0.53313
870,280.5,306.25,12,24.25,0.53266
870,381.25,379.25,15.75,31.5,0.53248
870,232,383.75,13,26,0.53209
870,267.75,323,13.25,26.5,0.53177
870,273,394.75,19.75,39,0.53147
870,200.25,408.25,12.5,24.75,0.53131
870,181,378.75,14.75,29.5,0.53102
870,158.5,167.75,24.25,48.25,0.53091
870,512,169,16.75,33.5,0.5309
870,221.5,362.5,13.25,26.5,0.53078
870,604,322.25,15.5,30.75,0.5305
900,280.5,377.5,12,23.75,0.55871
900,576,447,12.75,25.5,0.55676
900,356.75,170.75,15.5,31,0.55468
900,516.25,395.25,14.75,29,0.55195
900,516.75,376.75,12.75,25,0.54804
900,276.5,221,45.5,90.75,0.54502
900,198.5,272.5,15.5,31,0.54378
900,332,353,13.25,27,0.54298
900,84.75,415.5,12.5,25,0.54229
900,305.75,362.25,19.5,39.25,0.54104
900,14.75,180.75,13,25.75,0.53955
900,148.75,79.5,15.25,30,0.53859
900,412.25,389,13.75,27.5,0.53718
900,8.5,163.5,15,30,0.53637
900,364.75,366.5,12.25,24.5,0.5359
900,301.75,416,13,26,0.53574
900,496.25,95.75,18.5,36.75,0.53481
900,346.5,392.25,16.5,33,0.53434
900,473.75,269.25,16.75,33.5,0.53421
900,433.25,88.75,64,127.75,0.53386
900,354.5,137,90,180,0.53331
900,443.75,168,12.75,25.25,0.53293
900,482.25,275.25,16.75,33.5,0.53229
900,360,367.5,12,23.75,0.53168
900,523.75,385,13.25,26.5,0.53162
900,278.5,354,13.25,26.25,0.53153
900,203.75,55.5,13.5,26.75,0.53144
900,298.75,345,11.5,23,0.53087
900,363.5,219.75,45,90,0.5308
900,396.25,380.75,12.25,24.25,0.5307
900,407.75,240.75,34.25,68.75,0.53053
900,395.25,132,26.25,52.75,0.53027
930,246.25,454.25,12.25,24.5,0.56478
930,242,234.25,84.25,168.5,0.56466
930,545.25,165.25,20.5,40.75,0.56451
930,418.5,155.5,15.75,31.25,0.54907
930,415.75,308.25,18.25,36.5,0.54523
930,354.75,170,16,32.5,0.54161
930,467.75,413.25,15.5,31.25,0.54093
930,620.25,420,12.5,25,0.53956
930,83.5,165.5,28,56.25,0.53826
930,365.25,329.75,15,30.25,0.53776
930,604.5,411.5,15,29.75,0.53766
930,324.75,323.5,15,30.25,0.53568
930,597.25,425,14,28,0.53534
930,36.5,415,13,25.75,0.53526
930,303.5,453.75,12.5,25,0.5351
930,110.75,105.75,12,24.25,0.53463
930,400.25,310,24,48,0.53436
930,613.5,154.25,13.5,26.75,0.53302
930,384.75,353,11.5,23,0.53265
930,292.5,412.75,12,23.75,0.53258
930,350.25,344.25,13,25.75,0.53173
930,613.25,408.5,13,26.5,0.53132
930,330.5,64.5,15.5,31,0.53057
930,556.25,327,32.5,65,0.53036
930,449.75,281.75,58.5,116.75,0.53012
960,576.5,167.25,20,39.75,0.56262
960,610.25,69.5,34,68,0.55187
960,81.25,160.75,30.5,61,0.54507
960,341.5,313.25,15,30.25,0.54463
960,49.75,167.25,32,64,0.54216
960,412.5,305.75,12.5,25,0.53994
960,352,174,15,30,0.53763
960,459.75,324.5,12.75,25.25,0.53726
960,567.25,425.75,24.75,49.25,0.53608
960,616,422.5,25.75,51.5,0.53581
960,271.75,153.5,12.5,24.75,0.53579
960,51.75,115.5,15.5,30.5,0.53516
960,612.25,175.25,17.25,34.5,0.53485
960,194.75,324.25,15.5,31,0.53442
960,330.5,59.25,15.25,30.5,0.53344
960,524.25,353.5,11.75,24,0.53327
960,318,416.75,12.25,24.5,0.53316
960,510.25,395,39.75,79.75,0.53212
960,105.75,452.75,12.5,25,0.53195
960,250.75,320.5,12,24,0.5318
960,262,201.25,14,28.25,0.53094
960,606.5,289,16.25,32.25,0.53071
960,360.5,308,11.5,23.25,0.53038
990,348.25,177,14.75,29.5,0.56054
990,127.25,91.5,13.75,27.5,0.54838
990,260,342,23.75,48,0.54679
990,451.25,365.75,16.75,33.5,0.54661
990,99.75,413.25,12.75,26,0.54475
990,517.75,420.25,13.75,27.25,0.54271
990,452.25,280.5,12.25,24.75,0.54173
990,309.5,415,15,29.75,0.54082
990,380.5,278.5,13.25,26.5,0.5408
990,428.5,346.75,13.25,26.5,0.5405
990,-4.5,164.5,36,72,0.53946
990,118.25,98.25,15.5,30.75,0.53921
990,612,293,16,32.25,0.53916
990,261,294.5,12.5,25.5,0.53904
990,30.75,105.5,12,24.25,0.53751
990,524.5,101.75,73.75,147.25,0.53711
990,607.5,367.75,12.25,24.5,0.537
990,245.5,181,30,59.75,0.53697
990,271,180.5,51.25,102.5,0.53674
990,434.5,381,16.5,33.25,0.53621
990,472.5,297,13.25,27,0.53586
990,442.25,120,39.5,79,0.53544
990,35.25,159.75,25.75,51.75,0.53467
990,607.75,171.25,22.5,45,0.53384
990,8,213.25,12.5,25,0.53381
990,42.5,111.75,13,25.75,0.53352
990,184,416.5,12.5,24.75,0.53309
990,492.25,369,12,23.75,0.5328
990,120.75,263,11.5,23,0.53274
990,364.75,293.75,11.5,23,0.53269
990,262.75,396.5,12.25,24.25,0.53222
990,493,312.25,15.75,31.25,0.53206
990,362.5,252.25,72.5,145,0.53178
990,-2.5,356,20.5,41.25,0.5317
990,582.25,452.25,12,24.25,0.53129
990,252,301,13,26,0.53103
990,22,363.25,12.5,25,0.53068
990,294.25,393.75,12.75,25.5,0.53061
990,322.75,286.5,18.25,36.5,0.53007
990,550.75,429,11.5,23,0.53006
1020,569.75,92.75,60,120,0.54994
1020,277.25,378.5,14.75,29.25,0.5477
1020,404.75,417.75,14.75,29.5,0.54718
1020,412.25,428.5,13.5,27,0.54583
1020,118.5,104.25,12.5,25,0.54535
1020,53,185.75,13.25,26.5,0.54245
1020,229.5,413.5,13.75,27.5,0.54197
1020,181.5,174.75,15,30.25,0.54103
1020,389.75,143.5,30.5,61.25,0.54093
1020,188,414.75,12.5,24.75,0.53997
1020,162.5,113,50.25,100.5,0.5398
1020,468.25,175,12.5,25.25,0.53926
1020,317,398.25,13.75,27.5,0.53926
1020,436,383.5,16.75,33.75,0.53918
1020,317.75,393.75,13,26,0.53823
1020,314.75,348,17.25,34,0.53767
1020,268.25,383.25,16,32,0.53744
1020,195,365.5,18,35.75,0.53706
1020,492,117.25,13,26,0.53687
1020,357.5,337,13,26.5,0.53598
1020,235.5,384.25,19.25,38.75,0.5359
1020,360.25,391.5,12.5,24.75,0.53556
1020,331.25,37.25,14,27.75,0.53483
1020,346.25,171,16.5,33.25,0.53441
1020,401.75,186.25,18.25,36.5,0.53429
1020,437.5,395,12.5,24.75,0.53416
1020,315.75,379.75,13,25.75,0.53403
1020,436.5,108.5,39.75,79,0.534
1020,-5.25,167.25,43.25,86.75,0.53357
1020,308.25,375.5,14.75,29.5,0.53312
1020,381.25,397,14.25,28.5,0.53288
1020,17.75,165.5,80.75,161.75,0.53218
1020,555.75,136.5,39.25,78.25,0.532
1020,31.75,114.75,12.5,24.75,0.53187
1020,627,108.75,13,26.25,0.53182
1020,163.5,175.75,15.75,31.75,0.53157
1020,461.5,285.75,12.5,25.5,0.53144
1020,412.5,380.75,14.25,28.25,0.53101
1020,599.25,300,13,26.25,0.53092
1020,491.5,374,13,26,0.5307
1020,578.25,308,12,24.25,0.53025
1050,591.75,310.5,12.75,25,0.55038
1050,316.75,319.5,14.25,28.5,0.55022
1050,508.75,425.25,12.25,24.5,0.54772
1050,324.5,322.25,14,28,0.54727
1050,335.75,327.25,13,25.75,0.54548
1050,163.5,173.75,16.75,33.5,0.54207
1050,357.75,173.5,12.5,25.5,0.54172
1050,-14.75,16.5,124.25,248.75,0.54144
1050,340.75,168.25,17.75,35.5,0.54086
1050,125.75,97,60.25,120.25,0.53855
1050,502.25,324.5,16,31.75,0.53835
1050,178.5,94.25,98.25,196,0.53781
1050,169,375.75,41.75,83.5,0.53774
1050,320,288.25,12.25,24.75,0.53676
1050,316.5,270,15.25,30.25,0.53663
1050,330.75,16,14.75,29.25,0.53561
1050,231,395.25,34,68,0.53561
1050,491.25,156.25,37,74,0.5354
1050,164,336.75,12.5,24.5,0.53477
1050,441.75,364.5,18.5,36.75,0.53445
1050,396,372.25,28.25,57,0.53369
1050,308.75,310.75,15.75,31.25,0.53343
1050,612.5,418.5,29,58,0.53239
1050,28.5,411.5,15,30,0.53212
1050,37.75,203.5,13.25,26.25,0.53209
1050,310.75,295.25,28.25,56.5,0.53125
1050,145.5,105.25,56.75,113.5,0.53088
1050,344.75,281,11.5,23,0.53082
1050,325.75,287.75,12.25,24.75,0.5306
1050,443.25,101.75,19.75,39.5,0.53059
1050,294.25,276,13.25,26.5,0.53045
1050,470.75,88,13,26,0.53044
1080,117.25,186.75,13.75,27.5,0.56076
1080,412.5,345,12.25,24.75,0.56072
1080,124.75,167.75,18.5,37,0.56022
1080,57.5,57,12.25,24.5,0.55387
1080,300,390.5,13.5,27,0.55358
1080,572,416.75,12.5,24.75,0.55185
1080,302.5,309.75,21,42,0.55176
1080,380.75,392.75,14.75,29.75,0.55101
1080,422.25,171,13,26,0.54985
1080,182.5,405,14.5,28.5,0.54608
1080,197.5,400.5,14.75,29.75,0.54565
1080,276.5,347.75,13.5,27,0.54472
1080,326.75,247.25,13,26.25,0.5444
1080,422.25,399.25,12.75,25,0.54436
1080,37,57.75,14.5,29,0.54328
1080,335.5,351,17.25,34.5,0.54119
1080,347,349.75,16.25,32.75,0.54107
1080,220.5,411.25,14,28.25,0.54107
1080,156,369,15.5,31,0.54089
1080,374.5,289,14.5,29,0.53951
1080,136.25,188,14.25,28.75,0.5393
1080,524,251.5,12.75,25.75,0.53886
1080,105,87.25,71.75,143.5,0.53876
1080,504,77,13.25,26,0.53826
1080,294.25,327.75,12.75,25.5,0.53804
1080,252,365,14,27.75,0.53799
1080,525.25,134.5,33,66,0.5377
1080,180.75,411.25,15.25,30.75,0.53614
1080,61,415.75,12.75,25.5,0.53593
1080,364.25,275,13,25.75,0.53579
1080,333.25,248.25,13.75,27.25,0.53365
1080,535.75,377.75,13.25,26.75,0.53343
1080,223.25,380.25,12.75,25.25,0.53313
1080,251.5,352.5,13,26.5,0.5328
1080,560.75,28.75,44.5,89,0.53255
1080,180.75,357.25,13.5,27.25,0.53242
1080,443.5,332,12.25,24.5,0.53218
1080,371.75,173.25,12.75,25.75,0.53192
1080,582.5,416.5,12.5,25,0.53144
1080,260.5,199.5,12.75,26,0.53128
1080,220.5,387.25,15,29.75,0.53109
1080,158.25,173.25,12.5,24.75,0.53097
1080,243,364.75,17.5,34.75,0.53067
1080,507.5,123.25,39.25,78.25,0.53058
1080,548.25,446.25,15,30,0.53027
1080,442.75,185.5,30,59.75,0.53018
1080,182,142.25,35.5,71.5,0.53015
1110,98.75,165.25,27.25,54.5,0.56566
1110,332,246.75,12.75,25.75,0.55926
1110,581.75,412,13.5,27.25,0.5548
1110,310.25,341.5,13.75,27,0.55353
1110,498.25,82.75,41.5,82.5,0.54424
1110,428.25,391.75,13,26,0.54264
1110,336.5,313.5,12,24,0.54258
1110,336,248.25,12.25,24.25,0.54112
1110,365.75,407.25,13.5,27,0.54067
1110,609.25,90,35.25,71,0.54061
1110,342,406,13.5,26.75,0.54053
1110,508.5,392,12,24.25,0.54003
1110,19.75,17.75,18.75,37.75,0.53904
1110,374,405.25,14,27.75,0.53883
1110,430.5,346.25,14.25,28.5,0.53849
1110,438,169,15,29.5,0.53848
1110,405.75,416.75,13,26.25,0.5381
1110,572.75,313,11.5,23,0.53779
1110,568,105,51.75,103.25,0.53653
1110,552.5,96.25,33.5,67,0.53603
1110,51,293.5,17.25,34.5,0.53579
1110,76.75,160.75,15.25,30.5,0.53557
1110,77.75,175.25,15.5,31.25,0.53556
1110,391,310.5,12.25,24.5,0.53445
1110,243.25,377.75,13.75,27.75,0.53424
1110,391.5,341.5,13,26,0.53385
1110,348.5,293.5,13.75,27.5,0.53383
1110,477,283.25,13.25,26.5,0.53349
1110,275.75,372.25,13,26,0.53343
1110,320.5,251.5,12,23.75,0.53262
1110,607.5,312.25,12,24,0.53237
1110,253.5,344.75,13.25,26.5,0.53227
1110,197.75,332.25,12.5,25.25,0.53223
1110,326.5,282.5,25.25,50.25,0.53213
1110,116.5,191.75,15,29.75,0.53206
1110,77.5,300.5,12.75,25.5,0.53177
1110,615.75,233.75,22.5,45,0.53167
1110,507.75,381.5,12.5,25,0.53085
1110,557,394.25,14.75,29.5,0.53078
1110,92.5,191.5,14.25,28.25,0.53064
1110,136.25,173.25,22.25,44,0.53042
1110,134.25,192.25,12.5,25.25,0.53037
1110,480,1.5,12,23.75,0.53029
1140,580.75,426.5,14.5,29,0.56239
1140,422.75,323,13,26.5,0.55865
1140,69.75,106.75,13,25.75,0.55844
1140,572,401.75,14.5,28.75,0.55374
1140,472.75,373,12.5,24.75,0.552
1140,53.5,77.25,16.25,32.25,0.54857
1140,71,163,25.25,50.5,0.54669
1140,464,343.25,12.75,25.5,0.54548
1140,438.5,301.5,12,24,0.54395
1140,324.25,283.75,16.5,32.5,0.54359
1140,561.25,210,25,50.25,0.54258
1140,460,168.75,15.25,30.75,0.5406
1140,338.25,415,13,26,0.54051
1140,260.25,399.75,16,31.75,0.53962
1140,202.25,357.25,15,30.25,0.53849
1140,359.5,386.25,13.25,26.75,0.53839
1140,52.5,408.5,14.25,28.5,0.53807
1140,479.75,364.25,13.75,27.25,0.53666
1140,378,169.5,18.75,37.5,0.5355
1140,397,342,14.75,30,0.53459
1140,426.75,415,12,24.5,0.53326
1140,580,29.5,13,26,0.53304
1140,507,406,15,30.5,0.53284
1140,566.25,227.5,19.75,39.5,0.53271
1140,300,369.25,13.5,26.75,0.53225
1140,308.75,379.25,13.75,27.25,0.53164
1140,502,401.75,14.5,29.25,0.53153
1140,365.75,340.5,13,25.75,0.53129
1140,97,175.75,12.75,25.5,0.53104
1140,439.5,344.75,12.25,24.5,0.53098
1140,445.5,302.25,14.75,29.5,0.53076
1140,493.25,384.75,14.25,28.75,0.53051
1140,350,290.75,15.25,30.5,0.53036
1140,279.5,374.75,16,32.25,0.53023
1170,54.5,414,13.25,26.5,0.57691
1170,348.5,311.75,12,24.25,0.5706
1170,205,423.75,13.5,26.75,0.5677
1170,220.5,351.5,14.75,29.25,0.56087
1170,341.75,349.75,13.5,27.25,0.55959
1170,197,378.75,14.5,29,0.55743
1170,386,216.25,29.25,58.5,0.55514
1170,502.5,412.75,13.5,27.25,0.55461
1170,351.75,408.25,13,25.75,0.55436
1170,361.25,310,13.25,26.5,0.5504
1170,37,81.75,14.5,29,0.55035
1170,437.5,416.25,15.25,30.75,0.54905
1170,303.25,412,13.25,26.5,0.54868
1170,356.25,391.25,16.75,33.5,0.54739
1170,165.75,351.5,16.25,32.5,0.54734
1170,341.5,357,13.75,27.75,0.54711
1170,403.25,304.5,16.25,32.5,0.54698
1170,419.75,408.5,17.5,34.75,0.54619
1170,184.25,220.25,26,52.25,0.54616
1170,320,408,12.25,24.75,0.54577
1170,428.75,366.25,12.75,25.5,0.54514
1170,403.25,314,17,34,0.54487
1170,442.75,240.75,15.5,30.75,0.54484
1170,470.25,169.25,17,34,0.54455
1170,389.25,396,15.25,30.25,0.54274
1170,171.5,356.75,14,28,0.54234
1170,4.5,161.75,40,80.25,0.54204
1170,240.25,368.75,12.25,24.5,0.54103
1170,28.25,176.25,30.5,60.75,0.54077
1170,412.5,389.25,17,33.75,0.53954
1170,262.5,246.25,12.75,25.5,0.53942
1170,388.5,361,16,32,0.53939
1170,333.25,404,14.25,28.25,0.53893
1170,69.75,106.75,13.25,26.25,0.53889
1170,236.5,367.5,12.75,25.25,0.53882
1170,532.25,66.5,36.25,72.5,0.53832
1170,430.25,405.25,14,28.25,0.53788
1170,584.25,419.75,13,25.75,0.53755
1170,204,112,12.5,25.25,0.53744
1170,436.75,406.5,13.25,26.25,0.53739
1170,596.25,255.25,20.25,40.75,0.53701
1170,62,407.5,13,26,0.5366
1170,435.75,381.5,17.25,34.5,0.53633
1170,245.5,418,14.5,28.75,0.53576
1170,324.5,292.25,14.25,28.25,0.53482
1170,65,56.5,105,209.75,0.53457
1170,412.5,299,13.75,27.75,0.53403
1170,120,363.75,12.75,25.5,0.53395
1170,536.25,376.5,12.25,24.5,0.5333
1170,349,350.25,13.75,27.25,0.53324
1170,469,374.75,15.5,31,0.53312
1170,566,179.5,14,27.75,0.533
1170,177.75,356.25,14.25,28.5,0.53293
1170,192,356,14,28.25,0.53221
1170,194.25,355.75,14.75,29.5,0.53206
1170,68.25,405.25,14.5,29.25,0.53189
1170,196,401.75,16,32.25,0.53185
1170,411.5,409.5,17.25,34.5,0.53142
1170,327,399,13,26.25,0.53122
1170,228.5,352.75,16.5,32.5,0.53086
1170,537,359.25,17.75,35.5,0.53084
1170,329.75,150,72.75,145.5,0.53078
1170,19.5,97.25,16.5,32.75,0.53057
1170,549.5,110.75,13.75,27.75,0.53052
1170,115.25,161.25,13.25,26.75,0.53022
1200,436.75,403,14.25,28.75,0.57172
1200,540,165,14,28.25,0.55319
1200,404.75,385.25,16,31.75,0.54898
1200,517.25,429,14,27.5,0.54809
1200,164,399.25,15.5,31,0.54797
1200,571,422.5,13,25.75,0.5473
1200,332.75,371,12,24,0.54712
1200,229.5,162,14.75,29.25,0.54512
1200,411.5,382,17.75,35.25,0.54033
1200,398.5,373.75,13.75,27.5,0.54007
1200,391.75,191.5,11.75,24,0.53976
1200,478,369.75,14.75,29.75,0.53871
1200,553,167.25,18.25,36.75,0.5384
1200,156.25,401.25,15.25,30.5,0.53771
1200,404.25,364.25,19,38.25,0.53717
1200,364.25,396,13,26,0.53694
1200,509,8.75,14.5,29.5,0.53649
1200,219.25,121.25,38.25,76.5,0.53645
1200,265.5,168.25,22.75,45,0.5363
1200,368.75,132.25,95.5,191,0.53583
1200,-4,196.25,31.25,62.25,0.53528
1200,500.75,378.25,11.5,23.5,0.53446
1200,181.75,395.75,14,28,0.5338
1200,382.5,214,48.5,97.25,0.53328
1200,363.25,164.75,17.25,34.5,0.53153
1200,533.25,414.75,14.75,29.25,0.53143
1200,156.5,411.75,15.25,30.5,0.53132
1200,416.5,261,24.25,48.25,0.53124
1200,427.5,385.75,19.25,38.75,0.53115
1200,68,154.75,38.5,76.75,0.53115
1200,468.5,347.25,12.25,24.75,0.53089
1200,203.25,404.5,13.75,27.25,0.53045
1230,261.75,193,98.5,196.75,0.55156
1230,401.25,297.25,41.5,82.75,0.551
1230,374,395,12.5,25.25,0.54633
1230,463.25,449,12.75,25.75,0.54115
1230,300.5,240.5,12.5,24.75,0.53818
1230,430.25,282.25,50.5,101.25,0.53798
1230,477.25,412.5,12,24,0.53611
1230,312,399.25,12,24,0.53449
1230,542.25,173.75,13.75,27.75,0.53412
1230,89,294.5,45.75,91.5,0.53389
1230,117.25,395.25,14,27.75,0.53356
1230,181,452.75,11.75,23.5,0.53284
1230,414.75,450.5,13.5,27.25,0.53278
1230,252,184.5,13.5,27.25,0.53168
1230,152,408.75,12.5,24.75,0.53165
1230,408,174.25,28.75,57.5,0.531
1230,126,411.5,12.5,25,0.53082
1230,402.75,402.5,17,34.25,0.53039
1230,505,119.75,15.75,31.5,0.53034
1260,374,404.5,15.25,30.5,0.57588
1260,464.75,160.25,22.25,44.5,0.56734
1260,342.5,349.25,12.5,24.75,0.55855
1260,357.25,400.75,15.5,31,0.54956
1260,408.25,157.25,152.75,305.25,0.54888
1260,478.25,334.25,68.75,137.75,0.54749
1260,551.25,161.75,20,40,0.54676
1260,396.25,282,13,26.25,0.5467
1260,406,387.75,14,28,0.54257
1260,228,180.25,141,282.25,0.54163
1260,564,442.25,15.5,30.75,0.54086
1260,334.75,97,11.5,23.25,0.54001
1260,380.5,279,13.25,26.5,0.53983
1260,294,261,15.25,30.5,0.53949
1260,96.75,115,11.5,23,0.53939
1260,571.75,440.75,16.25,32.5,0.53922
1260,97.75,73,19.75,39.5,0.53816
1260,374.25,287.25,13,26,0.53733
1260,334,386.75,13,26,0.53709
1260,552.25,179.5,13.75,27.25,0.53658
1260,367.75,407.25,12.75,25.5,0.53655
1260,588.75,416.75,12.25,24.75,0.53574
1260,200.25,369,14.5,29,0.53558
1260,107,341.75,32.25,64.5,0.53456
1260,373.5,238.75,13,26.25,0.53403
1260,376,169.25,18.75,37.25,0.53319
1260,367,275.5,14,28,0.53319
1260,72.25,294.25,13.25,26.5,0.53308
1260,282.25,249.5,18.5,36.75,0.53302
1260,568.25,89,18.5,37,0.53274
1260,432.75,373,36.25,72.5,0.53246
1260,81,157.5,15.5,31,0.53228
1260,292.5,240,13,25.75,0.53221
1260,374.75,351,11.75,23.75,0.53178
1260,619,359.75,22.25,44.75,0.53049
1260,571.75,423.75,13.5,26.75,0.53035
1260,547.75,388.75,15,30,0.53012
1290,466.75,161.75,24.75,49.5,0.56619
1290,341,318,13,26.25,0.55882
1290,566.25,186.75,14.25,28.5,0.55639
1290,364.5,344.75,12.25,24.5,0.55427
1290,397,193.25,20.75,41.5,0.55314
1290,106.25,130.5,13.25,26.75,0.55129
1290,76.5,90.25,14.75,29.25,0.54799
1290,173.5,419,27.25,54.75,0.54627
1290,321.75,335.5,20,40.25,0.54596
1290,328.25,97.5,12.25,24.25,0.54561
1290,571.5,163.75,21.75,43.25,0.5444
1290,358.25,304.25,12.25,24.75,0.54262
1290,553.75,180.75,14.75,29.25,0.5423
1290,507.75,421,26,51.75,0.5411
1290,394.75,336.25,18.5,37,0.5409
1290,334,426.5,24.5,49,0.54076
1290,65.5,88.25,21,42,0.5392
1290,333,233,12,23.75,0.539
1290,96.75,115,11.5,23,0.53786
1290,300.25,279.25,13.25,26.5,0.53615
1290,20.25,316.25,14.25,28.25,0.53608
1290,582,448.75,13.25,26.25,0.53535
1290,431,315.25,12.5,25,0.53506
1290,241,181.5,31.75,63.5,0.5349
1290,354.25,349.75,18.25,37,0.53489
1290,569.5,420.5,25.5,50.75,0.53467
1290,549.25,107,60.25,120.25,0.53459
1290,417,129,22.75,45.25,0.53367
1290,149.75,232.25,16.5,33.25,0.53357
1290,339.75,263.5,13.5,26.75,0.53354
1290,461,344.75,13.5,27,0.53318
1290,232.25,288.75,11.75,23.5,0.53283
1290,5.5,349.75,15.5,31.25,0.53273
1290,604.75,433.5,12.25,24.25,0.53196
1290,582.25,177.75,12.75,25.25,0.5319
1290,55.5,288.25,12.25,24.75,0.53122
1290,475.5,422,24.75,49.75,0.53097
1290,428,366,14,28,0.53077
1290,180,228.5,11.75,23.5,0.53065
1290,271.75,332,12.75,25.5,0.53053
1290,413,5.25,12.5,25.25,0.53044
1290,326.75,303,13.5,27,0.53012
1320,402.25,363.75,12.75,25.25,0.56679
1320,600.25,77,23.75,47.75,0.56403
1320,594.5,163.5,27.75,55.5,0.55901
1320,326.25,332,23.5,47,0.55731
1320,78.75,62.25,16.75,33.75,0.55692
1320,106.5,130.75,13,25.75,0.55484
1320,364.75,370,16,32.25,0.55266
1320,513.25,169.75,15.5,30.75,0.55206
1320,476,162,23.75,47.25,0.54832
1320,134.25,80.75,11.75,23.75,0.54771
1320,253.5,362.25,13.75,27.5,0.54616
1320,259.5,202.5,16.5,33,0.54566
1320,355.25,382.5,16.75,33.5,0.54555
1320,94.5,1.5,12.5,25,0.54437
1320,572,445.5,15.75,31.25,0.54327
1320,407.5,400.25,13.25,26.25,0.54265
1320,111.75,193.5,19.75,39.75,0.54171
1320,193.5,348.75,18,36.25,0.54125
1320,581.25,187.25,14.25,28,0.54123
1320,323.5,398.25,17.5,35,0.5407
1320,500.75,349.75,12,24,0.54067
1320,452.75,410.75,13.75,27.5,0.53973
1320,412.75,196.75,23.5,46.75,0.53903
1320,572,105.75,58,116,0.53866
1320,102.25,3.25,12.5,25.25,0.53856
1320,124.5,45.5,12,24,0.5382
1320,176.75,377.25,19.5,39,0.53702
1320,66,160.25,19,37.75,0.53532
1320,307.5,255.25,12.25,24.5,0.53429
1320,324.25,356.5,12,24.25,0.53396
1320,228.25,412.25,12.25,24.5,0.53366
1320,546.75,117.25,17,34,0.53364
1320,65,88,21.75,43.25,0.53334
1320,477,94,12,24.25,0.53328
1320,364,248.5,12.75,25.5,0.53315
1320,168.25,391.5,12.5,25,0.53308
1320,277,399.75,18.25,36.25,0.53298
1320,403.25,400.5,13.5,27,0.53236
1320,487.75,416.25,12.25,24.75,0.53225
1320,324.25,384.5,16,32.25,0.53208
1320,300,406,14,28,0.53207
1320,471.75,222.75,43.25,86.25,0.53184
1320,340.5,326.5,12,24,0.53178
1320,284.25,263.25,12.75,25.75,0.53171
1320,215.25,453.5,12.75,25.5,0.53102
1320,89.25,52.25,14.25,28.75,0.5302
1320,404.5,200.25,19.25,38.75,0.53009
1350,493.75,160.75,31,62,0.60849
1350,537.75,171.75,16.75,33.75,0.58997
1350,333.75,300,24,48,0.57733
1350,525,172.25,14.25,28.75,0.55634
1350,325.75,357.75,12.75,25.75,0.55537
1350,463.75,357,13,26.25,0.55371
1350,428,392.25,13.5,27.25,0.55112
1350,337,86,13.75,27.25,0.5501
1350,406,364.5,13,25.75,0.54912
1350,40,27.75,12.75,25.5,0.54801
1350,443.5,399.5,18,35.75,0.54706
1350,68.25,7,12.75,25.5,0.54675
1350,232.75,175.5,26.75,53.25,0.54655
1350,557.25,195.5,13.5,26.5,0.54421
1350,548.75,113.75,19.25,38.5,0.54237
1350,363,389.75,15,29.75,0.54185
1350,379.25,161.25,14.25,28.5,0.54015
1350,106.5,130.75,13,26,0.53943
1350,115.75,69,12.75,25.25,0.53913
1350,522.25,365,14.25,28.25,0.53912
1350,293.25,391.75,13.75,27.75,0.53911
1350,337.75,192.5,13,26,0.53873
1350,30,150.75,16.25,32.25,0.53861
1350,175.75,332.5,19,38,0.53816
1350,263.75,415,12.5,25.25,0.53756
1350,497.75,86.5,12.5,25.25,0.53723
1350,436,202.5,27.25,54.75,0.53661
1350,569.5,229.75,33.75,67.5,0.53562
1350,434.5,392.75,16.5,32.5,0.53515
1350,515.5,212.75,13.75,27.25,0.53512
1350,210.5,199.25,14,27.75,0.53475
1350,333,408,14.5,29,0.53347
1350,76,46.75,12,24,0.53321
1350,252.25,288.75,12.25,24.25,0.53288
1350,450.5,344,15,30,0.53269
1350,507.5,368,13,26.25,0.53226
1350,213.25,420.25,14,27.75,0.53197
1350,349.25,414.5,12.5,25.5,0.53195
1350,323.75,184,13,26.25,0.5318
1350,405.25,395.25,14,28.25,0.53136
1350,338.5,390.25,19.25,38.25,0.53104
1350,589.25,439,12.75,26,0.53037
1350,198.25,124,41.5,83,0.53035
1350,325.75,410.75,13.75,27.25,0.53003
1380,554,174.75,16.5,32.5,0.58668
1380,104,404.25,12.5,25.25,0.5751
1380,84.25,53.75,14.5,29.25,0.5612
1380,380.25,410.25,12.5,24.75,0.54959
1380,360,353.75,12.25,24.5,0.5482
1380,42.75,80.5,12.5,25,0.54775
1380,172.75,385.25,11.75,24,0.5463
1380,133.25,328.5,14.5,29.5,0.54518
1380,36.5,25.5,14,27.75,0.54381
1380,284.25,399.25,12,24,0.54358
1380,132.25,345,15.5,31.25,0.54317
1380,406.25,316,13,26.25,0.54204
1380,76,116.25,12.25,24.5,0.54123
1380,238.75,181,12.25,24.5,0.54058
1380,620.25,202.75,12.25,24.25,0.53988
1380,389,313,16.25,32.5,0.53967
1380,612.25,93.25,25.25,50.75,0.5396
1380,432,348.75,12.75,25.75,0.53853
1380,590.25,199,14.5,28.75,0.53842
1380,515.75,156.25,34,68.25,0.53821
1380,140.25,330.25,14.75,29.25,0.53767
1380,356.75,374.5,36.5,73,0.53766
1380,589.75,177.25,38.75,77.5,0.5366
1380,311.25,268,12.5,25,0.53647
1380,38.25,354,12.25,24.5,0.53523
1380,164.25,350.5,13.25,26.5,0.53513
1380,398.75,146.5,14.25,28.5,0.53505
1380,515.75,414.25,17,34.5,0.5346
1380,58,4.25,14.5,29.25,0.53452
1380,27.75,79.75,16.75,33.75,0.53428
1380,-0.25,235.25,13,26,0.53426
1380,359.25,176.5,22.75,45.75,0.53386
1380,72.5,116.75,12,24,0.53357
1380,160.5,124,11.75,23.5,0.53323
1380,125.25,346.5,14.25,28.25,0.53315
1380,153.75,365.25,19.75,39.75,0.533
1380,226,205,15.25,30.5,0.53259
1380,517.5,77.5,13.25,26.5,0.53204
1380,238,231.5,16.25,32,0.53126
1380,514.5,416.25,12.5,24.75,0.53117
1380,300.25,183.5,13.5,27,0.53112
1380,341.75,288.5,12.75,25.75,0.53111
1380,309,415,12.75,25.75,0.53071
1380,46,17.5,12.75,25.5,0.5306
1380,389.5,140.75,16,32,0.53038
1380,328,196,12.5,25.5,0.5302
1410,268.5,351.5,14.75,29.5,0.57555
1410,325.5,355.25,14,28.25,0.5631
1410,325,330.25,15.75,31.25,0.56033
1410,283.25,195.75,14.25,28.25,0.55873
1410,364.25,378.5,12.5,25.5,0.55609
1410,85.25,301.25,14,28,0.55581
1410,544,151.5,41.5,83,0.55555
1410,316.25,334.25,16.75,33.25,0.55435
1410,406,368.25,15.25,30.75,0.55379
1410,357.5,284.25,13.25,26.5,0.55314
1410,332.5,11,13,25.75,0.55096
1410,248.25,360.75,12.25,24.5,0.5492
1410,315.75,197.25,13.5,26.75,0.54858
1410,324.25,285,16.5,33.25,0.5483
1410,420,387.25,17.5,35,0.54515
1410,325,343.75,15.25,30.5,0.54483
1410,61,307,15.25,30.5,0.54405
1410,620.25,421.75,12.25,24.25,0.54398
1410,542,60.25,16.25,32.5,0.54321
1410,518,219.75,51.75,103.75,0.54223
1410,40.5,32.25,16.5,33.25,0.54076
1410,338.25,79.75,13,25.75,0.54
1410,308.75,337.25,16.25,32.25,0.53945
1410,76.25,80,105.5,211.25,0.53937
1410,227.75,296.25,16.5,33.25,0.53887
1410,292.25,331.5,15.25,30.5,0.5385
1410,192.5,177.75,19,38,0.53839
1410,525,434.25,14,28,0.53823
1410,530.5,91.5,72.25,144.25,0.53802
1410,335,60.5,20.5,41.25,0.53739
1410,352.75,199,13.75,27.75,0.53717
1410,155.25,184.5,16.75,33.5,0.53714
1410,605.5,412,13,25.75,0.53648
1410,149.25,392.25,13,26,0.53612
1410,363.5,299.25,17.5,34.75,0.53605
1410,477.75,373.75,15.25,30.75,0.53586
1410,139,115.5,12,24,0.53582
1410,490,338.75,12.5,24.75,0.53572
1410,26.75,77.75,17.75,35.25,0.53495
1410,301.5,320.25,15,30,0.53426
1410,64,319.25,12.5,25.25,0.5342
1410,432.25,378.75,12.75,25.5,0.53398
1410,359.25,163.25,13.25,27,0.53358
1410,57.5,70.5,13,25.75,0.53344
1410,345.5,314.25,26.75,53.25,0.53248
1410,245.5,411,14.75,29.25,0.53215
1410,193,208,18,36.25,0.53191
1410,64.5,154.75,13.5,27,0.53189
1410,448.5,377,13.25,26.25,0.53158
1410,400.25,390.25,24.75,49.5,0.53144
1410,380.5,304.5,16.25,32.5,0.53087
1410,445.25,76.5,124.25,248.5,0.53057
1410,255,336.75,12.5,25,0.53025
1410,144.25,122.75,13,25.75,0.53018
1410,324.5,316.25,16.25,32.5,0.53005
1440,586.25,159.25,38,75.75,0.57918
1440,278.25,183.5,12.75,25.25,0.55777
1440,71.75,99.25,13.25,26,0.55469
1440,148,362.5,15.75,31.5,0.55458
1440,389.75,351.5,14.25,28.5,0.55321
1440,477.5,428,13,26.25,0.55144
1440,389.25,417.5,15,30.5,0.55092
1440,65.5,144,18.75,37.5,0.54917
1440,98.5,128,12,24.25,0.5486
1440,575.25,38,18.25,36.5,0.54592
1440,268.5,180.5,25.5,51,0.54407
1440,428.5,405.75,13.5,27.5,0.54305
1440,562,167.75,18.25,36.25,0.5426
1440,263,358.75,12.75,25.5,0.54094
1440,95.5,396.75,13.75,27.5,0.5402
1440,130.75,319,13,25.75,0.5401
1440,393.25,367.25,30.75,61.5,0.53994
1440,609.5,173,12.25,24.75,0.53814
1440,365.25,365.75,13.5,26.75,0.53812
1440,438.25,403.75,14.5,28.75,0.53689
1440,334,46.5,23.25,46.25,0.53683
1440,137.25,360.5,34.5,69,0.53681
1440,445.75,408.25,13.25,26.75,0.53643
1440,276.25,362,16.25,32.5,0.53561
1440,138.25,114.75,12.5,24.75,0.53484
1440,77.5,97,14,27.75,0.53447
1440,282.75,350.75,12.75,25.5,0.53416
1440,132.5,359.75,13.25,26.5,0.53358
1440,339.5,199.75,13.5,26.75,0.53331
1440,364.5,383.75,16.5,33.25,0.53288
1440,68.75,404.5,13.75,27.5,0.53246
1440,348.25,379.75,14.5,28.75,0.53219
1440,307.5,199.5,12.5,25.25,0.53199
1440,266,175.5,14.25,28.5,0.53131
1440,140,376.5,12.5,24.75,0.53063
1440,164.25,184.25,13.75,27.75,0.53027
1440,578.25,424.75,12.25,24.25,0.53026
1440,181.75,151,16,32.25,0.5302
1470,603,165.75,19.25,38.5,0.57349
1470,436.25,8.5,12.5,24.5,0.55285
1470,60.25,134.5,38.75,77.5,0.5504
1470,325.5,204.5,13.75,27.5,0.5455
1470,332.75,393,16,31.75,0.54456
1470,333.25,385,14.75,29.75,0.54082
1470,507.25,415,16.5,32.75,0.54018
1470,269.5,279.75,12.75,25.75,0.5395
1470,411.5,391.75,16.75,33.75,0.53936
1470,333.75,410.25,13.5,27.25,0.53907
1470,138.25,115,12.5,25,0.53716
1470,421,404.75,14.75,29.25,0.53708
1470,349,404.25,15,30,0.53662
1470,278.25,278.75,13.5,27,0.53638
1470,464.5,288,41,82,0.53546
1470,391.5,285.5,13.75,27.5,0.53544
1470,100.75,156.25,12.25,24.25,0.53399
1470,236.25,414,12.25,24.75,0.53392
1470,322.25,281.25,12.5,25.25,0.53389
1470,76.75,358,30.25,60.5,0.53373
1470,67.5,12.75,15.25,30.75,0.53329
1470,420,175.5,25,49.75,0.53274
1470,217,255.5,12.75,25.5,0.5326
1470,244.75,365.25,12.5,25.5,0.53166
1470,319.75,178.5,20.75,41.25,0.53148
1470,-1.5,281,14,28,0.5314
1470,284.75,276.5,14.5,28.5,0.53097
1470,318,382.5,12.75,25.5,0.53042
1470,195.5,158.75,34.75,69.5,0.53007
1500,422.25,347.5,12.5,25,0.57532
1500,591.25,159,23.25,46.5,0.56005
1500,449.25,191,14.75,29.75,0.55979
1500,427.75,195.25,14.25,29,0.5517
1500,184,276,18.5,37,0.54979
1500,180.5,276.25,17.5,35.25,0.54378
1500,291.5,334,15.25,30.5,0.54357
1500,260.5,170.25,13,26,0.54205
1500,0.5,305.75,12,23.75,0.54204
1500,222.5,261.75,102.75,205.5,0.542
1500,235.5,310,13,26.25,0.54136
1500,424.5,416.75,11.75,23.75,0.54124
1500,299.75,206.25,13.75,27.25,0.53989
1500,388.75,183.25,16.5,33.25,0.53947
1500,346.5,173,14,28,0.53883
1500,247.75,310.25,13.75,27.25,0.53865
1500,59.75,366.25,18.25,36.5,0.53847
1500,385.25,331,20,40.5,0.53807
1500,267,303.25,13,26,0.53796
1500,246.5,182.25,33,66,0.53791
1500,297.75,172.25,31.5,63.25,0.53769
1500,227.5,341.75,13,25.75,0.53709
1500,396,275,23.5,47,0.5364
1500,504,371,12.25,24.5,0.53595
1500,60,132.75,40.5,81,0.5355
1500,76.5,385.5,14.5,29.25,0.53462
1500,292.25,180.75,58.25,116.75,0.53419
1500,248.75,214.25,20,40,0.53385
1500,619.25,166,20.75,41.5,0.53368
1500,576,163,19.75,39,0.53293
1500,500.5,415.5,12,24,0.5326
1500,379.25,334.75,15,30.25,0.53114
1500,448.25,365.25,12.25,24.5,0.53107
1500,237.75,173,17.75,36,0.53107
1500,52.5,377,14.25,28.5,0.53093
1500,373.25,12.5,13.5,26.75,0.53067
1500,240.5,328.5,12,24.25,0.53065
1500,95.25,151.75,12.5,25.5,0.53019
1530,458.5,193,14.25,28.25,0.554
1530,347,398.75,18,36,0.55111
1530,458.5,207.5,13.5,27,0.55103
1530,23,131.25,45,90,0.54988
1530,309,339.75,13.75,27.5,0.54924
1530,427.5,188.25,20,40,0.54842
1530,598,177.25,15.25,30.75,0.54729
1530,452.25,98.25,12.5,25.25,0.54496
1530,420,411.5,17.5,35,0.54372
1530,364.25,400.75,16.75,33.25,0.54198
1530,315.25,351,13.25,26.5,0.54119
1530,198,311.75,12.5,25,0.54102
1530,411.75,414,17.5,34.75,0.5408
1530,231.5,136,30.75,61.75,0.53991
1530,428.5,89,40.75,81.75,0.53973
1530,571.25,174.5,16,31.75,0.53931
1530,220.75,380.25,13,26,0.53916
1530,340,344,12.75,25.25,0.53873
1530,485.75,407.25,12.75,25.25,0.53849
1530,563.5,430.75,13,25.75,0.53847
1530,32.75,120.25,27,54,0.53822
1530,229,376.25,15,29.5,0.53772
1530,42.5,343.25,13,26.25,0.53717
1530,592,157.75,23.25,46.5,0.53694
1530,444.75,427.5,11.75,23.75,0.53692
1530,222,212,12,24,0.536
1530,167.25,404.25,14.5,29,0.53586
1530,444.75,370.5,13.5,26.75,0.53562
1530,81.25,357.5,13.75,27.5,0.53561
1530,382.5,384.25,12.5,25,0.53518
1530,301,404.5,14.5,29.25,0.53513
1530,445.5,390.25,13.5,27,0.53487
1530,594.25,449.25,13,26,0.53464
1530,267.75,387.5,12.5,25,0.53461
1530,335,240.75,12,24,0.53456
1530,253.75,380.25,13.5,27.25,0.53451
1530,214.5,153.25,12.5,25.5,0.53446
1530,439.75,342,13.5,27.5,0.5343
1530,363.75,367.5,17.25,34.5,0.53363
1530,588.5,449,14,28,0.53312
1530,544.5,220.25,12,23.5,0.53263
1530,322.25,354,12.5,24.75,0.53257
1530,309,386.5,14.5,29.25,0.53234
1530,234.75,354.5,16,31.75,0.53228
1530,340,350.25,15.5,31,0.53196
1530,436.75,380.75,16.5,33,0.53169
1530,552,428.5,12.25,24.5,0.53158
1530,235.5,385.25,15.5,31,0.53136
1530,27.75,351.75,12.25,24.25,0.5313
1530,-3.5,348.5,29.25,58.75,0.53123
1530,254.25,368,12.25,24.5,0.53099
1530,69.25,366.5,15.25,30.25,0.53095
1530,347.25,352.5,17,33.75,0.53095
1530,316,407.25,12.75,25.5,0.53091
1530,331.75,343.25,13,26.25,0.53051
1530,212,369.25,16.5,32.5,0.53025
1560,458,196.5,19.75,39.75,0.5822
1560,460.75,215,14.25,28.75,0.5588
1560,9.25,68.75,11.75,23.5,0.55484
1560,165.75,300.5,13.5,26.75,0.55204
1560,176.25,187.5,21,42,0.55163
1560,614.5,164.75,21.75,43.5,0.54919
1560,296,411,12.5,25.25,0.54902
1560,445.5,96,13,25.5,0.54331
1560,132.5,403.5,15.25,30.5,0.54154
1560,492.25,416,12,24.25,0.54143
1560,460,88,13.5,27.25,0.54113
1560,267,259.25,13.25,26.75,0.53749
1560,369,205.5,23.75,47.5,0.53395
1560,375,277.25,13.25,26.75,0.53329
1560,134.75,415,13.25,27,0.53322
1560,290.5,247.5,13,26,0.5332
1560,305,258.25,18,36,0.53211
1560,424.75,189,17,34.25,0.53195
1560,422.5,188.75,23.75,47.5,0.53084
1560,79.75,414,12.75,25.75,0.53064
1560,578.75,157.25,25,49.75,0.53047
1590,464.75,221.75,16.75,33.5,0.57964
1590,292.75,366.5,12.75,25.25,0.56256
1590,599.75,161,24.75,49.5,0.5573
1590,218,185.25,24,48,0.55123
1590,352,269.75,21.25,42.75,0.55092
1590,300.5,373.75,13.5,27,0.5503
1590,86.75,371.75,13.25,26.75,0.54772
1590,322.5,269.75,13.75,27.5,0.54618
1590,330.5,267.75,15,30,0.54418
1590,404.25,339.25,15,30,0.54335
1590,143.75,223.75,13.75,27.25,0.54302
1590,133,203.75,17.5,35.25,0.54255
1590,51.5,405,15.75,31,0.54198
1590,122.75,140.75,41,81.75,0.54165
1590,498.75,404.75,13.75,27.5,0.54147
1590,204.25,393.25,12.25,24.5,0.54065
1590,507.75,51.75,15.75,31.25,0.5401
1590,200.5,411.75,17.75,35.5,0.53939
1590,558.5,174.5,13.25,26.75,0.53937
1590,218.75,350.5,13.25,26.75,0.5392
1590,316.25,248.25,12,24.5,0.53886
1590,398.5,309,14,28,0.538
1590,259.5,350.75,13.25,26.5,0.537
1590,151,184.25,32,64,0.53699
1590,416,193,24.75,49.25,0.53691
1590,412.25,327,12.75,25.75,0.53576
1590,52.5,308,14.25,28.75,0.53527
1590,232,300.5,12.75,25.25,0.53502
1590,222.25,312,12,24,0.53402
1590,328.75,190.5,23.75,47.5,0.53341
1590,63.25,398.75,13.25,26.75,0.53263
1590,307.25,361.25,14.5,29.5,0.53251
1590,243.25,308.5,14.5,29,0.53193
1590,275.5,159.25,24.75,49.5,0.5319
1590,492.25,399.5,12,24,0.53116
1590,99.75,373.5,13.25,26.5,0.53034
1590,-2.25,400.75,22.5,45,0.53033
1590,320.25,272.25,12.5,25,0.53003
1620,390,353.25,12.75,25.25,0.56481
1620,206.25,332.5,12.5,25,0.56424
1620,484,221.75,23.25,46.75,0.56042
1620,344.25,359.75,12.75,25.25,0.5539
1620,82.25,194.25,29.25,58.25,0.55373
1620,123.25,341.5,14.75,29.75,0.55074
1620,412.25,346,12.75,26,0.5494
1620,351.25,202,13,25.75,0.5468
1620,187.75,335,14.5,29.25,0.54571
1620,563.25,299.5,12.25,24.25,0.54504
1620,205.25,192.5,21.5,43.25,0.54438
1620,352.25,171.75,24.25,48.25,0.54373
1620,319.75,195.25,31.5,62.75,0.54327
1620,99.5,237.25,16.75,33.5,0.54313
1620,625,438.25,16.25,32.25,0.54172
1620,466.25,78.25,12.5,25,0.54002
1620,284.5,336.75,12,24,0.53749
1620,252.75,366.75,11.75,23.5,0.53646
1620,506,343.25,14.25,28.75,0.53609
1620,42.5,342.5,14,28.25,0.53568
1620,220.25,335.5,15.25,30.5,0.53561
1620,535,135,17.25,34.75,0.53445
1620,331.5,285,12.75,25.25,0.53366
1620,213,283.5,14.5,29,0.53356
1620,300.5,336.5,12.75,25.5,0.53347
1620,344.25,367.25,12.5,25,0.53321
1620,292.25,364.75,12.25,24.5,0.53258
1620,348.25,306.75,13.75,27.25,0.53247
1620,196.5,337.25,15.75,31.75,0.53241
1620,119.5,261.75,16.5,33,0.53136
1620,491.5,156.5,14,28.25,0.53068
1620,-1.75,257.5,19.25,38.25,0.53053
1650,528.75,234,12.75,25.75,0.5778
1650,521.5,232,28.5,57.25,0.56095
1650,268.5,347.75,16.25,32.5,0.56071
1650,234.25,396.5,17.5,35,0.55914
1650,423.75,363.75,13,25.75,0.55464
1650,68.75,396.5,15.25,30.5,0.5485
1650,260.75,377.25,15.5,30.75,0.54818
1650,612.75,353.75,15.25,30.5,0.54792
1650,293,371,13.5,27.25,0.547
1650,171.75,376.75,12.5,24.75,0.54516
1650,146,175,14,28,0.54487
1650,441.25,202.5,30.25,60.5,0.54415
1650,211.5,315,14.75,29.25,0.54396
1650,559,236.25,30.5,61,0.54348
1650,525,218.5,21.25,42.5,0.54319
1650,367.25,153.75,16.5,33,0.54261
1650,468.5,395.25,13.75,27.75,0.54253
1650,373.5,394.75,13.25,26.75,0.54234
1650,219.75,310.25,13.5,27,0.54225
1650,276.25,363,16,31.75,0.53968
1650,284.5,377.5,15.5,31.5,0.53812
1650,348.5,384.5,12.75,25.25,0.53727
1650,207.5,320.75,13,25.5,0.53711
1650,324.75,348.75,14,28,0.53659
1650,620,441.25,16.25,32.75,0.53623
1650,71.5,141,23,46,0.53595
1650,51.25,254.75,34.5,69,0.53594
1650,260.25,363.5,15.75,31.25,0.53492
1650,285,367.25,14,28,0.53457
1650,292.25,359.5,13,26,0.53371
1650,430.75,375.75,14,27.75,0.5337
1650,395.75,319,13,25.75,0.53362
1650,210,196.25,19.25,39,0.53328
1650,246.5,366.5,13.5,27,0.53318
1650,193.25,299.25,17,34.25,0.53317
1650,308.75,344.5,13.75,27.5,0.5326
1650,393.5,368.75,12,24,0.5326
1650,375.25,310.75,13.5,27.25,0.53243
1650,583.5,355.5,14.25,28.75,0.53236
1650,576.25,448,12,24,0.53149
1650,347.25,403.5,15,30,0.53147
1650,397,407.25,13.25,26.25,0.53133
1650,267.75,303.75,18.75,37.5,0.53132
1650,339,395.75,19.5,39,0.53116
1650,626.25,443,14.75,29.5,0.53105
1650,252.5,376.5,15.75,31.25,0.53007
1680,284.5,358.25,14.25,28.25,0.56131
1680,207.5,338.5,12.75,25.75,0.56092
1680,164.25,377.75,15.5,31,0.5557
1680,468.5,415.75,12.75,25.5,0.5549
1680,479.5,174,12.5,25.5,0.55268
1680,197.5,398,13.5,27,0.54982
1680,238.5,334.5,14.25,28.5,0.54779
1680,580.25,443.5,14.25,28.75,0.54757
1680,233.25,336,13.75,27.75,0.54696
1680,229.5,406.75,13.75,27.75,0.5461
1680,99,176.5,18.25,36.25,0.54596
1680,562.25,225.25,47.5,94.75,0.54541
1680,198,179.25,29.25,58.75,0.54432
1680,147.5,356,15.5,31,0.54362
1680,618,444.5,15,29.75,0.54349
1680,626.25,306.5,14.25,28.75,0.54345
1680,332.25,329.25,12.75,25.5,0.54327
1680,243.75,385.25,16,32.25,0.54313
1680,220.25,331,19.5,38.75,0.54244
1680,293.25,411.25,13.5,27.25,0.54147
1680,212.5,336.25,15.5,31,0.54079
1680,180.5,355.25,15.5,31,0.54011
1680,164.5,361,11.5,23,0.53994
1680,337.75,329,12.5,25.25,0.53907
1680,84.25,181.5,17,34.25,0.53889
1680,194.5,192.25,16.25,32.75,0.53818
1680,334.25,408.25,13.25,26.5,0.53801
1680,284.5,321,12,24.5,0.53765
1680,195.25,295,13.5,26.75,0.53719
1680,373.5,155.25,16.75,33.5,0.53706
1680,197.25,339.25,14,27.75,0.53697
1680,579.75,41.75,68.25,136,0.53607
1680,6.5,122.25,12.75,25.75,0.53551
1680,327.5,327.5,13.5,27.25,0.5354
1680,555.75,426.25,17.25,34.25,0.5349
1680,422,391.5,13,26,0.53395
1680,401.75,194.25,12.5,25,0.5338
1680,491.5,395.5,28.25,56.75,0.53312
1680,535,414.75,13.25,26.25,0.5331
1680,156.25,378.25,15.25,30.75,0.53309
1680,269,404.25,14.5,28.75,0.53299
1680,527,409,13.25,26.5,0.53228
1680,301.5,375.25,13.75,27.5,0.53208
1680,479,77.75,13.5,27,0.53204
1680,77.25,412.25,13.5,27.25,0.53139
1680,575.25,221.5,28.5,57.25,0.53135
1680,606,337,15.25,30.75,0.53126
1680,30.25,72,12.25,24.75,0.53114
1680,386,149,45.5,91,0.53109
1680,585.75,13.25,21.5,43.5,0.5309
1680,552.75,331.75,14,28,0.53072
1680,18,393.25,12,24.5,0.53071
1680,508.75,385,11.5,23.25,0.53069
1680,243.25,326,13,26,0.53054
1680,284.5,338.5,16.25,32.5,0.53049
1680,338,340.5,22.25,44.75,0.53033
1680,350.75,374,30.25,60.5,0.53017
1680,115.75,392.25,17.25,34.25,0.53003
