30,598.25,425.5,14.25,28.25,0.55196
30,340,205.75,12.75,25.5,0.54239
30,311.5,164,12.5,25.5,0.54052
30,302.25,343.75,12.75,25.25,0.5399
30,382.5,4.25,12,24,0.53646
30,309.75,204.75,13.5,27,0.53638
30,405.75,362.75,14.25,28.25,0.53634
30,65.25,192,21.25,42.5,0.53592
30,429.5,354.25,14.75,29.75,0.53521
30,130.25,182.5,30.75,61.25,0.53518
30,166.5,195.25,21.25,42.5,0.53257
30,489.25,371,20,40.25,0.5316
30,600.75,45,11.5,23,0.53051
30,27,341,15.25,30.25,0.53044
30,101,122,66.75,133.25,0.53033
60,285,378,14.75,29.5,0.56591
60,275.25,22.75,13,26,0.55375
60,284.75,333.75,14.75,29.25,0.55298
60,460.25,357.25,13,26.25,0.55133
60,381.75,410.75,14,28.25,0.5457
60,388,399.5,13.25,26.5,0.54545
60,356,399,16.5,32.75,0.54532
60,6.75,416.75,11.75,23.75,0.54329
60,166.75,407,13,26,0.54326
60,490.75,319.5,17.25,34,0.54187
60,443.75,347.75,13,25.75,0.53817
60,340.5,346.75,12,24.25,0.53718
60,381.25,373,15,30.25,0.53714
60,277.25,316,14,28,0.53704
60,332.5,179.75,11.75,23.75,0.53702
60,180.75,333.25,13.5,27,0.53682
60,206.25,202,15.5,31.25,0.53666
60,539.75,372.25,14,28.25,0.5365
60,536.75,293,11.5,23,0.53643
60,347.5,392.75,16.5,32.75,0.53568
60,468.25,358.75,12.75,25.25,0.53535
60,508.5,319,12.5,25,0.53522
60,95.75,384.5,13,26.25,0.53482
60,108.5,333.5,13.75,27.25,0.53433
60,254,312.25,12.25,24.5,0.53419
60,276.75,337.75,15,29.75,0.53403
60,486,406.25,13.25,26.25,0.53361
60,157.75,366,13.25,26.25,0.53357
60,52.25,336.75,15.25,30.5,0.53319
60,475.5,407.25,12.5,25,0.53284
60,596.5,297.5,13.25,26.75,0.53271
60,254,411.5,13,26.25,0.5326
60,422.75,38,13.75,27.5,0.53229
60,519,407.75,13,25.75,0.53212
60,475.5,361,13.75,27.5,0.53184
60,588.75,403,14,28.25,0.5316
60,556,378.75,13.5,26.75,0.53157
60,152,431.5,12.75,25.25,0.53147
60,499,401.75,14.75,29.75,0.53115
60,266,290,17.75,35.25,0.53105
60,220.5,327.5,13.75,27.75,0.53102
60,316,433,12.75,25.5,0.53071
60,253.5,270.75,12.5,25.5,0.53063
60,166,368,12.75,25.75,0.53056
60,398.75,305.75,17.75,35.75,0.53038
60,92.25,384.75,12.5,25.25,0.53023
90,61,346.75,14.75,29.75,0.57287
90,596.5,365,14,28,0.56765
90,196.5,436.5,15.5,31,0.56381
90,445.25,445,14.75,29.75,0.56098
90,246,366.75,13,26.25,0.55954
90,116.75,413.5,14.5,29.5,0.55744
90,349.25,269.25,12.25,24.75,0.55678
90,29.5,348.75,13.75,27.5,0.55495
90,156.25,361.5,15.5,31,0.55412
90,596.75,433.75,11.5,23.25,0.55258
90,363.75,393.75,14.75,29.25,0.55186
90,124.5,404.75,13.5,26.75,0.54974
90,22.25,340.5,12.25,24.75,0.54912
90,131.75,430.5,17.25,34.5,0.54865
90,92.25,425.75,15.25,30.5,0.54734
90,508.5,435.25,12,24.25,0.54722
90,556.75,354,15,29.75,0.54718
90,108,414,15.75,31.25,0.54503
90,300.5,8.75,11.75,23.75,0.54433
90,549.25,179.5,13.75,27.5,0.54401
90,383.75,315,13.75,27.25,0.54293
90,269.5,372,15,30,0.54273
90,269,453,12.75,25.25,0.54222
90,84.5,327.75,12.25,24.75,0.54202
90,101.75,405.5,13.25,26.25,0.54177
90,164.75,446.75,14.5,28.75,0.54168
90,70,329,12.25,24.5,0.54153
90,460.5,369.75,12,24,0.5409
90,84,316,17.25,34.75,0.54015
90,348.5,345,15,30.25,0.53944
90,99.75,317.25,15.75,31.5,0.53882
90,213,368.5,14.5,29,0.53805
90,187.5,362.75,17.25,34.5,0.53781
90,187.75,315.5,14.5,29,0.53752
90,595.5,392,15.5,31,0.53742
90,605,412.75,11.75,23.75,0.53715
90,492.5,435.5,14.75,29.5,0.5367
90,365.25,328.5,13.25,26.75,0.53666
90,564.5,355,14.5,29,0.53642
90,582,289.5,13,26.25,0.53579
90,475.25,451.25,12.25,24.5,0.53566
90,245.75,437.25,14,27.75,0.53531
90,92.75,269.5,14.25,28.5,0.53499
90,509.75,339.75,13.25,26.25,0.53496
90,485.5,448.5,12.75,25.25,0.5348
90,587.25,191.75,19.25,38.25,0.53476
90,326.25,301.5,13,25.75,0.53465
90,412.25,412.25,14.25,28.75,0.53453
90,397,369.5,13.25,26.25,0.53435
90,404,347.75,14.5,28.75,0.53426
90,221,409,13,26,0.53404
90,572,355.75,16.25,32.5,0.53387
90,323.5,397.75,14.25,28.25,0.53385
90,229,386,15.25,30.5,0.53362
90,501.25,336.75,15,29.75,0.53279
90,365.5,348,14,27.75,0.53273
90,88.75,328.5,11.75,24,0.53258
90,216.5,329.75,12.5,24.5,0.53203
90,349.25,417.5,13,26,0.53155
90,612,347.25,15.5,31,0.53142
90,348.75,285.25,16.5,33,0.53114
90,222.5,329,13.25,26.75,0.53107
90,452.25,343.75,16.75,33.75,0.531
90,494.5,349,13.25,26.5,0.53087
90,268.25,382.75,13.5,27,0.53082
90,86.25,310.25,14,27.75,0.53078
90,60.5,315.25,14.5,28.75,0.53062
90,76.25,426.25,15.5,30.75,0.53046
90,434.5,362.75,18.25,36.25,0.53037
90,101,333.75,13.5,27,0.53014
90,252,360.5,16.75,33.25,0.53011
120,516.75,350.75,13.5,27,0.57943
120,558,305,13,25.5,0.55956
120,451.5,337,12.5,24.75,0.55608
120,598,452.5,13,26,0.55446
120,100.5,427,14.25,28.75,0.55364
120,514.25,168.75,16.25,32.75,0.5536
120,271.25,375.25,13,26,0.54597
120,491.75,331,15.25,30.5,0.54527
120,365.75,340.25,13.5,26.75,0.54475
120,434.75,377,11.5,23,0.54445
120,253.5,411,14,28.25,0.54392
120,408.75,331,11.5,23,0.54227
120,420.75,288.75,12.25,24.25,0.54122
120,311.5,15.5,12.25,24,0.54101
120,212,385,16.25,32.5,0.54093
120,609.5,209.25,12.5,24.5,0.54081
120,63.25,423.5,12.75,25.75,0.54041
120,324,399.75,17.5,34.75,0.5401
120,100.25,326.25,13.75,27.5,0.53989
120,317.25,429.5,14.5,29,0.53976
120,292.75,428.75,12,24.25,0.53908
120,245,386.25,15.5,31,0.53907
120,9,114,22.25,44.25,0.53838
120,515.75,421,15,29.75,0.53826
120,485.5,332.25,13.5,27,0.53801
120,115.75,432.5,16.75,33.5,0.53773
120,519.5,335.25,13,26.25,0.53664
120,-4.75,31.5,40,80.25,0.53636
120,246.25,431.5,13.75,27.25,0.53612
120,184,320,17.5,35,0.53611
120,28.75,363.75,13,26,0.53609
120,564.25,322.25,15,29.75,0.53584
120,288.5,13.25,12,24,0.53575
120,51.25,423.25,13,26,0.53521
120,204,384,16,31.75,0.53492
120,140.25,345.25,16,31.5,0.53415
120,412.25,266.75,14,28,0.5338
120,107.75,376.5,16.25,32.25,0.53377
120,420.75,342.25,14.25,28.25,0.53368
120,99.5,313,15,30.25,0.53368
120,243.25,195.25,14.5,28.75,0.5328
120,485.75,396.25,12.5,25.25,0.53279
120,117,401.25,12.5,25.25,0.53265
120,60.25,423.5,12.5,25.25,0.5326
120,172.75,405.25,13.75,27.75,0.53257
120,269.25,280,12.75,25.5,0.53247
120,108,410.5,15.25,30.5,0.53247
120,140,411.75,12.5,25,0.5323
120,175.25,333,16.75,33.25,0.53126
120,549,285,14.25,29,0.53104
120,604.5,413.5,11.5,23.5,0.53013
120,532,311.75,12.25,24.5,0.53009
150,308.75,284,15,29.75,0.55622
150,507.5,366.5,15.25,30.5,0.55509
150,100.75,336,16.75,33.75,0.55475
150,572.75,406.75,13,26.25,0.552
150,567.25,356,12.75,25.5,0.55171
150,299.75,276.5,16,32,0.55113
150,445.25,380.75,14.25,28.5,0.55032
150,415.75,416.5,12,24.25,0.54986
150,231.75,424.5,12.75,25.25,0.54817
150,517.5,452.75,13.5,26.5,0.54754
150,556.75,376,13.75,27.75,0.54677
150,297.75,351.5,20.5,41.25,0.54673
150,556,433.75,13.25,26.25,0.54635
150,188,283.5,13.25,26.5,0.5458
150,598,400.75,12.5,25,0.54455
150,563.5,392.25,16.25,32.75,0.54407
150,214.25,235.75,18.25,36.25,0.54369
150,412.5,416.5,12.75,25.5,0.54313
150,355,297.25,16.75,33.25,0.54312
150,523.75,366.5,13,26.25,0.54098
150,202,260.75,37.75,75.5,0.5408
150,53.75,278,13.25,26.75,0.54072
150,165,428.25,14.75,29.25,0.54027
150,35.5,391.25,16.75,33.5,0.54003
150,455.5,287.25,12.75,25.5,0.53994
150,429.5,423.75,12.5,25,0.53987
150,346.75,382.75,17,33.75,0.5392
150,599,264.25,12,24,0.53865
150,491.25,435,14.5,29,0.53864
150,323.75,341.75,13.75,27.5,0.53855
150,118.25,279.75,12.5,25.25,0.53848
150,367.25,407.75,12.5,25.25,0.5383
150,181.25,343.75,13.25,26.5,0.53804
150,604.25,375.75,15.75,31.5,0.53785
150,212.25,399.5,12.75,25.5,0.53739
150,243.25,423.25,13,26.25,0.53711
150,93,338.5,14.25,28.5,0.53703
150,459.75,106.75,16.25,32.25,0.53694
150,468,428,14.25,28.5,0.53676
150,542.75,153,12.25,24.5,0.53649
150,134.75,338.75,12.75,25.5,0.53593
150,102.75,267,13,25.75,0.53587
150,596.5,325.25,17,34,0.53579
150,421,308.75,13.5,26.75,0.53568
150,165,343,14.5,29,0.53537
150,533.25,288.25,12.75,25.5,0.5344
150,588.75,206.75,13,26.25,0.53439
150,150.5,434,15.5,30.75,0.53433
150,583.5,406,13.5,27,0.53426
150,287.75,363.5,12.75,25.25,0.53426
150,397,319.75,12.25,24.75,0.53383
150,84.25,411,12.75,25.5,0.53378
150,422.25,327.5,12.75,25.5,0.53372
150,172.25,342.75,13.5,26.75,0.53369
150,500,324.5,13.5,26.75,0.53336
150,613.25,428.25,12.5,25.25,0.53285
150,44.5,383,12.75,25.5,0.53265
150,399.75,321,12.25,24.5,0.53251
150,467,388.75,18,36.5,0.53235
150,171.5,285.25,18.25,36.5,0.53181
150,316.25,409.5,15.75,31.25,0.53169
150,60.75,284,14.5,29.25,0.53153
150,620.5,441.25,12,23.75,0.53125
150,532.5,274.25,14.5,28.5,0.53113
150,62,380,14,28,0.53112
150,242,339,17.25,34.5,0.53093
150,597.25,378,15,30,0.53093
150,308.25,266.75,14.25,28.5,0.53084
150,340.5,262,12.25,24.5,0.53045
150,284.5,372.75,11.75,23.75,0.53034
150,294.25,279,12.75,25.25,0.53017
180,555.75,414.5,15.5,30.75,0.55613
180,100.5,58.75,12.5,25.25,0.55566
180,124.75,417.75,14.75,29.5,0.55077
180,547.25,398.25,14,27.75,0.55006
180,536,289.5,12.5,25,0.5497
180,267.75,285.5,14.25,28.25,0.54881
180,208.5,408.25,12,24,0.54712
180,431.5,90,19.25,39,0.54543
180,109,319.5,13.75,27.75,0.54522
180,469,334,14.5,28.75,0.54406
180,396,187.5,14.5,29,0.54233
180,167,312,11.75,24,0.54206
180,173,385,14.75,29.5,0.54183
180,221.75,424.5,13.25,26.5,0.54169
180,580.25,211.5,12.25,24.75,0.54105
180,124.25,304.5,12.25,24.25,0.54102
180,117.75,401.75,14.5,29.25,0.54079
180,556.25,423,13.25,26.75,0.5405
180,532.75,316.5,14.75,29.75,0.5403
180,316.25,389.75,18.25,36.75,0.53994
180,170,341.5,12.25,24.75,0.53887
180,109,412.5,14.25,28.5,0.5386
180,612.75,420.25,14.75,29.5,0.53854
180,228,352.5,17.25,34.5,0.53838
180,294,385.25,13,26.25,0.53829
180,228.5,300.75,14.5,29,0.53814
180,347,387.5,17,34,0.53799
180,325.25,351,12.75,26,0.53712
180,102,321.5,12.5,25,0.53629
180,299,366.75,17.25,34.5,0.53582
180,62.75,179.5,19.5,39.5,0.53558
180,315.5,289.25,13.75,27.5,0.53545
180,299.5,404.75,14,27.75,0.53492
180,104,296.5,12.75,25.5,0.53471
180,429.75,171.25,12.75,25.25,0.53463
180,603.75,66.25,15,30,0.53444
180,76,397,12.75,25.5,0.5344
180,232.75,337,11.5,23,0.53437
180,540.25,304,13,26,0.53401
180,226.25,258.5,15,30.25,0.53372
180,423.25,103,13.75,27.5,0.53355
180,26.75,246.25,13.25,26.5,0.53312
180,235.5,289.25,15.5,30.75,0.53269
180,66.25,175,11.5,23,0.53235
180,454.25,100.75,13.5,27,0.53233
180,574,158,23.75,47.75,0.5323
180,587.25,434.75,15.5,31.25,0.53211
180,55.75,116.25,109.5,219,0.53205
180,188,153.5,15.25,30.5,0.53202
180,285,384.5,13.75,27.75,0.53168
180,223.25,256.75,16,32.25,0.53154
180,565,287.25,14,28.25,0.53147
180,531.5,219.5,13,26.25,0.53137
180,536.25,408.75,11.75,23.75,0.53125
180,275.75,340.25,13.25,26.25,0.53087
180,214.75,264.75,12.25,24.75,0.53079
180,525.5,214.75,13.5,26.75,0.53078
180,67.25,366.5,17,34.25,0.53059
180,155.75,402,16,31.75,0.5304
180,72,360.25,12,24.25,0.53019
210,156.5,410.75,11.75,23.5,0.56593
210,412.25,308.25,14.5,28.75,0.55946
210,588.5,348.75,13,25.75,0.55562
210,548,411.25,15.5,31,0.55543
210,311.5,282.75,12.5,25.25,0.55406
210,588.5,307,14,28,0.55343
210,445.25,374.25,13.25,26.75,0.55233
210,400.25,296,13.25,26.5,0.54993
210,566.25,431.5,12.75,25.5,0.54904
210,523.5,384,16.75,33.5,0.54803
210,557,349.5,17.5,34.75,0.54761
210,380.25,317.75,16.75,33.5,0.547
210,324.5,283.75,14,28.25,0.54698
210,477.5,293.75,13.75,27.5,0.54551
210,324.75,324.75,14.5,29,0.54535
210,40.25,362.25,12.5,25,0.5441
210,460.25,352.5,11.75,24,0.54221
210,581.5,323.25,14.5,28.75,0.54167
210,404.75,368.75,12.25,24.5,0.54122
210,549,300.75,14.5,29.25,0.54116
210,252,415.25,13,25.5,0.54091
210,405.25,315.5,13.25,26.75,0.54051
210,572,366.75,13.75,27.25,0.5393
210,26,325.75,29,58.25,0.5392
210,166,408,12.75,25.5,0.53845
210,214.5,413.5,12.75,25.25,0.53825
210,120,171.75,13.5,27,0.53751
210,411.75,372,15,29.75,0.53732
210,443.5,320.75,19.25,38.5,0.53672
210,404,337,12.75,25.5,0.53657
210,107.75,295,12.5,24.75,0.53633
210,396.75,405,14.25,28.5,0.5363
210,429,413,14,27.75,0.53599
210,371.25,313.75,18,35.75,0.53579
210,370.75,418,14.75,29.75,0.53552
210,164.25,196.75,16,32.25,0.53505
210,580.25,411.25,14.25,28.5,0.53499
210,428.5,302.75,13.25,26.5,0.53489
210,308.75,314.75,13.25,26.5,0.53478
210,412,384,16.25,32.75,0.53475
210,517.25,407.75,13.25,26.75,0.53406
210,197,301.5,15,29.75,0.53403
210,172.25,360,16.25,32.5,0.53379
210,484.75,409.25,13.75,27,0.53356
210,308.5,304.75,16.25,32.75,0.53316
210,280,318.25,12.75,25.5,0.53303
210,493,323.5,14.75,29.5,0.53299
210,141.25,410.5,16.5,32.75,0.53287
210,516.25,374.25,13,26,0.53286
210,164,284,12.5,25,0.53282
210,251.75,403,13.25,26.25,0.53229
210,324,313.5,16.75,33.75,0.53203
210,284,275.75,13.75,27.5,0.53193
210,523.25,319.5,15,29.5,0.53162
210,619.5,51.25,21.75,43.5,0.53145
210,419.25,354.75,15,29.75,0.5313
210,324.5,398.75,16.25,32.5,0.53126
210,181.25,410,13,26,0.53095
210,427.25,424.5,16,32,0.53089
210,27.25,364.75,13,25.75,0.53075
210,435.5,86.75,13.75,27.75,0.53069
210,316,382,16.25,32.5,0.53042
210,229.25,317,14,28,0.5303
210,173,376.5,12.75,25.5,0.53018
240,24.25,287,12.75,25.25,0.56358
240,428,347.25,14.75,29.5,0.55214
240,478,402.25,14.5,28.75,0.55201
240,443.75,383.75,15,30,0.55007
240,149.75,332.75,12.75,25.5,0.54926
240,435.75,387.5,14,27.75,0.54863
240,381.25,252.75,12.5,25.25,0.54534
240,164.75,379.5,14.25,28.5,0.54428
240,262,272.25,13.75,27.25,0.54404
240,437,367.25,13.5,27,0.53949
240,124.75,275.75,14.25,28.75,0.5388
240,358.75,385.5,12,24,0.53873
240,27.75,288.5,12,24.25,0.53851
240,67.25,365,13.5,27,0.53757
240,413.5,359.5,15.5,31,0.53725
240,616.25,95.5,25.75,51.75,0.53619
240,539.75,391.25,14.25,28.5,0.53578
240,71.75,364,13.75,27.5,0.53552
240,371.25,376.5,12.5,25.25,0.53523
240,578.5,137,12.25,24.5,0.53493
240,339.75,254.25,13,26,0.53488
240,532,389.75,12.75,25.75,0.53462
240,158.5,380.5,13.5,27.25,0.53436
240,584.5,247,12.25,24.25,0.53431
240,124.5,364,13.5,27,0.53399
240,285,362.5,13.75,28,0.53358
240,389.5,259.75,14,28.25,0.53265
240,451.75,173.25,13,26.5,0.53205
240,342.25,142.75,15.25,30.25,0.53202
240,111.5,275.5,13.25,26.5,0.5317
240,277.5,368.75,14.25,28.5,0.53137
240,44.5,342.5,12.75,25.25,0.53113
240,351,396.25,14.75,29.5,0.53041
240,159.25,258.5,13.75,27.5,0.53026
240,580.75,388.5,16.25,32.5,0.53003
240,194.5,198,14,28,0.53003
270,509.25,151,22.75,45.25,0.54811
270,422.5,397,12.25,24.5,0.54765
270,413,146,14.5,29.25,0.54502
270,60.25,375,13.75,27.5,0.54342
270,26.25,149.5,17.5,35,0.54332
270,300.5,280.5,12.25,24.25,0.54237
270,351.75,242.25,12,24.25,0.54105
270,403.75,285.25,15.75,31.5,0.53999
270,476,112,13.75,27.5,0.53815
270,386.75,338.75,14,27.75,0.5378
270,326.25,350.25,13.75,27.75,0.53776
270,484.5,317.75,13.5,27.25,0.53744
270,76.5,378.75,12.25,24.25,0.53695
270,235,411.5,16.75,33.5,0.53671
270,500.5,170.25,17.25,34.5,0.53638
270,197,414.5,15.5,30.75,0.53637
270,331.75,411.25,17.75,35.5,0.5363
270,459.5,129.5,16,32.25,0.53621
270,311.25,272,12.75,25.25,0.53609
270,148.75,138.75,18,36,0.53455
270,34.25,219,14.25,28.5,0.53424
270,412.25,277,11.75,23.5,0.53387
270,150,418.75,14.75,29.5,0.53386
270,322.75,410.5,17.25,34.75,0.53341
270,348.5,312.25,13.75,27.75,0.53257
270,292,279.75,14.25,28.5,0.5324
270,44.25,230.75,13.5,26.5,0.5317
270,293.5,411.25,13.75,27.5,0.53169
270,538,121.25,52,104.25,0.53081
270,478,134.25,12.75,25.75,0.5308
270,54,231,13.25,26.25,0.53075
270,275.25,410.25,17.5,35,0.53068
270,567.25,411.5,13.25,27,0.53065
270,132.75,281,13.25,26.75,0.5306
270,324,348.75,13.75,27.5,0.53051
270,100.75,415.5,14.25,28.5,0.53035
270,268,412.5,16.75,34,0.53003
300,490.75,160,27.75,55.5,0.56132
300,612,217,31.25,62.5,0.54886
300,502.25,115.75,12.75,25.75,0.5484
300,567.75,69,13,26.25,0.5453
300,567.5,4,45.75,91.5,0.54438
300,163.75,313.5,16.5,32.75,0.54105
300,117.75,322.75,14.25,28.75,0.54007
300,180,316.5,16,32.25,0.53998
300,164.25,264.25,12.75,25,0.53915
300,505,159.25,35.5,71,0.53852
300,564.75,383.75,14.75,29.25,0.53789
300,588.5,391.25,12.5,24.75,0.53745
300,298.5,132,85.75,171.5,0.53677
300,29,352,13.25,26.5,0.53663
300,155.5,313.75,17.5,35.5,0.53638
300,330.25,220.25,38.5,77,0.53523
300,14.25,395.75,13,26,0.53421
300,326,300.75,13.25,26.25,0.53373
300,126,319.75,13.5,27,0.53302
300,470.75,217,12.25,24.5,0.5329
300,593.5,218,14.5,29,0.53255
300,277.75,353.25,14.25,28.75,0.53248
300,547.75,392.5,12.75,25.25,0.53233
300,189.5,323.5,14.5,29,0.5323
300,515.5,196.5,17.75,35.5,0.53167
300,333.5,346.75,13,26.25,0.53131
300,298.75,298,17.75,35.5,0.53119
300,237.5,318.25,13,25.75,0.53055
300,211.5,291.75,17.25,34.75,0.53043
300,228.75,254.75,16.25,32.25,0.53029
330,572.25,142.25,73.25,146.25,0.57059
330,431,159.75,31,62.25,0.56314
330,532.5,104.25,77.5,154.75,0.55951
330,246,386.25,23.25,46.75,0.55177
330,134,322,14.5,29,0.55102
330,447.5,155.25,33.25,66.5,0.54719
330,500.75,280.75,12,24,0.54708
330,443.25,11,119.5,238.75,0.54521
330,600.75,100,16.5,33.25,0.54456
330,237.25,271,13,25.75,0.54201
330,60.25,214,15,30,0.54169
330,534.75,32.5,25,49.75,0.54115
330,37.75,232.25,13.25,26.25,0.54069
330,483.5,20.5,36.25,72.5,0.5401
330,368,212,18,36,0.53897
330,40,213.5,12.75,26,0.53878
330,589.25,216.5,35.75,71.75,0.53737
330,516.25,144.5,12.25,24.25,0.537
330,15.5,398.25,13.25,26.5,0.53582
330,540.75,288.75,20.5,41,0.53407
330,514.5,100.75,44.5,89,0.53317
330,-2,166.75,16.25,32.5,0.53302
330,84.75,433,11.5,23,0.53209
330,561.5,220.25,18.5,36.75,0.5315
330,120.25,60,12,24,0.53069
330,396,403,14.75,29.5,0.53066
330,132,362.5,17.5,35.25,0.53051
360,520,364.5,12.25,24.5,0.571
360,390.25,166.75,29.25,58.5,0.56867
360,500.75,364,14,28.25,0.56304
360,419.25,343,13.25,26.25,0.56255
360,297.25,226.5,18.25,36.5,0.55941
360,534.75,130.25,92.25,184.5,0.55814
360,403.5,262.25,15.75,31.25,0.55523
360,520.25,376,12.5,24.75,0.55406
360,443.75,278.75,13.5,27,0.55302
360,77.5,380,15,30.25,0.55218
360,424.25,248,12.75,25.25,0.55105
360,498.25,112.25,77.75,156,0.55086
360,460.25,288,14.75,29.5,0.54921
360,190.5,366.5,13.5,26.75,0.54712
360,426.75,338,16,31.75,0.54655
360,556.5,404.25,14.5,29,0.54652
360,380.25,236.5,12.75,25.75,0.54616
360,172.25,126.5,15.75,31.25,0.54448
360,316,239.25,12.5,25.25,0.5435
360,429,19.25,35.25,70.5,0.54315
360,580.75,378.75,14.75,29.25,0.543
360,228,403,12.25,24.5,0.54251
360,379.75,416.75,13.5,26.75,0.54218
360,613.75,201.75,29,57.75,0.54028
360,414.25,322,23.25,46.75,0.539
360,429.75,352.5,14.75,29.75,0.53885
360,155.75,335.5,12.5,25,0.53783
360,499.25,16,34,68.25,0.53775
360,389.5,327.75,13.5,27.25,0.53752
360,208.25,400.25,12.25,24.75,0.53745
360,308.5,235.5,14.75,30,0.53683
360,535.5,374,13.25,26.5,0.53663
360,363.5,171.25,14,27.75,0.53619
360,397.25,272.75,12.75,25.5,0.53552
360,556.5,379.5,13.5,27.5,0.53514
360,308,222.25,13.5,26.75,0.53496
360,405.75,157.25,41.5,83,0.53454
360,493.25,364.5,14.25,28.25,0.53441
360,610.25,142,33.25,66.5,0.53399
360,246,302,15.25,30.5,0.53393
360,478.25,142.5,12.5,24.75,0.53385
360,611.75,231.25,31.75,63.25,0.5331
360,373.75,243,13.25,26.75,0.53285
360,532.5,213.75,17.5,35.25,0.53273
360,493.25,358,14,28,0.53265
360,556,351.75,16,32,0.53234
360,480,288,13.5,27.5,0.53221
360,322.25,224.75,12.5,24.75,0.53221
360,572.25,363,14,28,0.53207
360,395.75,411,15.75,31.75,0.53205
360,407,154.5,31.25,62.5,0.53195
360,452,287,14.75,29.25,0.5319
360,102,399.75,12.75,25.75,0.53126
360,77.5,358,13.5,27,0.53099
360,503,98.75,22.5,44.75,0.53097
360,453.75,102.75,30.75,62,0.53051
360,459,297,18,36.5,0.53047
360,311.75,351,50,100.25,0.53043
360,588.5,256.5,13.75,27.5,0.53041
360,277,67.25,185.5,370.75,0.53039
360,355.75,221,12.5,25,0.5302
390,315.25,269,16.75,33.25,0.57651
390,547,138.5,96,192,0.56919
390,364.75,367,15.5,31.25,0.56439
390,284.75,274.75,14.75,29.75,0.5643
390,420,336.75,15.75,31.75,0.56344
390,572.25,357,14,28,0.5612
390,492.75,76,99.5,199.25,0.55728
390,625.25,115,16.25,32.5,0.55634
390,383.75,164.5,33.25,66.25,0.55255
390,509.5,311,13.5,27,0.55223
390,140.75,227,15.25,30,0.55216
390,412.5,336,16.25,32.5,0.54686
390,364.25,35.75,13,26,0.54686
390,452.25,305.75,15,30.25,0.54626
390,452,380.75,14.75,29.75,0.54564
390,452,296,14.75,29.25,0.54524
390,516,321.75,15.5,31,0.54496
390,475.75,87,53,105.5,0.5443
390,365.25,305.75,15.25,30.75,0.54273
390,408,316,12.25,24.5,0.54218
390,467.25,307.25,16.75,33.25,0.54194
390,132.5,229.5,14.5,29,0.54136
390,269,284.75,12,24.25,0.54099
390,552.25,291,12.5,24.75,0.54082
390,496.5,120.75,11.75,23.75,0.54034
390,500.75,321,16,32.5,0.5402
390,404.75,335.25,13.75,27,0.53974
390,311,237.75,12,24,0.53955
390,460.25,294.25,13.25,26.25,0.53895
390,485.75,347,15,30,0.53839
390,374,291.25,15.75,31.25,0.53803
390,373,363.25,14.25,28.5,0.53796
390,574.5,189.25,13.25,26.75,0.53717
390,411.5,321.25,17,34,0.53689
390,526.5,318,14,27.75,0.53638
390,459.75,402.75,13.25,26.25,0.5363
390,423.25,12,37,74.25,0.53544
390,548,360.5,12.5,25.25,0.53507
390,477.5,142,13.75,27.5,0.53455
390,374.5,306,14,27.75,0.53446
390,133.75,238.25,14.25,28.5,0.53408
390,61.75,399.25,13.25,26.5,0.53403
390,186.75,128,17.25,34.5,0.53376
390,294.25,419.25,14.75,29.5,0.53358
390,534.25,317.25,15.25,30.25,0.53333
390,612.5,375.5,13,26.25,0.533
390,508,337.75,15.5,31,0.53295
390,577,91,22.5,44.75,0.53289
390,388.75,327.5,16.5,33,0.53278
390,596.25,370.25,14.25,28.25,0.53272
390,283.25,414,17.25,34.25,0.5327
390,495.5,395,13.25,26.5,0.53249
390,296,257,12.75,25.75,0.53218
390,436,288,13.5,27.25,0.5316
390,622,379,19.25,38,0.53138
390,212.75,101.25,33.25,66.75,0.53101
390,317.5,236.25,11.75,24,0.53087
390,405,53.75,14,28.25,0.53065
390,491.5,330.75,14.25,28.5,0.53063
390,516,364.5,15.5,31.25,0.53046
390,479.25,310.5,13.25,26.5,0.53004
420,427.75,170.25,40.75,81.5,0.56473
420,373.5,262,13.75,27.25,0.56329
420,396,323.5,15,30,0.56248
420,459.25,378.5,19.25,38.5,0.55618
420,459.5,361.25,16,31.5,0.55445
420,333,361.5,15,29.75,0.55354
420,364.25,334.75,13,26.25,0.55334
420,606,349.25,12.5,25,0.5529
420,433,52.75,17.5,34.75,0.55005
420,356.75,379,15,29.75,0.54986
420,447.5,302.5,13.5,26.75,0.5491
420,381.75,260,14.5,29,0.54909
420,604,380.25,14.75,29.25,0.54892
420,291,295.25,16.5,33,0.54876
420,441.25,304.25,12.75,25.5,0.54772
420,540.25,308.75,13.25,26.75,0.54679
420,334.75,379.25,21.25,42.75,0.54648
420,431.75,13.25,37,73.75,0.54405
420,348,323.75,14.25,28.75,0.5433
420,485.75,337.5,15.25,30.25,0.54285
420,578.75,385,17.75,35,0.54093
420,372.25,363.25,16,32,0.54085
420,357.5,55,12.75,25.75,0.54008
420,539.75,332.75,14.75,29.5,0.53968
420,427.75,354.5,15.5,31,0.53947
420,373,356,14.75,29.25,0.53931
420,460.5,375.25,13.5,26.75,0.53911
420,580.5,324.5,15.25,30.25,0.53838
420,500,352.5,16.5,32.75,0.53814
420,588,371.75,14.5,28.75,0.53785
420,447.5,316.25,13,26.25,0.53782
420,452.5,370.75,15.25,30.75,0.53766
420,120.25,302.25,12,24,0.53757
420,483.25,309.5,15.5,31.5,0.53743
420,436.25,404.25,14,28,0.53742
420,300.5,292,15.25,30.75,0.53738
420,420.75,336.5,12.5,25.25,0.53717
420,412.5,412.5,11.75,23.5,0.53714
420,434,375.5,19.5,38.75,0.53712
420,236,132.25,15.5,31,0.53694
420,459.75,168.5,38.25,76.5,0.53668
420,506.75,138,11.5,23,0.53663
420,287.75,356,53.5,107.25,0.53651
420,358.5,333.5,63.5,127,0.53625
420,389.75,121,62.75,125.5,0.53559
420,77.25,377,13.5,27.25,0.5355
420,444.25,349.75,17.5,35.25,0.53537
420,604.5,368,16,32,0.53532
420,620.5,347.75,13,26.25,0.53509
420,334,439.5,13,26,0.53505
420,471.75,361.5,14.5,29,0.5348
420,412.75,341.25,14.25,28.25,0.53466
420,301.5,246.5,13.5,26.5,0.53437
420,523,318.5,17.25,34,0.53412
420,497,141,17.5,35.25,0.53404
420,191.5,145,77.5,155.25,0.53399
420,554.25,311.75,13,26,0.53399
420,420.5,346.25,16.5,33.25,0.53397
420,363.25,278.25,17.5,34.5,0.53352
420,86.25,28.25,13.5,26.75,0.53348
420,627.75,403.75,13.25,26.5,0.53341
420,300.5,367.5,15.5,30.75,0.53287
420,275.5,208.5,17.5,34.5,0.53272
420,421.5,276,14.5,29.25,0.53266
420,518,311.25,13.25,26.75,0.53257
420,478.25,338.25,15.5,30.75,0.53209
420,454.5,316.5,11.75,23.5,0.53206
420,500.75,291.5,15,30,0.53147
420,221,432,13.25,26.5,0.53134
420,336.5,395.75,14.25,28.25,0.53128
420,503.75,336,12.25,25,0.53098
420,-4.75,188,40.25,80,0.53037
420,340.75,362.5,14.5,29.25,0.53035
420,-2,156,22,44,0.5303
420,620.25,399.25,12.5,24.75,0.53029
420,533.25,333.5,14,28,0.53017
420,328.5,402.75,14.75,29.5,0.53011
450,316.5,349.75,13.25,26.5,0.59104
450,421.5,402.5,13.5,27,0.57665
450,323.25,361.75,13.75,27.5,0.56593
450,55.75,28.75,12.5,25.25,0.56168
450,5.75,210.5,23.5,46.75,0.56167
450,328.25,401,12,24.25,0.55911
450,596.75,396.5,16.75,33.25,0.55812
450,585.25,270.75,11.75,23.5,0.55806
450,124.5,300.25,14.75,29,0.55696
450,119.75,40,12.25,24.5,0.55279
450,486.25,352,15.25,30.5,0.55124
450,358.75,294.75,13,26,0.55011
450,492,404.75,13.25,26.5,0.54998
450,513,383,12.5,24.75,0.54819
450,453.5,361.75,14,27.75,0.54762
450,100.5,411.5,15,29.5,0.54704
450,172.5,294.5,13.25,26,0.54689
450,558.75,426.25,19.75,39.75,0.54676
450,107.75,19.25,12.5,25,0.54675
450,280,140,14.25,28.5,0.54591
450,572.75,411.75,13.25,26.75,0.54533
450,485.25,365.25,17.25,34.5,0.54436
450,55.25,16,13.25,26.5,0.54274
450,413,394.5,14.5,28.75,0.54102
450,338,367,33.5,67,0.54035
450,500,399.75,16.5,33,0.54014
450,276.5,409.25,15.25,30.75,0.53917
450,69.25,39,14.25,28.75,0.53906
450,156.5,336.75,12,24,0.53768
450,556.5,419.25,12.5,24.75,0.53744
450,316,324.5,11.75,23.75,0.53685
450,480,396.25,13,25.75,0.53654
450,509,26.75,33.5,67.25,0.53612
450,355.5,336.5,13,26,0.53594
450,389,399.75,16.5,33.25,0.53569
450,307.25,441.25,12,23.75,0.53568
450,37.75,415.5,12.75,25.5,0.53551
450,487.5,332.25,12.75,25.5,0.53549
450,486.25,396.25,12.75,25.25,0.53546
450,396.25,389,14.25,28.75,0.53533
450,413.75,304,15,29.75,0.53434
450,565,180,55.75,111.75,0.53426
450,38.75,138,23.5,46.75,0.53419
450,487.25,18.75,17.25,34.5,0.53406
450,492.25,381.5,12.25,24.75,0.53401
450,108.25,10.5,11.75,23.5,0.53373
450,51.75,395.25,15.75,31.5,0.53367
450,246.5,371.75,16.5,33,0.533
450,65.75,143.5,19.75,39.25,0.53273
450,556.5,408.25,12.25,24.75,0.53256
450,117.5,308,13.75,27.5,0.53253
450,100.75,340,14.5,29,0.53186
450,355,315.75,22,43.75,0.53172
450,412.25,356.75,13.75,28,0.53142
450,76.25,394.5,17,33.75,0.5314
450,118.25,288,12.75,25.25,0.53129
450,529.75,336.75,12.25,24.5,0.53124
450,294.5,339.25,63.5,127.5,0.53105
450,86.75,370.75,12.25,24.5,0.53084
450,575.5,188.25,70.5,141,0.53046
450,100.5,135.25,22,44,0.53007
450,541.75,434.5,15.25,30.25,0.53006
450,302.5,325,12,24.25,0.53005
450,587.5,430,17.5,35,0.53005
480,370.25,390.5,15.75,31.5,0.55991
480,340.25,351,12.5,24.75,0.55449
480,535,3.5,18,36,0.54934
480,56,28,12.5,25.25,0.54797
480,404.25,204,12.25,24.5,0.54684
480,591,157,13.75,27.25,0.5412
480,272,400.5,12.5,25.25,0.54111
480,140.25,41.5,12,23.75,0.53961
480,69.25,38.25,14.5,29.25,0.53906
480,540.5,409.25,19.5,39.25,0.53773
480,470.25,144.25,50,99.5,0.53752
480,500.5,300.75,14.75,29.75,0.53653
480,28,157.25,12.5,25.25,0.53614
480,40.5,11,12,24.25,0.53606
480,308.75,247,29.5,59,0.53606
480,266,408.25,12.25,24.5,0.53585
480,371,403,13.75,27.75,0.53577
480,208.25,344.25,55,110,0.53519
480,499.25,408.75,16.5,33,0.53513
480,144.5,165,13.75,27.75,0.53453
480,577.25,429.25,20,39.75,0.53446
480,155,179.25,137.5,275.25,0.53434
480,594.25,31,13.25,26.25,0.53423
480,303.25,138.25,17.5,35,0.53393
480,538.75,375,13,26.5,0.53392
480,548,439.25,15.5,30.75,0.53345
480,167,218,49.5,98.75,0.53317
480,119.75,42.5,12.75,26,0.53303
480,199.75,56,14.75,29.75,0.53256
480,472.75,400.75,12.25,24.25,0.53251
480,389.5,404,16,32.5,0.53213
480,507,413.25,27.75,55.5,0.53207
480,55,15.75,14,27.75,0.53185
480,619.25,98,14.5,29,0.53173
480,445.5,203,51.25,102.5,0.53159
480,558,391.25,12.75,25.25,0.53152
480,626.75,112.5,12.5,24.75,0.53134
480,285,401.25,14.5,29,0.53084
480,556.5,428.75,12.25,24.75,0.53058
480,23.25,55.5,12.75,25.5,0.53055
480,604.75,225.75,12,24,0.53042
480,182.75,408.75,30.75,61.5,0.53032
480,404.25,416.75,12,24,0.53027
510,55.75,30.25,13,26.25,0.57786
510,508.25,416.5,12.25,24.75,0.55859
510,22.25,158.75,12.25,24.75,0.55737
510,484,421.75,14,28.25,0.55315
510,60.75,9,11.5,23,0.54792
510,605.75,135,13.75,27.5,0.54777
510,613.75,154,13,26,0.54657
510,456,224.75,12.75,25.5,0.54512
510,470.5,223.25,12.75,25.75,0.54436
510,519.75,396.25,37.25,74.75,0.5429
510,75,31.75,17,33.75,0.54236
510,628.5,144,12.25,24.25,0.54234
510,402.25,281,12,24.25,0.54067
510,590.5,441.5,14.25,28.75,0.54061
510,331.75,449.25,13,26.25,0.53911
510,294.25,270.5,40,79.75,0.53907
510,531.75,395,36.25,72.75,0.53767
510,248.25,449.25,12,24,0.53722
510,203.5,125.5,31.75,63.5,0.5363
510,547.5,387.25,42,83.75,0.53584
510,55.25,16,13.5,27,0.53541
510,402.5,262,18,36.25,0.53537
510,452.75,259.25,46,91.75,0.53473
510,581,198.75,14,28,0.53427
510,507.5,416,28.25,56.5,0.5338
510,69.25,39,14,28.25,0.53356
510,349.25,424,25.25,50.5,0.53345
510,623,69.25,14.25,28.25,0.53294
510,435.75,392.5,42.25,84.25,0.53248
510,119.25,131,23.75,47.5,0.53221
510,564,405.5,17.5,35.25,0.53217
510,220,174.75,31.75,63.25,0.53204
510,397.5,349,12.5,25.25,0.5319
510,588.25,418.5,13.25,26.25,0.53118
510,328.5,401.25,36.5,73.25,0.53092
510,521.5,412.75,12.5,24.5,0.53075
510,308.25,394.75,39.25,78.75,0.53068
510,40.75,10.5,12,24,0.5305
510,290,394.5,40,80,0.53039
510,84.25,28,13.25,26.75,0.53013
540,333,220.5,14.75,29.25,0.56366
540,324.25,227.25,15,30,0.55794
540,572.25,416.75,15.75,31.5,0.55736
540,357,222.25,14,28.25,0.55363
540,269.25,199.25,13,25.75,0.5535
540,605.75,204.75,14.75,29.75,0.55318
540,55,15.25,14.5,28.5,0.55292
540,565,412.5,14.5,28.75,0.55218
540,494.75,412.5,12,24,0.55068
540,120,40.25,12.25,24.5,0.55002
540,595.75,422.75,13.5,26.75,0.54549
540,21.5,162.75,13,25.5,0.54549
540,443.75,420.75,13.75,27.5,0.54438
540,380.25,224,12.5,25,0.54412
540,273,417,12.25,24.5,0.54387
540,308.25,143.25,17.25,34.5,0.54383
540,376,421,12.5,25.25,0.54273
540,108.5,201.25,15.5,30.75,0.54265
540,252,305,12.75,25.5,0.54259
540,75,32,17,33.5,0.54236
540,349.25,220.5,15.5,31,0.54235
540,451.5,225.25,16.5,32.75,0.54172
540,540.75,416.75,12,24.25,0.54119
540,590,415.5,14.25,28.75,0.54112
540,261.5,175.5,104.75,210,0.54084
540,461,232.5,13.25,27,0.5404
540,324,219.5,15.25,30.25,0.53982
540,446.75,210.75,14,28.25,0.53944
540,297.5,288.5,52.75,105.5,0.53906
540,124.5,215.75,12.5,25,0.53882
540,325.5,235.25,15,30,0.53882
540,40.75,1.5,12,23.75,0.5388
540,172.25,200,13.25,26.75,0.53818
540,292.5,224.25,12.5,25,0.53817
540,152,14.75,12.75,25.75,0.53804
540,118.5,26.75,14.5,29.5,0.53714
540,416.25,346.25,12,23.75,0.53692
540,340.5,419,12.5,25.5,0.53663
540,58.75,141.75,20.25,40.5,0.53629
540,134.75,47.5,11.75,23.5,0.53628
540,470.5,242.5,12,24,0.53587
540,532.25,244.75,12,23.75,0.53533
540,164,441.75,16.25,32.5,0.53511
540,476,326.25,31.75,63,0.53435
540,580.5,433.25,12,24,0.53406
540,404,417,15.25,30.25,0.53399
540,69.25,39,14,28.25,0.53356
540,128.5,159.5,12.5,25.25,0.53349
540,150.5,4,12.75,25.5,0.53295
540,424,345.25,12.25,24.5,0.5323
540,548.25,416.75,12.25,24.25,0.53226
540,256.5,247.75,24.5,49,0.53216
540,450.5,442.75,18,35.75,0.53215
540,295.25,223.5,13,25.5,0.53214
540,89.5,282.25,16.5,33.25,0.53179
540,387,404.75,14.5,28.75,0.53179
540,625.75,33.75,15.5,31,0.53178
540,301.75,226.25,14,28.25,0.53174
540,309.25,215.25,15.75,31.25,0.53162
540,285.5,217.75,12.5,25.25,0.53159
540,94.75,134,157.5,314.75,0.53112
540,126.5,53.5,12.5,25,0.53111
540,45.25,252.25,111,222.25,0.53065
540,46.25,109,28.75,57.5,0.53051
540,293.5,235.5,14.5,29.25,0.53031
540,84.25,28,13.25,26.75,0.53013
540,244.75,324.5,15.25,30.75,0.53011
570,55.75,28.25,12.75,25.75,0.56494
570,405,228.75,14,28.25,0.56427
570,322.75,441.75,16.25,32.75,0.56295
570,421.25,348,14.25,28.25,0.55738
570,619,211.25,14.5,29.25,0.55609
570,308.25,247,13,26,0.55563
570,100.25,235,14.75,29.5,0.55029
570,76.25,35.5,16.25,32.75,0.54938
570,21.75,167,12.5,25.25,0.54936
570,310.75,146.75,17.75,35,0.54726
570,396.5,225.5,15.25,30.75,0.54652
570,126.75,53.5,13.25,26.5,0.54581
570,495,293.5,70.25,140.5,0.54463
570,79.25,140.75,27,53.75,0.5443
570,276.5,350.25,15.75,31.5,0.54395
570,353.5,139.5,12,24.5,0.54379
570,68.75,38.75,15,29.75,0.54278
570,55,15.25,14,27.5,0.54231
570,411.75,344.25,12.75,25.5,0.54054
570,366,308,14.5,28.75,0.53821
570,609.5,298,34.5,69.25,0.53801
570,415.75,335.5,12.75,25.5,0.53711
570,271.75,322.75,13,26,0.53653
570,379.5,442,16,31.5,0.53584
570,135,47,12,24,0.53517
570,84,27,13.75,27.5,0.53496
570,495.75,433.5,21.75,43.75,0.53377
570,600.75,360.5,12.25,24.25,0.53227
570,110.5,52,16,32,0.53203
570,251.25,372,16,32.25,0.53189
570,288,452.25,12.75,25.5,0.53139
570,428,227,12.5,25,0.53113
570,38.25,15.75,27,53.75,0.53107
570,412,221,14,27.75,0.53105
570,36.75,61,11.5,23,0.53075
570,540.25,175.75,13,26,0.53045
570,96,137,164.75,329.5,0.53019
570,347.75,224,12.25,24.5,0.53016
570,607.75,281.75,12,24.25,0.53008
600,311.25,148.5,18,36,0.55303
600,332,452.75,12.25,24.75,0.54556
600,237.25,346,14,28,0.54474
600,619.25,204,20.5,40.75,0.54453
600,481.25,437.5,19.75,39.75,0.54325
600,497.25,294.75,71.25,142.5,0.54212
600,265.75,350.5,16.75,33.75,0.53949
600,21.25,132,34.75,69.25,0.5394
600,414.5,376,13,25.75,0.53819
600,107.5,239.75,14,28.25,0.5376
600,252.5,345.75,12,23.75,0.53746
600,118.5,411.25,11.75,23.75,0.5374
600,269.5,237,13,26,0.53718
600,380.75,313,15.75,31.5,0.53715
600,472,17,13,26,0.53652
600,22.25,170,12.75,25.75,0.53643
600,467,238.5,18,36.25,0.53606
600,261,380.5,14,28,0.53478
600,452,238.25,15.25,30.75,0.5346
600,410,451.5,13,25.75,0.53438
600,397.25,213,15,30.25,0.53429
600,576.25,251.25,12,24,0.53398
600,129.75,161.75,15.25,30,0.53369
600,50.25,172.75,12.5,24.75,0.53344
600,508.25,20.75,15.25,31,0.53255
600,413,433.75,21.75,43.5,0.53214
600,398,293,12.75,25.75,0.53168
600,468.5,383,12,24,0.53141
600,458.75,328.75,15.75,31.5,0.53108
600,224.25,453.25,12.25,24.75,0.53038
600,262.75,303.75,13,26,0.53034
600,479.25,451.5,13.25,26.5,0.53029
600,193.5,358,18.25,36.5,0.53001
630,331.75,226.5,13,25.75,0.55806
630,324,150.5,18.75,37.5,0.5475
630,601.25,359.75,12.75,25.25,0.54645
630,297.25,302,64.5,129.25,0.54488
630,598.25,361,12.25,24.5,0.54332
630,188.5,163.25,13.75,27.75,0.5418
630,436,231.25,13.25,26.5,0.54083
630,521.25,302.75,73,146,0.53982
630,469,222.75,15.5,31.25,0.53932
630,276.75,421.75,13.75,27.25,0.53809
630,429.25,385,13.25,26.75,0.53714
630,480.25,412.75,11.75,23.5,0.53612
630,415.25,326.75,13,26,0.53573
630,547.25,315.75,73.25,147,0.53507
630,429.75,344.25,13.25,26.5,0.53263
630,516,253.75,15,30,0.5324
630,324.5,335.75,66.25,132.75,0.53183
630,337.75,226.5,15,29.75,0.53172
630,396.5,336.25,14.75,29.5,0.53131
630,94.5,147,24.75,49.75,0.53121
660,508,417.75,14.25,28.25,0.56217
660,370,312.5,73.5,146.5,0.56115
660,300.75,407.25,12.75,25.5,0.55799
660,572,257.25,15.5,31.25,0.55626
660,609.5,385.5,34.25,68.5,0.55516
660,605.25,17.25,14.5,28.75,0.55346
660,378,152,17.75,35.75,0.54832
660,532,244,13.25,26.5,0.54511
660,389.75,169,139.25,278.75,0.54406
660,116.5,265.5,12.5,24.75,0.54372
660,439.25,224.5,12.75,25.5,0.54202
660,443.75,326.25,13,26.25,0.54141
660,540.5,5.5,12.75,25.25,0.5409
660,628.5,48.25,12,23.75,0.54085
660,456.75,352.5,11.75,23.5,0.54078
660,574.75,307,69.25,138.25,0.54074
660,429,442.25,14.5,29,0.54036
660,583,205.5,12,24,0.53795
660,564.25,258.25,14.25,28.5,0.53742
660,531.75,403.25,13,25.75,0.53701
660,342.75,368.75,11.75,23.5,0.53622
660,567.25,20.5,14,28,0.5359
660,492.25,384.5,12.75,25.5,0.53578
660,310,408,13,25.75,0.53548
660,613.25,16.25,14.75,29.5,0.53504
660,-8.25,324,67.75,135.5,0.5344
660,568.25,67.25,12.25,24.75,0.53432
660,577.75,203.75,12.5,25,0.53425
660,419.25,350.75,25.5,51.25,0.53415
660,578.25,242.5,13.25,26,0.5341
660,343.5,223.5,13.75,27.25,0.53393
660,326.75,386.5,14.5,28.75,0.53338
660,19.5,312.25,65.25,130.75,0.53313
660,614,80,13.25,26.5,0.53285
660,514,379.5,12.75,25.5,0.53207
660,221.75,440.75,14,28,0.53158
660,189,149.25,16.25,32.25,0.53143
660,583,18.25,13.5,26.75,0.53136
660,82.25,171.25,12.25,24.75,0.53094
660,588.5,257.75,14.5,29.25,0.53076
660,111.25,151.25,24.25,48.75,0.5306
660,596.5,199.25,12.5,25.5,0.53055
660,326.25,319,12.5,25,0.53022
690,628.5,177.25,12.25,24.5,0.56397
690,181.5,13.5,13,25.75,0.55566
690,595,23.5,16.25,32.5,0.55302
690,404,232.5,12.25,24.5,0.55002
690,516,261,14.25,28,0.54824
690,99.75,305.25,16.25,32.5,0.54711
690,92.5,296,14.5,28.75,0.54393
690,99.75,295.75,16,32,0.54358
690,404,384.25,12.25,24.75,0.54274
690,485.5,249,15,30,0.54267
690,253.75,396.25,30.75,61.5,0.54266
690,20.25,310.25,13.25,26.5,0.54202
690,261.75,167.5,14,27.75,0.54173
690,628.25,187,12.75,25.5,0.54093
690,536.75,415.25,15.25,30.25,0.54015
690,461.25,239.5,13.75,27.25,0.53943
690,435.25,111,49.75,99.5,0.53902
690,581.75,21.75,13.75,27.5,0.53897
690,388.5,450.75,13.25,26.5,0.53848
690,593.5,155.75,14,28,0.53846
690,364.25,277,12.5,25.25,0.5383
690,573.5,424,14,28,0.53672
690,196,16.25,16.25,32.25,0.53626
690,487.75,324.25,12,23.5,0.53502
690,404,394.75,12.25,24.25,0.53495
690,547.5,238,20.25,40.5,0.53312
690,281.75,53,19,38,0.53304
690,357.75,380.25,14,27.75,0.533
690,568.25,261.25,11.75,23.5,0.53295
690,403.5,155,18.75,37.5,0.53288
690,124,297.75,15.25,30.25,0.53272
690,358,285.75,12.75,25.25,0.53256
690,351.5,238,16.25,32.75,0.53256
690,371,279,13,26,0.5323
690,603.75,20,14.5,29.25,0.53217
690,392,330.5,12.25,24.5,0.53138
690,248,156,21,41.75,0.531
690,123.5,281.5,16,32.25,0.53086
690,548.75,313.75,15.5,30.75,0.53081
690,380.75,270,11.5,23,0.53063
690,340.25,254.75,17.75,35.5,0.53046
690,380.5,404.75,12.5,25,0.53023
690,91.5,288.5,12.25,24.25,0.53022
720,73.25,181,13,25.75,0.57966
720,428.25,278.25,13,26.25,0.56555
720,389.5,409,14.25,28.25,0.56043
720,99.75,287.5,16.75,33.75,0.56015
720,572.5,412.75,14.75,29,0.5601
720,514.5,271.5,12.75,25.25,0.55529
720,427.5,299.5,13.5,27,0.55456
720,452.25,373.75,13.25,26.5,0.55349
720,355.75,366.5,13.25,26.5,0.55092
720,275.75,372.75,14.5,29,0.54821
720,279.25,371.5,15.5,31,0.54561
720,607.25,400.75,16,32,0.54476
720,451.25,230,13.25,26.75,0.54449
720,164.5,244.75,13.5,26.75,0.54413
720,499.25,325.5,15,29.75,0.54404
720,375.75,427,12.5,25.5,0.54369
720,407.5,384.25,13.5,27,0.54178
720,475.75,421.75,14.25,28.5,0.5412
720,332.5,297.75,12.25,24.75,0.54099
720,438.5,278.5,14,27.75,0.54075
720,172.5,240,12.25,24.5,0.54065
720,331,288.5,14.5,28.75,0.54035
720,300.25,298.5,12.5,24.75,0.54031
720,419.5,289.25,16.25,32.5,0.54024
720,587,417.25,19.5,39,0.53985
720,628,71.5,12.5,25,0.53935
720,288,375.5,13,25.75,0.53926
720,284.5,298,14.5,28.75,0.53903
720,100.75,277,14.25,28.5,0.53896
720,508.25,410.5,15.25,30.5,0.53893
720,404.5,394.25,15,30,0.53875
720,336.5,411.25,12.5,25,0.53869
720,331.5,423.25,13.5,27,0.53815
720,547.5,408,16.25,32.75,0.53802
720,438.75,408.5,13.25,26.25,0.53797
720,134.75,251.25,13.25,26.75,0.53744
720,408.25,241.25,12.25,24.5,0.5374
720,132.25,384.75,13.25,26.25,0.53716
720,589,298,13.75,27.75,0.53663
720,397.5,389.5,14,28,0.53598
720,380.5,258,12,24,0.53563
720,118,379.5,13,26.25,0.53553
720,176.25,238.75,13.25,26.25,0.53539
720,564.5,410.5,14.5,29.25,0.53526
720,344.25,360.25,12.75,25.5,0.53421
720,203.5,434.25,19,38.25,0.53407
720,405.5,220,17.5,35.25,0.53406
720,437.25,370.25,15,30,0.5337
720,450.25,397,17,34,0.53356
720,540.75,379,17.75,35.25,0.53314
720,380.5,248.75,12,24,0.5331
720,301.5,396.5,17,33.75,0.53289
720,309.75,250,13.25,26.5,0.53255
720,76.75,10.75,15,30,0.53253
720,278.5,416.5,12.25,24.25,0.53241
720,524,273.25,15.75,31,0.5322
720,360.25,357.75,12.5,24.75,0.53212
720,460,250.75,15,30,0.53203
720,515.75,391.5,13.25,26.5,0.53201
720,298.5,376.75,15.5,31,0.53177
720,523.5,419.5,16,32,0.53152
720,420.75,340.75,11.75,23.5,0.53144
720,384.5,370.75,12,23.75,0.5314
720,293.5,413,13.25,26.5,0.53136
720,268.5,372.75,14.25,28.5,0.53134
720,319.75,291.25,12.25,24.5,0.53119
720,565,407,14,28,0.53104
720,507.5,358.25,17.5,35.25,0.53077
720,159.75,254.25,13.25,26.25,0.53043
720,583,362,28.5,57.25,0.53041
720,604.75,271.5,12.25,24.5,0.53023
720,625.5,181,13.5,27.25,0.53018
720,19,384.75,15.75,31.5,0.53001
750,552,360.25,12.25,24.75,0.55926
750,139.75,424,13,25.75,0.55531
750,276.25,362.25,16.25,32.5,0.55423
750,596.75,440.5,12.25,24.5,0.55221
750,548.25,157.5,19.75,39.25,0.55029
750,245.25,422,13.5,27,0.54886
750,268.5,361.75,15.25,30.5,0.54884
750,452.75,330.75,14.25,28.75,0.54879
750,372,316.5,12.5,24.75,0.54827
750,421.5,410.25,14.25,28.5,0.54759
750,427.5,329,14,28,0.54701
750,452.25,380.5,13.75,27.75,0.546
750,373.25,293.25,12.75,25.5,0.54556
750,364.25,290.5,15.5,31,0.54459
750,556,288.25,17.25,34.25,0.54396
750,476.25,283.25,17.75,35.5,0.54331
750,58.5,159.25,14.25,29,0.54303
750,171.75,421,13.25,26.25,0.5429
750,301.5,345.25,14.75,29.25,0.54249
750,44.75,386.75,12.25,24.75,0.54245
750,-3.25,141.25,26,52,0.54226
750,470.5,389.75,13,26.25,0.54193
750,445.5,335.25,13,26,0.54172
750,487.5,311.25,12.75,25.75,0.54168
750,492.5,400.75,12.25,24.5,0.54106
750,309.25,334.25,14.25,28.5,0.54096
750,302,423.25,12.75,25.75,0.54084
750,588,387,12.5,24.75,0.54041
750,268.75,349.25,13.75,27.5,0.54023
750,406.5,428.25,13.25,26.25,0.54012
750,572.75,289,12.25,24.5,0.54008
750,364,240,16.25,32.75,0.54005
750,196.25,358.25,12.75,25.5,0.54005
750,607,408,13,26,0.54002
750,581,427.5,13.75,27.5,0.53973
750,188.25,432.5,16,31.75,0.53904
750,437.25,423.5,13.75,27.5,0.53885
750,563.75,344.5,28.25,56.5,0.53849
750,462,400.5,15.25,30.5,0.53797
750,455.5,279.25,12.75,25.75,0.53778
750,567,276.25,13.75,27.75,0.53769
750,284.5,380,18,35.75,0.53745
750,31.75,167.5,12.5,25,0.53731
750,471,328,12.25,25,0.53718
750,34.75,219,11.5,23,0.53695
750,14,84.25,13.25,26.75,0.53673
750,534.5,396.5,11.75,23.5,0.53658
750,116.25,416,16.25,32.25,0.53652
750,470.5,339.75,13.25,26.25,0.53625
750,439.5,335.25,12.75,25.75,0.53601
750,196,415.25,16,32.25,0.53573
750,156.5,414.75,13.25,26.5,0.53559
750,296.5,303.75,12,24.25,0.53542
750,603.75,346.25,14.75,29.5,0.53446
750,605,60.75,13,26.25,0.5343
750,143,351.75,15.75,31.5,0.53406
750,480.75,316.5,14.25,28.5,0.5339
750,389.5,417,14.75,29.25,0.53363
750,561.75,384.75,15.5,31,0.53278
750,151,357,13.75,27.75,0.53268
750,237.75,423,13.25,26.25,0.53266
750,460.25,400.25,14.75,29.5,0.53257
750,28.5,392,14.25,28.5,0.53231
750,59.75,409.25,15,30,0.53229
750,70.25,334.75,13.5,27.25,0.53228
750,500.5,246,18,35.75,0.53199
750,283.25,269.25,13.25,26.25,0.53158
750,389.75,270,13.75,27.5,0.53155
750,64.75,151.75,18.25,36.25,0.53124
750,507.5,265,13.5,26.5,0.53096
750,388.75,301,13,25.75,0.53077
750,-2.5,350.5,19.75,39.5,0.53059
750,350.75,278.25,20.5,40.75,0.53052
750,384.75,385.5,23.5,47,0.53048
750,477.5,341.5,13.5,26.5,0.53046
750,388.5,263,13,25.75,0.53041
750,539.75,32.5,14.25,28.5,0.53035
750,380.75,249,11.75,23.75,0.53029
750,576.5,385.75,11.75,23.25,0.53017
780,411.25,403,12.5,25,0.55482
780,181,315.25,16,31.75,0.55026
780,548.5,400.5,12.25,24.5,0.54978
780,141,405.5,14,27.75,0.54809
780,60,369.5,16.25,32.25,0.54695
780,247,355.5,13.25,26.75,0.54567
780,92.5,277.75,14.25,28.5,0.54527
780,506.25,411.5,18.5,36.5,0.54388
780,508.25,328.25,12.5,25,0.54309
780,428.75,364,13.25,26.5,0.54202
780,168.25,336.75,12.25,24.5,0.54084
780,501,409.75,14.75,29.25,0.54018
780,581.5,385,14.5,29,0.53914
780,119,390.5,13,26.25,0.53912
780,326.5,341,13.75,27.75,0.53889
780,132,387.5,15.5,31,0.53794
780,347.5,306.25,15.75,31.5,0.53723
780,626.5,163.5,13.75,27.25,0.53707
780,429.75,78,69,138.25,0.53605
780,300,341,14,27.75,0.53577
780,572.5,412.75,14.5,29,0.53458
780,175.5,177.75,15.25,30.5,0.53424
780,204,352.25,16.25,32.5,0.53418
780,372,375.75,13.75,27.25,0.53405
780,390.25,374.75,13,26.25,0.53389
780,137.25,72,39.25,78.5,0.53373
780,581.25,308.75,14,28.25,0.53373
780,551.25,175,13.75,27.75,0.53325
780,126,364.5,12.5,24.75,0.53303
780,157.5,377.25,14.25,28.75,0.53292
780,47,47.75,13.25,26.5,0.5328
780,232.25,336.25,12.25,25,0.53221
780,236.25,384.25,11.75,23.5,0.53218
780,509.75,256.5,13,26,0.53188
780,270.25,336,26.25,52.5,0.53183
780,281.5,341.75,33.5,67.25,0.53182
780,581.75,373.5,14,28.5,0.53139
780,316,280.25,12.25,24.25,0.53117
780,557,427.75,14.5,29,0.53115
780,357.25,304.75,13.25,26.5,0.53107
780,319.75,300.5,13,26.25,0.53086
780,391.75,272.5,12.75,25.75,0.53085
780,363.75,300.25,15.75,32,0.53075
780,132.5,404.75,14,27.75,0.53026
780,70.25,284,13.75,27.75,0.53021
780,236,334.75,13.5,27,0.53011
780,181.5,347.5,16,32,0.53005
810,436,431.5,12.5,25.5,0.56904
810,604.5,411.25,14.25,28.5,0.56426
810,229.5,300.25,14.5,28.75,0.56377
810,341,364.25,14.5,29,0.56358
810,148.75,416,12.5,24.75,0.56314
810,307.5,56.5,74.75,149.25,0.56256
810,212,384.25,15.75,31.5,0.55912
810,533.25,415.25,13.25,26.75,0.55608
810,277.25,393.5,14,28,0.55596
810,597.5,292.75,13.75,27.75,0.55485
810,445.25,349.75,13.75,27.5,0.5546
810,262.25,323.75,14.75,29.75,0.55287
810,300.75,296.5,12.5,25.25,0.5526
810,204.75,400.75,14.75,29.5,0.5524
810,29.25,24.5,11.75,23.75,0.55208
810,141.25,344.25,14.5,29,0.5518
810,444.25,383.75,14,28,0.5517
810,588.25,396.75,14.25,28.5,0.55109
810,164.75,374.75,13.75,27.75,0.55081
810,565.5,382.75,13.25,26.75,0.55015
810,220.75,395.5,14.75,29.75,0.54978
810,158,184.25,12.75,25.5,0.54938
810,507.5,384,16.5,32.75,0.54832
810,277.25,415.25,12.75,25.5,0.54798
810,557.75,381.25,14,28.25,0.5467
810,100.5,401.25,13.25,26.75,0.54598
810,541.5,392.25,13,26,0.54588
810,308.75,395,15,30,0.54579
810,573.5,168.25,13.5,27.25,0.54525
810,315.75,437.75,15,30.25,0.54479
810,501.25,395.25,14.25,28.5,0.54466
810,316.75,392.75,15.75,31.75,0.54413
810,301.25,385.75,15.25,30.5,0.5439
810,205,389,13.75,27.75,0.54375
810,300.25,332.25,13,25.75,0.54316
810,588,424,15.75,31.5,0.54305
810,189,388.75,14.5,29.25,0.54303
810,284.25,321.5,16,31.75,0.54216
810,230.5,418,14,28,0.54206
810,165.75,399.25,13.25,26.25,0.5418
810,207.25,257.5,13,26,0.54124
810,92.75,252.5,12,23.75,0.53963
810,380.25,248,16.25,32.25,0.53958
810,580.25,400,15.75,31.5,0.53943
810,253.75,278.5,13.25,26.5,0.53876
810,404.5,444,13.5,27,0.5384
810,251.75,388.75,17.5,35.25,0.53827
810,84,361.5,15.75,31.25,0.53787
810,406,400.25,12.5,25,0.53781
810,253,299,14.75,29.5,0.53772
810,412,380.5,15,30,0.53769
810,564.5,374.25,13.75,27.5,0.53737
810,460.75,370,12,24.25,0.53707
810,603,391.25,17.25,34.5,0.53634
810,573.75,154.75,12.75,25.75,0.53584
810,309.25,386.75,14.75,29.5,0.53568
810,365.75,294,13,26.25,0.53559
810,356.75,436.75,12.75,25.25,0.53554
810,243.25,289.75,16,32.25,0.53549
810,364.5,323,16,32,0.53501
810,428.25,395.25,13.25,26.75,0.53475
810,308.75,18,15.5,31,0.53444
810,224.75,3,11.5,23,0.53434
810,516,408.75,15.5,30.75,0.53373
810,612,411,15.25,30.75,0.53368
810,412.5,391,13.25,26.5,0.53366
810,460.5,347,14.25,28.5,0.53357
810,157.25,378.75,13.75,27.5,0.53339
810,141.5,114,46,91.75,0.53326
810,285,275.5,14.25,28.25,0.53313
810,566,423.25,13,26.5,0.53232
810,84.25,251,13.25,26.25,0.53231
810,14.25,91,13.25,26.25,0.53204
810,147.75,369.25,16.25,32.5,0.53202
810,311.5,287.75,12.75,25.5,0.53119
810,262.75,3,11.5,23,0.53104
810,348.25,346.75,14.75,29.25,0.53092
810,141,369.75,14.75,29.5,0.53084
810,332.75,353.75,15.5,30.5,0.53072
810,236.75,284,13.25,26.75,0.53059
810,332.75,366,15,29.75,0.53053
810,172.5,411.5,15.75,31.25,0.53052
810,23,364.5,13.5,26.75,0.53042
810,479,429,12.5,25.5,0.5302
840,538.75,367,16.75,33.5,0.55124
840,102.25,181.5,12.75,25.5,0.55056
840,204.75,161.75,15,29.75,0.54778
840,91.5,415.75,12.5,24.75,0.54611
840,492.5,328.75,11.75,23.5,0.54609
840,156,339.75,13,26,0.54575
840,122,365.25,17.25,34.25,0.54567
840,192.25,450,11.75,23.75,0.54558
840,620.25,356,12.25,24.5,0.54554
840,535.25,180,13.5,26.75,0.54522
840,203.75,408.25,12.5,24.75,0.54437
840,582,412,13.25,26.5,0.54393
840,411.5,315.75,16.25,32.5,0.54276
840,196.5,450,12,23.75,0.54144
840,331.75,322.5,13.25,26.5,0.54137
840,19.75,163,15.5,31,0.54098
840,452,378.75,15.75,31.25,0.54081
840,557.25,362.5,14.75,29.25,0.5397
840,396.5,362.75,14.5,29,0.53946
840,356.5,321.25,14.75,29.75,0.53754
840,275.25,40.5,64.5,129,0.5367
840,620.25,412.5,12.25,24.25,0.53648
840,245.75,388.25,14.5,29.25,0.53639
840,62,367.75,12.75,25.25,0.5349
840,445.75,364.25,12.75,25.5,0.53489
840,510.25,336,12.5,25,0.53471
840,491.5,57,14,28,0.53458
840,598.5,286,13,25.75,0.53382
840,397.25,378.5,13.25,26.25,0.5333
840,436.75,64.25,14.5,28.75,0.53325
840,431,68,12,24.25,0.53289
840,27.25,393.5,14.75,29.75,0.5327
840,107.25,411.5,12.25,24.5,0.53185
840,612.25,367.25,15.5,31,0.5318
840,339.25,419.75,13,26,0.53156
840,204.25,369.25,12.25,24.25,0.5314
840,460.5,400,15,29.75,0.53127
840,27,99,52,103.75,0.53113
840,502.5,399.25,13.25,26.5,0.53112
840,521,368.5,14,27.75,0.53089
840,413,380.5,13,26.25,0.53034
840,599.75,348.5,13,25.5,0.53033
840,479.75,158.75,37.5,75.25,0.53023
840,324.75,359.75,15.5,31.25,0.53019
870,542.25,413,14.25,29,0.559
870,244.25,344,12.75,26,0.55741
870,306.75,297.75,15.25,30.25,0.55648
870,183.5,158.25,17.5,35,0.55594
870,326.5,376,13.75,27.75,0.55558
870,504.75,150.75,23.5,47,0.55095
870,315.25,373.75,14.75,29.5,0.55053
870,409,142.75,24.25,48.5,0.54821
870,298.5,381.75,18,36.25,0.54791
870,325,362.25,15.25,30.5,0.54357
870,445.25,372,14.25,28.5,0.54312
870,251.25,34.25,88.5,177.25,0.54268
870,501,411.25,14,27.5,0.54054
870,613.25,429.25,13.5,27,0.54006
870,515.5,171.75,19,38,0.53834
870,249.25,166,19,37.75,0.53826
870,554.5,179.75,16,32,0.53814
870,430.25,392.25,14.75,29.5,0.53799
870,168,162.5,21.5,43,0.53677
870,412.25,324,14.25,28.25,0.53668
870,392.75,385,11.5,23,0.53643
870,412,338,14,27.75,0.53563
870,488.25,395.5,12,23.75,0.53449
870,292.5,322,12,24.25,0.53438
870,280.5,328.75,11.75,23.5,0.53422
870,596.25,406.75,13,26,0.53376
870,470.5,167.75,13.5,26.5,0.53307
870,374,406,13.25,26.5,0.53275
870,70,188.5,13,26,0.53262
870,326,390.5,14.5,28.75,0.53199
870,437,331.25,16.75,33.5,0.53186
870,10.25,184,12,23.75,0.53176
870,276.25,452.75,12,24.25,0.53172
870,169.75,154,41.75,83.25,0.53073
870,334.25,381.5,13,26,0.53047
870,398,49.75,12.5,25,0.53035
870,391,72.25,29.5,59,0.53021
900,628,174,12.75,25.25,0.55637
900,260.5,352.25,15.75,31.75,0.54857
900,309,322,15.5,31,0.54419
900,396.75,412.5,14,28,0.5436
900,196.25,447.5,12.75,26,0.5417
900,235.75,335,13,26,0.54145
900,58,189.75,15.25,30.5,0.54134
900,412,297.25,16.5,33,0.54098
900,150,97.25,61.25,122,0.54046
900,222.5,325.75,13.75,27.25,0.54041
900,186.25,162.5,19.75,39.25,0.53939
900,156.5,305,12.25,24.25,0.53718
900,445.5,132.25,35.5,71,0.53687
900,356,275,15.25,30.5,0.53666
900,445.5,366,13.25,26.5,0.53617
900,227.5,172,17.75,35.5,0.53582
900,110.5,86.75,12,23.75,0.53563
900,451.75,363,16.25,32,0.53562
900,391.75,123.25,41,82.25,0.53551
900,388.75,350,14.25,28.25,0.53548
900,347.25,174.25,13,26,0.53516
900,205.75,343.5,13.75,27.25,0.53498
900,236.25,379.5,15.75,31.75,0.53463
900,121.75,197,17.75,35.5,0.53463
900,379.5,339.5,16,32,0.53422
900,299.25,318.5,16.5,33,0.53382
900,18.5,323.5,13,26,0.53373
900,189.25,389.25,14.5,29,0.53355
900,551.5,320.25,12,24.25,0.53349
900,199.5,330.75,12.5,25,0.53337
900,465.5,165.5,13.5,27,0.5331
900,292.25,323.25,14.75,29.5,0.53284
900,253.25,357.5,14.25,28.5,0.53281
900,525.5,148.5,23.5,47.25,0.53267
900,525.75,182.25,13.25,26.5,0.53152
900,159.5,305,12.25,24.25,0.53144
900,52.5,347,14.75,29.75,0.53144
900,213.75,326,13.5,26.75,0.53089
900,296.25,143.25,60.25,121,0.53078
900,435.5,362.75,15,30.25,0.53061
900,277.5,404.5,14,28.25,0.5306
900,361,178.75,14.5,28.75,0.53004
930,84,309.25,13.25,26.5,0.5628
930,356.75,382,14,28,0.55996
930,332.75,384.25,15.25,30,0.5582
930,213.75,349,13.5,27.25,0.55252
930,500.25,352.5,15.25,30.5,0.55068
930,250.5,396.5,12,24,0.54987
930,306,166.5,18.25,36.75,0.54841
930,564.5,339.25,15.5,30.75,0.54826
930,396.75,393.25,14.75,29.5,0.54822
930,142.25,352,12.75,25.5,0.54668
930,341.25,387.75,14.25,28.75,0.54594
930,276,345.25,12.5,25,0.54589
930,391.25,118,12.5,25,0.54463
930,157,368.75,14.25,28.75,0.54442
930,491.25,365,17.5,35.25,0.54437
930,488.5,187.75,16,32,0.54413
930,67.5,353,17,33.5,0.54383
930,357.75,301,12.5,25,0.54368
930,204,395,15.5,31,0.5436
930,366.25,303.25,12.5,25,0.54344
930,316.75,366,15,30.25,0.54237
930,70.75,309.75,13.75,27.5,0.54221
930,33.25,196.75,16,32,0.54198
930,415,397.25,13.75,27.5,0.5415
930,183.75,167.5,17.75,36,0.54146
930,558.25,199.25,12.25,24.75,0.54146
930,373,382.5,13.25,26.5,0.54074
930,405.5,64.5,13,26,0.54065
930,276,386,16.5,33,0.54065
930,300.5,363,15,30,0.5402
930,244,351.25,13.5,27,0.5391
930,149.5,399.25,13.5,27,0.53896
930,386.5,317.75,17,34.25,0.53887
930,547.75,364.5,13.25,26.5,0.5388
930,327.75,367.5,12.75,25.5,0.53867
930,412.25,330,14.5,28.75,0.53727
930,203.75,385.5,16.25,32.5,0.53709
930,59.5,360,18.25,36.75,0.53647
930,275.5,441.5,13,26,0.53602
930,358.25,184.5,35.25,70.5,0.53602
930,257.75,381.25,18.5,37,0.53598
930,280.75,337,11.5,23,0.53556
930,452.25,334.5,13,26.25,0.53512
930,444.75,398.75,17,33.5,0.53508
930,197.5,399,13.5,27,0.53501
930,163.75,380,16.25,32.5,0.53495
930,437.25,55.5,15.75,31.5,0.53487
930,180.5,383.5,13.5,27,0.53404
930,211.5,443.5,12.75,25.5,0.53348
930,380.25,318.25,17,34,0.53339
930,164.5,360,12.75,25.75,0.53305
930,195,380.75,14.25,28,0.533
930,101.75,87.5,12.5,24.75,0.53277
930,276.5,320,15.75,32,0.53273
930,122.5,163.75,29,58,0.53241
930,364,376.5,13,25.75,0.53232
930,404.25,391,14,27.5,0.53192
930,-6.25,130,50.25,100.5,0.53162
930,309,370.25,15.75,31.5,0.53139
930,541.75,337.75,15.75,31.5,0.53132
930,74.75,331.5,19,37.5,0.53113
930,236.75,406.25,15.5,31,0.53103
930,187.75,397.5,14.25,28.5,0.53086
930,537.75,349,14.75,29.25,0.5308
930,628.25,178.5,12.25,24.25,0.5306
930,203.25,351.25,18.75,37.5,0.53009
930,86.25,438.25,13,26.25,0.53007
960,515.75,413.75,15.5,31.25,0.57323
960,374,149,31,62,0.56133
960,342,335.25,14,27.75,0.55719
960,475,48,14.5,29,0.54828
960,234.75,176.25,18.75,37.5,0.54687
960,360.5,385.25,11.75,23.25,0.5467
960,482.25,46,16.25,32.75,0.54385
960,356.25,348,14.75,29,0.54349
960,262.5,12.25,106.25,212.5,0.54333
960,132.75,405,12.75,25.75,0.54268
960,404,349.5,14.25,29,0.54236
960,336.75,167,70,139.75,0.5413
960,540.25,430.25,13,26,0.54069
960,141.75,410.5,15.75,32,0.54053
960,613.75,390,13,26,0.54025
960,460.75,333.75,13.75,27.5,0.53968
960,404.75,138.75,14.25,28.75,0.53899
960,421.75,332,13,26.25,0.53896
960,302.5,49.25,12,24,0.53873
960,126.75,79,12.75,25.5,0.53819
960,532.25,371.5,16.25,32.75,0.53695
960,600,387.25,14.5,28.75,0.53447
960,53,349,11.75,23.75,0.53389
960,125.5,386.25,15.5,31.25,0.53368
960,26.5,345.75,28,56,0.53359
960,147.75,452.5,12.75,25.5,0.53336
960,119.75,203.75,21,42,0.53298
960,546.75,388.75,13,25.75,0.53267
960,68.25,208.75,15,30.25,0.53264
960,442.25,173.25,14.25,28.5,0.53261
960,428.5,387.75,15.5,30.75,0.53259
960,141.75,392.75,16,32.5,0.5325
960,605.25,386.75,15,29.75,0.53189
960,620.5,420.75,12,24.25,0.53187
960,296.75,293,11.75,23.5,0.5314
960,488.25,336.5,12,23.75,0.53138
960,160.25,452.5,13,26.5,0.5313
960,442.25,51,21,42.25,0.5312
960,375,325.5,12.75,25.5,0.53051
960,340.75,368.75,11.75,23.5,0.53033
990,369.25,165.25,23,46.25,0.57976
990,156,399.75,12.5,25.25,0.57866
990,257.75,181.75,19,38.25,0.55314
990,564.25,49.75,86.25,172.25,0.55307
990,155.5,381.25,21.25,42.75,0.55009
990,55.25,386.25,20,40,0.54824
990,93.5,379,12.5,25.5,0.54751
990,412,399,14,28,0.54602
990,584,408.75,12,23.5,0.54371
990,485.25,413.75,13.25,26.25,0.54349
990,220.25,400.25,15.75,31.75,0.54337
990,444.75,371,15.75,31.75,0.54279
990,373.5,185.75,13.5,26.75,0.54275
990,317.5,414.25,13.5,26.5,0.54231
990,99.5,176.75,17,34,0.54192
990,315.5,453,12.5,25.25,0.54189
990,428.5,382,13.25,26.5,0.54177
990,182,350,13.5,26.5,0.54172
990,338,177.25,24,47.75,0.54129
990,247.75,450.75,12.75,25.5,0.54124
990,529.25,317.25,31.5,63,0.5408
990,116.25,385.75,12,24.25,0.53948
990,518.25,187.75,36,71.75,0.53935
990,141,386.5,14.25,28.75,0.53883
990,271.5,450,12.5,25,0.53822
990,303.75,385.25,13,25.75,0.53776
990,363.5,384.5,16,32.25,0.53767
990,104.75,421,11.5,23,0.53764
990,392.25,385.25,12.5,25.25,0.53739
990,-3.75,214.75,29.75,59.5,0.53732
990,134.5,383.25,13.25,26.5,0.53728
990,259.5,451.25,12,24.25,0.53699
990,128,384.25,12.75,25.75,0.53671
990,237,416.25,13,25.75,0.5367
990,41.75,350.25,18.25,36.75,0.53667
990,296.5,166,19.5,39,0.53562
990,266.75,450.75,12.25,24.5,0.53536
990,132,395,15.25,30.5,0.53458
990,445.5,381.75,13.25,26.75,0.53455
990,279.75,387.25,12.5,24.75,0.53434
990,48.5,370.5,19,37.75,0.53433
990,254.25,348.25,13,26,0.53417
990,226.75,69.5,13.75,27.25,0.53387
990,352.25,97.75,21.25,42.75,0.53386
990,625.25,142.5,15.25,30.25,0.5337
990,604.25,414,14.75,29.25,0.53358
990,467.75,401.5,16.25,32.5,0.53325
990,263.5,409.25,12.5,24.5,0.53299
990,565.5,237.5,13.25,26.25,0.53298
990,4.25,175,146,292,0.53287
990,112.5,416.75,12,24.5,0.53244
990,354.75,121,11.5,23,0.53204
990,148.5,397.75,15,30.25,0.53184
990,179.5,452.5,12.5,25,0.53167
990,205.25,214.25,25.5,51.25,0.53159
990,44.25,234.5,18,35.5,0.53157
990,208.25,72.75,27.75,55.75,0.53124
990,108,364.5,15.75,31.5,0.53121
990,57.25,169,35.5,70.5,0.53061
990,309.5,417.75,14.5,29,0.5305
990,570.25,404.5,14,27.75,0.53041
990,344,347.75,12.75,25.5,0.53036
990,199.25,272.25,13,25.75,0.53017
990,470.75,415.5,12.75,25.25,0.53016
1020,93.25,322.75,12,24,0.55524
1020,310,218.25,39,77.75,0.55298
1020,102.75,331,12.5,25.25,0.55092
1020,520.25,161.25,26,52.25,0.54667
1020,260.75,89,12.25,24.5,0.5455
1020,343.25,48.5,14.75,29.5,0.54511
1020,445.75,411.5,13.25,26.5,0.54432
1020,352.75,305,52,103.75,0.54302
1020,423.25,74,82,164,0.54299
1020,452.25,421.5,13.5,27,0.54225
1020,228,153,12.25,24.5,0.54183
1020,458.25,171.5,28.5,57,0.54178
1020,321,289.5,52.25,104.5,0.54064
1020,412.25,411.25,15.25,30.5,0.53934
1020,147.25,297.5,53.5,107.5,0.53827
1020,461.5,416.75,13.25,26.75,0.53805
1020,346.25,46.25,16.5,33.5,0.53779
1020,496.75,412.75,11.75,23.5,0.53551
1020,34.5,115.75,11.75,23.5,0.53536
1020,256.25,209.75,12.75,25,0.53511
1020,402.75,88.75,17,34,0.53438
1020,193,222.25,91.75,183.25,0.5337
1020,-13.25,197.5,111,222,0.53351
1020,112.25,191.75,31,62,0.53329
1020,394,314.25,48.75,97.75,0.53312
1020,481.75,304.25,43.25,86.5,0.53303
1020,323.75,52,33,66,0.53295
1020,598.5,304.25,25.25,50.25,0.53142
1020,474,135.5,36.25,72.5,0.53068
1020,438.25,418,14,28.25,0.53038
1020,11.25,290,63,125.75,0.53033
1020,247.25,328,13,25.75,0.53019
1020,348,347,29.25,58.75,0.53003
1050,44.75,105.5,13.5,27,0.54852
1050,394,221.75,14.5,29,0.54599
1050,393,78.5,13,26,0.54591
1050,404.75,356.5,14.5,29,0.54569
1050,303.25,335,15.25,30.5,0.5455
1050,428.25,359.25,13,26,0.54496
1050,404.25,364,15,30,0.54461
1050,420.75,361.75,15.5,31,0.54273
1050,221.25,161.75,29.25,58.5,0.54255
1050,41.5,98.5,28.25,56.25,0.54213
1050,468.5,28.25,40.5,81,0.54081
1050,412.25,362.25,15.5,31.25,0.53893
1050,115.5,169.5,15.75,31.75,0.53789
1050,111.5,353.5,13.25,26.75,0.5372
1050,589.25,269.25,12.75,25.5,0.53716
1050,582,435.75,13.75,27.5,0.53714
1050,258.25,90,19.25,38.75,0.53668
1050,107.25,358.5,13.25,26.5,0.53599
1050,599,442,12,24,0.5356
1050,93,175.25,15.25,30.5,0.53511
1050,444.25,369,12.25,24.5,0.53443
1050,531.25,385.75,18.75,37.25,0.53435
1050,492,237.75,69.25,138.75,0.53316
1050,285.25,420.5,25.5,51.25,0.53275
1050,421.5,447,13.75,27.5,0.53253
1050,559,65.25,78,155.75,0.53237
1050,437.5,359.75,12.5,25.25,0.53209
1050,188.25,415,28.5,57,0.53199
1050,391.25,316,12.75,25,0.53162
1050,580.5,247.25,26.25,52.75,0.53088
1050,503.25,217.25,50,100,0.53057
1050,387.25,125.75,171,342.25,0.53045
1050,118.5,261.75,62.75,125.5,0.53017
1080,210,162.25,16,32,0.57333
1080,540,235,48.25,96.75,0.56287
1080,312.25,368.25,12.5,25,0.56245
1080,339.5,348.25,17.5,35,0.55853
1080,360,408.25,11.75,23.75,0.55467
1080,349,360.25,12.5,25.25,0.55177
1080,64.75,202,15.25,30.25,0.55171
1080,464.25,93.25,12,24.5,0.55167
1080,295.75,367.25,16.75,33.5,0.55123
1080,285,393.5,14.5,28.75,0.55109
1080,388.5,413.5,17.5,35,0.54884
1080,550.5,440,11.75,23.75,0.54514
1080,195.5,175.5,12.75,25.5,0.54462
1080,186.5,170,16,31.75,0.54422
1080,526.25,60.5,14,28,0.54421
1080,340.25,359.75,12.5,25,0.54399
1080,245.5,394.75,14.75,29.5,0.54197
1080,236.75,343.25,14,28.25,0.54005
1080,314.75,170,15.25,30.5,0.53985
1080,87,61.75,17.75,35,0.53969
1080,372.5,349.5,14.25,28.5,0.53961
1080,614.25,216.75,27.75,55.5,0.53952
1080,568.25,34.75,20.75,41.5,0.53777
1080,488,277,24.25,48.5,0.53651
1080,575.75,421.75,13,25.5,0.53617
1080,261.75,301.75,13.75,27.75,0.5355
1080,438.25,394.25,13.5,27,0.53545
1080,439.5,384.75,12.75,25.5,0.53533
1080,191.75,363.75,12.5,24.5,0.53463
1080,221.75,448.5,13,26,0.53418
1080,129.5,79.5,20,39.75,0.53308
1080,325,379.75,14.25,28.5,0.53305
1080,100.75,127.25,14.25,28.5,0.53232
1080,411.25,382,17.75,35.75,0.5323
1080,412.5,242.75,43.5,86.75,0.53228
1080,27.25,296.75,13,26,0.53218
1080,593,429,13.25,26.25,0.53199
1080,438,365.25,14.25,29,0.53182
1080,612.5,340.75,28.5,57.5,0.53165
1080,532,424.5,15.75,31.5,0.53136
1080,597.5,397,17.75,35.25,0.53095
1080,256.5,376.75,12,24,0.53066
1080,557,173,13,26.5,0.53065
1080,507.5,65.25,26,52.5,0.53062
1080,339.75,368,16.5,33,0.53036
1110,308.75,337.5,14.5,29,0.59749
1110,389.5,82.75,14.5,28.75,0.55704
1110,191,162,18.25,36.75,0.55623
1110,456.25,162.5,28.5,57,0.55533
1110,187.75,22.75,13,26,0.55322
1110,315.25,310.5,16.75,33.75,0.55306
1110,86.25,64.75,23,46.25,0.5515
1110,97,71.75,19.25,38.5,0.5512
1110,308.75,271.75,14.75,29.25,0.54675
1110,373.25,10.75,14,28,0.54566
1110,315.25,55.5,14.25,28.5,0.54426
1110,597.25,394.75,40.75,81.5,0.54415
1110,323.75,309.75,17.5,35,0.5431
1110,371,329.25,20.75,41.5,0.5427
1110,348.25,261.25,13.5,27.25,0.54194
1110,476.5,85.75,12.5,25,0.54058
1110,459.5,56,139.75,279.5,0.54038
1110,485.75,83.25,13,25.75,0.53969
1110,376,94.25,12.5,25.25,0.53933
1110,340,267.25,15,29.75,0.53933
1110,350,335.75,16.5,33.25,0.53877
1110,614.25,234.25,26.75,53.5,0.53876
1110,613.5,452.5,13,26,0.53716
1110,-3.25,207.25,26.5,53.25,0.53702
1110,420,402,31.75,63.5,0.5359
1110,479,299.75,85.5,170.75,0.53542
1110,384.5,325,17.75,35.5,0.53514
1110,343,344.5,12.75,25.5,0.53492
1110,163,171,18,36.5,0.53463
1110,356.25,322.75,15.25,30.5,0.53407
1110,79.5,76.25,17.5,35.25,0.5335
1110,366,11.25,13,26.25,0.53275
1110,597,386,18.75,37.5,0.53219
1110,519,398.5,37,74,0.53202
1110,422.25,272.75,13,26.25,0.53175
1110,557.5,41.25,15.25,30.75,0.53153
1110,624.25,149.25,16.5,33.25,0.53109
1110,404,324.25,14.75,29,0.53107
1110,294,319.25,14,27.75,0.53092
1110,365.75,328,13.25,26.5,0.53011
1140,447.5,414,14.5,28.75,0.57586
1140,545,376.5,12.25,24.25,0.569
1140,160.75,163,20,40.5,0.56327
1140,308.75,206,28,55.75,0.55526
1140,187.25,374.75,13.25,26.5,0.55189
1140,493.5,68.75,15.25,30.5,0.55143
1140,130.75,232.25,14.5,28.5,0.55017
1140,405.75,355,14,28.25,0.54498
1140,262.5,212.25,25,49.75,0.54486
1140,421.5,397,14.25,28.75,0.54397
1140,375,172.25,14,28,0.54366
1140,484.5,73.5,13.75,27.25,0.54297
1140,130.5,171.75,18.75,37.5,0.54274
1140,444.75,390.25,13.5,26.75,0.54083
1140,394,352.25,20.25,40.5,0.53887
1140,325.5,208,27,53.75,0.53853
1140,204.25,353.75,16,32.25,0.53714
1140,421.5,384.5,14.75,29.25,0.53672
1140,309.5,367.75,15,29.75,0.53644
1140,400,75.25,13,26,0.53565
1140,328.5,305.75,11.75,23.5,0.53542
1140,334.25,343,13,25.75,0.53481
1140,584.5,407.5,12,24,0.53412
1140,444,426.75,12.25,25,0.53409
1140,363.75,170,14.25,28.5,0.53388
1140,19,41.5,29.25,58.5,0.5337
1140,84.75,412.5,11.75,23.5,0.53337
1140,-1.5,5.25,12,24,0.53269
1140,374.25,331.75,14.25,28.25,0.53171
1140,262,362,12.25,24.5,0.53078
1170,331.75,379.75,12.75,25.5,0.55919
1170,298.5,199.5,51.5,103,0.54875
1170,584,150.25,13,26.25,0.54712
1170,540.25,432.25,13,26,0.54703
1170,377.5,184,13.5,26.75,0.54322
1170,122.75,180.5,17.25,34.75,0.54288
1170,239.75,404.5,13.5,27.25,0.54288
1170,350.5,357.25,13.5,27.25,0.54161
1170,389.5,412.75,14.5,29.25,0.54018
1170,132.75,400.5,12.25,24.5,0.53902
1170,490,366,12.5,25.25,0.53821
1170,523,47,18.75,37.5,0.53734
1170,406.75,273,11.5,23,0.53651
1170,412.75,386,15.25,30.75,0.5355
1170,411.5,173,17.75,35.5,0.53453
1170,213.5,146.75,13.25,26.75,0.53443
1170,468.5,385.5,15.5,31,0.53379
1170,369.75,23.5,13,26,0.53354
1170,243.75,407.75,12.25,24.75,0.53245
1170,396.5,407.75,13,25.75,0.53237
1170,512.75,91,11.75,23.5,0.5323
1170,402.5,398.5,17.25,35,0.53204
1170,344,21,12.5,24.75,0.5318
1170,582.75,429,11.5,23,0.53104
1170,586,107.75,13.25,26,0.53095
1170,200.25,359,12.25,24.5,0.53088
1170,241.25,125.75,35.5,70.75,0.53086
1170,181,104.25,12,23.75,0.53026
1200,107,154,30.25,60.5,0.58243
1200,554,78.25,13.5,26.75,0.57062
1200,547.5,441.75,15.5,30.75,0.55485
1200,565.25,89,18.75,37.5,0.55476
1200,243.75,347.5,14,28,0.54905
1200,356,441,15.75,32,0.54864
1200,412,442,14.75,29.75,0.54754
1200,570.75,21.75,21.5,43,0.54666
1200,22,287.25,38.5,77,0.54555
1200,252,330.75,16.25,32.25,0.5384
1200,246,335.5,12.75,25.5,0.53734
1200,564.5,146,12,23.75,0.53701
1200,331.25,153.25,12.5,25.5,0.53633
1200,207,143.25,15.5,31.5,0.53595
1200,232,367.75,12.75,25.75,0.53555
1200,115.75,178.5,17.5,35.25,0.53496
1200,96.25,179.75,18.75,37.25,0.53465
1200,388.75,182.5,16.5,33.25,0.53455
1200,96.25,381.25,46,92.25,0.53446
1200,446,111.75,12.5,25,0.53361
1200,386.25,425,12,24,0.53344
1200,242.5,337.5,12,23.75,0.53329
1200,602.25,88.75,13.5,26.75,0.53324
1200,324,440.75,13,26,0.533
1200,151.25,297,12.25,24.75,0.5316
1200,78.5,302.75,16.5,32.5,0.53124
1200,372.5,443.5,14.5,29.5,0.531
1200,585.75,107,13.75,27.75,0.53095
1200,436,304,15.75,31.75,0.53071
1200,-4.25,185.25,35.5,71.25,0.53021
1200,234.25,359.25,16.75,33.5,0.53018
1200,112.75,282.75,15.75,31.25,0.53003
1230,233.75,169.75,25.25,51,0.57309
1230,392.5,276.25,13.25,26.5,0.56115
1230,201.5,301.5,13.25,26.5,0.55885
1230,562.25,250.25,14.25,28.75,0.5538
1230,268.5,276,12.5,25,0.55036
1230,317.25,294.25,14,28.25,0.5499
1230,554.25,215,29.5,59,0.54845
1230,32,399.25,12.25,24.75,0.5482
1230,267.5,220.5,119.5,239.25,0.54818
1230,202,153,12.5,25,0.54697
1230,364.25,288.5,16.75,33.5,0.5447
1230,383.75,317.75,12.25,24.25,0.5437
1230,237,405.25,13.5,26.5,0.54262
1230,488.25,108.75,12,24.25,0.54257
1230,341.75,290.75,14.5,29,0.54061
1230,579.75,60.5,15.75,31.5,0.53849
1230,254.5,118.5,12,24.25,0.53838
1230,310.5,301.25,13.25,26.5,0.5378
1230,114,371,47.75,95.75,0.53663
1230,317.75,166.75,13.25,26.75,0.53657
1230,318,176.75,12,24.5,0.53616
1230,244,283.75,12.25,24.5,0.5361
1230,408.5,316.5,11.75,23.5,0.53537
1230,495.75,326,12.75,25.25,0.53479
1230,359.75,278,12.75,25.5,0.53365
1230,301,290.75,14.75,29.25,0.53311
1230,282.5,149,51.75,103.5,0.53229
1230,356,292.75,14.5,29.5,0.53191
1230,282.25,426.75,13.75,28,0.53146
1230,87,197.5,29,57.75,0.53124
1230,284,212,21,42,0.53117
1230,399.75,397.25,17.75,35.5,0.53111
1230,304,361.25,50.5,100.75,0.531
1230,238,200.75,22.75,46,0.53095
1230,399.5,272.75,13.5,26.75,0.53095
1230,265.75,305.5,12.25,24.5,0.53002
1260,468.75,415,13,26,0.54736
1260,257.75,383.25,47.5,94.5,0.54379
1260,116,409.25,16.5,33,0.54379
1260,504.25,355.75,14.5,29,0.54321
1260,622.75,434.25,19.5,38.75,0.54216
1260,461,413.25,13.5,26.75,0.54138
1260,333.75,354,13,26,0.54069
1260,263.75,141.5,44.25,88.5,0.54056
1260,218.25,195.75,14.5,29.5,0.54054
1260,445.5,384.5,13,25.75,0.53783
1260,192.25,198.5,49,97.75,0.53548
1260,464,159.5,19,38,0.53536
1260,543.25,95,67.75,135.75,0.53479
1260,536.75,110.5,15.5,31.25,0.53457
1260,356.25,319.75,12.25,24.5,0.53428
1260,261.75,163.5,67.25,134.5,0.53413
1260,503.5,89.25,17.25,34.75,0.53391
1260,557.25,442.5,15.25,30.5,0.53387
1260,553.25,33.75,39.5,78.75,0.5329
1260,212.5,378,15,29.5,0.53259
1260,348,403.5,15.25,30.75,0.53256
1260,278.25,452.5,12.25,24.25,0.53213
1260,9,144.75,43.75,87.25,0.53132
1260,268.25,336,15.25,30.5,0.53127
1260,293.5,113.5,103.75,207.5,0.53124
1260,370.5,149.5,12.25,24.5,0.53086
1260,218.75,348.75,15.25,30.25,0.53061
1260,467.25,383.5,18,36.25,0.53042
1260,380,387.25,14.25,28.25,0.53039
1260,325.75,57.75,13.5,27.25,0.53034
1290,599,32.5,12.75,25.75,0.57367
1290,100.75,123.25,13.75,27.25,0.56497
1290,282,326.75,35,69.75,0.56
1290,245,266.75,14.75,29.25,0.55956
1290,552.75,68.75,11.75,23.5,0.55881
1290,613.25,446,13.5,27.25,0.55871
1290,125.75,317.75,29.25,58.5,0.55336
1290,582.25,146,13,26,0.55091
1290,-8,320.75,75.25,150.75,0.5486
1290,316.75,240,15,30.25,0.54706
1290,262.5,255,13,26,0.54673
1290,364.5,417.75,12.5,25,0.54592
1290,372.5,233.75,15.25,30.75,0.54448
1290,307.5,239.5,15.75,31,0.5438
1290,588.5,146,12.25,24,0.54183
1290,574,46,12,24.25,0.5415
1290,357.25,233.25,14.25,28.25,0.54109
1290,185.75,451.25,12.75,25.5,0.54078
1290,205.25,449,13.5,27,0.54004
1290,179.25,448.75,12.5,25.25,0.53947
1290,274.25,434.5,19.25,38,0.53856
1290,332.75,238.75,15,30,0.53803
1290,380.25,17.25,13,26,0.53636
1290,325.5,240.5,14.5,29.5,0.53587
1290,466.75,421,14.25,28.5,0.53581
1290,342.25,248.75,12.75,25.5,0.53529
1290,260.5,241.5,16,31.75,0.53519
1290,182.5,435.25,20,39.75,0.53516
1290,125.75,55.5,13.25,26.5,0.53505
1290,86.5,55.5,13.25,26.75,0.53428
1290,486.75,349.5,13.75,27.75,0.53365
1290,365,329,15.25,30.5,0.53319
1290,205.5,125.75,56.25,112.5,0.5327
1290,333,379.5,14,27.75,0.53193
1290,136,54.5,13.5,27.25,0.5319
1290,507.5,229.75,13.25,26.25,0.53144
1290,136.5,424,26,52,0.53131
1290,229.5,181.25,34.25,68.5,0.53087
1290,340.5,327.75,14,28,0.53046
1290,501.25,203.5,23,46.25,0.53041
1290,285,34,13,25.75,0.53028
1290,88.75,46.75,13.25,26.25,0.53022
1290,325,265.5,14,28.25,0.53008
1290,470.25,186.5,12.5,25,0.53006
1320,231.5,365,13,26,0.57611
1320,125.75,121.5,63,126,0.5615
1320,548.75,102.75,13.75,27.75,0.55961
1320,275.75,334,13,26,0.55552
1320,141,392,13,26,0.55369
1320,467.75,415.25,16,32.25,0.55365
1320,260.25,324.25,16.25,32.5,0.55275
1320,413,306.25,14,27.75,0.55224
1320,418,315.5,19.75,39.5,0.55095
1320,125,400.5,15.5,31.5,0.55071
1320,440.75,179.75,20.25,40.25,0.54989
1320,379.5,286.75,18.25,37,0.54871
1320,300.25,395.75,14,27.75,0.54617
1320,348.25,348.5,14.5,29.25,0.54605
1320,252.25,354.75,16.5,33,0.54554
1320,211.75,383.25,15.5,30.75,0.54526
1320,285.5,408,13.5,26.5,0.54488
1320,271.5,137.5,28.25,56.25,0.54477
1320,501,364.25,12.25,24.5,0.54471
1320,268.25,322.5,12.5,25,0.54467
1320,269,344.75,13.75,27.5,0.54349
1320,156.75,373.25,14.75,29.75,0.54288
1320,592.25,131.5,22.25,44.5,0.54274
1320,540.25,431.5,12.75,25.5,0.54228
1320,51.75,199.75,13.5,27.5,0.54207
1320,220.5,270.25,13.5,26.75,0.54167
1320,461.25,299.25,13,26.5,0.54016
1320,285.5,387.25,13.25,26.5,0.5388
1320,220,365.5,13.25,26.25,0.53836
1320,387.75,283.75,15.75,31.5,0.5374
1320,602.5,293.75,13.25,26.5,0.53728
1320,204.75,396,14.25,28.75,0.537
1320,333.75,401.25,13.25,26.5,0.53689
1320,130,292.5,13.75,27.75,0.53669
1320,49.75,166.25,26.75,53,0.53609
1320,429.5,174.75,25,49.75,0.53587
1320,276.5,402.5,15.25,30.5,0.53567
1320,29,26,16,31.75,0.53537
1320,600,39.25,12.75,25.5,0.53522
1320,387,363,16.5,33,0.53521
1320,356,256.25,15.75,31.5,0.53421
1320,105,47.25,12.5,25,0.53417
1320,228.75,272,12.25,24.75,0.53314
1320,599.5,33,12.5,25,0.53299
1320,373,269.75,14,28,0.53276
1320,22.25,71.75,13.25,26.25,0.53263
1320,138.5,304.75,14.5,29.25,0.53256
1320,222.5,288,14,28.25,0.53245
1320,115.5,335,14.25,28.25,0.53238
1320,364.5,380.75,12.5,25,0.53235
1320,325.25,402,14.75,29.75,0.53229
1320,90.5,40.25,13.25,27,0.53191
1320,347.25,271,16.5,33.25,0.53189
1320,573.75,153.75,12.5,24.75,0.53187
1320,536.5,212.75,25.25,50.25,0.53187
1320,143.75,448,12.75,25.5,0.5317
1320,593.5,40.5,13.5,26.75,0.53156
1320,207.5,445.5,13,26.5,0.53153
1320,573.5,45.25,12.5,24.75,0.5315
1320,310.75,86.5,12.5,25,0.53145
1320,126.25,367.75,13.5,26.75,0.53143
1320,470.75,147.75,38.5,76.75,0.53143
1320,514.75,265,11.5,23,0.53136
1320,118.25,305.75,35.25,70.25,0.53126
1320,48.25,164.25,37,73.75,0.53103
1320,359.75,333.5,12.5,25,0.53036
1320,482,320,12,24,0.53026
1320,63.5,143.5,49.5,98.75,0.53017
1320,269.75,447,13.5,27,0.53014
1320,225.75,377.25,12.5,25,0.53009
1320,135.75,387.75,12.75,25.5,0.53006
1350,86,120.75,13.75,27.5,0.55953
1350,216.25,315.25,13,25.75,0.55381
1350,75.5,117,15.5,30.75,0.54859
1350,35.75,6,13.25,26.75,0.54573
1350,252,386.5,17,34,0.54521
1350,378.75,321.25,16,31.75,0.54202
1350,278,447.5,13.75,27.25,0.54188
1350,0.25,137.75,13,26,0.54158
1350,216.75,296.5,19,38.25,0.54002
1350,222.75,313.5,13.25,26,0.53918
1350,469.75,397.5,13.75,27,0.5372
1350,453.5,309.75,15.5,30.75,0.53674
1350,258.75,290.75,11.75,23.5,0.53623
1350,-1.75,437,14.25,28.25,0.53586
1350,535.75,81,12.75,25.5,0.53478
1350,453.75,400.75,15.5,31,0.53472
1350,373.75,373,16.5,33.5,0.53451
1350,122.75,149.25,12.5,25.25,0.53448
1350,476,395,13.5,27,0.53447
1350,387.5,326.5,13,26,0.53391
1350,195.75,391.75,12.75,25.25,0.53327
1350,507.5,309.75,13.25,26.75,0.53255
1350,227.75,295,20.5,41.25,0.53228
1350,446.5,339.25,18.25,36.5,0.53167
1350,177.25,385.25,12.5,24.5,0.53145
1350,160.75,310.5,15.75,31.75,0.53137
1350,389,384.75,12.5,25,0.53051
1350,505,258.25,12,24.25,0.53051
1350,167.5,402.75,14.25,28.75,0.53039
1350,464.25,306.75,12,24.25,0.53028
1350,428.75,333,12.75,25.5,0.53003
1350,620.25,79,12.25,24.25,0.53001
1380,535,77.75,14,28,0.55649
1380,373.5,290.75,14.5,28.75,0.55393
1380,577.25,247.5,20.25,40.75,0.55135
1380,236.5,279.5,13,26.25,0.54685
1380,363.5,286.75,14.25,28.5,0.5419
1380,504.25,185.25,36.25,72.5,0.54052
1380,381.25,291,14.75,29.5,0.53936
1380,379,141.25,14.5,29,0.53857
1380,124,160,27.75,55.75,0.53831
1380,508.75,354.75,14.75,29.5,0.53803
1380,262.25,450.5,13,26.25,0.53764
1380,112.25,141.5,12,24,0.53764
1380,118,140,12.75,25,0.53729
1380,364.5,7.75,13,25.75,0.53712
1380,153.5,169.25,13,25.75,0.53704
1380,588.75,304.25,12.25,24.5,0.53688
1380,537.75,148.5,18.5,37,0.5367
1380,302.25,73,13.25,26.25,0.53642
1380,441.5,362.75,27,54,0.53541
1380,7.25,122.75,20.75,41.75,0.53493
1380,600.25,65,12.5,25.5,0.53398
1380,346.75,285.25,17.25,34.75,0.53367
1380,333.5,399,14,28.25,0.53326
1380,603.75,442,16,32.25,0.53312
1380,519.25,401,12.75,25.75,0.533
1380,213.25,292.5,12,24.25,0.53294
1380,265.25,261.25,71.75,143.75,0.53277
1380,47.75,318.25,13,26,0.53264
1380,294.25,452.5,12.25,24.25,0.53229
1380,160.5,448.75,13,26,0.53225
1380,205.5,450,13,26.25,0.53219
1380,400,130.5,30.5,61,0.53178
1380,614.5,193.25,26.5,53.25,0.53176
1380,188.75,155.25,15,30.25,0.53125
1380,166.25,449,12.75,25.75,0.53114
1380,261.25,75,13.25,26.5,0.53092
1380,524.75,411.25,14.25,29,0.53077
1380,140,177,15.5,30.75,0.53076
1380,57,104.75,22.5,45,0.53067
1380,446.5,175,27.75,55.75,0.53051
1380,412.25,400.5,14.5,29,0.5305
1410,380.25,245.5,16,32,0.57995
1410,478.25,403.5,13.5,27.25,0.56449
1410,43.5,111,15.75,31.25,0.56443
1410,356,228.25,15.25,30.5,0.5519
1410,424.25,157.75,12,24,0.5499
1410,227.25,386.5,13.5,26.75,0.54695
1410,241.75,146,12.75,25.75,0.54658
1410,140.5,445.75,12.75,25.75,0.54507
1410,261.25,446,14.5,29,0.54465
1410,215.5,385.25,14.75,29.75,0.54235
1410,397.25,280.5,12.5,25.25,0.54179
1410,509.25,405.25,14,28,0.54025
1410,492,359.75,12.75,25.5,0.53858
1410,588.5,412,14,28,0.53821
1410,236,445.5,14,27.5,0.53789
1410,373.75,241,13.25,26.5,0.53775
1410,196.25,388.5,12.75,25.75,0.53751
1410,522.25,152,13,26,0.53677
1410,122.75,66.5,168.25,337,0.53668
1410,192.5,288.5,12,24,0.53636
1410,258.25,392,12.5,24.75,0.53535
1410,596.5,412.5,14.25,28.25,0.5345
1410,360,411.75,12.25,24.5,0.53448
1410,148.75,387.5,15,30,0.53424
1410,516.5,406.5,13,26,0.53387
1410,567.5,139.5,48,96.25,0.53386
1410,129.25,382.25,17.5,35.25,0.53346
1410,446,283.5,12.25,24.25,0.53309
1410,301.25,96.5,12.25,24.25,0.53295
1410,308.75,261,13.25,26.25,0.53287
1410,324.75,390,15.75,31.25,0.53282
1410,246,329.5,24.25,48.5,0.5324
1410,306.75,227.5,11.75,23.5,0.5322
1410,237,349,17,34.25,0.53216
1410,476.75,387,11.5,23,0.53178
1410,324.5,266.5,15,30,0.53148
1410,204,398.5,12.75,25.75,0.5311
1410,156.25,387.5,14.75,29.75,0.53109
1410,26.5,329.25,19.5,38.75,0.53107
1410,177.75,95,66,132,0.53089
1410,402.25,288.5,12,24.25,0.53083
1410,440.75,271.5,56.75,113.75,0.53075
1410,348.5,263.75,13.25,26.5,0.53071
1410,444.5,396,15,30,0.53047
1410,419.25,323.5,29.25,59,0.53025
1440,229.25,417.25,13.75,27.25,0.56538
1440,411.25,400,17.75,35.5,0.55929
1440,341,396.5,14,27.75,0.55188
1440,56.25,389.75,13,26,0.54963
1440,418,366.5,20.5,41,0.54761
1440,46,293.5,14.25,28.25,0.54733
1440,524.5,358.75,12.5,25.5,0.54561
1440,502.5,380,13.75,27.75,0.54542
1440,361.75,285.5,12.75,25,0.5428
1440,342.25,351.75,12.5,25.25,0.54113
1440,162,331.5,12.25,24.5,0.54064
1440,372.5,287,16.25,32.25,0.53991
1440,178.75,394.5,12.25,24.5,0.53937
1440,317.25,409,13.25,26.5,0.53901
1440,373,336.75,13.75,27,0.53844
1440,382,282,13.5,26.75,0.53816
1440,236.5,287.75,11.75,23.75,0.53754
1440,207.5,321.25,24.75,49.5,0.53752
1440,524.5,428.75,14.25,28.25,0.53746
1440,243.5,349.5,15.25,30.75,0.53483
1440,267,340.5,26.25,52.5,0.53449
1440,405.75,370,12.75,26,0.53373
1440,491,385.25,15.25,30.5,0.53299
1440,38.5,115.25,15.25,30.75,0.53285
1440,190.5,391.25,13.5,27.25,0.53254
1440,148.5,412.75,14.5,29.25,0.53204
1440,133,81.25,77.75,155.75,0.53179
1440,59.25,205.5,14,28,0.53165
1440,47,153.5,18.5,36.75,0.53133
1440,332.75,353,11.5,23,0.53129
1440,104,59.25,12.25,25,0.53112
1440,432,371.75,16.25,32.5,0.53085
1440,328.5,375.5,13.5,26.75,0.53071
1440,295.75,91.5,12.75,25.5,0.53062
1440,268.25,339.5,15.75,32,0.53042
1440,533.5,412.75,13.25,26.25,0.53031
1440,101.5,452.75,12.75,25.5,0.53028
1440,49,192,20.5,41.25,0.53012
1440,-3.5,172.75,28.25,56.5,0.53012
1470,33.5,21.5,13.5,26.75,0.55035
1470,23.25,427,12,24,0.5503
1470,363.75,322.75,13.75,27.5,0.54818
1470,28.5,371,13.5,26.75,0.54607
1470,600,172.5,12.25,24.75,0.54602
1470,412.5,315,16.25,32.75,0.54499
1470,51.5,400.25,16,32.25,0.54481
1470,268.5,364.5,14.5,28.75,0.54459
1470,389.25,353.5,15,30,0.54344
1470,564.75,63,14.75,29.25,0.54075
1470,19.5,111.75,17.5,35,0.54061
1470,269.25,323.25,12.75,25.25,0.54037
1470,44.5,405.5,13.75,27.5,0.53767
1470,339.5,366,16,32,0.53736
1470,285,73.75,15.75,31.5,0.5371
1470,308.75,310,15.25,30.25,0.53707
1470,35.25,155.5,24.5,48.75,0.53678
1470,411.75,406.75,12.5,24.75,0.53626
1470,317.25,310.25,13.75,28,0.5361
1470,80,140.75,13.25,26.5,0.53588
1470,485.5,376.5,15.75,31.5,0.53558
1470,548,378.25,12.5,24.75,0.53529
1470,289.5,84.5,14,28,0.53482
1470,593.25,317.5,12.25,24.75,0.53439
1470,444.75,336.25,14.75,29.25,0.53422
1470,278.5,314,13.25,26.5,0.53416
1470,493.25,399.25,14.25,28.75,0.534
1470,293.75,320.5,14.75,29.75,0.5338
1470,546.25,430,13,26.25,0.53375
1470,477.75,393.5,12.5,25,0.53374
1470,59.25,30.5,165.25,330.25,0.53364
1470,395.5,310.5,27,54,0.53286
1470,452.5,372.25,16.5,33.25,0.53284
1470,149.5,363.75,15.5,31.25,0.53266
1470,517,58.25,37,73.75,0.53159
1470,182.75,354.25,12,24.25,0.53089
1470,72.5,140.75,13.5,26.75,0.53063
1470,20.5,372,14.5,29.5,0.53063
1470,603.25,398.25,12.75,25.75,0.5302
1470,398.75,404.5,12.5,24.75,0.53004
1500,516.75,404,13.5,27,0.56726
1500,570,19.75,39.75,79,0.55506
1500,283,400.75,13.25,26.25,0.5497
1500,502.25,405.25,13.5,27,0.54767
1500,132.25,386,15,30,0.54462
1500,382,198.75,13.5,26.5,0.54461
1500,204.5,141.25,12.5,24.75,0.54437
1500,16.5,129,48,95.75,0.54395
1500,36,104.75,16.25,32.25,0.54156
1500,282.5,394.5,12.5,25,0.54095
1500,455.75,140,12.25,24.75,0.54087
1500,93.25,132,99.75,199.5,0.54004
1500,600.5,424.75,12,24,0.53904
1500,427.25,370.5,14.75,29,0.53882
1500,218.25,393.5,12.75,25.25,0.53725
1500,202.25,401.75,12,23.75,0.5356
1500,493.5,402.75,14,28,0.53434
1500,228.25,441.75,12,24.25,0.53429
1500,239,444,13.25,26.5,0.53344
1500,169.5,64.25,16.5,33,0.53298
1500,351.5,452.5,12.25,24.5,0.53195
1500,290.5,72.75,11.75,23.5,0.53028
1500,528.25,139.25,19.75,39.75,0.53027
1500,269.25,395.5,13.25,27,0.53023
1500,132.25,399.25,13.25,26.25,0.53001
1530,509,380.5,14,28,0.58838
1530,253,294.25,13.25,26.5,0.57081
1530,413,279.25,14.25,28.75,0.56346
1530,182.5,176.75,12.25,24.5,0.55487
1530,484.5,318,14,28.25,0.55362
1530,333,299,14.75,29.75,0.55335
1530,292.5,350,13.5,27.25,0.55157
1530,188,367.75,16.5,32.75,0.55081
1530,317.25,326.75,13.75,27.5,0.54848
1530,412,309,15.75,31.5,0.54709
1530,258.5,303.5,18.25,36.25,0.54675
1530,397,315.25,14,28.25,0.54622
1530,435.25,379.75,14.75,29.25,0.54481
1530,196,348.5,18.25,37,0.54478
1530,149,379.75,14.5,28.75,0.54459
1530,204.75,338.5,15.25,30.75,0.54451
1530,316.75,285.25,14.5,29.25,0.54425
1530,231.75,450.75,12.5,24.75,0.54105
1530,220.75,33.75,12.75,25,0.54075
1530,187.5,351.5,16.5,33,0.53922
1530,333.25,335.5,14.25,28.75,0.53776
1530,42.25,254,14,28,0.53753
1530,218.75,291.5,12.75,25.5,0.53719
1530,220.5,372,14.75,29.25,0.53678
1530,23.25,360.25,12.25,24.75,0.53671
1530,532.75,380.25,14,27.75,0.53668
1530,467.25,333,18,36,0.53663
1530,332.25,353.25,12.5,24.75,0.53655
1530,232.25,352.75,12,24.25,0.53607
1530,438.5,297,13.25,26.5,0.53556
1530,614.75,138.25,15.5,31,0.53542
1530,434.25,275,17,34,0.53506
1530,478.25,36.75,87.75,175.5,0.53496
1530,291.75,322.75,15,29.5,0.53472
1530,204.75,380,14.25,28.5,0.53451
1530,391.25,330.75,14.25,28.75,0.53421
1530,479.5,320.5,12.25,24.5,0.53396
1530,362.25,295.5,22.5,45.25,0.53262
1530,379.5,132,16.25,32.5,0.53246
1530,346.25,218,16.5,33.25,0.53228
1530,157,358,13.5,27.25,0.53219
1530,609.5,44.25,18.25,36.25,0.53211
1530,404.75,314.75,13.25,26.5,0.5317
1530,155.25,365.25,17.5,35,0.53121
1530,308,432,17.5,35,0.53111
1530,379.75,318,15.25,30.75,0.531
1530,300.25,341.5,14.25,28.75,0.53092
1530,315.25,351.5,17.25,34.25,0.53091
1530,250.5,422,24,47.75,0.53079
1530,383.75,322.25,15.5,31,0.53059
1530,527,343.75,12.25,24.75,0.53058
1530,172,352.5,16.75,33.5,0.5304
1530,355.5,346.5,14.75,29.5,0.53036
1530,427.25,272.25,12.75,25.5,0.53036
1530,574.25,131,28,56,0.5303
1530,266.75,143.75,12.5,24.5,0.53008
1530,561,67.5,12.75,25.25,0.53001
1530,402.25,417.25,12,24,0.53001
1560,412,332.75,26.5,53,0.56676
1560,333.75,347,12.75,25.25,0.5537
1560,242.75,448.75,12.5,25,0.55193
1560,476.25,373,13.25,26.75,0.55092
1560,277.75,318.25,13.25,26.75,0.54899
1560,156.25,282.75,12.5,24.75,0.54524
1560,616.25,28.25,12,24,0.54474
1560,117,384.25,15.5,31,0.54422
1560,267.5,45.5,15.5,31,0.54365
1560,362,283.75,12.75,25.5,0.54326
1560,387,321.5,12.5,25,0.54298
1560,611.75,390.25,12.5,24.5,0.54246
1560,495.5,32.25,91.25,182.5,0.54225
1560,443.75,336.25,12.5,24.75,0.54155
1560,221,296.75,12,24,0.53932
1560,443.25,179.75,13.5,27.25,0.5392
1560,230,343.25,14.5,29,0.53912
1560,542.75,432.75,13,25.75,0.5389
1560,-5.25,104,43.75,87.5,0.53802
1560,142,415.5,13.25,26,0.53743
1560,176.25,98.5,92.5,185,0.53653
1560,531.75,367.75,12.5,25.25,0.53653
1560,447.75,283.25,12.75,25.5,0.53614
1560,379.75,324.5,14,28.25,0.53544
1560,356.25,409.5,15.25,30.25,0.53477
1560,13,43.5,11.75,23.25,0.53458
1560,125.5,381.5,13.25,26.5,0.53439
1560,176.25,282.5,14,28,0.53432
1560,406.25,180.25,13,26.25,0.53402
1560,395.25,326.25,13.25,26.25,0.534
1560,596.5,76.75,11.75,23.75,0.53397
1560,401.25,286.25,12.75,25.25,0.53378
1560,422,313,12.5,25,0.53367
1560,310.75,393,13.5,27.25,0.53331
1560,561.25,126.5,12.75,25.5,0.53304
1560,150.5,184,12.5,25.5,0.53266
1560,363.5,398.25,13.5,26.75,0.53224
1560,364.75,340.5,32,63.75,0.53216
1560,132.25,376.5,16,32,0.53209
1560,251.5,332.75,13.75,27.5,0.5312
1560,454.5,334.5,13.75,27.25,0.53109
1560,504.75,240.5,12,24,0.53104
1560,381,334.5,23,45.75,0.53065
1590,324,327.5,13.25,26.5,0.5705
1590,20.75,370.5,13,26.25,0.5643
1590,580.5,424,12.5,24.75,0.5589
1590,29,56.75,12.5,24.75,0.55804
1590,388.5,308.25,12.5,25,0.54967
1590,597,111.5,22.75,45.5,0.54795
1590,112,134,20.75,41.25,0.54641
1590,180.5,171.25,13,25.75,0.54591
1590,404.5,353,15.25,30.5,0.54498
1590,350.25,342.25,13.25,26.75,0.54434
1590,27.75,402.75,14.75,29.25,0.54379
1590,533.75,381,13,25.75,0.54323
1590,221.75,151.75,23.75,47.5,0.54232
1590,511.25,364,18.5,37,0.5422
1590,92.75,369.25,12,24,0.54171
1590,108,188.5,15,30,0.54087
1590,190.25,363.25,12.5,25.5,0.54028
1590,326.5,222.25,14,28.25,0.54014
1590,133.75,367.75,13.75,27.25,0.53972
1590,183.75,316,12.5,24.75,0.53968
1590,525.25,236.5,12.75,26,0.53873
1590,355,328.25,19,38,0.5381
1590,367.25,345,20.5,41,0.53556
1590,42,149,26.75,54,0.53509
1590,436.25,354,14.75,29.25,0.53493
1590,389.75,28.75,13.5,26.75,0.5349
1590,324.5,339,14.75,29.75,0.53418
1590,456.5,300.5,11.75,23.75,0.53369
1590,195.25,448.25,13.25,26.5,0.53319
1590,513.25,380,14,28,0.53307
1590,27.5,176.5,13,26,0.5329
1590,182.25,328,13.25,26.25,0.53273
1590,210.5,293.75,12,24,0.53253
1590,539.25,395,16,32.25,0.53176
1590,196.5,331.25,15.5,31,0.53165
1590,251.75,331.5,12.75,25.5,0.5314
1590,544.75,241,11.5,23,0.53123
1590,145.25,237,13,26,0.53113
1590,406,12.5,13,26,0.53076
1620,196,303.25,16,32.25,0.55267
1620,518.75,352,12,23.75,0.5481
1620,342.5,236.25,12.75,25,0.54696
1620,329.75,405.75,32,63.75,0.54624
1620,584.25,423.75,12,24,0.54447
1620,229,315,14.75,29.5,0.54031
1620,159.75,102.75,61.5,122.75,0.54013
1620,276.25,259.25,12.25,24.5,0.5393
1620,300.75,267.75,12,24,0.53893
1620,244,287.5,13,25.75,0.53837
1620,148.75,362,14.75,29.75,0.53735
1620,42.5,74,12.25,24.5,0.53541
1620,28.25,55.25,12.5,25,0.53491
1620,93,303.5,12,24.25,0.53485
1620,252,167,13,26,0.53429
1620,376.5,183.25,18,35.75,0.53341
1620,100.75,159.5,22.5,45.25,0.53328
1620,220.75,300.25,14.25,28.75,0.53206
1620,231.75,404.25,12,24,0.53191
1620,567.25,116.25,15,29.75,0.53184
1620,314,305,12,23.75,0.53147
1620,116.75,147.5,157.5,315.25,0.53092
1620,86.5,413.75,12.75,25.5,0.53082
1620,428.5,307.75,11.75,23.5,0.53081
1620,60.5,145,16.25,32.25,0.53078
1620,334.5,322.25,14.5,29.25,0.53044
1650,600,104.25,13,26.25,0.55646
1650,252.75,412.25,12,23.75,0.55617
1650,420.5,403.25,15.75,31.25,0.55423
1650,501,204,13.75,27.75,0.55422
1650,516,425,15.25,30.25,0.5523
1650,125.5,252.5,14.25,28.5,0.54994
1650,202.25,383.25,19.75,39.75,0.54833
1650,572.25,417,15,30.25,0.54816
1650,516.5,401.75,14,27.5,0.54668
1650,431.75,8,12.75,25,0.54569
1650,149.25,173.75,13.75,27.25,0.54359
1650,252.75,392.75,13,26.25,0.54304
1650,330.25,99.75,12.5,24.75,0.54247
1650,80.25,361,12.25,24.25,0.54144
1650,247.25,168,15.5,31.25,0.54122
1650,42.75,336.75,12,24,0.54121
1650,397,267,16,32,0.54102
1650,149.25,416.5,12.25,24.25,0.54074
1650,77,411.25,13.75,27,0.54066
1650,151.75,369.25,12.25,24.75,0.5394
1650,353.25,324.5,20.5,41.25,0.53881
1650,260.5,452.5,12.75,25.75,0.53868
1650,211.5,288.25,13.25,26.5,0.5382
1650,503.25,217.25,13.5,26.75,0.53779
1650,148.25,351.5,16.25,32.25,0.53753
1650,531.75,262,12.75,25.5,0.53743
1650,204.25,295.75,12.25,24.5,0.53712
1650,421.75,276.25,14,28.25,0.53705
1650,356.75,269.5,14.5,29,0.53679
1650,416.75,268,13,26,0.5366
1650,503.5,431.5,12.25,24.25,0.53648
1650,86,364.75,13.75,27.25,0.53621
1650,430.25,339.25,14.25,28.25,0.53528
1650,317.5,256,13.5,26.75,0.53522
1650,339.75,155.25,35.75,71.75,0.53512
1650,74.75,302.75,17,34,0.53508
1650,381.25,242.25,15.25,30.5,0.53492
1650,381.5,258,15.25,30.5,0.53465
1650,120.25,288.5,12,24,0.53439
1650,311.5,242.5,12.5,25.25,0.53434
1650,373.25,258,15.5,31.25,0.53396
1650,252.5,360,12,24,0.53386
1650,604.5,283.25,14.25,28.25,0.53363
1650,214.25,346.25,12.5,24.75,0.53352
1650,125.5,412.75,12.5,25.5,0.53329
1650,443.75,380.75,17,34,0.53316
1650,388.25,184.25,21.5,42.5,0.53172
1650,397,9,12.25,24.5,0.53151
1650,524,355.5,13.25,26.5,0.53131
1650,468.75,361.5,15.25,30.75,0.53057
1650,604,427.25,14.25,28.5,0.53049
1650,390,255,14,27.5,0.53048
1650,165,348,13.75,27.5,0.53004
1680,390,262.75,14,27.75,0.56751
1680,300,405,15,30.25,0.56634
1680,365,255.25,15.5,30.5,0.56517
1680,572.25,403.5,15.5,30.75,0.56374
1680,534.5,230.25,15,30.25,0.56341
1680,444.5,301,15,29.5,0.56218
1680,316,413,12.25,24.5,0.56141
1680,416.25,271.25,12.75,25.5,0.55945
1680,341,260.25,14.75,30,0.5591
1680,470.25,336,13,26.25,0.55818
1680,517.5,387.5,14.5,29,0.5564
1680,348,158.75,42,84,0.55625
1680,268.5,269.25,14.25,28.25,0.55473
1680,405.25,391,14.25,28,0.55437
1680,481.75,376.25,12.25,24.25,0.55424
1680,440.75,284.5,12.5,25,0.54986
1680,301.75,270,13.25,26.25,0.54986
1680,587,237.75,21.25,42.5,0.54914
1680,365.25,352.75,15,30.25,0.54847
1680,84.25,365.5,14.5,28.75,0.5482
1680,348.5,266.75,15,30.25,0.54813
1680,51.75,282.25,12.25,24.5,0.54636
1680,382.5,335.75,13,25.5,0.54586
1680,357.75,259.5,14.75,29.75,0.54555
1680,331,90.25,14.5,29.25,0.54529
1680,333.25,268.25,14.25,28.5,0.54396
1680,472.75,316,12.25,24.25,0.54379
1680,291.25,291.25,17.25,34.5,0.5431
1680,478.75,92.25,12.25,24,0.54279
1680,70.75,360.25,13.25,26.25,0.54185
1680,119.75,409.5,12.75,25.25,0.54167
1680,373.25,402.25,15.5,30.75,0.54114
1680,333.25,262.25,14,28,0.54046
1680,389.25,416,12.5,25.25,0.54034
1680,194.75,416.5,12.5,24.75,0.54023
1680,43.75,353,14.25,28.5,0.53983
1680,625.25,396.75,16,31.75,0.53967
1680,500,365,13,26.25,0.53958
1680,408,266.5,13.25,26.75,0.53945
1680,323.5,269.25,18.25,36.25,0.53944
1680,111,81.25,81,162,0.53921
1680,88.25,264,13.75,27.25,0.53911
1680,586.75,221,20.25,40.25,0.53891
1680,85.25,276,14.5,29.25,0.53843
1680,496.75,119.25,40,80,0.53809
1680,459.25,311.25,13.25,26.75,0.53739
1680,510,390.5,13.25,26.25,0.53705
1680,248.25,143.25,26.75,54,0.5368
1680,75.5,283.25,20,40,0.53542
1680,87,265.25,13.75,27.5,0.53531
1680,453.75,412.75,13.75,27.25,0.53527
1680,-2,442.5,16.75,33.25,0.53521
1680,472.25,398,11.75,23.25,0.53494
1680,129.75,402.75,14.75,29.5,0.53493
1680,261.75,262,13.5,27,0.53483
1680,324.25,363.25,14.75,29.25,0.53471
1680,427,293.25,22.75,45.5,0.53448
1680,205,179.75,12,24.25,0.53426
1680,68.25,186,13.75,27.5,0.534
1680,516.25,182,13.5,26.5,0.53368
1680,80.75,312,12,24,0.53368
1680,310,257,14.5,28.5,0.5333
1680,348,258.5,15,30.25,0.533
1680,396.75,276.25,23,45.75,0.53276
1680,116.75,277,11.5,23,0.53239
1680,284,306.75,17.75,35.5,0.53234
1680,316.25,375.75,16,32.5,0.53181
1680,465.5,309.75,14.75,30,0.53107
1680,382.5,263.5,13.5,27.25,0.53083
1680,364.75,397,15.5,31.25,0.53048
1680,53,290.75,14.25,28.5,0.53013
1680,63.25,280.5,12.25,24.25,0.5301
1680,242,170.5,14.25,28.25,0.53003
