30,149,381.5,14.5,29,0.5608
30,516.25,415.5,15.25,30.75,0.54544
30,300.75,395,14.25,28.5,0.54363
30,598.25,243.75,14.5,29,0.54214
30,485,381,13.25,26.5,0.53988
30,308.75,407.5,15.25,30.5,0.53829
30,141.75,5.75,13.5,26.5,0.53774
30,-9,318.25,75.75,151.75,0.53723
30,607.75,246,14.25,28,0.5369
30,426.5,296.5,86.75,173.25,0.53671
30,128.25,180,15.75,31.25,0.53651
30,106.25,328.5,35.25,70.75,0.5363
30,460.25,297.25,12,24,0.53584
30,268.25,397.5,14,28,0.5353
30,436,218.25,12.5,24.5,0.53452
30,233.75,342.75,62.75,125.75,0.53394
30,360.5,360.5,12,24,0.53383
30,458.25,407.75,33,65.75,0.53367
30,477.25,339.75,14,28.25,0.53342
30,429.25,359,24.5,49,0.53307
30,19.5,320.5,15.75,31.5,0.5329
30,6.25,328,14,27.5,0.53271
30,11.75,324.75,14.25,28.25,0.53202
30,324,396,17.25,34.5,0.53197
30,500.25,399,12.5,24.75,0.53183
30,436.75,180.5,17.25,34.5,0.53148
30,506,400.75,12.75,25.25,0.53116
30,316.5,415.25,16.5,32.75,0.53071
60,590.25,165.5,12.25,24.25,0.54341
60,299.25,394.75,16.75,33.5,0.54107
60,164.5,233.75,100.5,201.25,0.54105
60,617.75,164.75,19.25,39,0.54105
60,172.5,343.75,12.5,25,0.54008
60,620.75,441,19,37.75,0.53891
60,130.25,173.75,17.75,35.25,0.53649
60,564.5,92.75,19.25,38.25,0.53637
60,509.25,190.75,34.5,68.5,0.53623
60,-7.5,347,59.75,119.5,0.5355
60,48.75,381,11.5,23,0.53475
60,433,203.25,16.75,33.5,0.53424
60,372.75,413,15,29.75,0.53406
60,-1,97,14.5,29,0.53353
60,307.75,358.75,12,24,0.53334
60,130.75,186.75,19.5,39,0.53321
60,266.25,358.25,26.75,53.5,0.53272
60,212.25,326.5,68.75,137.25,0.53247
60,468,388.25,13.25,26.75,0.53236
60,457.5,406.25,34,67.75,0.53221
60,478.75,81.25,47.5,94.5,0.5321
60,326.75,393,11.5,23,0.5319
60,427,388.5,44.25,88.25,0.53173
60,582.25,238,12.5,25,0.53115
60,610.5,411,31,61.75,0.5309
90,47,189.5,13.5,27,0.58008
90,132.25,177,17.25,34.5,0.55232
90,161,229,105,209.75,0.55168
90,496.75,171.5,20.25,40.5,0.54707
90,525.5,416,12.5,24.75,0.54484
90,563,69.25,21,42.5,0.54322
90,466.25,311.75,12.5,25.25,0.54125
90,435.25,214.5,12.75,25.75,0.54061
90,-9,319.75,70.25,140.25,0.53874
90,459.5,430.5,22.75,45.5,0.53779
90,20.25,319.75,15.75,31.25,0.5375
90,373.5,176.5,48.75,97.25,0.5358
90,210.75,338.25,63,126,0.53561
90,415.5,49.25,23,46,0.53535
90,238,338,62.75,125.25,0.53492
90,457.5,406.5,33.75,67.75,0.53389
90,581.5,394,13,26.5,0.53322
90,350.75,81.75,13.75,27.5,0.53229
90,463.75,299,18.5,37,0.53076
90,386,362,55.25,110.5,0.53074
90,172.25,364,16.25,32.75,0.53068
90,546.5,302.5,39.5,79.25,0.53067
120,49.75,190.75,12.75,25.5,0.56153
120,381.5,420.75,14.75,29.5,0.55183
120,141.5,396,13.25,26.25,0.5495
120,510.5,194,31.75,63,0.5445
120,388.25,162.25,16.5,33,0.54297
120,628.75,409,11.5,23.25,0.54219
120,-8.5,328.75,68.25,136.5,0.53883
120,389.5,352.25,60.5,121.25,0.53847
120,202,363.5,56,112,0.53584
120,139,404,16,32.5,0.53524
120,167,236.5,102.75,205.75,0.53435
120,425,296.5,86.75,173.5,0.53417
120,302.25,270.75,12.5,25,0.53391
120,589.25,187,14.25,28.25,0.53327
120,394.75,181.5,39.25,78.25,0.53309
120,469.25,334.25,13.25,26.5,0.53296
120,379.5,354.5,14,27.75,0.53288
120,626.75,425.75,12.5,25,0.53284
120,561.25,154.75,12.25,24.25,0.53268
120,581.75,393.25,13.25,26.5,0.53224
120,353,13.75,50,100.25,0.53177
120,341.75,424.75,13.5,26.5,0.53083
120,434.75,207.75,14,28,0.5301
120,388.75,280.25,94.75,189.25,0.53005
150,62.25,190.75,12.5,24.75,0.54758
150,334.75,402.25,14,27.75,0.54338
150,308.5,387,16.25,33,0.54266
150,564.75,92.5,19.25,38.25,0.5398
150,210.25,340,62.5,125,0.53882
150,155.75,275,23,46.5,0.53839
150,565.75,395.75,12.5,25,0.53834
150,364.25,421.5,12.5,25.25,0.53802
150,-9,311.5,77.75,155.5,0.53739
150,435.5,443,17.5,34.5,0.53686
150,566.75,291.25,47.25,94.5,0.53615
150,-1.75,330.25,15,30,0.53546
150,232.75,335,65.75,131.5,0.53546
150,173.75,240.5,88.75,177.25,0.53423
150,441.75,410.5,23,45.75,0.53379
150,589.5,188.25,13.25,26.25,0.53367
150,298.75,397.25,17.5,34.75,0.53346
150,434.75,207.75,13.25,26.5,0.53289
150,220.75,135,13.25,26.5,0.53243
150,609.25,137.25,18.5,37.25,0.53236
150,388.5,345.5,64.25,128.5,0.53217
150,267,139.25,11.75,23.5,0.53139
150,620.75,432.75,11.5,23.5,0.53095
150,536.25,422.25,12.25,24.5,0.53034
150,524,379.25,22.5,45,0.53023
150,589.75,164.75,13,26.25,0.53019
150,92,263.25,30,59.5,0.53002
180,86.5,409.25,12.5,25,0.55743
180,327.25,416.25,12.25,24.75,0.55494
180,267.5,403.75,13,25.75,0.55305
180,525.25,165.25,33.25,66.5,0.55216
180,347.75,414,15,30,0.54668
180,517,412.25,13,26,0.54481
180,590,188.75,13.25,26.5,0.54379
180,563,69.25,21.5,43,0.54315
180,168.75,348.75,12.25,24.5,0.54189
180,170,356.5,14.25,28.25,0.5417
180,561.75,154.75,12,24,0.53966
180,-8.5,329,69.25,138.5,0.53766
180,324,367.5,13.5,27,0.5376
180,348.25,5,51.75,103.25,0.53671
180,435,186,12.75,25.25,0.53642
180,620,439.5,19.75,39.5,0.53404
180,75.75,187.75,13.25,26.5,0.53314
180,395.25,183.5,38.25,76.75,0.53097
180,21.25,390.5,43.5,87.25,0.53014
210,183,348.75,13.75,27.25,0.54361
210,436,219.5,13,26,0.54048
210,404.75,419,25.5,51,0.53976
210,434.75,208,14,27.75,0.5389
210,12.75,285,33.5,67.25,0.53876
210,525.25,431.75,12.75,25.75,0.5383
210,130,182,14,28.5,0.53734
210,297.5,174.25,17.5,34.75,0.5361
210,516.25,413.75,14.75,29.25,0.53536
210,608,136.25,20.75,41,0.5353
210,398.75,325,11.5,23,0.53527
210,410.5,294.75,87.25,174.5,0.53497
210,589.5,187.25,14,28,0.53449
210,400.5,206.75,28.25,56.5,0.53321
210,158.5,366.25,12.25,24.75,0.53195
210,561.5,154.5,12.25,24.5,0.53168
210,130.25,363.5,12,23.75,0.53119
210,524.5,165.75,16.25,32.75,0.53098
210,7,289.25,30.25,60.25,0.53046
210,-9,322,72.5,144.75,0.53017
210,460.25,297,13.75,27.25,0.53013
240,589.75,191.75,12.75,25.5,0.55714
240,545,187.25,13.5,26.75,0.55568
240,188.5,352.75,13,26,0.55428
240,296,177.5,17.75,35.25,0.55273
240,608.5,138.75,20,39.75,0.54572
240,439.25,107.75,12.5,24.75,0.54567
240,125.75,180,16.25,32.5,0.54513
240,406.25,293.5,87.25,174.25,0.5418
240,134,184.75,13.75,27.5,0.5408
240,158.5,238.5,107.75,215.25,0.53754
240,403.5,412.5,14.75,29.5,0.5371
240,560.5,154,12.25,24.75,0.53636
240,164,371.25,15.5,31,0.53376
240,480.25,368.75,11.75,23.5,0.5336
240,584.75,360.75,18.75,37.25,0.5334
240,561.75,70,21.5,43,0.53095
240,528,165.75,26.25,52.5,0.53087
270,109.5,418.5,14.5,29.5,0.56487
270,308.25,425.5,16,32,0.56016
270,341.5,406.75,13.5,26.75,0.55758
270,163.75,368.25,16.5,33,0.55551
270,489,73.25,139.5,279,0.5539
270,595,431.25,16.5,33.25,0.5528
270,141.75,384.75,12.75,25.75,0.54983
270,75.25,408,16,32,0.54835
270,557.25,434.5,13.5,27,0.54717
270,188.25,410,27.5,54.75,0.54638
270,459.5,218.25,17,34,0.54595
270,314.5,363,17.25,34.5,0.54522
270,127,182.25,15,29.75,0.5446
270,564.75,93.75,19.25,38.75,0.54413
270,90.5,178.75,13.5,26.75,0.54225
270,249,405.75,29.5,59,0.54117
270,342,413.25,13.5,27,0.54073
270,449,264.25,41.75,83.5,0.54043
270,516.75,415.5,14,28,0.54012
270,309.25,372,13.75,27.5,0.53973
270,0.5,442.25,18.5,37,0.53921
270,269,333.75,13.75,27.5,0.53834
270,324.75,403.25,16.25,32.5,0.53778
270,229.75,285.25,13.25,26.5,0.53734
270,155.75,368.25,16.5,32.75,0.53649
270,37.5,44.25,13.5,26.75,0.53602
270,61.75,414.75,13.5,27,0.53505
270,404,183,13,26.25,0.53494
270,576,257.5,73.5,147,0.53493
270,483.75,353.75,12.5,25,0.53475
270,-8.25,326,65.75,131.25,0.53453
270,628,428,12,24,0.53421
270,156.5,235.75,109,218.5,0.5341
270,582.25,353.25,15.25,30.5,0.53374
270,134.25,184.75,13.5,26.75,0.53352
270,580.75,403.75,15,30,0.5333
270,352.75,56.25,26.5,53,0.53284
270,362,411.5,13,26.25,0.53273
270,278.25,29.25,12.75,25.25,0.53263
270,129,223,17.5,34.75,0.5323
270,258.5,353,35.75,71.75,0.53179
270,96,341.75,33,65.75,0.53146
270,80,414,12.5,25,0.53142
270,419,222.75,19.5,39,0.53138
270,124.75,165.25,23.25,46.5,0.53126
270,545.5,181.75,21,42,0.53106
270,333.25,214.75,85,170,0.53089
270,572.25,396.5,14.5,29,0.53035
270,44.75,203,11.5,23,0.53021
270,572.25,405.75,13.5,26.75,0.53001
300,540,435.25,14.25,28.25,0.58231
300,627.75,251.5,13.25,26.5,0.56212
300,294.5,377.25,12.25,24.25,0.56095
300,141.5,401.25,15.5,31.25,0.54516
300,350,394.25,13.5,26.5,0.5448
300,582.25,412.5,12.5,24.75,0.54231
300,611.25,139.25,17.75,35.5,0.54223
300,-8.5,325.25,64.75,129.5,0.54191
300,254,416.25,23.5,46.75,0.54185
300,594.25,88.75,12,24.25,0.54036
300,291.75,23.5,15.25,30.5,0.53905
300,126.5,423.75,12.25,24.75,0.53903
300,311.25,417.5,12.5,25,0.53838
300,308.75,12.25,14.5,29,0.53801
300,547,180.5,12.5,25,0.53748
300,525.75,417.75,14.25,28.5,0.53688
300,117.25,401.75,15.75,31.25,0.53639
300,285,412.5,14,28.25,0.53587
300,188.5,399.75,39,78,0.53479
300,149,379,14.25,28.5,0.53477
300,422.5,390.5,41,82,0.53365
300,437,220.5,12.5,25,0.53348
300,204.25,341,15.25,30.5,0.53344
300,365.5,388.25,14.5,29.5,0.53321
300,550,255.5,13.75,27.75,0.53313
300,408,295.5,87,174,0.53261
300,437.25,210.25,13,26,0.53231
300,373,401,15.75,31.5,0.53228
300,163,233.75,102,204.25,0.53226
300,484.25,441,17.5,35.25,0.53224
300,401.25,209.5,27.75,55.25,0.53209
300,295.5,177.5,17,34.25,0.53187
300,365.75,81,14.25,28.5,0.53174
300,578.5,157.75,11.75,23.5,0.53164
300,476.75,367.75,12.75,25.5,0.53143
300,323.5,335.75,15.5,30.75,0.53136
300,285.75,243.75,12.75,25.75,0.53119
300,627,421.5,14,27.75,0.53118
300,560.5,183.5,21.25,42.75,0.53114
300,586,161.25,12.5,24.75,0.53094
300,333,172,26.5,52.5,0.53089
300,149.25,403.75,14.75,29.5,0.53063
300,72.25,416,12,24.5,0.5306
300,604.75,199.5,12.25,24.5,0.53054
330,564.5,166.25,20,39.75,0.565
330,627.75,429.5,13,26,0.55184
330,504.75,351.5,12.5,25.25,0.54396
330,292.25,407.25,14.5,28.75,0.54368
330,299.25,414.5,16.5,33,0.54146
330,42.5,429,13.25,26.5,0.53982
330,567,242.75,83.75,167,0.53877
330,490.5,384,12.25,24.5,0.5379
330,229,301.5,80.75,161.25,0.53748
330,432.5,294,13.5,27,0.53708
330,352,47,33,66.25,0.53626
330,559.75,41,17.75,35.5,0.53585
330,436.25,159.5,13.75,27.5,0.53579
330,284.75,411.75,14.5,28.75,0.53561
330,324.5,1.5,12.25,24.5,0.53556
330,484.5,234.5,19.5,39,0.53509
330,123.75,413.5,17.75,35.25,0.53462
330,125.5,179,15.25,30.75,0.53389
330,356,392,16,32,0.5334
330,494,71.25,14.5,29.25,0.53252
330,440.75,316,12,24.5,0.53216
330,177.25,235.25,90.25,180,0.53165
330,563.75,446.25,15.5,30.75,0.53159
330,460,57.75,13.5,27,0.5315
330,-2.75,436.75,21,41.75,0.5314
330,-1.75,331,14.5,29,0.53133
330,431.25,419,28.75,57.75,0.5313
330,317.75,373.75,13.25,26.5,0.53129
330,51.5,180.75,15.75,31.25,0.53074
330,405,169,52.5,105,0.53068
330,448.25,215.25,12.25,24.5,0.5301
330,181,371.5,13.5,26.5,0.53003
360,309.25,388.5,14.25,28.5,0.55279
360,609.75,139.75,20,40.5,0.54841
360,187.25,253,16.75,33.75,0.54195
360,438.25,221,12.25,24.5,0.53882
360,199.25,438.5,20.25,40.75,0.5383
360,355.5,142,12.25,24.75,0.53733
360,124.5,173.5,19.25,38.5,0.53732
360,411,440,19,37.75,0.53687
360,540.5,107.75,12.25,24.5,0.53608
360,266,322,16.5,32.75,0.53603
360,108,410.75,15.25,30.25,0.53567
360,477,365,14,28,0.53547
360,348.25,211.75,14.25,28.5,0.53524
360,218,351,13.25,26.25,0.53487
360,536.25,171.5,14.5,29,0.53449
360,395,344.5,15.5,31,0.53413
360,539.75,172.5,22.75,45.25,0.53403
360,603,198.5,12.75,25.5,0.53368
360,551.5,186.75,20.25,40,0.53328
360,539.75,205.75,14.75,29.5,0.53296
360,157.75,394.5,13,26,0.53153
360,304.75,369,12.25,24.5,0.53083
360,628.25,438.75,12.5,25.25,0.53058
360,474.75,300.75,12,24.25,0.53058
360,373,337,15.75,31.5,0.53046
390,610.75,138.75,19,38,0.56011
390,117.25,221.25,17.75,35.75,0.55322
390,438,220.75,13.25,26.25,0.55003
390,539,174,24.5,49.25,0.54948
390,366,171.75,18.5,36.5,0.54524
390,610.75,423,13.25,26.75,0.54434
390,332.5,416.25,12.5,24.75,0.54198
390,549.75,433.75,12.25,24.25,0.54012
390,33.25,290.5,14.25,28.75,0.53967
390,96.75,305.25,12,23.75,0.53868
390,171.75,383.25,14,28,0.53738
390,570,184.5,14,28,0.53696
390,56.5,236.5,33.75,67.75,0.53622
390,427.75,359.75,26.5,53,0.53591
390,467.5,158,16,32,0.53533
390,110.75,276,15,30,0.53467
390,542.5,454.25,12.25,24.5,0.53411
390,188.25,121.25,12.25,24.25,0.5335
390,255.5,372.25,32,64,0.53338
390,86,290,15,30.25,0.53295
390,-1.5,255,12,24,0.53224
390,174,140,13.5,26.5,0.53224
390,155.5,233,98.75,198,0.53158
390,265.25,345,28.5,57,0.53143
390,198.25,380,12.25,24.5,0.53141
390,440.5,445,13.5,27,0.53132
390,181.25,197.25,15.25,30.5,0.53132
390,308.75,393.25,13,26,0.53128
390,-1.5,230.75,13.5,26.75,0.53124
390,100,210.5,12.5,25.5,0.53122
390,406.5,419.25,27,53.5,0.53104
390,624,163.5,12.5,25,0.53076
390,562.25,57.25,26,52,0.53067
390,-4.25,396.5,33.5,67,0.53059
390,72,175,12,24.25,0.53007
420,569.25,175,19.75,39.25,0.57931
420,132.25,186.25,12.75,25.75,0.55899
420,540.75,164.5,13,26.25,0.55301
420,363.5,171,19.5,39,0.54506
420,614,153.5,12.5,25,0.53873
420,294.75,245.5,28.25,56.75,0.5377
420,109.25,177.5,40.75,81.25,0.53743
420,610.75,150,14.25,28.5,0.53719
420,157,371.75,13.75,27.75,0.53694
420,586.75,92.5,12.75,25.25,0.53666
420,551.5,168,29.25,58.75,0.53658
420,120,412.5,14.25,28.5,0.53589
420,608.25,197.5,36.75,73.75,0.53533
420,613.75,197.5,13,26,0.53447
420,542.25,173.75,23.25,46.25,0.53438
420,293,175,19,37.75,0.53417
420,438.25,211.5,13.25,26.25,0.53395
420,348.25,415.25,13.75,27.5,0.53278
420,159,231.75,103.75,207.25,0.5319
420,409.5,165.75,51,102,0.53173
420,22.25,411.75,12.25,24.25,0.53095
450,463.25,422.5,24.5,49,0.55331
450,416,251.5,37.25,74.5,0.54655
450,567.75,66.25,22.25,45,0.54155
450,626,141.75,14.25,28.75,0.5412
450,125.5,184.25,13.75,27.25,0.54021
450,181.5,270.25,12.5,25.5,0.54005
450,203.5,348.75,57.75,115.25,0.53967
450,278,181.75,12.25,24.75,0.5393
450,388.5,161.5,16.25,32.75,0.53854
450,395.25,409,25.75,51.25,0.53796
450,472.75,167.75,11.75,23.75,0.53774
450,421.75,417.75,14,28,0.53772
450,147.25,248.75,106.75,213.25,0.53441
450,597.75,317,31.5,62.75,0.53427
450,124,157.75,13,26,0.53382
450,444.25,384.5,15.25,30.75,0.53375
450,40.5,351.25,12,23.5,0.53328
450,616.5,281,24,48.25,0.53266
450,124.25,298.75,20.75,41.5,0.53237
450,592.5,436.75,21,42.5,0.5323
450,-8.75,332.25,71.5,142.75,0.53144
450,213.25,273.25,92.5,185,0.53058
450,278.75,301,11.5,23,0.53004
480,89.5,178.25,43.75,87,0.56678
480,324.25,383.75,16.5,33,0.56554
480,209.25,249.75,17.5,35.25,0.55459
480,527.75,403.5,12.25,24.75,0.55406
480,294.75,265,22.25,44.5,0.55094
480,316.5,397.75,15.75,31.5,0.54971
480,169.75,282.25,20,40,0.54942
480,431.75,291.75,18.75,37,0.54938
480,171.5,297,17,33.5,0.54916
480,210.25,204.5,54.5,109,0.54734
480,307.25,395.25,19.5,39.25,0.54544
480,565.5,58,25.5,51.25,0.5437
480,332.5,385.25,15,29.75,0.54324
480,580.25,176.5,19,38.25,0.54243
480,406,272.5,13.25,26.5,0.54006
480,523.5,440.75,17.25,34.25,0.53785
480,377,387.5,23.75,48,0.53651
480,596,86.5,12.5,25,0.53572
480,-9.75,300,81.75,163.5,0.53506
480,406.25,257.25,12.75,25,0.53469
480,453.5,159.25,31.5,63.25,0.53436
480,157.75,295.25,13.25,26.25,0.53387
480,299,183,17.5,34.5,0.53352
480,349.25,414.75,13,26.25,0.53313
480,23.5,412.75,14,27.75,0.53186
480,525.25,162.75,17.5,35,0.5316
480,543.5,172,22.25,44.5,0.5316
480,532.5,105.5,12,24,0.53118
480,236.75,436.5,12.5,24.75,0.53027
480,538.25,175.75,66.25,132.75,0.53014
480,442.25,167.25,20.25,40.75,0.5301
510,583.75,167.5,28.5,57,0.56505
510,124.5,241.25,14.75,29.25,0.56061
510,149.25,310.25,14,28,0.55502
510,419.75,314.75,17.5,35.5,0.55309
510,406.25,286.75,14,28.25,0.55283
510,154.75,181,24.75,49.5,0.54746
510,317,398.5,13.75,27.5,0.54244
510,169.75,104.75,12,24.5,0.5411
510,107,232,16,32,0.5381
510,485.5,430.25,13,25.75,0.53758
510,364.75,351.5,15.25,30.75,0.5368
510,118,412.5,13.75,27.75,0.53669
510,164,304.75,16.25,32.5,0.53606
510,400,298.75,12.25,24.25,0.53504
510,568.25,148.5,11.75,23.5,0.53433
510,611.25,167,13.25,26.25,0.53403
510,604,169.25,14.5,29.25,0.53155
510,388.5,432.75,14.25,28.75,0.5315
510,140.25,319.75,15.75,31.75,0.53139
510,148.5,348.25,14.5,29,0.53107
510,332.5,112.75,15.25,30.5,0.53105
510,103,415.75,12.75,25.25,0.53041
540,107.5,326.5,12,23.75,0.55357
540,382.75,345,16.75,33.5,0.55021
540,379.25,178.75,14.5,29,0.54926
540,66.75,306.5,14.25,28.75,0.54778
540,582.75,412.75,29.5,59.5,0.54573
540,139.75,333.25,13.5,26.75,0.54324
540,452,396.25,15.75,31.25,0.54255
540,60.5,347.25,14.75,29.75,0.54111
540,444.75,218.25,33.75,67,0.5406
540,627.5,180,13,25.75,0.53977
540,287.5,288.5,13.25,26.25,0.53913
540,598,197.75,13.5,26.75,0.53829
540,100,362,15.75,31.25,0.53824
540,513.5,428.5,22,43.75,0.53674
540,440.5,427,11.75,23.75,0.53668
540,29.25,181,26.5,52.5,0.53564
540,607,184.5,13,26,0.53524
540,425.75,375,23.25,46.5,0.53349
540,571.5,91.25,12.25,24.25,0.53275
540,205.75,14.25,12.5,25.5,0.53247
540,309.25,449.25,13.75,27.75,0.53199
540,212.5,346.25,14.25,28.5,0.53162
540,449.25,209.25,21.5,42.75,0.53126
540,598.25,442.75,15.25,30.5,0.531
540,592.5,417.75,27.5,55,0.53098
540,108.25,377.25,12.5,25,0.53042
540,147.75,271.75,15,29.75,0.53038
540,626,143,14.25,28.25,0.53007
570,37.5,360.5,13.25,26.5,0.55876
570,133.5,388.5,14,28,0.55458
570,380.5,400.5,12,24,0.55061
570,175.5,185.5,15,30.25,0.54841
570,302.5,176.25,21,42,0.54681
570,175.5,96.5,15,30.25,0.54503
570,302,335.5,13.25,26.5,0.54357
570,195,386,15,30.25,0.54314
570,364.75,384.25,16.5,33,0.54288
570,153.25,358,12.75,25.25,0.54137
570,220.5,383.5,13.75,27.25,0.54134
570,347.75,411.25,15.5,31.5,0.54074
570,52.25,378.75,14.25,28.75,0.54004
570,212.5,369,13.5,27,0.53978
570,234.75,392.25,16.5,33,0.53973
570,331.5,353,12.5,25,0.53944
570,204.25,392.75,16,32,0.5388
570,220.5,104.75,12,24.5,0.53834
570,149.25,369,14,28,0.53735
570,188.5,401,15.75,31.5,0.53713
570,42,296.75,13.75,27.75,0.53698
570,56,370.25,12.25,24.75,0.53694
570,372.75,384.25,16.25,32,0.53589
570,531.5,256.25,14,28.25,0.53504
570,526.5,423.25,12.25,24.75,0.53486
570,-2.25,373.25,20.25,40.75,0.53468
570,420.25,393,12.75,25.75,0.53464
570,391.75,356.25,15.75,31.75,0.53395
570,213.5,36.75,40.5,81.25,0.53302
570,380,391.25,12.75,25.25,0.53266
570,57.5,182.25,21.5,42.75,0.53257
570,406,320.75,18,36,0.53207
570,445,394.75,15.25,30.75,0.5318
570,212,395.5,16,32,0.53097
570,86.25,307.5,30.25,61,0.5307
570,13,331,15.75,31.5,0.53066
570,548.25,172.75,14,28.25,0.53061
570,139,378.5,22.5,45.25,0.53061
570,407.5,314.5,12.75,25.75,0.53039
570,-1.5,193.25,15.5,31,0.53014
600,52,393,15,30,0.55741
600,62,274.75,15,29.75,0.55306
600,140,367.75,12.25,24.5,0.55142
600,44.5,395.75,14.25,28.25,0.55024
600,267.5,323.25,15,30,0.54868
600,252,320.5,16.5,33,0.54713
600,472.5,338.5,12.75,25.25,0.54501
600,525.5,412.75,11.75,23.75,0.54457
600,117.25,407.25,13,25.75,0.54439
600,626.25,322.25,15,30.25,0.54422
600,621.25,449.25,13.75,27.5,0.54378
600,300.75,183.75,12.75,25.5,0.54356
600,29.25,428.25,13,25.75,0.54307
600,150,452.75,12.25,24.5,0.54221
600,139.25,331.25,13,25.75,0.54128
600,320.75,172.75,25.75,51.5,0.54089
600,507.75,343.5,13,25.75,0.54078
600,109.25,400.5,12.75,25.75,0.53686
600,214.5,100.25,13,25.75,0.53601
600,92.5,355,13.25,26.25,0.53597
600,506.75,226,42.25,84.75,0.53561
600,115.5,347.5,18,36,0.53502
600,-3.25,194.5,27.75,55.5,0.53458
600,98,368,12.5,25,0.5345
600,226.5,99.25,13.25,26.5,0.53442
600,185.75,339.25,14.25,28.75,0.53397
600,289,168,147.5,295.25,0.53366
600,593,229.25,35.75,71.75,0.53366
600,55.5,281,13,25.75,0.53327
600,521.75,323.5,18.75,37.5,0.53297
600,508.5,223.5,33,66,0.53237
600,92.75,416.75,12,24.25,0.53123
600,228.5,177.75,16,31.75,0.53077
600,568,413.75,12.25,24.5,0.53064
600,365.75,196.75,13,26,0.53058
600,391.75,79,14,28,0.53041
600,52.25,389,14.5,29,0.53011
630,534,398.5,12.75,25.25,0.57295
630,460.25,400.5,12.25,24,0.55367
630,77.25,311.75,13.5,26.75,0.55305
630,202,396,13,26,0.5501
630,100.25,347,14.5,28.75,0.54943
630,227.75,391.5,13.75,27.75,0.54934
630,119.5,278,13.25,26.75,0.5489
630,60.5,308,15.25,30.5,0.54725
630,239.5,190.25,18,36,0.54719
630,92.25,165.5,27.25,54.5,0.54699
630,215.75,395.5,12.75,25.5,0.54669
630,219,84.25,14.5,29,0.54258
630,149,412.25,14,28,0.54217
630,247.5,342.25,13.5,27,0.54037
630,69.75,313,13.5,26.75,0.54019
630,53,311.25,14,28,0.54019
630,517,375.25,13,26,0.53844
630,308.75,167.25,30.75,61.75,0.53769
630,140.25,386.5,15.5,30.75,0.53643
630,125.5,405.25,13.5,27,0.5354
630,498,193.25,16.5,32.75,0.53532
630,-3,179.25,24,48,0.53462
630,144.25,81.25,29,58.25,0.53389
630,556.25,385.25,17,33.75,0.53342
630,534,156.25,12.25,24.5,0.53276
630,134.75,427,12.25,24.5,0.53254
630,587.25,367.5,16.5,32.75,0.53227
630,100,337.75,15,30,0.53215
630,575.75,97.25,12.5,24.75,0.53206
630,506.75,194.5,26.75,53.25,0.53193
630,444,334.75,12.25,24.5,0.53189
630,628.5,453.75,12.75,25.25,0.53187
630,426,150.5,18.25,36.25,0.53186
630,252.5,386.25,15.25,30.5,0.53178
630,278.25,332,13.25,26.75,0.5314
630,508.25,373.25,12.75,25.5,0.53119
630,257.5,347.5,18.75,37.5,0.53097
630,187.75,174.5,28.5,57,0.53091
630,481.75,201.25,18.5,37,0.53084
630,476.5,387.25,13.5,27.5,0.53083
630,287.75,182,14.25,28,0.53076
630,161.75,251.25,19,37.75,0.53065
630,-2.5,123.5,20.5,41,0.53027
630,524,383.75,20,40.25,0.53014
660,523.75,365.25,13.5,27,0.58039
660,516.25,368.5,14.5,29.5,0.56047
660,132.75,361.25,12.75,25.25,0.55659
660,277.25,406,14.5,29.25,0.554
660,44.5,254.75,13.25,26.25,0.55242
660,418.75,149.25,15.5,31,0.54864
660,501.75,388.5,13.25,26.5,0.54861
660,242,359.25,12.5,25,0.54395
660,348,198,14.25,28,0.54366
660,454,418.5,13.25,26.25,0.54334
660,263,182.5,15.75,31,0.54267
660,-9.5,71.5,78.5,156.75,0.54231
660,202.75,402,17.25,34.5,0.54136
660,348.5,399.75,13.5,27.25,0.54027
660,491.75,398.25,15.5,30.5,0.53891
660,99.5,274.5,15.25,30.5,0.53867
660,302,348.25,14.5,29.25,0.53853
660,392.5,50.25,13.25,26.25,0.5357
660,93.25,271.5,12.75,25.5,0.53565
660,155.5,405.75,15.25,30.75,0.53521
660,342.5,336.75,12.25,24.5,0.53519
660,222.75,182,12.75,25.5,0.53511
660,508,349.25,15.25,30.5,0.5345
660,300,380.5,16.5,33.25,0.53426
660,140,390.25,11.75,23.5,0.53418
660,344.75,221,11.5,23,0.53399
660,97.25,287,16.75,33.75,0.53371
660,150.5,405,16,32,0.53364
660,-2.5,180,20.25,40.5,0.53364
660,284.5,160.25,41.75,83.25,0.53337
660,468.25,412.5,13.5,27.25,0.53309
660,332.75,258.25,12,23.75,0.53294
660,237.25,310,13,26.25,0.53254
660,428.25,24.5,12.5,25,0.53254
660,516.75,176,39.5,79.25,0.53248
660,70.25,320.75,14.75,29.5,0.53247
660,290,386.5,13,26.25,0.53245
660,133.75,407.75,13.75,27.5,0.53243
660,509,14.25,14,28,0.5319
660,372.75,354.75,14.75,29.5,0.53144
660,485,225.25,13.25,27,0.53124
660,333,337.25,15,29.75,0.53113
660,609.25,438.5,20,39.75,0.5308
660,25,169.75,30.75,61.25,0.53045
690,453,384.5,13.75,27.25,0.56188
690,358.5,412.5,13.75,27.75,0.56024
690,553.75,253,20.25,40,0.55746
690,348.75,306.25,12.5,24.75,0.55593
690,149.5,395.5,13,25.5,0.55322
690,304.25,380,14,28,0.55016
690,248.75,184.75,17.5,34.75,0.54959
690,483.75,148.75,18.5,36.75,0.54775
690,437.25,168,12.25,24.5,0.54748
690,502.75,4.25,14,28,0.54704
690,279.5,311.75,13.75,27.5,0.54599
690,456.5,20.5,12.75,25.5,0.54493
690,155.25,407.25,12.25,24.75,0.54374
690,620,171.5,12.75,25.25,0.54211
690,476.25,337.25,14.25,28.25,0.53937
690,-1.5,433,14,27.5,0.5393
690,445.5,373.75,13.75,27.5,0.53708
690,321.5,329.5,20.75,41.5,0.53629
690,154.25,192,12.75,25.25,0.53614
690,545,223.25,34.25,68.5,0.536
690,276.25,123.5,16.25,32.5,0.53581
690,146.75,199.75,33.75,67.75,0.53571
690,605,440.25,13,26,0.53568
690,437.25,379.75,15.25,30.5,0.53537
690,339.75,232.5,15.25,30.25,0.53485
690,6.25,291,13.75,27.5,0.53474
690,310.5,343.75,13.5,27,0.53417
690,216.5,197.75,11.75,23.5,0.53382
690,172.5,389.25,12.25,24.5,0.53328
690,91,395.75,11.75,23.25,0.53295
690,506.75,321.25,14.75,29.25,0.53234
690,312.5,400.5,14,28,0.53229
690,380.25,418.25,13.5,27.25,0.53215
690,553.75,416.75,30.5,61,0.53184
690,460,373.5,14.25,28.25,0.53175
690,476.5,354.25,12.75,25.5,0.53142
690,218,307.75,21.25,42.75,0.53101
690,27.75,307.5,17.75,35.5,0.53091
690,174,408,13.75,27.75,0.53084
690,580.75,76.75,12.75,25.5,0.53072
690,300,398.5,12.75,25.5,0.53033
690,188.5,165.25,28.5,57.25,0.53021
720,365,377.5,25,50,0.56581
720,512.75,149,119.25,238.5,0.54982
720,197.5,401.5,14,28,0.54561
720,326,370.75,13.75,27.5,0.54461
720,-10,256,82.5,164.75,0.54353
720,515.5,384.25,16.5,33.25,0.54227
720,618.25,417.25,23.25,46.5,0.5419
720,295,379,12.75,25.25,0.54165
720,620.5,138,19.5,39.25,0.54154
720,626,421.75,13.25,26.75,0.54091
720,396,378.75,15.75,31.25,0.53936
720,146.75,196.5,52.5,105.25,0.53916
720,265.5,112.75,16.5,32.5,0.53874
720,301.25,374.5,14.75,29.25,0.53871
720,90.25,253,14.5,29,0.53831
720,386.75,409.25,16.5,33,0.53754
720,292.75,348,18,35.75,0.53736
720,294,120.25,12.25,24.75,0.53633
720,228.25,182.25,18.25,36.25,0.53583
720,436.25,415.5,11.75,23.25,0.53527
720,204,353.75,12.5,25,0.53524
720,460.5,400.5,12,24,0.53452
720,83.5,259,14.5,29.25,0.53436
720,283.75,350,14.25,28.75,0.53361
720,334,388.5,12.75,26,0.53334
720,156.25,403.25,15.25,30.5,0.5333
720,276,412.5,13.75,27.5,0.53328
720,292.25,154,14,28.25,0.53275
720,522.5,412,16.75,33,0.53252
720,164.75,164,29.25,58,0.53249
720,83.75,398.75,16.25,32.5,0.53211
720,503.75,359.5,12.75,25.75,0.53197
720,539.25,402.25,15.25,30.5,0.53187
720,164.5,402.75,14.75,29.5,0.53094
720,476,421.75,13.75,27.75,0.53082
720,0.25,414.5,12.25,25,0.53072
720,334.5,193,17.75,35.75,0.53066
720,316.25,342,16,32.5,0.53047
720,503,76.75,19.25,38.25,0.53046
750,348.25,413.5,14.75,29.25,0.56078
750,139,306.25,16.5,33,0.5529
750,487.25,164.75,34.5,69,0.55015
750,330.75,260.75,37.75,75.5,0.54947
750,309,2,14.5,29,0.54701
750,16.5,278.75,13.75,27.75,0.5443
750,352.75,270.5,63.5,126.75,0.54353
750,215,183.5,22.75,46,0.53949
750,268.5,409,15.75,31.5,0.5393
750,556.5,441.75,16.25,32.5,0.53902
750,284.75,408.75,13.25,26.25,0.53821
750,172.5,200.5,14.25,28.5,0.53731
750,24,275.5,13,26.5,0.5367
750,419.5,290.75,13.5,27.25,0.53604
750,364.25,409,12.5,25.25,0.53522
750,548,428,12.25,24.25,0.5348
750,159,175.25,24.25,48.75,0.53385
750,17.75,274.75,57.75,115.5,0.53375
750,119.75,283,13,26,0.53281
750,220.25,397.75,14,28,0.53236
750,331.25,262.5,67,134,0.53216
750,76.75,284.5,39.75,79.5,0.53215
750,597.25,314.5,13.25,26.25,0.532
750,282,121,31.75,63.5,0.53191
750,227.75,32.5,12.25,24.5,0.53184
750,52,193.25,12.25,24.25,0.53181
750,55.25,315,38.75,77.25,0.53148
750,493.25,186.5,25,50.25,0.53126
750,149.5,307,15.25,30.5,0.53081
750,252.25,108.5,11.75,23.5,0.53032
750,574,51.25,12.25,24.25,0.5302
780,236,110.5,14.25,28.5,0.56451
780,172.75,108.25,11.75,23.25,0.56029
780,60.25,379.25,13.25,26.5,0.55921
780,168.75,337.75,62.5,125,0.55611
780,117.5,277.5,13.25,26.5,0.55359
780,123.25,203,126.5,252.75,0.55031
780,44.25,395.75,14,28,0.54966
780,298,150.25,18.75,37.25,0.54672
780,347,358.25,52.25,104,0.54572
780,310.5,345,52.25,104.5,0.54347
780,606.25,184.5,12.5,25.25,0.54184
780,-4.25,346.5,35.5,71,0.54061
780,372,379.5,41.75,83.75,0.53942
780,540.5,449,12,24.25,0.53923
780,61,198.75,132,264,0.53857
780,52.75,383.5,13.75,27.5,0.53848
780,365.25,371.75,45.5,91,0.53842
780,340.5,402.25,34.25,68.75,0.53832
780,70,389.5,13,25.75,0.53797
780,85,266.25,15.75,31.25,0.53787
780,70,380.75,12.5,25.25,0.53744
780,550.25,446.25,13.25,26.25,0.53656
780,140,248,12.5,24.75,0.534
780,364,288.5,86.25,172.5,0.53397
780,613,211.5,29.5,59.25,0.53377
780,126.25,109.75,12.25,24.75,0.53349
780,392.5,443.5,12.75,25,0.53332
780,420,342,13.25,26.5,0.53314
780,600.5,441.5,15.5,31,0.53274
780,268.5,382.75,16.75,33.25,0.53196
780,22.25,411.75,13.5,27,0.53147
780,76.25,380.5,13.75,27.75,0.53067
780,178.25,432.25,21.25,42.5,0.53056
810,212.75,405.5,14.5,29.25,0.57222
810,540,16.75,12,24,0.56215
810,469.75,402.5,14,27.75,0.55628
810,84,298.75,15.75,31,0.55356
810,217.5,351,17,33.75,0.55079
810,348.5,360.5,13,26,0.55025
810,77,315.75,14,28.25,0.54875
810,293,355.5,14,27.75,0.5481
810,379.75,418.25,15.5,30.5,0.54528
810,35.25,112.5,13.5,27,0.54483
810,330,312,12.25,24.75,0.54477
810,545.5,281.75,24.75,49.5,0.54382
810,237.75,343,12.75,25.5,0.54272
810,333,417,15,29.75,0.5418
810,124.75,336.5,16,31.75,0.5418
810,126,327,12.75,25.75,0.54171
810,320.5,115,14.5,29.25,0.54121
810,264.25,311.75,12.75,25.5,0.54082
810,376.75,109,14.25,28.25,0.53994
810,400.75,207.25,21.75,43.25,0.53922
810,166,279,12.75,25.5,0.53851
810,254,118.5,13.5,26.75,0.53794
810,422.25,378.5,13,26.25,0.53782
810,260,119,12.75,25.75,0.5374
810,92,368,16,32,0.5371
810,476,204,12.5,24.75,0.53692
810,509,412.75,14,28.25,0.53617
810,429.5,385.25,15.25,30.5,0.53592
810,19.25,383.75,16.25,32.75,0.53584
810,460.25,402,15.25,30.75,0.53566
810,180.25,320.25,16,31.75,0.53543
810,389.5,372.75,13.75,27.25,0.53503
810,475.5,400.75,15.75,31.25,0.53493
810,8.75,247,11.5,23,0.53469
810,253,343.75,13,26,0.53468
810,311,334.75,14.25,28.25,0.534
810,298.25,217,19.25,38.25,0.53392
810,156.25,106.75,12,24.5,0.53365
810,364.5,369.25,11.75,23.5,0.53341
810,160,107.75,12.25,24.75,0.53323
810,490,187.75,18,36,0.53307
810,596.75,325.25,14.75,29.25,0.53301
810,93.5,428.5,12.5,25,0.53291
810,506.5,275,15.25,30.5,0.53248
810,289.75,186.5,36.25,72.5,0.53246
810,138.75,200.5,19,38.25,0.53214
810,141,382.5,13.25,26.5,0.532
810,620.75,394,11.5,23,0.5318
810,308.75,129,11.5,23,0.53148
810,228.5,393,15.75,31.5,0.53142
810,507.75,419.25,15.75,31.75,0.53134
810,285.5,118.5,13.25,26.5,0.53118
810,443.75,407.75,12.5,25.25,0.53111
810,484,318.5,12,24.25,0.53106
810,491.75,117,22.75,45.5,0.53068
810,19.5,173.25,19,38.25,0.53064
810,205.75,65,12.5,25.5,0.53048
810,571.75,366.75,16.5,33,0.53036
810,309.75,407.75,12.75,25.75,0.53032
810,44.25,398.25,14.25,28.5,0.5301
810,489.5,98.75,32,63.75,0.53002
840,429.25,412.75,14,28.25,0.56857
840,274,317,13.25,26.5,0.56477
840,126,105,12.75,25.5,0.55961
840,304.75,96.5,12.5,24.75,0.5571
840,358,367,12.5,24.75,0.55667
840,13.75,167.25,20.75,41.75,0.55632
840,573,331.5,13.75,27.25,0.55568
840,493.75,310.75,13.25,26.5,0.55449
840,428.5,306.25,12.75,25.25,0.55427
840,77.25,363.5,13.5,27.5,0.55258
840,140.75,393.5,15.25,30.75,0.55256
840,120.25,87.75,22.25,44.25,0.55225
840,142,407.75,12.5,25,0.5511
840,376.25,369.5,12,24.25,0.54933
840,42,395,19.75,39,0.54555
840,365.75,348.25,14.5,29.25,0.54487
840,307.75,361.75,17.25,34.75,0.54479
840,516.25,322.25,15,30.25,0.54392
840,391.25,354.75,11.75,23.5,0.54344
840,611,297.5,14.75,29.75,0.54304
840,28.5,348.75,15.5,31,0.54172
840,231.75,391.5,12.75,25.5,0.54166
840,483.75,85.75,13.5,26.75,0.5403
840,123.75,310.25,13.5,27.25,0.54024
840,604.75,317.5,13.75,27.5,0.5397
840,476.5,311.25,12.75,25,0.53947
840,577.75,445.75,13.75,27.75,0.5381
840,160.25,107.5,12.25,24.5,0.53804
840,443.75,84.5,12.5,25,0.53792
840,261.75,48.5,15.75,31.75,0.53777
840,260.5,301.75,15,30.25,0.53737
840,60.25,268.75,14,28.25,0.5372
840,556.75,345.75,14,27.75,0.53717
840,460.25,312.5,15,30,0.53589
840,101,350,18,35.75,0.53559
840,333.75,328,13.25,26.25,0.53537
840,106.75,345,11.5,23.25,0.5351
840,557.25,445.25,14.25,28.25,0.535
840,478,380.25,13.75,27.5,0.53411
840,424,189.5,52.25,104.5,0.53403
840,452,443.75,14.25,28.5,0.5335
840,132.75,399.75,14,28,0.53345
840,21,407,14.5,29,0.53318
840,265.75,318.25,13.25,27,0.5329
840,485,317.25,16.5,33,0.53264
840,60.75,379.5,13.25,26.5,0.53231
840,65,180.5,36.5,72.75,0.53209
840,614,36,13.5,26.5,0.53202
840,297,96.75,11.5,23.25,0.53194
840,421,115,15.5,30.75,0.53181
840,429.75,404.75,14.25,28.75,0.53166
840,590.25,85.25,19,38.25,0.53164
840,485.5,397,14.5,29,0.53162
840,422,412,15,30,0.53106
840,204.75,353.5,15.75,31.75,0.53098
840,564.5,368.5,14.75,29.75,0.53075
840,500.25,394.75,14,28.5,0.53053
840,246,390.75,14,28.25,0.53025
870,225.5,66.25,24.5,49.25,0.57041
870,563.25,32.25,12.75,25.25,0.56021
870,528.5,203.25,26.75,53.5,0.55972
870,280.5,142.5,19,37.75,0.55246
870,296.5,376.5,11.75,23.5,0.54923
870,45,305.75,12.25,24.5,0.54869
870,538,95.75,13,26,0.54773
870,479.25,156.5,13.5,27.25,0.54712
870,611.5,68.5,13.5,27,0.5465
870,535.75,368.5,13.25,26.5,0.54644
870,604,350,14.25,28.5,0.54587
870,200.25,417.25,12,23.75,0.54491
870,563,448,13,26.5,0.54386
870,397.25,56.5,13.75,27.25,0.53973
870,270.75,342.5,15,30.25,0.53973
870,587,383.75,16.25,32.75,0.53959
870,572.75,384,13.25,26.25,0.53951
870,581.5,140.75,47.25,94.75,0.53857
870,132.25,386.25,13.5,27.25,0.5384
870,560,34,12.25,24.5,0.53834
870,232.75,325.5,25,50,0.53812
870,567,99.5,15,30,0.53785
870,23.25,211,15,29.5,0.53783
870,421.5,398.5,13,26.25,0.53743
870,444,422,15,30.25,0.53734
870,90,330.25,14.75,29.5,0.53651
870,70.5,414.25,13.5,27,0.53632
870,240,282.75,11.75,23.5,0.53549
870,489.5,162.5,71.5,143.25,0.53504
870,448,371,15.25,30.5,0.53457
870,200,276,13.25,26.5,0.53454
870,236.5,283,11.75,23.75,0.53424
870,68.25,402.5,16.75,33.25,0.53395
870,596,378.75,14.75,30,0.53347
870,51.75,332,13.75,27.25,0.5327
870,16.25,208.75,15.5,31.25,0.53258
870,36,346.5,20.25,40.5,0.53239
870,24,224.5,12.25,24.5,0.53204
870,283.75,328.75,21,41.75,0.53195
870,88.25,313.25,11.75,23.25,0.53166
870,44.5,353.5,13.25,26.25,0.53121
870,516.25,137,13.75,27,0.53109
870,628.5,355.5,12,24,0.53109
870,258,394,13.75,27.5,0.53105
870,95,259.25,60,119.75,0.53065
870,299,32,17.5,35,0.53032
900,600.25,14.25,13,25.75,0.56693
900,99.5,309.25,16.5,33,0.56118
900,44,348.25,14.5,29,0.56075
900,324,337,14.5,29.25,0.55881
900,595.75,444.75,13.75,27.75,0.55666
900,356.75,364.5,14.25,28.25,0.55573
900,390,374.5,13.5,27,0.55536
900,611.25,300.75,28.75,57.25,0.55207
900,311.75,382.5,12.5,25.25,0.55172
900,77.25,247.25,13,26.25,0.5498
900,92.75,349.75,14,28.25,0.54919
900,211.75,367.5,16.25,32.5,0.54722
900,70,414.75,12.75,25.25,0.54657
900,60.75,351,14,28.25,0.54496
900,557,14,11.5,23.25,0.54468
900,405,47.25,13.25,26.5,0.54429
900,204,368.75,16,32,0.54402
900,288.25,408,12.25,24.75,0.54354
900,344.5,76.75,11.75,23.75,0.54219
900,504.5,412,12,24.25,0.54181
900,560.25,62.75,36.25,72.75,0.54167
900,20,406.75,16,31.5,0.54141
900,123.5,387.5,16.25,32,0.54126
900,463,119.25,13,26,0.53979
900,389.25,387.25,15,30,0.53881
900,180.75,255,13.5,27,0.53865
900,200,312.5,13,26.25,0.5384
900,347.25,384.25,16,32,0.53811
900,160.25,303.75,16.75,33.5,0.53731
900,220.5,381.75,13.25,26.25,0.53701
900,132,388.5,15.5,30.75,0.53698
900,527,12.25,12.75,25.5,0.53685
900,180.5,402.75,15.25,30.25,0.53674
900,540,10.5,13,26,0.53636
900,141.75,415.75,12.75,25,0.53622
900,83.75,407.25,16.25,32.75,0.53622
900,140.5,402.5,15,30,0.53597
900,177,360,12.25,24.5,0.53563
900,53.25,406.75,13.5,26.75,0.53562
900,187.5,385.75,17.25,34.25,0.53537
900,292,389.5,12.75,25.25,0.53535
900,47,361.25,22.75,45.5,0.53519
900,380.25,358.75,13.25,26.25,0.53471
900,173.5,307.5,15.25,30.75,0.53408
900,524.5,300,16.5,33,0.53397
900,435.25,392.5,15.5,31.25,0.53385
900,220.5,396.5,16.5,33,0.53374
900,44.25,412.75,14.25,28.25,0.5336
900,468.75,360.75,12.25,24.75,0.5335
900,508,387.5,13.75,27.75,0.5334
900,570.75,162.25,21.25,42.5,0.53312
900,6.75,134.5,13.5,27,0.53308
900,236.25,397.5,18.5,36.75,0.53285
900,316.25,76.5,12.25,24.5,0.53268
900,172.25,254.25,12.75,25.25,0.53251
900,163.75,350.25,20,40.5,0.53244
900,238.25,311,14,28,0.53196
900,37,358.25,14,28,0.53173
900,626.75,433.25,12.5,25.5,0.53134
900,579.5,226.5,66.75,133.25,0.53133
900,31.25,315.75,12.75,25.75,0.53087
900,357.75,401.5,15,30,0.53037
900,164.5,394,15.25,30.75,0.53025
900,413.75,415.5,13,26.5,0.53003
930,188,318.5,13.5,27,0.57776
930,60.5,315,15.5,30.75,0.56841
930,220.5,405.25,13.75,27.5,0.55194
930,239.75,324.75,12.5,25,0.54953
930,331.5,357,13.75,27.25,0.54798
930,278.25,380.5,12.5,25.25,0.54635
930,271.25,400.25,15.75,31.75,0.54532
930,522.25,12.25,18.25,36.5,0.54288
930,502.25,17.25,15.75,31.25,0.5414
930,582.75,48.5,12.75,26,0.53912
930,255.75,328,12.25,24.75,0.53901
930,173,370.75,14,28,0.5388
930,37.75,294,13.25,26.75,0.53816
930,231.75,446.25,13,25.75,0.53793
930,277,332.5,15,29.75,0.53722
930,488.75,21,30.75,61.5,0.53625
930,494.25,381,12.5,24.5,0.5357
930,285,332.5,12.25,24.5,0.53541
930,172.25,300.75,14.5,29,0.53534
930,269.75,273,15.75,31.75,0.53498
930,436.25,98.75,16.25,32.25,0.53484
930,132.25,346.5,14.25,28.25,0.5344
930,586,97,35.5,70.75,0.53432
930,252,327.5,12.25,24.75,0.53422
930,124.5,345.5,14.5,29,0.53404
930,221.5,336,15.25,30.75,0.53355
930,13,329,13,26,0.53343
930,419.5,398.25,13.75,27.5,0.53332
930,72.25,442,12.25,24.75,0.53303
930,30,16.25,12.25,24.75,0.53273
930,156.5,378.25,15.75,31.5,0.53267
930,502.25,100.5,76.25,152.5,0.53189
930,164.25,391.25,14.5,29.25,0.53186
930,515.75,128,14.75,29,0.53176
930,132.5,234.25,16.5,33,0.53131
930,189,291.75,26.5,53,0.53081
930,613.75,244.5,28.75,57.5,0.53057
930,181.5,276.25,15.75,31.25,0.53045
930,481.75,13.75,17.75,35.5,0.53031
960,385.5,127.25,32.75,65.5,0.57429
960,35.75,388.25,13.75,27.5,0.57078
960,221.75,316,14.25,28.75,0.55878
960,197.75,281,13.75,27.5,0.55871
960,540.25,415.5,12.75,25.5,0.55511
960,44.5,394.5,15,29.75,0.55426
960,229.75,308.5,13.75,27.75,0.54734
960,351.5,375.25,12.75,25.5,0.54697
960,593.25,75,20,40.5,0.54608
960,406.25,385,12,24,0.54457
960,64.5,314,15,29.5,0.54361
960,390.25,162.5,19.5,39,0.53985
960,92.75,252.75,12.5,25,0.53916
960,155.75,256.75,13,26,0.53913
960,196,154,13.75,28,0.53869
960,436.5,376.25,13,26,0.53831
960,626.5,412.5,14.25,28.5,0.53744
960,312,68,64.25,128.5,0.53737
960,28.25,256.75,15.5,31,0.5372
960,201.25,440.5,13,26,0.5372
960,124.5,230.75,12.75,25.5,0.53666
960,52,322.5,12,24,0.53646
960,565.75,419.5,13.75,27.5,0.53619
960,408.5,38.75,12,24,0.53605
960,117.25,243.75,15.25,30.5,0.53602
960,8.25,264.25,12.25,24.5,0.53578
960,127.5,229.25,13.75,27.5,0.53576
960,595,48.5,16.5,33,0.53567
960,52.75,397,13.75,27.5,0.53563
960,52.75,372.5,14.25,28.25,0.53552
960,261.25,275.5,14.25,28.5,0.53434
960,550.5,51.75,12.75,25.25,0.5342
960,116.5,230.75,15.25,30.75,0.53315
960,464.75,357,11.75,23.5,0.53226
960,86.25,315.75,14,28,0.53221
960,80,299.5,15.75,31.75,0.53213
960,229,321.75,14,28,0.53207
960,294.25,310.25,13,26,0.53204
960,409.75,396.5,14,28.5,0.5318
960,71,257,11.75,24,0.53134
960,578.25,93,12.25,24.5,0.5312
960,217.25,354.5,11.75,23.5,0.53103
960,271.75,118.75,12.75,25.5,0.53101
960,324.5,301.5,13.75,27.5,0.53087
960,188,246,13.25,26.75,0.5308
960,175,252.5,11.75,23.75,0.53055
960,347.25,387.5,12,24,0.53051
960,599.75,128.75,12.5,25,0.53042
960,400,364.75,12.5,24.75,0.53034
960,296.75,273,11.5,23,0.53003
990,180.5,390.5,14,28,0.58511
990,108.75,352.5,14.5,29,0.56533
990,438,368.75,14.25,28.5,0.562
990,564.5,15,13,26.25,0.56151
990,84,368.25,16,32.25,0.55894
990,508.75,120.75,48.75,97.25,0.55739
990,108.25,250,15.25,30.5,0.55243
990,159,337.5,12.25,24.75,0.55216
990,324.75,370.25,15.25,30.5,0.54925
990,515.75,164.75,24.5,48.75,0.54653
990,389.75,16.75,30,59.75,0.54621
990,117.75,339.75,15,29.75,0.54562
990,255.25,267.75,12.75,25.5,0.5447
990,99.75,337.75,15.75,31.5,0.54394
990,172.75,259,12,24,0.54319
990,451.5,380.25,14.25,28.5,0.54192
990,107.75,321,16,32,0.54095
990,403.75,388.25,14.5,29,0.53989
990,92.75,356,14.75,29,0.53978
990,389.5,380.25,13.75,27.75,0.5373
990,156.25,440,13.25,26,0.53703
990,236.5,262.5,14.5,29.25,0.53664
990,77,278.25,13.75,27.5,0.53663
990,226.25,259.25,15,30.25,0.53646
990,277.25,356.25,14.25,28.5,0.53638
990,187,300.5,17.75,35.75,0.53619
990,140.5,438.25,15.25,30.75,0.53569
990,292,393.75,13,25.75,0.53567
990,164,262,16.25,32.5,0.53493
990,166.25,439.5,13,26.25,0.53456
990,133,294.25,15,30,0.53406
990,344.75,378,11.5,23,0.53383
990,204.5,436.5,15.5,30.75,0.53353
990,373,93,12.5,25,0.53353
990,92.75,260.75,14.75,29.25,0.53317
990,339.75,362.25,19.25,38.25,0.533
990,148,435.75,16.25,32.5,0.5328
990,389.5,402.5,13.75,27.5,0.53278
990,277.5,380.25,14,27.75,0.53263
990,339.25,20.5,37.75,75.25,0.53261
990,214.5,259.75,12.75,25.75,0.53235
990,618.5,413,22.5,44.5,0.53217
990,140.75,249.25,22,44,0.53217
990,275.75,335.25,13.5,26.75,0.53215
990,116.75,252.25,14.75,29.5,0.53131
990,179,44.75,78.25,156.75,0.53084
990,76,371,15,29.75,0.53074
990,278.25,280.75,12.75,25.5,0.53051
990,598.25,8.5,12.5,25,0.53018
990,269,350.5,13.75,27.5,0.53011
1020,84.5,312.5,12.5,25,0.56661
1020,139.75,381.5,12.75,25.5,0.55637
1020,69,302.25,13.75,27.75,0.55609
1020,391.25,368,12.25,24.75,0.54878
1020,61,298.25,13.5,27,0.54674
1020,315.75,340.75,13.5,27.25,0.54586
1020,100.25,183.75,12.75,25.5,0.54234
1020,340.5,375.5,15.75,31.25,0.54076
1020,109.25,314,13.25,26.5,0.54057
1020,180.25,377.75,18.5,36.75,0.54041
1020,84.5,362.25,12.25,24.25,0.54029
1020,58,178.25,13,26.25,0.54009
1020,500.5,402.5,15.25,30.75,0.5374
1020,181.75,329.75,13.25,26.25,0.53632
1020,-4.75,98,37.75,75.5,0.53541
1020,42.75,333.5,11.75,23.5,0.53526
1020,84.5,173,12.75,25.75,0.5351
1020,172.75,315.25,15,30,0.535
1020,596.5,116.5,12,24,0.53446
1020,132.75,332,13.5,27,0.53358
1020,412,383.75,16.25,32.5,0.53273
1020,470.75,373.25,13.25,26.5,0.53259
1020,572,286.5,14.25,28.5,0.53238
1020,368.25,368.5,12.25,24.25,0.5321
1020,271.75,291.5,12.25,24.5,0.5318
1020,572.5,144.75,12.5,24.75,0.53171
1020,260.75,362.75,15.25,30.75,0.53128
1020,363.5,41,27.25,54.75,0.53119
1020,604.5,380.25,14,28.25,0.53079
1020,147.5,382.75,12.75,25.5,0.53073
1020,526.75,278,13.5,27,0.53052
1020,124.75,333.75,18,36,0.53014
1050,324.75,380.75,14,28,0.56218
1050,172.25,313.25,15.5,31,0.5512
1050,317.25,387,14.5,28.75,0.54715
1050,139.25,181,14.75,29.25,0.54673
1050,188.5,194,13.5,27,0.54619
1050,109,321.75,14.75,29.5,0.54499
1050,21.25,390,13.75,27.25,0.54386
1050,53.25,394,13.5,26.75,0.5427
1050,156.25,385.5,15.25,30.75,0.54097
1050,108,331,15.25,30,0.53969
1050,290.25,154.25,13.25,26.25,0.5394
1050,54.25,229,13.5,27,0.53911
1050,28.5,301,14.75,29.25,0.53789
1050,140.5,191,12.5,25.25,0.53651
1050,181.5,315,15,30,0.53587
1050,35.75,308.75,16,31.75,0.53544
1050,96.75,135.75,13.25,26.25,0.53543
1050,357.5,424.5,14,28.25,0.5353
1050,302,433.5,13,25.75,0.53511
1050,189,316,14.25,29,0.53429
1050,604.25,358,13.75,27.75,0.5336
1050,294,157.25,12.5,25.5,0.53321
1050,578.25,283,38.5,76.75,0.53302
1050,79.5,140,22.75,45.5,0.53229
1050,50.5,131,127.25,254.5,0.53187
1050,427.25,420.25,15.25,30.5,0.53181
1050,596.75,359.25,13.5,26.75,0.53118
1050,30,160.25,12.75,25.5,0.53107
1050,380.25,422,12.5,24.75,0.53101
1050,37.5,227.75,13.5,27,0.53094
1050,572.25,367.25,14.75,29.75,0.53019
1050,164.25,384.5,15.75,31.5,0.53016
1080,36.5,327.5,15,30,0.56136
1080,100.25,296.75,15,29.75,0.55622
1080,50.75,324,17.5,34.5,0.55478
1080,252.5,362.25,15.5,31.5,0.55282
1080,243.5,211,14.75,29.25,0.5512
1080,364.75,354,15.5,31.25,0.54842
1080,510.5,48.75,12,24,0.5484
1080,116.5,375.25,15.75,32,0.54748
1080,284.75,348.25,15,30,0.5473
1080,357,342.5,13,26.25,0.54686
1080,61.25,317.75,13.75,27.5,0.5439
1080,132.5,337.75,16,31.75,0.54375
1080,239.5,196.75,20,40,0.5435
1080,197.25,340.75,14.75,29.5,0.54339
1080,532,72,12.25,24.75,0.54327
1080,307.5,333.5,18.25,36.5,0.54313
1080,236.25,306.25,12.5,24.75,0.54306
1080,109.5,291.25,14.25,28.75,0.54196
1080,396,364.75,16.75,33.75,0.54096
1080,68.5,348.25,15,30.25,0.54085
1080,564.75,314.75,13.75,27.25,0.54082
1080,164,441.75,13,26,0.54012
1080,123.25,157.75,13,25.75,0.53986
1080,220.75,325.25,13.75,27,0.53978
1080,268.5,335.5,15.75,31.5,0.53842
1080,37.75,250.75,13.25,26.5,0.53824
1080,304.5,219,17.75,35.5,0.53754
1080,492.5,352.25,13.25,26.25,0.53751
1080,204.75,319.5,13.5,27.25,0.53734
1080,410.25,425.5,19.5,39,0.53729
1080,197,319,14.25,28.25,0.53714
1080,28.25,240.5,15.5,30.75,0.53705
1080,157.5,295,13.5,27.25,0.53666
1080,269,350.5,13,26,0.5362
1080,619.5,331,13.25,26.75,0.53535
1080,581.5,321.5,14.75,29.75,0.53474
1080,121.25,432,16.25,32.5,0.53434
1080,217.5,427.5,19,38.25,0.53425
1080,141,325.25,14.25,28.25,0.5338
1080,147.75,318,17,34.25,0.53358
1080,28,302.25,15.75,31.5,0.53324
1080,37.25,144,22.75,45.25,0.5332
1080,355,435.75,14.25,28.25,0.53319
1080,19.75,433.75,15.5,31,0.53284
1080,56,385,12,24.25,0.53272
1080,606.75,317,11.5,23,0.53266
1080,576,165.75,13,26,0.53251
1080,166.25,327.25,13,25.5,0.53246
1080,598,320.25,14,28,0.53239
1080,508.5,355.25,15,30.25,0.53156
1080,124.5,289.5,15.75,31.75,0.53147
1080,144,442,12,24,0.53145
1080,261.25,336.25,14.5,29,0.53139
1080,250.75,331.5,20.25,40.5,0.53099
1080,44.75,309,12.5,25.25,0.53056
1080,116.75,365.5,13.75,27.25,0.53033
1080,182,147.25,17,34.25,0.53031
1110,198,320.5,13,26.5,0.56113
1110,262,379.5,13.25,26.5,0.55691
1110,292.25,331.25,13,26,0.55681
1110,157,263.75,13,25.75,0.55603
1110,203.25,291,15.75,31.25,0.55365
1110,135.25,255.5,16.5,32.75,0.55322
1110,220.75,373.5,14.75,29.5,0.55296
1110,117.5,274.75,13.5,27.25,0.55282
1110,102.5,305.25,13.25,26.25,0.55066
1110,326,398,13.75,27.75,0.55019
1110,331.25,148,27.5,54.75,0.54967
1110,422,394.75,13.25,26.25,0.54927
1110,94.75,319,15.75,32,0.54902
1110,400.5,219.75,28.25,56.25,0.54867
1110,180.5,283.25,14.75,29.25,0.5475
1110,-3.5,143,27.75,55.25,0.5474
1110,248.5,451.25,11.75,24,0.54677
1110,180.75,365.75,16.25,32.75,0.54562
1110,547,62.75,17,33.75,0.5456
1110,276.25,320.75,16.25,32.75,0.54527
1110,406.25,239.75,21.75,43.5,0.54499
1110,603.75,400.5,15.25,30,0.54485
1110,324.25,321,12,24.25,0.54436
1110,170.25,309,35.25,70.25,0.54419
1110,332,386.75,18,35.5,0.54363
1110,172.5,273.25,15.5,30.75,0.54197
1110,109,232.25,12.5,24.75,0.54153
1110,162.5,416.75,11.75,23.5,0.54114
1110,260.25,324.75,16.5,32.75,0.54057
1110,406.25,410.75,12.5,25.25,0.54026
1110,76.5,360.5,11.75,23.75,0.53981
1110,386.5,268.5,12,24,0.53974
1110,159,161.75,21.75,43.75,0.53926
1110,568.25,62.25,11.75,23.75,0.53918
1110,428.75,412.25,14.25,28.75,0.53876
1110,164.25,264.75,12.25,24.5,0.53863
1110,221,316,14.75,29.25,0.53772
1110,566.25,104,85,169.75,0.53759
1110,98.75,158,13.75,27.5,0.53749
1110,58.75,365,26.25,52.5,0.53746
1110,253.5,163.5,16,31.75,0.53737
1110,628.25,353.75,12.75,25.5,0.53654
1110,587.75,365.75,17,34,0.53642
1110,318,396.5,14,27.75,0.53617
1110,359,364.5,12,23.75,0.536
1110,512.75,265.75,28.5,57,0.53575
1110,167.5,260,14.25,28.75,0.5356
1110,77.5,341.5,13.75,27.5,0.53545
1110,84.25,394,15,30,0.53458
1110,164.25,184.5,12.25,24.5,0.5345
1110,543,337.75,13.25,26.5,0.53402
1110,364.75,363.75,12.25,24.5,0.53388
1110,123.75,448.5,12.75,25.5,0.53386
1110,103,282.75,13,26,0.53376
1110,85.25,331,14.5,29.25,0.53368
1110,126,390.25,13.5,26.75,0.5335
1110,443.5,364.5,12.5,25.25,0.5333
1110,132.75,453,12.5,24.75,0.53289
1110,571.5,206.25,21.25,42,0.53269
1110,525.5,366.75,12.5,25,0.53254
1110,407.5,222.75,18.75,37.75,0.53213
1110,514.5,405.75,13.25,27,0.53209
1110,29.25,334.75,15.75,31.5,0.53195
1110,124.25,336.25,12.5,25,0.53173
1110,571.75,63.75,16.5,33,0.53131
1110,-7.5,171,61,121.5,0.53123
1110,603,384.25,17,34.25,0.53085
1110,227.75,299.5,17.25,35,0.53038
1110,52.75,368,12.5,25,0.53025
1110,72.5,314,11.75,23.25,0.53007
1140,538.25,174.25,17,34.25,0.57081
1140,300.5,407.75,12.5,25,0.56963
1140,413.5,167.75,14.25,28.75,0.56319
1140,293.75,408.25,13,26,0.55953
1140,246.75,311.25,13,26,0.54827
1140,253.5,312.25,13.25,26.75,0.54736
1140,564.25,320.25,15.5,31.25,0.54657
1140,245.5,362.5,13.75,27.25,0.54562
1140,428.25,148.5,18.5,36.5,0.54534
1140,509,326.5,13.5,26.75,0.54505
1140,613.25,364,14.25,28.75,0.54494
1140,254.5,157.25,17.5,35,0.5446
1140,433,157.25,32.5,65,0.54438
1140,172.75,156.5,20,39.5,0.54375
1140,284.5,375.5,11.75,24,0.5419
1140,283,352.75,18.75,37.75,0.54109
1140,246.25,384.25,13,25.75,0.53954
1140,55,332.5,12,24.25,0.53905
1140,284.5,181,12,23.75,0.53861
1140,588.5,295,13.25,26.5,0.53839
1140,397.25,79.25,12.75,25.75,0.53814
1140,105.25,136,22.75,45.25,0.53794
1140,232.25,408.5,12.5,25,0.53785
1140,421.75,404.25,14.75,30,0.53784
1140,615.5,377.5,12.5,25.5,0.53703
1140,304.75,408.75,12,23.5,0.53696
1140,550.25,320.75,13.25,26.5,0.53634
1140,130,396.5,13,26.25,0.53434
1140,403.5,164,15.5,31.25,0.53389
1140,124.25,388.5,12.25,24,0.53291
1140,68,269.5,15.5,31,0.53269
1140,371,366.5,16.75,33.75,0.53258
1140,203.5,371.25,13.25,26.25,0.53232
1140,428.75,186.5,13.5,26.75,0.53224
1140,306.25,159.5,26.5,53,0.53198
1140,123.75,398.75,13.25,26.5,0.53194
1140,582.75,295.25,13,26,0.53193
1140,204.75,330.75,14.75,29.75,0.53172
1140,585.5,432.25,21.5,43,0.53154
1140,300.25,369,13.75,27,0.53148
1140,141,393.5,15,29.5,0.53139
1140,555.5,367.25,16,32.5,0.53097
1140,595,388.5,16.5,33.25,0.53087
1140,276.25,321.75,15.75,31.75,0.53078
1140,241.25,385.5,12.5,25,0.53072
1140,228.75,312,12,24.25,0.53071
1140,196.25,345,16,31.75,0.53061
1140,135.75,453,12,24,0.53001
1170,564.75,277,11.5,23,0.55578
1170,420,416.5,13,26,0.55456
1170,568,76.25,81.75,163.75,0.55364
1170,380,359.25,13,25.75,0.54992
1170,496.75,340.5,67.5,134.5,0.54937
1170,502,414.75,13,25.75,0.54488
1170,27.5,76,17,34,0.54467
1170,48,345.5,13.25,26.75,0.54446
1170,22.25,137.25,13.25,26.5,0.5428
1170,384.5,314.5,14,27.75,0.54198
1170,598.5,301,14,28,0.5414
1170,58.5,71.5,89.5,179.25,0.54118
1170,293.75,311,16,32.25,0.53967
1170,566.75,297,11.5,23,0.53952
1170,578.5,195.25,15.25,30.5,0.5393
1170,236.75,268.25,12.5,25,0.53881
1170,404.75,387.5,14,28,0.53789
1170,392.75,424,12.25,24.25,0.53703
1170,419.5,160.5,28.25,56.75,0.53599
1170,328.5,349.25,12,24.25,0.53563
1170,337,234.75,14,28,0.53518
1170,11.75,143.75,18.25,36.5,0.53498
1170,158.5,416.75,11.75,23.75,0.53495
1170,348,372,14.5,28.5,0.53482
1170,299.75,314.5,14.25,28.25,0.53423
1170,275.5,294.5,14,28,0.53409
1170,135.5,385,12,24.25,0.53399
1170,363.5,330.75,15,30,0.53334
1170,406.75,411,13.25,26.75,0.53324
1170,516.75,161,36.5,73.25,0.53222
1170,93.25,89.75,132.5,264.75,0.53219
1170,8.25,139.25,12,24,0.53181
1170,485,386,14,27.75,0.53146
1170,-6.25,248.75,51,102,0.53142
1170,134.75,395.25,13.25,26.75,0.53107
1170,224,337,11.75,23.5,0.53097
1170,236.75,351.5,13.25,26.75,0.53097
1170,395.25,305,12.75,25.5,0.53088
1170,89.5,123.25,13,25.75,0.53087
1170,587.25,336.5,15.25,30.5,0.53043
1170,396.25,368.75,14.25,29,0.53029
1170,442.75,341.25,13.75,27.75,0.53019
1170,378.5,331.75,26.5,53,0.53005
1200,375.25,381.25,13,26,0.55509
1200,508.5,381.75,12.25,24.5,0.55088
1200,565,429.75,13.5,27.25,0.54997
1200,467.25,405.25,16.75,33.5,0.5492
1200,295.5,251.25,31,62,0.54883
1200,386,345.75,11.75,23.5,0.54612
1200,44.5,109.25,14.25,28.75,0.54603
1200,475,141,13,26.25,0.54209
1200,421.5,341.75,14,28.25,0.54104
1200,311.25,330,12.5,25.25,0.54039
1200,366.5,332,14,28,0.54028
1200,332,378.25,12.5,25,0.54022
1200,156,101,15.75,31.25,0.53979
1200,374.25,1,12.75,25.5,0.53963
1200,60.5,113.75,13,26,0.53853
1200,428,396.5,15.25,30.5,0.53833
1200,379.5,404.75,14.25,28.5,0.53802
1200,336.75,321,11.5,23,0.53786
1200,217.25,165,16.25,32.5,0.53729
1200,22,102.25,14,27.75,0.53709
1200,589.25,437.75,12.5,25.5,0.53709
1200,76.25,117.25,14.25,28.5,0.53548
1200,554.5,137.75,12.25,24.5,0.53469
1200,566.75,149,22,43.5,0.53454
1200,550,140,22,44.5,0.53446
1200,564.75,285.5,14,27.75,0.53441
1200,350.5,352.5,13.5,27,0.53415
1200,182.5,126,24.25,48.5,0.53389
1200,412.5,385.75,11.75,23.5,0.53343
1200,88.75,117,11.5,23,0.53337
1200,88.5,85,11.75,23.5,0.53316
1200,411.25,336.5,16.25,32.25,0.53277
1200,203.5,117.25,39.5,79,0.53249
1200,609,125.5,36.5,73,0.53214
1200,110.5,307.25,12.75,25.5,0.53199
1200,412.25,179.25,14.5,29,0.53182
1200,414.5,364,13.25,26.5,0.53128
1200,147.75,108,60.5,121,0.53043
1200,214.5,279.5,12.5,25.25,0.53036
1200,429.75,102,34.25,68.25,0.53023
1200,368.25,176.5,67.5,134.75,0.53014
1200,86.5,285.25,11.5,23,0.53002
1230,252.25,320,12.5,25,0.57299
1230,612.25,434.25,16.5,32.75,0.56041
1230,300.25,160.5,13,26,0.55821
1230,189.75,156,24.75,50,0.55156
1230,172,303.25,13.25,26.5,0.55117
1230,396,324,14.75,29.5,0.55031
1230,376,165.25,13,26,0.54255
1230,568,430.25,12.25,24.75,0.54141
1230,415.75,101.5,19.5,39.25,0.54066
1230,7.5,61.25,13.5,26.5,0.54012
1230,255,288.5,80.25,160.25,0.53953
1230,498.5,174.5,39.25,78.75,0.53875
1230,397.5,392.5,34,67.75,0.53849
1230,253.75,443.75,13,26,0.53699
1230,-2,357.5,16.75,33.75,0.5368
1230,425.25,88.75,28.5,56.75,0.53668
1230,109.5,154.25,42.25,84.25,0.53604
1230,96,106.5,13.25,26.5,0.53604
1230,54.75,284.5,12.75,25.5,0.53544
1230,122.25,150.75,16,32.25,0.53414
1230,112.75,404.5,14.25,28.25,0.53347
1230,261.25,443.5,14.5,29.25,0.53336
1230,267.25,180,67.75,135.25,0.53295
1230,116.5,385.75,15.75,31.25,0.53294
1230,271,137.25,163.5,326.75,0.53243
1230,229.75,313.5,12.75,25.75,0.53231
1230,606.75,92.5,38,76,0.53188
1230,45.75,232.5,39.5,79.25,0.53164
1230,124,407.5,12.5,25,0.53117
1230,-10.5,295.25,89.25,178.75,0.53114
1230,299,324,12,24.5,0.53065
1230,55.75,45.5,71.25,142.75,0.53043
1260,195,173.5,13,25.75,0.5582
1260,158.5,160,25.25,50.25,0.55364
1260,255.25,317.75,16.5,33.25,0.54709
1260,406,333.5,14.5,29,0.5442
1260,295.25,198,36.75,73.75,0.54408
1260,155.75,181.25,15,30.25,0.54335
1260,60.75,102.5,12.25,24,0.54158
1260,268.5,316.75,12,24.25,0.54151
1260,431,306.5,13,25.75,0.54021
1260,247.75,342,13,26,0.5399
1260,335.5,72,15.5,30.75,0.53823
1260,440.75,196.75,14,27.75,0.53758
1260,185.75,247,109.75,219.5,0.53742
1260,269.5,240.75,111,221.75,0.53723
1260,242.75,308,12.25,24.5,0.53669
1260,62.5,349,12.5,25,0.53657
1260,341,318.75,16.75,33,0.53497
1260,531,179,14,27.75,0.534
1260,498.5,340.75,12.25,24.25,0.53375
1260,40.5,245.25,18.75,37,0.53372
1260,389.75,311.75,13.5,26.75,0.53309
1260,11,166.75,27,54,0.53282
1260,385,153,22,44.25,0.53229
1260,191.25,159.25,18.25,36.5,0.53225
1260,504.5,321,70.5,141,0.53198
1260,534,401,15.5,31.5,0.53089
1260,174.25,164.5,12.5,24.5,0.53086
1260,577.5,432.25,17.25,34.5,0.53084
1260,416.5,16.5,12,23.5,0.53059
1260,206.25,314.25,20.25,40.5,0.5305
1260,381.25,298.75,15.25,30.75,0.53041
1260,246.5,306,13.75,27.5,0.53011
1260,378.25,257.5,106.25,212.5,0.53004
1290,164.5,161.25,16,31.5,0.56591
1290,263.75,193.25,68,136,0.55549
1290,557.75,185.25,14.75,29.5,0.55341
1290,476,395,20,40.25,0.54702
1290,336.25,393.5,22.5,45,0.54431
1290,168.75,279.5,21.5,43,0.54381
1290,428.75,411,11.75,23.75,0.54287
1290,276.25,380.5,12.5,25,0.54259
1290,127.5,260.25,31,61.75,0.54204
1290,-10.25,291.25,88.25,176.75,0.54188
1290,453,404.75,14.25,28.5,0.54167
1290,43.25,258.25,32.25,64.5,0.54145
1290,119.25,389.75,13.25,26.5,0.54134
1290,20.5,16.5,42,83.75,0.541
1290,330.25,65.75,15,30.25,0.53802
1290,304.5,399,15.25,31,0.53736
1290,466,210.75,12.25,24.5,0.53724
1290,606,432,14.5,28.5,0.53661
1290,503.5,404.25,13,26,0.53566
1290,214.25,446.75,12.5,25.25,0.53538
1290,484.25,79.25,13,26,0.53531
1290,590,376.75,16.25,32.75,0.53488
1290,123.25,84,67.75,135.25,0.53475
1290,477.5,112.75,28,55.75,0.53373
1290,266,162.5,14,27.75,0.53309
1290,353.25,63,20,40,0.53255
1290,571.75,390.75,12.25,24.5,0.53203
1290,220.75,395.25,15,29.5,0.53183
1290,515.25,103.75,31,62,0.53063
1290,203,257.25,14.75,29.5,0.53032
1290,612.75,447.5,15,29.75,0.53026
1290,560.75,356.25,12.5,25,0.53006
1320,348.5,410.75,14.25,29,0.57896
1320,332.5,347.75,15.25,30,0.56359
1320,326.25,349,14,28,0.55998
1320,181,382.75,13,26.25,0.55798
1320,360,311,12.5,25.25,0.55539
1320,166.25,414.5,12.25,24.5,0.55227
1320,261,162.75,13.5,27.25,0.55094
1320,144.75,160.5,19,38,0.55082
1320,194.5,385.5,11.75,23.75,0.55029
1320,248.5,305.25,72.25,144.5,0.54876
1320,542.75,417.5,13.25,26.5,0.54616
1320,390,177.75,13.75,27.25,0.54453
1320,124.25,409,12.25,24.25,0.54376
1320,313,348.5,17.5,34.5,0.54328
1320,366.75,420.25,13.5,26.5,0.54295
1320,100.75,405.75,14.5,28.75,0.54277
1320,604,165.5,12.75,25.75,0.54057
1320,356.5,412.75,14,28.25,0.54006
1320,195.25,159,151.75,303.75,0.53988
1320,511,157.5,14.5,29.25,0.53947
1320,411,297,84.75,169.75,0.53922
1320,620.5,143.75,11.75,23.75,0.53858
1320,347.25,400,16.5,33,0.53846
1320,339.75,332,17.75,35.25,0.53664
1320,151.5,291,23,45.75,0.53625
1320,385.75,318.25,17.25,34.5,0.53555
1320,599.25,232,12,24,0.53532
1320,268.75,100.5,12.25,24.25,0.53522
1320,544.25,96.5,12.5,24.75,0.53503
1320,156,175.25,14,28.25,0.53464
1320,108.5,411.5,14.25,28.5,0.53388
1320,123,312.75,26.25,52.5,0.53325
1320,503.75,224.75,13,26,0.53296
1320,108.5,401.75,15.25,30.5,0.5327
1320,80.5,109.25,12,23.75,0.53262
1320,364,398.5,16.5,33.25,0.53259
1320,444.25,279,92.5,184.75,0.53226
1320,538.75,100,31,62,0.53199
1320,143,294.25,26.25,52,0.53182
1320,180.75,174.25,12.75,26,0.5317
1320,0.25,409.5,12.5,24.75,0.53072
1320,404.75,361,31.5,63,0.53063
1320,588.5,400,11.75,23.5,0.53025
1320,279.25,163.75,15.5,31.25,0.53024
1350,568.25,384.5,12.5,24.75,0.56881
1350,588,254.75,14,28,0.56732
1350,52,152.5,43.5,86.75,0.55674
1350,427.25,183.5,21.5,42.75,0.55518
1350,547.75,235.5,13.25,26.5,0.54894
1350,492.5,104.25,15.25,30.5,0.54416
1350,136,161.5,19.75,39.5,0.54377
1350,208.25,244.5,108.25,216.75,0.54343
1350,399.25,324.5,13.5,26.75,0.54236
1350,342.5,41,20.25,40.5,0.54166
1350,569.5,86,43.5,86.75,0.54125
1350,286,311.25,12.75,25.75,0.54079
1350,333.25,316.25,13.25,26.5,0.53911
1350,397.25,399.25,13,26,0.5391
1350,31,117.5,13,26,0.53897
1350,222.75,300.75,13.25,26.25,0.53873
1350,365.5,415.5,14.75,29.75,0.53734
1350,581.5,396.75,13.5,27,0.53666
1350,-12.75,45.5,106.5,213,0.53632
1350,62.75,110.25,19.5,39,0.53606
1350,341.75,299,13.25,26,0.535
1350,414,186,13.25,26.75,0.53486
1350,373.75,270.25,12.5,25,0.53466
1350,245,447.25,13,26,0.53466
1350,412.75,169,146.25,292.75,0.53404
1350,592.75,309.75,15.5,31,0.53365
1350,144.25,104.5,12.25,24.75,0.53352
1350,252,446.5,13,25.75,0.53317
1350,517,405.75,13.75,27,0.53255
1350,284.75,143.5,13.75,27.25,0.53236
1350,177,180.75,13,26,0.53194
1350,581.25,419.75,15.25,30.5,0.53185
1350,588,373.5,14.5,28.75,0.53183
1350,357.75,289.5,15.25,30.75,0.53177
1350,53,190.25,13,25.75,0.53165
1350,530,269,17.25,34.5,0.5315
1350,211.75,308.25,13,26.25,0.5315
1350,44.75,102.75,12,24.5,0.5314
1350,342.75,94.5,12.25,25,0.53104
1350,228.75,164,15,29.75,0.53085
1350,373,170,13.75,27.5,0.53084
1350,273.25,163.75,13.5,27,0.5305
1350,219.5,118.75,30.5,60.75,0.53041
1380,112,161.25,23.25,46.75,0.5528
1380,426.25,378.5,13.25,26.5,0.55107
1380,271.25,164,13.75,27.5,0.54938
1380,535.5,421.75,13.25,27,0.54906
1380,99.25,172,16,31.75,0.54857
1380,129.25,175.25,20.75,41.25,0.5478
1380,262.75,322.5,15.5,31,0.54597
1380,532,420.5,13.5,26.75,0.54445
1380,443.5,398,13,26,0.54414
1380,580.25,274,12.25,24.5,0.54218
1380,455.75,368.25,12.25,24.25,0.54154
1380,364.25,415.25,13,26,0.54027
1380,598.25,323.5,14,28.25,0.54022
1380,221.75,375.75,13,26,0.53946
1380,-5.75,151.25,45.5,91,0.53938
1380,550.5,399.5,16,32,0.5393
1380,459.75,419,15.5,30.75,0.53898
1380,414,187.5,12.25,25,0.53846
1380,472,391.75,13.5,27.25,0.53831
1380,349.75,356,16.5,33.25,0.53749
1380,554.75,301,11.5,23,0.53745
1380,343.5,74.25,17.75,35.5,0.53631
1380,487.25,400,13.25,26.5,0.53624
1380,68.5,53,76.25,152.5,0.53599
1380,599,398,12.25,24.5,0.53593
1380,590.5,441.75,15.25,30.75,0.53525
1380,611.5,387.5,15.25,30.5,0.53437
1380,494,359.25,13.25,26.25,0.53435
1380,459.5,329,12.25,24.25,0.53386
1380,473.25,187.75,30.25,60.5,0.53366
1380,508.5,428.25,13.25,26.5,0.53291
1380,587.25,275.75,13.25,26.25,0.53272
1380,430,414.25,14.5,29,0.53227
1380,571.5,283.75,16.75,33.5,0.53218
1380,432.5,306.75,15.25,30.25,0.53211
1380,400.75,164.25,14.25,28.5,0.53206
1380,405.5,180.75,14.25,28.5,0.53195
1380,537.5,409,32.5,64.75,0.53167
1380,603.5,382.75,17,34.25,0.53155
1380,315.75,378,21.25,42,0.53146
1380,285.5,400.25,16,32,0.53131
1380,574.25,149,27.25,54.5,0.5311
1380,24,109.75,12,23.75,0.53107
1380,205.75,177.75,13,26,0.531
1380,239.75,340.75,12.5,24.75,0.53088
1380,556.75,435.25,15.75,31,0.53075
1380,296.75,246.5,33.75,67.75,0.53057
1380,447.5,381.25,15.75,31.25,0.53041
1410,309.75,324.25,13.75,27.5,0.55643
1410,70.5,162.75,27,54,0.54504
1410,246.25,139.75,13.75,27.5,0.54286
1410,436.75,308.25,17.75,35.5,0.54097
1410,500,380.25,14.25,28.5,0.53995
1410,280,319.25,13.5,27,0.53949
1410,334,164,22.5,45,0.5386
1410,599.5,445.25,13.75,27.75,0.53804
1410,616.75,408,21,42.25,0.53724
1410,484.75,385,14,27.75,0.53629
1410,196.25,311.25,13,26.25,0.53603
1410,86.5,172.25,26,51.75,0.5358
1410,11.5,152.5,12.5,25,0.53533
1410,260.5,163.5,15.5,31,0.53516
1410,463.75,193.5,23.75,47.5,0.53485
1410,525.75,346.75,64,128,0.53481
1410,456.75,317.75,12,24,0.53407
1410,67,329.5,17.75,35.5,0.53407
1410,274.25,320.25,12.25,24.5,0.53364
1410,576.75,145.75,16.5,33,0.53346
1410,246.25,307.5,13.25,26.75,0.53291
1410,13,140.25,11.75,23.75,0.53159
1410,74.25,188,18.5,36.75,0.53092
1410,47.5,118.5,13,26.5,0.53052
1410,315,313,17.5,35.25,0.53028
1440,54.5,41.75,98.75,197.25,0.55493
1440,278.25,398.25,13,26.25,0.55452
1440,412.75,406,14.25,28.25,0.55335
1440,159.5,178,14,28.25,0.55133
1440,501.75,353.5,15.75,31.5,0.54616
1440,62.5,103.75,13,25.75,0.54527
1440,452,406.75,13.75,27.75,0.54505
1440,354.25,281.5,11.75,23.75,0.54447
1440,437.25,187,16.25,32.25,0.54444
1440,248.75,158.25,17.75,35.5,0.5439
1440,420.5,423,14.25,28.25,0.54322
1440,269,396.75,13.25,26.5,0.54275
1440,403.25,270.75,12.75,25.5,0.54217
1440,544.25,400.75,11.75,23.25,0.54081
1440,333.25,163,23.5,46.75,0.54073
1440,550,165,12.75,25.5,0.54027
1440,346,59.5,18.25,36.5,0.53992
1440,12.75,96.75,14.25,28.75,0.53922
1440,408.5,391.25,12.5,25,0.53809
1440,376.5,409.25,11.75,24,0.53805
1440,390.5,415.5,13,26.25,0.53718
1440,605,412.25,12.75,25.75,0.53684
1440,519.25,385.75,12.75,25.5,0.53563
1440,564.5,232.5,27.5,54.75,0.53522
1440,134.5,350.75,16,31.75,0.53487
1440,63,160.5,39,77.75,0.53464
1440,534.25,165,41.75,83.5,0.53462
1440,596.75,27.25,20.5,41,0.53391
1440,540,148.25,22.5,45,0.53381
1440,357.5,227.75,15.25,30.5,0.53374
1440,560,163.25,14.25,28.25,0.53347
1440,267.75,336,17.75,35.5,0.53285
1440,299.25,398.5,16.75,33.5,0.53265
1440,623.75,204.75,17.5,35,0.53136
1440,170.5,177,15.25,30.25,0.53097
1440,514.25,178,27.5,54.75,0.53086
1440,326,241.5,15.5,31.25,0.53081
1440,498.5,115.5,51.75,103,0.53064
1440,147,90.5,63.25,126.25,0.53046
1440,539.25,379.25,13,26,0.53044
1440,134,136.75,26.5,53.25,0.53044
1440,220.5,390.25,13.75,27,0.53029
1440,368.25,405,12.75,25.5,0.53026
1440,66.25,47.5,11.75,23.5,0.53008
1470,340.75,396.25,15.5,31,0.59851
1470,229.75,374.25,13.75,27.25,0.56429
1470,357.25,387.25,15,30,0.56287
1470,-13.25,25.75,112.5,224.75,0.56122
1470,389,394.5,15.25,30.25,0.55921
1470,365,416.75,15.75,31.25,0.55819
1470,276.5,319,14,28,0.55683
1470,537,414.5,29.25,58.75,0.55627
1470,437.25,354,14.5,29,0.55371
1470,411.75,377,16.25,32.75,0.55314
1470,495.75,379.75,13.5,27,0.55154
1470,300.5,383,13.5,27.25,0.55137
1470,514.75,389,13,26.25,0.55118
1470,269,413.5,13.75,27.5,0.55022
1470,213.25,404.5,14.5,29,0.54909
1470,168,375.75,12.75,25.5,0.54816
1470,413,313,15.75,31.75,0.54763
1470,476.5,395.25,15,30,0.5476
1470,199.75,416,12.5,24.75,0.54738
1470,231.75,356.75,28.75,57.75,0.54713
1470,403,376.5,16.75,33.75,0.54708
1470,354.5,165.5,16,32.25,0.54612
1470,521.75,208,20.5,41.25,0.54604
1470,519,389.5,12.75,25.75,0.54577
1470,420.25,290,15.5,31,0.54547
1470,386,352.25,16.25,32.5,0.54377
1470,237.5,403.25,15,29.75,0.54353
1470,0,166.25,20.75,41.75,0.54327
1470,628.5,120.75,12,23.75,0.54256
1470,276,412.25,13.75,27.5,0.54215
1470,380,418.75,13.5,27,0.54211
1470,345.75,395.5,19.5,38.75,0.54146
1470,420,376.75,16.75,33.75,0.54139
1470,309,396.25,15.5,31,0.53968
1470,396.5,378.75,15,29.75,0.53937
1470,604,437.75,15.25,30.25,0.53776
1470,435,272.25,15.5,31.25,0.53772
1470,460.5,350.5,13.25,26.5,0.53758
1470,428.25,379.75,14.5,29,0.53756
1470,584.5,203,41.25,82.75,0.53714
1470,233.75,159.5,24,48,0.53698
1470,389.25,416.25,12.75,25.5,0.53655
1470,212,319,16,32.25,0.5365
1470,533.25,406.25,13.75,27.75,0.53637
1470,267.25,316.25,17.25,34.5,0.53632
1470,421,316.75,14.5,29,0.53612
1470,200,330.5,12,24.25,0.53558
1470,384.5,167.25,13,26,0.53531
1470,347.5,370.5,15,30.25,0.53448
1470,372.75,393.75,15,30.25,0.53402
1470,315.25,361.75,13.5,27.25,0.53359
1470,-4.5,199,34.25,68.25,0.53339
1470,519.25,119.25,44.5,89,0.53285
1470,468,206,13.5,27,0.53284
1470,305.75,311.25,16.25,32.25,0.53253
1470,296,452,12.25,24.25,0.53235
1470,38,20.25,12.75,25.5,0.53199
1470,429,354,15.75,31.75,0.53195
1470,307,370.75,16,32,0.53163
1470,565.75,294.25,85,169.75,0.53155
1470,332.5,363.75,12.5,25,0.53126
1470,606.25,442,16,32.25,0.53099
1470,347,360,13.25,26.5,0.53067
1470,150.25,420.75,12.75,25.75,0.53031
1470,494,432,13.25,27,0.53011
1470,405,314,14.75,29.5,0.53011
1500,341.5,404.5,14,27.5,0.56599
1500,396.25,376,14.5,29,0.56204
1500,420.75,314.5,16,32.25,0.55767
1500,394.75,316.25,18.25,36.5,0.55698
1500,554.5,220.75,21,42,0.55635
1500,411.25,382.5,17,34,0.55376
1500,300,321.75,13,25.5,0.5528
1500,316.25,368.5,12.75,25.25,0.55243
1500,511.75,228.25,13.5,26.75,0.54808
1500,437,355,14.5,28.75,0.54663
1500,346.25,394,20,40.5,0.54622
1500,428.25,328.5,14.75,29.5,0.54611
1500,217.5,163,23,46.25,0.54574
1500,423.75,290.25,15.25,30.25,0.54542
1500,371.25,385,16,31.75,0.54449
1500,294,388,14,28.5,0.54341
1500,323.75,168,16.5,33.25,0.54305
1500,292.25,200,14.75,29.75,0.54257
1500,132.5,68.25,13,26.25,0.54214
1500,230.25,405.25,14.5,29,0.54026
1500,321.75,132,51.5,102.75,0.53988
1500,184,256.5,12.5,24.75,0.53967
1500,411.75,401.75,15.5,31.25,0.53938
1500,397.25,270,12.75,25.5,0.53903
1500,354.5,290.25,15.25,30.5,0.53883
1500,588.5,426,12.5,24.75,0.53844
1500,320,315.5,12.75,25.75,0.5377
1500,443,359.5,19.5,39,0.53692
1500,427.25,307.5,12.75,25.5,0.5367
1500,227.5,450.75,11.75,23.5,0.5365
1500,277,327,14.25,28.75,0.53599
1500,429,379.75,13.25,26.25,0.53587
1500,356.75,327.25,12.5,25.25,0.53569
1500,380.25,246.5,16.75,33.5,0.53569
1500,248.5,284.75,12,23.5,0.53529
1500,359,250.5,13.25,26.25,0.53519
1500,490.5,381.25,16.75,33.5,0.53473
1500,282.5,287,17.5,34.75,0.53414
1500,421,297,11.75,23.75,0.53409
1500,126,374.25,13.5,27,0.53397
1500,412.5,378.25,13.25,26.5,0.53296
1500,628.25,288.5,12.25,24.5,0.53285
1500,220.5,356.75,13.75,27.25,0.53278
1500,530,192.25,15.5,31,0.53272
1500,588.25,415,14,27.75,0.53221
1500,370.75,327.25,15.75,31.75,0.53174
1500,316.5,386.5,12.5,25.25,0.53158
1500,322.5,240,13.5,27.5,0.53139
1500,358,388.5,14.25,28.5,0.53054
1500,-1.75,67,14.75,29.25,0.53028
1530,541.75,407,13.5,27.25,0.56909
1530,524.25,408.25,13,26.25,0.56807
1530,360,394.25,12.75,25.25,0.56696
1530,148.5,365,17.5,34.75,0.56053
1530,194,352,22.25,44.5,0.55642
1530,332.75,378.25,15,29.75,0.55438
1530,349.25,365.5,12.5,25,0.55405
1530,438.25,380.75,13.25,26.75,0.55401
1530,561.75,420,14.5,28.75,0.55343
1530,408,341.5,14,28.25,0.55271
1530,587,221.75,31.5,63.25,0.55017
1530,360.5,385.5,12,24.25,0.54966
1530,308.75,369.5,15.75,31.5,0.54881
1530,594.25,251.5,18.25,36,0.54771
1530,378,286.5,14.25,28.25,0.54658
1530,307.75,323.5,12.75,25.75,0.54639
1530,522.25,379,15.75,31.5,0.54535
1530,200.5,375.75,12.25,24.5,0.54515
1530,303,307.25,21.25,42.25,0.54494
1530,386.5,361,17.75,35.5,0.54492
1530,628.25,186.75,12.25,24.5,0.54492
1530,269,334.75,12,24,0.54461
1530,-3,218.75,23.25,46.5,0.54395
1530,608,316.5,12.5,24.75,0.54338
1530,401,195.5,13.5,26.75,0.54268
1530,238,400.75,13.75,27.75,0.54169
1530,475.75,340.75,13,26,0.54167
1530,501,358.75,15.75,31.5,0.54162
1530,421,395,15.25,30.25,0.53913
1530,381.75,260.25,14.75,29.5,0.53891
1530,169.5,157,28.75,57,0.53867
1530,212.75,371.75,12.25,25,0.53843
1530,461.5,411.25,13.25,26.5,0.53792
1530,398.25,384.75,23.25,46.75,0.53783
1530,411.5,393,16.5,32.75,0.53764
1530,107.75,190.5,14.75,29.5,0.53665
1530,168.25,382.5,12.5,24.5,0.53607
1530,309,393.75,15.5,30.75,0.53578
1530,493.25,379.5,13.75,27.25,0.53534
1530,282.75,177.5,15.5,31,0.53534
1530,156.5,80.75,11.75,23.5,0.53533
1530,510.25,171,20.25,40.5,0.53533
1530,500.75,373.5,17,33.75,0.53521
1530,160.5,264.25,11.75,23.75,0.53509
1530,249.75,88.25,25.25,50.75,0.53503
1530,210.5,358.5,18,36.25,0.53467
1530,341.75,267.5,13.5,26.75,0.53458
1530,167.75,365,13,26.25,0.53431
1530,411.25,381.75,17.25,34.75,0.53422
1530,524,427.25,13.75,27.75,0.53406
1530,270,371,14.5,29.25,0.53402
1530,260.25,349.25,12.5,24.75,0.53369
1530,75.25,420.5,25.75,51.25,0.5335
1530,329.5,176.5,35.5,71,0.53297
1530,381.75,309.75,13.75,28,0.53273
1530,12,201.5,23.75,47.75,0.53271
1530,605,305.75,16.75,33.75,0.53221
1530,28.5,409.75,13.75,27.25,0.53204
1530,287.5,348.75,13.5,27.25,0.5319
1530,221,413,12,24,0.53173
1530,186,108.5,33.5,67.25,0.53094
1530,235,342.5,15,30,0.53086
1530,166.75,371.5,12.5,24.75,0.53053
1530,157.75,363.75,16.75,33.5,0.5305
1530,277,348,15.25,30.75,0.53041
1530,246,304.75,12.5,24.75,0.53022
1530,420.25,303.25,16,32,0.53012
1530,493.5,399.25,14,28.25,0.53006
1530,285.5,308.75,13.25,26.5,0.53004
1560,252.25,297.25,12.25,24,0.56681
1560,284.5,332.25,14.75,29.25,0.55734
1560,246.25,411,13,26,0.55693
1560,493,376.25,15.25,31,0.55605
1560,626.75,382,13.25,26.5,0.55298
1560,460.5,351.25,15,30,0.55282
1560,595.5,420.25,14.25,28,0.5511
1560,610,431.25,12.25,24.5,0.54639
1560,231.5,449,13.5,26.75,0.54422
1560,410.25,353,12.5,24.75,0.5421
1560,367.75,303.25,12.5,25,0.54174
1560,593.25,428.75,21.5,43.25,0.5417
1560,60.75,375,12.5,24.75,0.5407
1560,612,439.5,16.25,32.25,0.54024
1560,372.75,338,15,29.75,0.53959
1560,548,409.25,15,30,0.53948
1560,340.25,72.5,17,33.75,0.5388
1560,588.25,415.25,14.5,29,0.53845
1560,78.25,126.5,12.5,25,0.53804
1560,261.5,411,14.25,28.75,0.53798
1560,494,435,13,26.25,0.53754
1560,604.25,441.75,15,30,0.53735
1560,375,320,12.5,25,0.53681
1560,361,193.75,17.75,35.5,0.53656
1560,256,198.25,36.25,72.25,0.53638
1560,416.75,364.75,11.75,23.5,0.53548
1560,316,381,12.25,24.75,0.53476
1560,40.25,159,35.75,71.25,0.53455
1560,389,297.5,15.25,30.5,0.53423
1560,396,386.25,15.5,30.75,0.53415
1560,103,326,13.25,26.5,0.53401
1560,227.5,298.5,12.75,25.25,0.5338
1560,285,381.5,14.25,28.5,0.53378
1560,352.5,382.75,21.75,43.75,0.53363
1560,18.25,7.5,13.25,26.5,0.53337
1560,412,321,12.5,24.75,0.53321
1560,421.25,400.25,14.25,28.25,0.53304
1560,460.5,379.25,14,28,0.53284
1560,340,307,49.5,99.5,0.53231
1560,417.25,212.25,13.75,27.5,0.53205
1560,164.5,448.5,12.5,25,0.532
1560,333.5,395,13,26.25,0.53185
1560,213.75,385,13,25.5,0.53157
1560,411.75,372.5,16.75,33.5,0.53143
1560,6.75,315.5,12.25,24.5,0.5313
1560,217,281.75,12.25,24.75,0.53119
1560,619.5,432.5,20.25,40.25,0.53115
1560,246.75,375.75,28.25,56.25,0.53012
1590,333.5,383,13,25.75,0.5568
1590,305,171.25,80.5,161,0.55547
1590,66.5,139.25,18.5,37.25,0.55411
1590,373.75,393,13.25,26.75,0.55342
1590,412.25,409.5,13.75,27.75,0.55241
1590,69.5,153.5,13,25.75,0.55226
1590,438.5,390,12.75,25.75,0.54884
1590,184.25,406.5,13,26,0.54483
1590,510.25,85.25,18.5,37,0.54261
1590,227.5,48.75,35,69.75,0.54157
1590,421.75,409.75,13.75,27.75,0.54125
1590,372.75,212.75,17,33.75,0.54122
1590,411.5,313.75,16.5,33.25,0.54052
1590,301.25,192.25,19.5,39,0.5404
1590,301,364.75,12,24,0.54001
1590,419.75,395.25,16.25,32.75,0.5394
1590,453.5,399,15,30,0.53663
1590,396.25,391,17.75,35.5,0.53573
1590,135.25,173.75,16.5,33,0.53526
1590,207.75,231.75,12.5,24.75,0.53457
1590,254,403.25,13.25,26.25,0.53402
1590,297.75,403.75,13.25,26.75,0.534
1590,48.25,43.25,52.75,105.5,0.53384
1590,602.25,423.25,12.25,25,0.53379
1590,411,393.5,17.25,34.25,0.53295
1590,611,429.75,14.5,29.25,0.53229
1590,277.75,157.25,12.75,25.25,0.5322
1590,348.5,360.25,13.25,26.75,0.53208
1590,258.25,395.25,14,28.5,0.53189
1590,137,388.25,11.75,23.5,0.53177
1590,591.25,136.5,54.75,109.5,0.5316
1590,582.25,197.5,13,26,0.53155
1590,339,395.5,18.25,36.5,0.53129
1590,141.25,401.25,12.75,25.75,0.53097
1590,445,387,14.25,28.75,0.53067
1590,418.25,154,13,25.75,0.53012
1590,30,371.5,14.75,29.25,0.53002
1620,230.25,271.5,13.25,26.75,0.57897
1620,296.5,226.25,16,32,0.56959
1620,283.5,198.75,128,255.75,0.55766
1620,493.25,417.25,14.5,28.75,0.55636
1620,429.5,356.25,14,27.75,0.55075
1620,247.75,343,13,26,0.54779
1620,242,361.75,12.75,25.75,0.54625
1620,412.5,363.75,14.25,28.75,0.546
1620,429,368.25,15.5,31,0.54498
1620,437,357,13.75,27.75,0.54421
1620,236.5,218,14.5,28.75,0.544
1620,564.25,326.75,12.75,25.75,0.54367
1620,374.5,137,21,41.5,0.54253
1620,180.25,227.5,12.75,25.5,0.5424
1620,276.25,361.5,16,32,0.54209
1620,452,363.25,16,32.25,0.54192
1620,546.25,416.5,18,36.25,0.53948
1620,502,424.25,12.5,25.25,0.53941
1620,553.5,410.5,27,54,0.53903
1620,27.25,270,17.5,34.5,0.53858
1620,424.5,150.25,31.5,62.75,0.53847
1620,121.5,374,39,78.25,0.53773
1620,60,381,14.75,29.25,0.53758
1620,187.25,238.25,17.25,34.5,0.53709
1620,572,330.5,69.25,138.25,0.53689
1620,436.25,379.25,15,29.75,0.53622
1620,480,380.75,13,26,0.53586
1620,214.25,33.5,38.5,77.25,0.53583
1620,485.75,223,12.5,25.25,0.53519
1620,624.75,119.75,15.25,30.75,0.5351
1620,570,237,12.5,25.25,0.53505
1620,253.25,380.5,14,28.25,0.53442
1620,234.25,200.75,17.75,35.25,0.53422
1620,538.5,276.75,11.75,23.5,0.53421
1620,628.5,359.25,12,24,0.53418
1620,55.75,257.5,12.25,24.5,0.53399
1620,522.5,42,39.75,79.25,0.53398
1620,54,52,59,118.25,0.53334
1620,40.5,365.75,12,24,0.5333
1620,378.25,154.25,12.75,25.25,0.53305
1620,253,385,15.25,30.5,0.53301
1620,126,354.25,51.25,102,0.53258
1620,378,41.75,13.5,27.25,0.53245
1620,236,90.75,18.5,37,0.5319
1620,-19.75,132.75,167.75,335.5,0.53136
1620,596.5,293,12,23.5,0.53094
1620,83.75,380,13.5,26.5,0.53042
1620,384,264.75,12.75,25.75,0.53036
1650,499.75,237,14,27.75,0.56534
1650,387.75,285,14.25,28.75,0.55744
1650,451.5,398.75,15.75,31.5,0.55607
1650,444.5,416.5,12.25,24.75,0.55487
1650,540,398.25,14.25,28.5,0.55267
1650,356.75,297,11.5,23,0.55241
1650,399.75,286.75,12.75,25.5,0.55087
1650,197.5,246.25,14.25,28.75,0.54948
1650,246.5,403.25,14.75,29.5,0.54855
1650,430.5,403.25,13.25,26.5,0.54851
1650,381.5,284.75,14.5,29,0.54807
1650,252.5,362,12,24.25,0.5472
1650,192.5,223.5,14.25,28.25,0.54696
1650,544.25,255.75,14,28,0.54629
1650,152,390.25,14.25,28.25,0.54624
1650,373.75,174,14.25,28.25,0.54585
1650,287.75,167,19.25,38,0.54489
1650,287,289,14.75,29.5,0.54464
1650,163.5,361.75,13.25,26.75,0.54397
1650,381.25,404.25,15,30,0.54273
1650,383.75,393,13.75,27.25,0.5425
1650,492.5,364.5,11.75,23.75,0.54246
1650,158.5,235.25,12,23.75,0.54209
1650,399,175.75,14,27.75,0.54124
1650,516.5,410,15.25,30.75,0.54107
1650,412.5,392.75,13.75,27.75,0.54103
1650,458.25,199,21.25,42.25,0.54098
1650,-9.75,35,81.75,163.75,0.53991
1650,556.5,407.25,13,26.25,0.5399
1650,626.25,394.5,15,30,0.53946
1650,121.25,305,13.5,27.25,0.53924
1650,461.25,130.5,17,34.25,0.53913
1650,183,336.25,14.25,29,0.53905
1650,220,296,12.5,25.25,0.53835
1650,564.25,415,13,26.25,0.53827
1650,335,310.5,13.25,26.5,0.53805
1650,300.75,370,12,24,0.53783
1650,580.25,78,12.5,24.75,0.53766
1650,610.5,414.5,12,24,0.53763
1650,298.25,335.75,12.5,25,0.53661
1650,616.75,74.5,23.5,47,0.53606
1650,416.5,264.5,12,24,0.53544
1650,246.5,398.75,14.75,29.25,0.53532
1650,403.5,287.25,12.5,25,0.53521
1650,357.75,351,12.75,25.75,0.53486
1650,467.75,125,17.75,35.5,0.53485
1650,522.75,163.25,59.25,119,0.53475
1650,383,167.75,25.25,50.25,0.53444
1650,412.25,402.75,16.25,32.5,0.53417
1650,396,392,16.25,32.75,0.53393
1650,420,347.75,15,30,0.53318
1650,422.25,300,12.75,25.25,0.53311
1650,240.25,361.5,12.25,24.75,0.5327
1650,264.5,380.75,13.75,28,0.53241
1650,282,119.75,32.75,65.25,0.5313
1650,231,396.5,15,29.75,0.53097
1650,288.25,298.75,12.25,24.5,0.53062
1650,230.25,300,19.75,39.5,0.53056
1650,492,342.75,12.75,25.25,0.53055
1650,589,439.5,12.5,25.25,0.53053
1650,288.5,368.75,11.75,23.5,0.53038
1650,275.25,374.25,13.75,27.75,0.5303
1650,340.5,322.5,14.75,29.25,0.53018
1650,122,256.75,17.25,34.25,0.53008
1680,420,314.75,13,26.25,0.55746
1680,300,329,13.75,27.75,0.54777
1680,168,327.5,13,26.25,0.54765
1680,370.5,176.5,15.25,30.25,0.54555
1680,378.25,410.5,12.25,24.5,0.54528
1680,559,247.75,22.75,45.5,0.54477
1680,284.75,268,12.5,25,0.54444
1680,464.5,363.75,12,23.75,0.54354
1680,614.75,414.25,27,53.75,0.54331
1680,406.25,353.25,12.25,24.75,0.543
1680,363.75,354.25,13.75,27.5,0.54187
1680,200.25,372.5,18,36.5,0.54109
1680,375,169.75,14,28.25,0.54069
1680,339.75,296.75,15.5,31,0.54033
1680,408.75,316,12.25,24.75,0.5399
1680,101,162.5,13.25,26.75,0.53959
1680,491.5,212.75,24,48,0.53779
1680,428.25,350,13,26,0.53775
1680,398.5,167.5,21.75,43.25,0.5374
1680,347,271,15.5,31,0.5366
1680,11,349.25,18.75,37.25,0.53656
1680,576,317.25,12.5,25,0.53482
1680,261.75,372,16.75,33.5,0.53463
1680,373,353.5,16,32,0.5339
1680,582,310.5,13.75,27.75,0.53372
1680,258.25,400.25,14.5,29.5,0.53357
1680,264.5,402,13.5,27.25,0.53325
1680,561.25,269,17.25,34.5,0.53318
1680,76.5,305.75,13.5,27,0.53303
1680,384,408.75,12.25,24.25,0.53269
1680,282.75,277,14,28,0.5326
1680,152.5,402.5,17,33.75,0.53257
1680,323.25,281.25,13.5,27,0.53241
1680,315.75,388,24.5,48.75,0.53237
1680,254,160.75,13.25,26.5,0.53226
1680,504.25,445.75,12,24.25,0.53205
1680,347,200.75,18.75,37.5,0.53192
1680,212.25,323.75,12.25,25,0.53183
1680,223.25,451.75,12.25,24.75,0.53166
1680,8.25,186,13.25,26.5,0.5311
1680,400,401.5,12.25,24.75,0.53097
1680,328.5,414.75,11.75,23.5,0.53095
1680,56.25,387.75,13,26,0.53074
1680,406,295.5,13.25,27,0.53012
