30,199.25,366,13.5,26.75,0.5604
30,275.75,94.5,17.5,35,0.55241
30,404.25,379.5,14.75,29.5,0.55182
30,290.5,269.5,17,34.5,0.55159
30,156.5,384.5,15,30,0.55092
30,325.5,349.25,14.25,28.5,0.55089
30,296,55.5,12.5,24.75,0.54843
30,269,86.5,13,26.25,0.54503
30,470.75,316.75,12.5,24.75,0.54436
30,279.75,33.25,12.75,25.75,0.54357
30,54.75,407.5,13,26.5,0.54332
30,282,98.25,15.75,31.5,0.54134
30,467,396.75,18,36.5,0.54123
30,212,373.25,16,32,0.54033
30,69,413.5,14,27.75,0.5401
30,52.5,410,15,29.75,0.53929
30,247.75,35.5,13.25,26.5,0.53895
30,309.75,28.5,14.25,28.5,0.53863
30,477.75,16.5,12.75,25.25,0.5371
30,307.5,427,14.25,28.75,0.5366
30,491.25,401.25,16.5,33,0.53628
30,173.5,346.5,14,28,0.53606
30,364.5,374,14.5,29,0.53542
30,300.75,29.75,15.5,31.25,0.53408
30,253.5,265.25,13.5,27,0.53355
30,292.5,291.5,12.25,24.25,0.53288
30,460.25,381.5,14.25,28.75,0.53257
30,412,373.75,13.25,26.75,0.53208
30,331.75,418.5,13.25,26.5,0.53199
30,618,31.25,23.25,46.75,0.53168
30,476.25,390.5,13,26,0.5315
30,91,400.5,17,33.75,0.53121
30,275.25,263.75,14.25,28.5,0.53117
30,60.75,410.5,14.75,30,0.5308
30,107.5,400.5,16.5,33.5,0.53072
30,282.25,268.75,17.75,35.25,0.5307
30,89.75,430,12.75,25.5,0.53044
30,100.5,430,13.75,27.25,0.5303
30,508,396.75,15.25,30.5,0.53026
30,158.25,409.25,12.5,24.5,0.53007
60,230,85.75,12.75,25.5,0.5563
60,340.75,351,16.5,32.75,0.54771
60,410.5,412,16.75,33.75,0.54649
60,268,64.75,11.75,23.5,0.54271
60,524.5,312,14.25,28.5,0.54089
60,363.25,360,16.25,32.5,0.5404
60,300,19,13.75,27.5,0.53999
60,603.75,400.75,16.25,32.75,0.53981
60,283.75,16,12.75,25.75,0.53938
60,238,23.75,13,26,0.53804
60,293.75,31.5,14,28,0.53743
60,31.5,332,14.75,29.5,0.53709
60,260.75,385.5,15.5,31,0.53706
60,147.25,400,16.5,33.25,0.53617
60,468.25,366.75,13,26.5,0.53582
60,244.25,385,12,24,0.53558
60,309.75,412.5,14,27.75,0.53498
60,44.5,90.5,13,25.75,0.53484
60,86,415.5,12.75,25.5,0.53438
60,125.75,417,13.25,26.75,0.53401
60,29.5,138.75,12.5,25.25,0.53386
60,422.5,284.25,12.25,25,0.53384
60,55.75,417.5,12,24.25,0.5338
60,140,362.5,17.5,34.75,0.53379
60,247.75,119.5,12.75,25.5,0.53372
60,526.25,11.5,42.75,85.5,0.53298
60,428.25,277,14.5,29.25,0.53289
60,54.75,100.25,13.5,27.25,0.53277
60,277.25,29.25,14.25,28.5,0.53232
60,548,138.75,13,26.25,0.53203
60,60.5,385.75,14.25,28.5,0.53166
60,491.5,410.75,15.25,30.25,0.53151
60,626.25,165.25,13.25,26.75,0.53126
60,507,432.75,16.5,32.75,0.53124
60,109.25,70.25,14.25,28.5,0.53118
60,172.75,396.5,14.5,29.25,0.53102
60,131.5,366.5,16.75,33.5,0.53096
60,95,7.25,12.5,25,0.53057
60,278.75,66.75,13.75,27.25,0.53041
90,396.5,401.75,14.75,29.25,0.55617
90,276.5,52.25,15.25,30.5,0.55357
90,148.5,413.5,15,30,0.55292
90,277.25,106.75,14.75,29.5,0.55144
90,538.75,365.75,17,34,0.55065
90,404.5,402,15,30.25,0.55042
90,156,427.5,15.5,30.5,0.54886
90,204.25,428.5,14.5,29,0.5485
90,516.5,358.5,14.25,28.5,0.54734
90,373.25,428.75,13.25,26.5,0.54718
90,27.75,401.25,15,29.5,0.54277
90,533.25,359.75,13,26,0.54193
90,20.75,314.75,14.75,29.25,0.54015
90,299.25,415,16.75,33.5,0.53966
90,263,45,13,26.5,0.53851
90,197.25,413,13.5,27.25,0.5369
90,267.75,48.75,17,33.5,0.53636
90,434.5,326,17,34.25,0.53618
90,533.5,381.25,13,26.25,0.53613
90,452.25,345.75,15.75,31.25,0.53591
90,292,250.25,17.25,34.25,0.53552
90,284.5,64.75,14.75,29.5,0.53551
90,156.25,139.75,18.75,37.5,0.5355
90,220.5,413.5,14.5,29,0.53497
90,564.75,395.75,14,28.25,0.53486
90,509.5,405.75,13.75,27.5,0.53468
90,251.5,40,13.25,26.5,0.53462
90,420.25,267.75,12.75,25.25,0.53433
90,555.5,390.75,17.5,35,0.53415
90,517.25,412.5,13.5,27,0.53392
90,333,403.25,15,30,0.53351
90,524.5,307,13.25,26.75,0.53337
90,493.75,372,13,26,0.53312
90,318,299.75,14.75,29.25,0.53311
90,568.5,41.75,21,42.25,0.53306
90,330.75,115.25,14.75,29.75,0.53299
90,210.5,299.25,18.25,36.25,0.53289
90,157,395.25,14,27.75,0.53286
90,610.5,24.75,16.5,33.25,0.53212
90,394.5,410.25,19.25,38.5,0.53168
90,357,343.5,13.75,27.75,0.53118
90,576,362.25,24,48.25,0.53097
90,573.25,309.25,13,26,0.53088
90,331.75,69.25,14,28.25,0.53084
90,500.5,351,13.5,27.5,0.53079
90,594,285.25,16.5,33,0.53078
90,285.25,269.75,13.75,27,0.53077
90,566.75,308.75,13.5,26.5,0.53067
90,286.25,43.75,13.75,27.75,0.5306
90,500.5,308,14.75,29.5,0.53045
90,508.5,360.5,14.75,29.5,0.5304
90,476.5,419.75,12.5,25,0.53036
90,269.5,248.75,12,24,0.53028
90,285.25,244.75,13.25,26.75,0.5301
120,500.75,431,13,25.75,0.5607
120,165.5,399,13,26,0.55933
120,132.5,348,14.5,28.75,0.5568
120,181.25,363.75,13.25,26.25,0.55378
120,252.25,59.75,12.5,25,0.55367
120,149.75,391.75,12.75,25.5,0.54916
120,300,335.25,16,32,0.54911
120,138.5,383.75,15.5,31.5,0.54833
120,598.25,344.75,12.5,24.75,0.54665
120,516.25,353.25,14.75,29.25,0.54611
120,588,400.75,16.25,32.25,0.54609
120,492.25,431,12.75,25.5,0.54374
120,196.75,384,14.5,29.25,0.54365
120,317.5,325.5,13.75,27.75,0.54302
120,463.25,428,13.5,27,0.54279
120,454.25,356.5,12.25,25,0.54221
120,204.25,65.75,16.25,32.75,0.54141
120,324,329.5,15.5,30.75,0.54061
120,221.5,335,14.25,28.25,0.54034
120,491.75,294,16,32,0.54033
120,445.25,343.25,14.75,29.75,0.53925
120,219,294.25,12.25,24.75,0.53844
120,340.25,388.25,14.25,28,0.53792
120,397.5,377.5,12.75,25.75,0.53751
120,267.75,36.25,16.75,33.25,0.53671
120,190.75,10,24.75,49.25,0.5367
120,268,64.75,16.75,33.25,0.53661
120,330.5,28,12,24.25,0.53646
120,237.25,335.5,13.75,27.25,0.53626
120,229.75,292.25,14,28.25,0.53622
120,268.75,397.5,13.25,26.5,0.53575
120,587.75,335.75,16.25,32.5,0.5357
120,228.25,397.25,17.25,34.75,0.53535
120,210.75,337,11.5,23,0.53526
120,251.5,19.75,12.25,24.75,0.53517
120,230,409,12.25,24.5,0.53476
120,267.25,55.75,12.75,25.75,0.53474
120,299.5,31.75,15,30.25,0.5342
120,540.5,358.25,14.25,28.5,0.53411
120,45,420.75,12,24,0.53405
120,581.5,404,13.25,26.5,0.53394
120,118,397,12.5,25,0.5339
120,500.5,365.25,16.75,33.25,0.53378
120,395.75,353,15.5,30.75,0.53324
120,454.75,305,13.25,26.25,0.5326
120,69.5,412.25,14.25,28.25,0.53229
120,44.75,57,11.5,23,0.53195
120,515,317.75,17.75,35.75,0.53136
120,86.25,274.5,13,25.75,0.53103
120,476.75,300,13.5,27,0.53089
120,470.5,428.75,13.75,27.75,0.53076
120,260.75,270,14.25,28.75,0.53034
120,275.75,62.25,17,34,0.53034
120,493,22.75,51.5,102.5,0.53006
150,117,348.5,13.75,27.5,0.57954
150,567,408.75,12.75,25,0.57718
150,309.25,351,13.25,26.25,0.56947
150,596.5,376.75,15.25,30.75,0.56244
150,190,366.75,12.75,25.75,0.56137
150,548.5,299.5,14.5,29,0.55912
150,404,311.25,15,30,0.55742
150,285.75,415.75,13,26.25,0.55652
150,515.75,326.5,16.5,33,0.55652
150,211.75,416,16.75,33.75,0.55526
150,56,398.5,12.5,25,0.55526
150,357.75,329.25,12.5,24.75,0.55325
150,452,426.75,14.25,28.25,0.55273
150,468,368.75,16.75,33.25,0.55257
150,149.5,366.5,13.25,26.75,0.55247
150,105.25,77.5,83.75,167.75,0.55241
150,500.75,328.5,14.5,28.5,0.55225
150,268.5,343.75,15,29.75,0.55208
150,580.5,325,14.5,29.25,0.55002
150,492.5,397,14.25,28.5,0.54925
150,604.5,398.75,13.5,27,0.54912
150,245.75,23.25,12.5,25.25,0.54774
150,108.75,359.75,14.25,28.25,0.5477
150,548,404,15,30,0.54738
150,220.5,406,12.5,24.75,0.5464
150,523.5,302.75,16.25,32.75,0.54627
150,261.25,411.25,13.25,26.5,0.54614
150,328.25,376.5,12,24,0.54573
150,364,308,16.75,33.5,0.54565
150,539.75,403.25,15.75,31.5,0.54563
150,228.25,12.75,12,24,0.54515
150,125,408.5,15,30,0.54485
150,76.75,27.25,15,30,0.54408
150,612.75,386.5,15,30.25,0.54374
150,596.25,323.5,13.75,27.75,0.54321
150,451,340.5,15.75,32,0.5424
150,294.25,303.75,12.5,24.75,0.54121
150,199.5,343.25,12.75,25.75,0.54112
150,412.75,397.75,13.5,27.25,0.54105
150,213.75,80,13.25,26.5,0.54104
150,44.25,404.75,14.75,29.25,0.54095
150,236.25,63.5,13.5,27.25,0.54072
150,327.5,362.5,12.75,26,0.54005
150,580,409.25,16,31.75,0.53992
150,587.5,367,16.5,33,0.5398
150,324.5,313,13,26,0.53977
150,164,419.75,16.25,32.5,0.53967
150,317,397,14.5,28.75,0.53957
150,140.75,351.75,12.5,25.25,0.53934
150,180.75,340,14.5,28.75,0.53909
150,462,400,12.5,25.25,0.53824
150,509,336.5,14,27.75,0.53773
150,220.5,339.5,14.75,30,0.53743
150,556.5,303.75,13,26.25,0.53641
150,545.75,128.75,12.25,24.25,0.53626
150,164.25,425,15.5,31,0.53621
150,196,384.25,16.25,32,0.53619
150,268.75,426.25,14,28.5,0.53613
150,348.25,379.5,15,30,0.53582
150,492.75,215,11.5,23,0.53558
150,204.25,345,15.75,31.5,0.53536
150,549.75,322.25,15,30,0.53535
150,37,414.25,14.25,28.75,0.53535
150,540.5,304.25,13,26.25,0.53533
150,492,313.25,15,30,0.53525
150,155.75,401.25,16.5,33,0.53518
150,30.75,406.75,12.75,25.75,0.53512
150,87.75,39.75,14.5,29,0.53484
150,300,336,15.5,31,0.53461
150,448,409.5,12.75,25.75,0.53432
150,397.25,319.25,13.5,27.25,0.53389
150,588.5,399.25,13,26,0.53334
150,588.5,342.5,13,26,0.53331
150,497.5,112,18.25,36.75,0.53298
150,243,145.25,11.5,23.25,0.53278
150,237.5,19.25,14.75,30,0.53237
150,438.25,336.25,13.75,27.75,0.53224
150,248.25,58.5,12.5,25.25,0.53191
150,172.5,382.75,12.75,25.75,0.53172
150,474.75,296.75,18.5,37,0.53149
150,595,346,16.25,32.5,0.53134
150,133.75,395.25,14.5,28.5,0.53125
150,485,314,15,29.75,0.53123
150,244.75,419.75,15.25,30.25,0.53111
150,444.75,329,11.5,23,0.53106
150,476.5,357.75,13,26,0.53103
150,445.5,358.25,13.25,26.25,0.53102
150,595,360.5,11.75,23.75,0.53098
150,429.5,368.25,15.25,30.75,0.53057
150,604,367.5,15.5,31.25,0.53053
150,493,327.75,14.5,29.25,0.53029
150,617,286,24.75,49.5,0.53026
150,459.75,369.5,15.75,31.5,0.53026
150,168,405.5,34.25,68.5,0.53022
150,626.5,116.5,13.5,27,0.53014
150,526,376.25,12.75,25.25,0.53001
180,500.25,299,13,26.5,0.55882
180,551.25,424,12.75,25.5,0.55617
180,252.75,48.75,15.5,31,0.55364
180,172.25,331,17,34,0.5524
180,164.25,331.5,15.25,30.25,0.55156
180,375.75,416.5,12,24.5,0.55003
180,146,142,12.25,24.5,0.54875
180,168.25,20.25,15.5,31,0.54726
180,196.5,52.5,15.25,30,0.54587
180,166.75,35,15,29.75,0.54392
180,351.25,321,12.25,24.5,0.5439
180,261.25,35.75,14.75,29.25,0.54315
180,331.75,311,13,26,0.54164
180,84.5,366,15.75,31.25,0.54119
180,206.75,8,12,24,0.5411
180,247,13.25,13.5,26.75,0.541
180,200.25,6,12.75,25.25,0.54025
180,245.5,39,13.75,27.75,0.54022
180,484.5,397.25,14,28,0.53868
180,212.75,60.25,15,30.25,0.53826
180,556.75,363.75,14,28.25,0.53792
180,33.5,151.25,12.75,26,0.53786
180,331.25,75.25,20,40.25,0.53752
180,252,11.75,27.5,55,0.53729
180,540.25,362.5,13.75,27.5,0.53697
180,222.25,16.75,13,26,0.53694
180,282,17.75,31.5,62.75,0.5362
180,588.25,399.25,16.5,33,0.53613
180,491.75,340,16.25,32.75,0.53601
180,156.25,331.5,14.75,29.5,0.53532
180,428.75,317,14,28.5,0.53527
180,445,425.75,16.25,32.75,0.53506
180,543,339.25,14.25,28.5,0.53504
180,108.5,343.5,14.25,28.5,0.53473
180,252.5,3.25,12.25,24,0.53444
180,232,53,31.5,63,0.53416
180,426.5,412.25,17,34,0.53375
180,168.75,16.5,30.25,60.75,0.53364
180,580.5,418.25,14.5,29,0.53341
180,552,296,12.5,25,0.53323
180,461.25,365,13,25.75,0.53311
180,276,19,14.25,28.5,0.53273
180,208.25,4,12,24,0.53208
180,219.75,369.5,17.25,34.75,0.53201
180,32.5,391.75,12.5,25.25,0.53199
180,194.75,75.5,13,26,0.53195
180,188,43.25,14.75,29.5,0.53141
180,231.5,8,12.75,25.5,0.53125
180,221,396.5,11.75,23.5,0.53123
180,299.5,57.75,16,31.5,0.53079
180,108.25,428,15.25,30.5,0.5307
180,216.25,47.75,12.25,24.5,0.53042
180,100.75,345,14,28.25,0.53017
180,546.5,298.75,12,24,0.53012
180,96.25,345.5,12.5,24.5,0.53002
210,108.5,347.5,14.5,29,0.56644
210,227.25,394.25,13,26.25,0.56375
210,135,431.25,13,26.25,0.55996
210,116.25,350.5,15.75,31.25,0.55875
210,140.5,359.5,15.25,30.5,0.55647
210,580,385.75,14.5,29,0.55448
210,82,133.25,12.75,25.25,0.55406
210,125.75,349.75,13.5,27.25,0.5519
210,589.25,411,13.25,26.75,0.54669
210,166.5,13,12,24.5,0.54463
210,365.5,339.75,13.75,27,0.54426
210,124.75,427,15.75,31.25,0.54422
210,231.75,68.25,13.25,26.5,0.54234
210,603.25,348,15.25,30.5,0.54233
210,162.25,31.75,12.75,25.25,0.54177
210,580.75,410,14.75,30,0.54174
210,101,343.25,13,26.25,0.54032
210,148,336.5,15.75,31.5,0.54032
210,380,370.75,13.75,27.5,0.53997
210,379.5,302.5,13.75,27.5,0.53973
210,37.75,399.5,13.25,26.25,0.5395
210,394.75,320,18.5,36.75,0.53871
210,604,404,15.25,30.5,0.53859
210,460,336,15.25,30.75,0.53817
210,458.75,287,19,38,0.53692
210,332.25,329.5,11.5,23.25,0.53688
210,412,258,14.25,28.75,0.53631
210,132,355.75,15.25,30.5,0.53618
210,204,347.25,16.75,33.25,0.5356
210,76.5,76.25,11.75,23.75,0.53538
210,292.5,322.5,12,23.75,0.53506
210,604.25,410.5,15.25,30.25,0.53505
210,504.75,304.75,11.5,23.25,0.53484
210,397.25,415.5,12.5,25.25,0.53443
210,85.5,361.75,14.5,29,0.53406
210,181,344.25,12.25,24,0.53379
210,299.5,265.75,15.5,30.75,0.53372
210,506.75,412.5,17.25,34,0.53292
210,596.25,2.75,13.75,27.25,0.53271
210,55,376.75,13,25.5,0.5326
210,469.5,335.75,13.5,27,0.53257
210,222.5,16.25,14,28,0.5322
210,132.5,341.25,15.75,31.75,0.5319
210,124.25,354,15,30,0.53179
210,259.75,268.75,13.75,27.5,0.53166
210,393,412.25,26.25,52.25,0.53151
210,408.25,137.75,13,26,0.53135
210,89.25,82,15.5,31,0.53028
210,314.5,354.25,15.5,31.25,0.53021
210,540,159.5,14.25,28,0.5302
240,229.25,317,15,30,0.56687
240,37.25,410.75,14.25,28.25,0.56561
240,264,70.25,14.25,28.25,0.56096
240,86.5,402,13,26.25,0.55785
240,230.25,390.75,12.5,25.25,0.5578
240,596,322,15,30,0.5561
240,556.25,359.5,13.5,27,0.55533
240,285,69.25,14.75,29.5,0.55459
240,421,335.5,14.75,29.75,0.55216
240,388.75,368.25,15,30,0.55186
240,587.25,417,17.25,34.75,0.55007
240,293.75,71.25,14.25,28.75,0.5498
240,267.5,73.5,16.25,32.25,0.5481
240,252.25,66,16,31.75,0.54783
240,195,269.25,13.25,26.25,0.54739
240,452.25,329,14.25,28.5,0.54614
240,300.75,73.5,13.75,27.25,0.54471
240,476.75,362,13,26,0.54344
240,509.25,322.5,13.5,26.75,0.5426
240,212,39.25,13.25,26.5,0.54231
240,334,362.25,14.75,29.75,0.54219
240,278.75,255.25,12.75,25.5,0.54209
240,172,367,16.75,33.5,0.54193
240,156.5,356.5,14.5,29.25,0.5417
240,256.75,429,11.5,23,0.54156
240,620,313.25,12.5,24.75,0.54077
240,408.5,436.75,12,23.5,0.54068
240,91.75,38.5,12.75,25.75,0.54032
240,524.25,307.75,15,30.25,0.53991
240,525,359.5,14,28.25,0.53947
240,460,354.75,16.5,33,0.53872
240,532.25,404.25,12.5,25.25,0.53836
240,212,58.75,16.25,32.5,0.53829
240,511,275.25,13.5,27.25,0.53824
240,45.5,281.75,12.5,25,0.53816
240,405,363.5,14,28,0.53814
240,547.5,399.5,16.75,33.5,0.53749
240,403.25,348,14.5,29,0.53719
240,445.25,271,15.75,31.5,0.53642
240,539.75,307.5,14.5,29.25,0.5362
240,214.25,405,12.75,25.75,0.53565
240,564.75,313,14,28,0.53558
240,583.25,6.25,26,52.25,0.53551
240,294,344.25,12.75,25.5,0.53528
240,330.75,410.75,18.25,36.75,0.5351
240,284.5,52.5,12,24.5,0.53487
240,164.75,384.25,15.75,31.5,0.53484
240,240.5,304.75,11.75,23.25,0.53482
240,604.75,316.5,13.25,26.75,0.53476
240,182.5,56,13.25,26.5,0.53452
240,404.25,372,15,30.25,0.5344
240,525.25,388.5,13.25,26.25,0.53376
240,253.25,296.5,14,28.25,0.53366
240,301.25,240,12.5,25.25,0.53316
240,145.25,118,12.5,25.25,0.5328
240,355.25,333.75,13.5,27,0.53264
240,124,417.25,12.75,25.5,0.53261
240,341,416.25,16.5,33,0.53236
240,412.5,359.25,16,32,0.53182
240,29.25,425.25,13.75,27.5,0.53143
240,460.25,417.75,15,30,0.53089
240,356,422.75,12.75,25.5,0.53039
240,565.5,380.75,12.75,25.5,0.53033
240,54,412,13.5,27,0.53033
240,245,400,14.5,28.75,0.53024
270,204.25,369.25,12.25,24.75,0.56965
270,277.25,364,14.25,28.75,0.56493
270,294,37.25,12.75,25.5,0.56384
270,438.25,299.75,12.5,24.75,0.55544
270,139.5,323.75,14,28,0.55239
270,125.5,333.25,13.75,27.75,0.55196
270,564.75,393.75,14.5,29,0.55051
270,342.25,384.5,12.5,25,0.54971
270,547.5,299.75,15,30.25,0.54954
270,229.75,427.75,13.5,27,0.54449
270,257,280.25,11.75,24,0.54441
270,333.5,349.75,13.25,26.75,0.54383
270,187.75,306.75,16,32.5,0.54324
270,79.25,402,13.5,27.25,0.54291
270,437.25,400.5,15.25,30.75,0.54278
270,252.5,279.25,12.5,25.25,0.54269
270,7,420.25,12.5,24.75,0.53991
270,116.5,330.25,15.5,30.75,0.5395
270,500.75,297.25,15,30.25,0.53923
270,461.25,339.5,13.5,27.25,0.53855
270,525.75,372.75,13.5,27,0.5384
270,540.25,382.5,13.25,26.25,0.53814
270,21.75,44.75,13,25.5,0.53805
270,-1.5,107.25,14.25,28.75,0.53747
270,538.5,349.5,17.75,36,0.5373
270,212.75,118.5,15.25,30.5,0.53694
270,451.75,417,16,32,0.53648
270,325.75,333.5,14,28.25,0.53632
270,425,309.75,14,28,0.53611
270,279.75,42.25,12.5,24.75,0.53593
270,565,307.75,14.75,29.5,0.53588
270,283.75,168.75,13,25.75,0.53562
270,334,386,12.75,25.75,0.53552
270,500.5,373,15.5,30.75,0.53552
270,387.75,270,17.25,34.25,0.53497
270,359,311.25,13,25.75,0.53473
270,572,391,13.75,27.5,0.5347
270,508.75,286.75,14.5,29,0.53446
270,547.75,348.25,16.25,32.75,0.53431
270,221.25,415,13.25,26.5,0.5342
270,510.25,82.25,12.25,24.25,0.53348
270,246,312.25,13,26,0.53347
270,156.75,378.5,13.75,27.5,0.53338
270,532,322.25,17.25,34.25,0.53336
270,525.75,412.75,13.75,27,0.53296
270,509,334.75,14.25,28.5,0.53253
270,299.75,61.25,15.75,31.5,0.53234
270,301.5,309.25,13.75,27.75,0.53225
270,563.25,363.75,16.5,33.25,0.53213
270,373.5,347.25,15,30,0.53204
270,164.25,345.5,15.5,31.25,0.53177
270,36.75,346.5,14.75,29.5,0.53175
270,21.75,348.25,14.75,29.75,0.53153
270,516.75,332,13,26.5,0.53143
270,347.5,300.75,16,32,0.53102
270,68.25,377,14.5,29,0.53059
270,309,312.75,15.25,30.25,0.53055
270,546.5,397.75,12.25,24.5,0.53037
270,61.5,327.25,13.5,27.25,0.53036
270,221.25,328.75,14.25,28.5,0.53004
300,232,416.25,12,24,0.55496
300,302,335.25,13,25.75,0.55419
300,547.25,393.75,15.75,31.75,0.55417
300,598.5,411.25,13,25.75,0.5536
300,349.25,413.5,13.25,26.5,0.55354
300,307,12.5,13,25.75,0.55197
300,313,419,14.25,28.25,0.54501
300,402,253.25,18.75,37.75,0.54451
300,212.5,337.25,15.5,31.25,0.54389
300,501.25,360.5,13,26,0.54367
300,500.5,362.25,14,28,0.54294
300,181,317.5,16.75,33.5,0.5428
300,508.5,433.5,12.75,25.5,0.54171
300,89.75,102.75,15.5,31,0.54107
300,428.75,303.25,16,32.25,0.5406
300,364.75,318,14.5,29.5,0.53958
300,265.5,8.75,16.25,32.5,0.53911
300,155.75,371.25,13.5,26.75,0.5383
300,314.25,316,12,23.75,0.53809
300,467,396.5,16.75,33.25,0.53787
300,202.75,317.5,15,29.75,0.53761
300,396,426.75,14,28,0.5375
300,522,54.75,13.5,27,0.53748
300,29.25,415.75,12.5,25.5,0.53721
300,450.75,36.5,18,36.25,0.53613
300,216.5,36.75,12,23.75,0.5361
300,237,380.25,13.5,27,0.53605
300,261.5,92,13.75,27.5,0.53589
300,203.5,26.75,13,25.5,0.53546
300,88.75,416.75,11.75,23.5,0.535
300,462.5,190.75,16.75,33.25,0.53497
300,583.5,420.5,13.25,26.75,0.53462
300,102.25,380.75,11.75,24,0.53462
300,454.5,310,13,26,0.53456
300,425.75,423,12.75,25.75,0.53425
300,260.75,362.5,14.75,29.5,0.53322
300,287.25,288,21.75,43.75,0.53318
300,373.75,96.75,14,27.75,0.53312
300,216.75,18.5,12.75,25.5,0.53255
300,478.5,92.25,13.75,27.5,0.53234
300,77.75,395.25,12.75,25.5,0.53205
300,421.75,379.5,13.25,26.5,0.53162
300,342.5,356.25,15,29.75,0.53141
300,92.75,270.25,14.5,29.25,0.53139
300,37,299.5,14.25,28.75,0.53109
300,235,345.75,12.5,25,0.53053
300,260.5,15.75,12.75,25.25,0.53036
300,522.75,418,14.5,29.25,0.5302
330,260.75,321.75,15.5,30.75,0.56885
330,487.75,4.75,12.5,25.25,0.5636
330,167,338,13.75,27.75,0.55953
330,502,359.5,12.75,26,0.55755
330,232,38,15.75,31.5,0.55633
330,212.75,354.5,15.5,30.75,0.55612
330,232.25,298.75,12.75,25.25,0.55328
330,229.25,14.5,14,28,0.55273
330,222.25,344.75,12.5,24.75,0.55222
330,588.75,382.75,13,26,0.55174
330,365.5,408.5,13.5,27.25,0.55134
330,587.25,421.5,28,55.75,0.55043
330,253.75,425.25,13.5,27.25,0.55023
330,260.75,349.25,14,28,0.55009
330,396.5,433,14.25,29,0.54976
330,185.5,21.25,13.5,27.25,0.54956
330,540,364,14,28,0.54929
330,116.75,361,15,30.25,0.54796
330,515.5,366.75,16.75,33.75,0.54767
330,232,50.25,15.25,30.5,0.54661
330,491,377.75,16.75,33.75,0.54641
330,199,20.25,13.25,26.25,0.54578
330,220.5,408,14.5,29,0.54469
330,373.5,326.25,13.25,26.75,0.54468
330,301,94.25,12.25,24.75,0.54436
330,309.5,309.75,13.75,27.75,0.54405
330,342.75,42.5,12.25,24.5,0.54396
330,412.25,327.75,13.5,27,0.54283
330,325.75,306,15.5,30.5,0.54282
330,36.25,336.25,12.5,24.75,0.54244
330,268.5,321.75,15.5,31.25,0.54239
330,396.75,321.5,14,27.75,0.54173
330,196.5,383.75,16.25,32.75,0.54129
330,149,357.25,13.75,27.5,0.54108
330,501.75,442,14,28,0.54097
330,572.5,381.25,14.25,28.25,0.54066
330,332.25,368.5,12.5,25,0.54064
330,51.25,286.75,17.25,34.5,0.54024
330,252.25,367.75,15,30.5,0.53892
330,238,416.5,14.75,29.5,0.53814
330,508,442.25,14.75,29.5,0.53808
330,180.5,402.5,15.5,31,0.53794
330,284.25,329.75,14.75,29.75,0.53786
330,447.5,300.25,13.5,27,0.53702
330,7,349.25,13,25.75,0.53648
330,134,396.25,14.5,29.25,0.53648
330,199.5,24,13.25,26.25,0.53626
330,236.75,400.75,15.5,31,0.53621
330,307.75,34.75,15.75,32,0.53619
330,431,330.25,13.5,27,0.53611
330,349.25,203.75,12.75,25.25,0.53596
330,597.25,357.75,14,27.75,0.5357
330,204,353.5,16,31.5,0.53564
330,85.75,269.5,14,27.75,0.53532
330,124.25,328.75,12.75,25.5,0.5353
330,573.5,38.5,13.5,27,0.53522
330,341.5,330.25,15,29.75,0.5351
330,284.75,82.5,14.75,29.25,0.53496
330,454.25,299.75,12.75,25.5,0.53477
330,116.75,321.75,14,28,0.53466
330,245.25,323.75,14.75,29.5,0.53444
330,556.5,394,15,29.75,0.53437
330,192,200,12.25,24.75,0.53435
330,373.5,447,13.25,26.25,0.53432
330,413.25,430.5,15,30.25,0.53425
330,316,73,12.5,25.25,0.53423
330,238.25,444,12,23.75,0.53417
330,284,273.25,12.5,25,0.53412
330,411.75,353,15,30,0.53385
330,485.5,320.5,12.5,25,0.5338
330,212.5,24,13,26,0.5336
330,579.75,379.5,15.5,31,0.53351
330,299.5,34.25,14.5,29,0.53341
330,419.75,323,17,33.75,0.53318
330,500.5,300.5,14.5,29,0.5328
330,421.75,251,13.25,26.5,0.53277
330,263.75,81,12,24.25,0.53273
330,124,312.75,13,26,0.53267
330,438.75,432.25,13,26,0.53262
330,524,378.75,15,29.75,0.53253
330,197.25,356.75,14.5,28.75,0.53231
330,365.75,324.5,14,27.75,0.53229
330,342.75,34.25,13.75,27.5,0.53205
330,573.25,344.25,13,26,0.53195
330,276.25,444.25,16.25,32.5,0.53194
330,-2.25,27.75,18,36,0.53194
330,238.5,313.25,14,28,0.53189
330,405,301.25,14.25,28.5,0.53165
330,50.75,415.25,19.25,38.5,0.53159
330,427.75,171.5,12.5,25,0.53148
330,390,310,13.5,26.5,0.53128
330,556.25,304.25,14.5,29.5,0.53127
330,167.25,279,13.75,27.5,0.53109
330,245.75,381.25,13,26,0.53088
330,220.75,21.25,15.5,31.25,0.53079
330,572,421.25,16,32.25,0.53045
330,289,368,12.5,25,0.53026
330,284.75,441,17.5,35,0.53021
330,524,186.75,27,53.75,0.53009
360,285.75,352,13,25.75,0.56685
360,236.75,366.25,13.75,27.25,0.56311
360,235.75,298,15.75,31,0.55972
360,252.5,333.75,13.5,27.25,0.55849
360,428.75,343.5,13.5,27,0.55765
360,516.75,430,13.25,26.75,0.55565
360,220.75,57.25,13.75,27.25,0.55441
360,516.5,424,14.25,28.25,0.55211
360,212.25,368.5,13,26.25,0.55176
360,285,319.75,13,26,0.55057
360,445.25,387.75,13.75,27.75,0.55034
360,187.5,411.25,17,34,0.55007
360,369.75,349.25,17.5,35,0.54932
360,212.75,379.5,14.5,29,0.54922
360,268.5,64.25,17,34.25,0.548
360,501.5,283.25,12.75,25.75,0.54744
360,180.75,361.25,14.5,29,0.54733
360,572.25,323.5,14.5,29.25,0.54631
360,267.75,338.25,13.5,27.25,0.54567
360,276.25,287,13,26,0.54529
360,205,69.25,14,28,0.54508
360,149.75,383.25,12.75,26,0.54503
360,316.25,272.75,15.75,31.75,0.54482
360,348.75,336.75,13,26,0.54465
360,134,59.25,13.75,27.25,0.54361
360,325,330.75,14.75,29.75,0.54327
360,307.5,359,17.25,34.5,0.54225
360,603.75,442.25,15.5,30.75,0.54133
360,51.75,330.25,15.75,31.5,0.54034
360,278,57,13.5,26.75,0.54
360,213.25,283.5,13.75,27.5,0.53939
360,292.25,414.25,13.25,26.25,0.53921
360,299,333,17,33.75,0.5389
360,558,317.25,13.25,26.75,0.53877
360,572.5,413.5,14.25,28.25,0.53861
360,547.75,417.75,16.5,32.75,0.53852
360,253,399.5,12.75,25.5,0.53848
360,277.25,395,15.25,30,0.53847
360,470.25,274.25,14.75,29.75,0.53819
360,-1.75,97.5,15,30.25,0.53809
360,373.75,376.5,13.25,26.25,0.53797
360,341.25,315.25,13.75,27.75,0.5378
360,121.75,367.5,18,36,0.53771
360,445,419,14.5,29.25,0.53752
360,468,360,13,26.25,0.53744
360,453.75,330.5,13,26,0.53719
360,21.75,423,12.75,25.5,0.53718
360,355.5,347.25,14.75,29.5,0.53709
360,556.75,45.5,15,30,0.53709
360,556,406.5,14,28.25,0.53706
360,228.75,306,14.75,29.75,0.53701
360,108.25,434,14.75,29.5,0.53626
360,597.5,395.25,13.25,26.5,0.53598
360,518.75,133.25,13,25.5,0.53586
360,587.25,395.75,18,36,0.53585
360,253,291.75,15.5,31,0.53561
360,341.5,349.25,14.5,29.25,0.53555
360,291.75,308.75,13.75,27.5,0.53508
360,451.25,304.25,15.5,31,0.53486
360,571.75,84.5,13.5,26.5,0.53484
360,85,310.25,17,33.5,0.53443
360,280.5,417.25,11.75,23.75,0.53377
360,259.25,66,15.75,31.25,0.53375
360,578.5,16.25,12.25,24.5,0.53369
360,460.5,420.75,14,28.25,0.53332
360,403,393.75,17,34,0.53309
360,508.25,286.25,15.25,30.25,0.53276
360,470.5,321.75,12.5,25,0.53274
360,260.25,161.75,12.75,25.25,0.53254
360,523.75,422.25,16,31.5,0.5325
360,188.5,345.5,13.75,27.75,0.53212
360,198.5,404.25,12,24,0.53209
360,325.5,288.75,13.25,26.75,0.53204
360,94,296.25,12.5,25.25,0.53194
360,332.75,299.5,15,30.25,0.53166
360,140.75,362.5,15.75,31.25,0.53164
360,141,186,27.5,55.25,0.53152
360,236.25,434.25,13,25.5,0.53147
360,168.25,69.25,22.75,45.25,0.53146
360,229.25,361,14,28,0.53116
360,317.25,165.25,23.75,47.25,0.53086
360,260.5,80.75,12.25,24.25,0.53084
360,434,394.5,19.25,38.5,0.53075
360,308.75,417,11.5,23,0.53059
360,228.75,381,15.25,30.5,0.53044
360,548.25,388.75,14.5,29,0.53041
360,229.25,295.25,14,27.5,0.53011
360,589.25,429.25,12.25,24.5,0.53008
390,213,386.75,14.5,29.25,0.56233
390,356.75,386,14.75,29.5,0.5619
390,445.5,382.25,13.75,27.25,0.55979
390,604.25,386.5,14.75,29.75,0.55308
390,460.5,365.5,14.25,28.5,0.55299
390,229.25,367.75,13.75,27.5,0.55219
390,580.75,378.5,14.5,28.75,0.5521
390,516,342.5,16,32.25,0.5516
390,101.25,366.5,13.5,26.75,0.55082
390,508,405.5,15.75,31.25,0.54954
390,435.75,352.25,16,32,0.54835
390,548.75,223.25,12.5,25.25,0.54732
390,487.25,405.75,13.25,26.75,0.54698
390,133.5,368.25,14.75,29.5,0.54675
390,268.5,407.5,12.75,25.5,0.54642
390,330.75,95.5,15.25,30.5,0.54632
390,157.5,354.5,14.25,28.25,0.54574
390,33.75,276.25,13.25,27,0.54505
390,174.5,31,12.5,25.25,0.54416
390,604.5,382,14.25,28.5,0.54343
390,220.75,67.5,12.75,25.5,0.54328
390,540.5,411.5,14,28,0.54197
390,205,322,14.5,29.25,0.54131
390,276,276,12.75,25.25,0.54111
390,404.25,358.25,14.25,28,0.54088
390,477,358.25,14.5,29,0.53992
390,587.25,386.5,18.75,37.25,0.53916
390,317.75,255,13.25,26.5,0.53907
390,229,299.5,14.75,29.5,0.53845
390,172.25,406.75,16.5,33.5,0.53833
390,124.75,365.75,13.75,27.5,0.53829
390,324,228.5,17,34,0.53816
390,540.5,320.75,12,24.25,0.53812
390,253.25,395.5,14.25,28.5,0.53808
390,501.25,383,13.75,27.25,0.53789
390,411.75,353,16.75,33.75,0.53746
390,428.5,302.75,13.75,27.75,0.53735
390,244.5,400.5,16,32,0.53702
390,389.25,303,14,28,0.53672
390,534.5,48.5,26.25,52.25,0.53654
390,436.75,394.25,15.75,31.5,0.53651
390,325.75,334.5,14.25,28,0.53648
390,252.5,319.75,12.75,25.5,0.53589
390,44.5,412.5,13.75,27.75,0.5353
390,200.25,44.75,12.5,25,0.53505
390,383.5,294.5,13.25,26.5,0.53501
390,390.25,366.5,13.25,26.5,0.535
390,212,367.75,13.25,26.5,0.53492
390,141.25,337.25,12.25,25,0.53482
390,150,9.25,13.25,26.5,0.53481
390,255.25,10.25,23.5,46.75,0.53466
390,268.5,427.5,16,32,0.53462
390,333,399.5,13.5,26.5,0.53452
390,268.75,324.75,14.5,28.75,0.5345
390,267.5,77.75,13.5,26.75,0.53396
390,515.75,413,16,32,0.53391
390,92.5,128.75,12.75,25.25,0.53372
390,292.75,356.75,14.75,29.75,0.53364
390,524.25,418,14.75,29.25,0.53363
390,380.75,317,11.5,23,0.53302
390,44.25,288,12.25,24.5,0.53286
390,411.75,385,16,31.75,0.53284
390,276,233,12,24,0.53278
390,373.5,379.75,13.5,27.25,0.5327
390,420.5,353.25,12,23.75,0.53259
390,149.25,406.5,13,26,0.5325
390,212.75,426,15.25,30.25,0.53227
390,116.5,368.75,15.75,31.75,0.53208
390,309.5,342.75,13,26,0.53168
390,549.5,412.5,13.25,26.5,0.53156
390,165,363,14.5,29,0.53152
390,-3,15.25,24.5,49.25,0.53143
390,335.25,232.75,14,28,0.53126
390,299.75,224.5,16.5,33,0.53118
390,380.5,294,12.5,25.5,0.53108
390,249.75,117.5,31.75,63.5,0.53085
390,315.75,335.75,13.75,27.5,0.53068
390,259.75,319.75,13.75,27.25,0.53025
420,253.25,375.25,13.25,26.75,0.5773
420,599.25,144.25,25.25,50.5,0.56781
420,168.75,131.5,18.25,36.75,0.5593
420,501.25,310.25,13.5,27,0.55587
420,324.5,320,15.25,30.5,0.5544
420,468,398,13.75,27.5,0.55016
420,325.75,300,12.75,25.5,0.54829
420,406.25,353,12.25,24.5,0.54628
420,516.25,370,15,30.25,0.54624
420,237.5,320,12.5,25.25,0.54583
420,575.75,368,12.25,24.75,0.54575
420,251.5,286.75,18,36.25,0.54538
420,254,44.75,12.5,25.25,0.5451
420,265.75,153,15.75,31.75,0.5449
420,268.25,45.75,11.75,23.75,0.54473
420,572,388.25,15,30,0.54269
420,340.5,320.5,14.75,29.5,0.542
420,603.5,366,17.25,34.5,0.5419
420,172.25,389.25,15.5,31,0.54081
420,441.5,364,12.25,24.25,0.5408
420,225.75,256.75,16.75,33,0.53982
420,144.5,394.25,12,24.25,0.53951
420,245,153.25,14.25,28.25,0.53799
420,155.25,6.25,12.25,24.75,0.53778
420,199.25,307.5,13.25,26.25,0.53717
420,571.75,319.5,17.5,35,0.53688
420,18.5,320,15.5,31,0.53684
420,119.25,96.25,73.5,147,0.53669
420,619,352.75,13.5,26.75,0.53663
420,240.25,61.25,12,24,0.53629
420,140.75,358.75,22.5,45,0.53576
420,501.5,415.5,14.75,29.75,0.53556
420,29.5,412,12.5,25.25,0.53546
420,412.5,383.75,14,28.25,0.53509
420,244,271,13.5,27,0.53507
420,382,391.75,12.75,25.75,0.53325
420,235.75,387,15.75,31,0.53304
420,419.25,351,16.5,33.25,0.53278
420,450.5,378.25,17.5,35,0.53252
420,141.75,414.5,13.5,27,0.53251
420,533.75,382,13,25.75,0.53248
420,477.75,389.25,14.25,28.5,0.53237
420,396.75,385,14.75,29.75,0.53205
420,524.5,358.25,14,27.75,0.53174
420,453,334.25,14,28,0.53157
420,587.5,381,16,32,0.53101
420,338.25,409.5,23.5,47.25,0.53089
420,593.25,151.5,49.5,99.25,0.53087
420,412.25,372.5,14,27.75,0.53084
420,525.75,401.5,14.5,29,0.53079
420,575.5,245.5,33.25,66.75,0.53036
420,338.25,363.5,14.5,28.5,0.53002
450,253.75,344.5,13.5,27.25,0.56092
450,591,359.5,12.75,25.75,0.55772
450,342,399.25,12.75,25.5,0.55649
450,390.5,344.75,62.75,125.25,0.54834
450,324,432,17.25,34.75,0.54719
450,425.75,405.5,18.5,36.75,0.54642
450,588.25,23.5,13.75,27.5,0.54503
450,300,344.75,15.75,31.75,0.54444
450,508.25,379.25,15.25,30.5,0.54441
450,364.25,256.25,12.5,25,0.54392
450,188.25,333,13.75,27.25,0.54381
450,409.5,69.25,14.5,28.75,0.54308
450,625.25,85,16.25,32.75,0.54226
450,619.5,194.5,13.5,27.5,0.54116
450,224.75,390.75,13.25,26.75,0.54113
450,166.5,338.5,12.25,24.75,0.54049
450,108.25,377.75,12.25,24,0.5381
450,238.75,5.75,21.5,43.25,0.5373
450,11.25,124.75,12.5,24.75,0.53728
450,210.25,327.25,12.5,25,0.53693
450,571.5,441.75,17.5,35,0.53567
450,156,384.25,12,24,0.53527
450,609.25,142.25,33.75,68,0.53477
450,260.75,333.5,12.25,24.5,0.53443
450,188,73,13,25.75,0.53423
450,340,297.5,19.25,38,0.5331
450,150,9.75,13.75,27.5,0.53274
450,462.75,135.25,12.25,24.25,0.53257
450,158,405,12.25,24.5,0.5323
450,180.25,330,15.75,31.25,0.53168
450,436,394.25,13.5,26.75,0.53163
450,22.5,400.25,12.5,25.5,0.53155
450,-1.75,134.5,13.5,27,0.53149
450,309.75,355.5,14,28.25,0.53096
450,-1.75,117,14,28,0.53083
450,130.25,334.75,12.75,25.5,0.53047
450,25.25,248,27.5,54.75,0.53032
480,172.5,426.75,13.75,27.5,0.57029
480,507.5,419,13.5,26.75,0.56525
480,596,363.5,15,29.75,0.56297
480,269.5,376.75,12.5,24.75,0.55192
480,401.5,237.75,12.5,25.25,0.54815
480,564.5,378.25,14.75,29.75,0.5472
480,572.25,396.25,14.5,29,0.54702
480,164.25,50,15.5,31.25,0.54685
480,518.25,331.75,13.5,27,0.54172
480,348.5,438.25,13.75,27.75,0.54135
480,172.25,405.75,14.75,29.75,0.5409
480,524.75,417.25,15,30.25,0.54046
480,188,40.75,13.5,27,0.5404
480,123,277.25,53,105.75,0.53968
480,368.75,71.5,19,37.5,0.5388
480,141.25,260.5,65.5,131.25,0.53848
480,183.5,42.75,13.25,26.5,0.53827
480,157.25,410.5,13.5,27.25,0.53813
480,196.75,396.25,15,30.25,0.53719
480,311.5,35.25,13,26.25,0.53613
480,173,53,14.25,28.5,0.53569
480,564.25,404,15.25,30.25,0.53496
480,412,239.5,16.25,32.25,0.53469
480,389.25,330.75,23.25,46.75,0.53441
480,180.5,423.75,15,29.75,0.53412
480,604.5,414.75,13.5,27.25,0.53375
480,486.25,399.25,14.25,28.5,0.53291
480,393.25,336,23.75,47.5,0.53288
480,413.25,418.25,15,29.75,0.53282
480,500.75,315.25,14,27.75,0.53279
480,513.75,408.25,21,42,0.53242
480,446,419.75,12.75,25.75,0.53229
480,140.5,11.75,22.75,45.5,0.53221
480,151.25,391.75,13,25.75,0.53219
480,59,272.75,15.25,30.5,0.53218
480,122.75,25.75,15,30.25,0.53205
480,171.25,15.5,24.75,49.75,0.53199
480,146,38.5,15,30,0.53193
480,467,396,18,35.75,0.53182
480,551.75,321.5,13,26,0.53137
480,452,396.5,13.75,27.75,0.53124
480,408.75,337.75,22.75,45.5,0.53102
480,328.5,250.5,12,24.25,0.53086
480,428.25,404.75,14.75,30,0.53073
480,419.5,402.5,15,30.25,0.53072
480,613.25,371.25,13.75,27.75,0.53042
480,423.25,332,26.75,53.75,0.53033
510,270,22,14.25,28.25,0.56791
510,452.25,403.25,14.25,28.5,0.56787
510,231.5,37,13.5,26.75,0.56602
510,380.5,377.25,16,32,0.56044
510,117.25,329.5,14.25,28.75,0.55899
510,156,366.5,15.75,31.75,0.55838
510,212,441,13,25.75,0.5583
510,556.75,366.25,14.75,29.75,0.55759
510,500.75,303,14.75,29.25,0.55581
510,508.25,117.25,12.25,24.75,0.55333
510,196.5,355,16,31.75,0.55069
510,243.25,348,16.25,33,0.55049
510,595,351,17,34,0.54586
510,203.5,14.5,17.75,35.25,0.54539
510,187.5,18.75,14.5,29,0.54472
510,-0.25,16.5,13.75,27.25,0.54465
510,53.5,376.5,12.75,25.5,0.54422
510,172.5,409.5,16.25,32.25,0.54418
510,174,360.25,13.25,26.5,0.5429
510,292.75,358.5,13.5,27,0.54258
510,140.5,379,16,32.25,0.54172
510,108,35.25,12.75,25.25,0.54159
510,197.5,20,14.5,29,0.54114
510,46.75,412.25,13.5,27.5,0.53928
510,564.5,384.25,15.75,31.25,0.5383
510,432,186.25,12.25,25,0.53821
510,389.5,420,14,28,0.53754
510,227.75,358.5,13,26,0.53681
510,546.75,434.5,11.75,23.5,0.5365
510,24,178.5,12.5,25,0.53641
510,370.5,355.25,15,29.75,0.53589
510,285.25,367.25,13.5,26.75,0.53587
510,147.75,32.5,13.75,27.5,0.53582
510,247,23.5,14.25,28.25,0.53556
510,381.75,310.75,13,26.25,0.53556
510,21.75,300.5,14,28.25,0.53551
510,246.5,36.25,14.25,28.25,0.5355
510,247.75,31,13,26.5,0.53531
510,130.75,379,18,36.25,0.53514
510,413.75,347.25,15,29.5,0.53511
510,457.5,382.25,13.25,26.5,0.53466
510,197.75,319.25,12.75,25.5,0.53447
510,119.25,34.75,13.5,27.25,0.53438
510,307.25,263.75,12.5,25.25,0.53436
510,167.75,39,13,25.75,0.53426
510,492.25,405,15,29.5,0.53359
510,514.25,119.25,12.5,25.25,0.53339
510,581.75,371,14,28,0.53335
510,235.5,264.75,15.25,30.75,0.53334
510,179.75,34.25,15.75,31.5,0.5332
510,377.25,53,23.25,47,0.53317
510,174.75,344.25,12.5,25,0.53258
510,128.5,181.25,16.25,32.75,0.5324
510,281.75,112,17,34,0.53226
510,167.25,31.5,12.75,25.75,0.5322
510,405.75,370.25,16,32,0.53175
510,420.5,364.5,16.25,32.5,0.53138
510,144,366.75,12.75,25.5,0.53137
510,473,331.75,12,24,0.53134
510,147,392.75,18,36,0.53123
510,404.25,399,15,29.75,0.53097
510,580.25,328.5,12.75,25.25,0.5308
510,316,270,12.75,25.75,0.53076
510,20.5,404.5,15.75,31.75,0.53037
510,523.25,8.25,13.25,26.5,0.53033
540,389.5,349.5,14.5,28.75,0.55922
540,605.25,129,12,24,0.55102
540,29.5,278.25,13.75,27.25,0.54524
540,589,411.25,13.5,27,0.54258
540,455,357.5,13,25.75,0.54132
540,252.25,264.75,12.5,24.5,0.54025
540,116.75,321.5,15.5,30.75,0.54009
540,403,61.75,16.25,32.5,0.53957
540,471,345.5,12.25,24.5,0.53907
540,214.25,413.75,12.75,25.75,0.53833
540,189,422,14,28,0.53833
540,28,417.75,14.75,29.25,0.53745
540,229.25,428.5,14,27.75,0.53712
540,60.25,397,16.25,32.5,0.53611
540,628,153.75,12.5,25.25,0.53596
540,579.75,101.5,13.25,26.75,0.53594
540,278,391.5,12.5,24.75,0.53571
540,421,367.75,16,32,0.53493
540,373.75,400.5,12.5,25,0.53453
540,572,367.25,15.5,31,0.53399
540,582.75,244.5,13.25,26.75,0.53349
540,595.75,409.75,14.75,29.75,0.53324
540,323.5,318.75,12.75,25.75,0.53304
540,588.75,432.75,13,26,0.53287
540,148,45,17.75,35.5,0.53214
540,242.75,310.5,13,25.75,0.53199
540,628.5,67.25,12,24.25,0.53158
540,204.5,373.5,17.5,35.25,0.53147
540,508.75,428.75,14,28,0.53113
570,124.25,377,12.25,24.75,0.57584
570,150.5,50.75,15.25,30.75,0.57168
570,100.25,386.25,13,26.25,0.55527
570,157.25,30.5,13.75,27.75,0.55519
570,486.75,430.25,13.75,27.75,0.54644
570,173.75,42.25,14,27.5,0.54588
570,516.75,345,13.5,27,0.5458
570,85.25,376,13.75,27.75,0.54294
570,421.5,392.75,14,27.75,0.54115
570,325.75,396.25,14.25,28.5,0.54089
570,210.75,31.75,14.75,29.75,0.53992
570,54.25,368,12.5,25,0.53955
570,148.25,349.5,14,28.25,0.53945
570,450.25,433,11.75,23.5,0.53894
570,245.25,268.75,15.25,30.5,0.53887
570,125.5,319.75,13,25.75,0.5388
570,268.75,121,13.5,27,0.53792
570,166,52.25,13,26,0.53707
570,252.75,257.5,12,24.25,0.5369
570,244.25,257,13.25,26.75,0.53655
570,131.5,335.5,17,34.25,0.53622
570,376.75,335.75,17.25,34.75,0.53611
570,135,47,13.25,26.75,0.53546
570,180.5,44,15.75,31.75,0.53516
570,596.75,347.5,13.75,27.75,0.53515
570,123.5,64,14,28,0.53428
570,130.75,10.75,18.75,37.5,0.53389
570,231.25,432.5,13.5,27,0.53345
570,106.25,40.5,12.25,24.5,0.53343
570,442.25,421,11.75,23.5,0.53295
570,216.75,113.75,12.75,25.5,0.53294
570,428,417.5,15,29.75,0.53278
570,10.25,45.25,13.5,27,0.53218
570,422,258,12.5,25,0.53171
570,85.25,360,14.25,28.25,0.53085
570,294.5,398.75,29.25,58.5,0.53059
570,100.75,361.75,14,28.5,0.53034
600,540.25,379.25,15.75,31.75,0.56918
600,262.25,393,13.25,26.5,0.55974
600,164.25,315.5,15.25,30.5,0.55951
600,300,357.5,14,28,0.55887
600,44,359.25,14.75,29.5,0.55541
600,87.75,248,12.25,24.5,0.55222
600,117.5,330.75,13,26,0.54821
600,92.5,408.5,14.25,28.25,0.54657
600,422,128.5,13.5,27.25,0.54267
600,551,419,13.5,27,0.54251
600,175,44,13.75,27.25,0.54244
600,330.5,26.25,13.25,26,0.54241
600,421.5,284.75,14,28.25,0.5423
600,580.75,416,15.25,30.25,0.54197
600,501.25,412,15.25,30.5,0.54151
600,244.75,351.25,13.25,26.5,0.5403
600,509.75,360,13,26,0.54001
600,97.25,342.5,12.75,25.5,0.53975
600,261.5,408.25,14.5,29,0.53883
600,317.75,361,12.5,25,0.53875
600,116.25,22.25,12.25,24.75,0.53844
600,471.5,396,13.25,26.5,0.53816
600,229.5,349.25,13.75,27.25,0.53815
600,468.75,391,13,25.75,0.53776
600,124.25,64.75,12.5,25,0.5373
600,550.25,377.5,34.5,69,0.53598
600,589.5,427.75,12.5,25,0.53575
600,364.25,350.25,12.75,25.5,0.53508
600,199.25,36.75,15,30,0.53461
600,166,390.5,13,26.25,0.53454
600,211.25,285.5,13.5,26.75,0.53397
600,187.75,13.5,16.5,33.25,0.5334
600,239.75,348.75,13,26,0.53322
600,344.75,45,12,24.25,0.53309
600,117.25,380.25,13,26,0.53295
600,338.75,356,15,29.75,0.5329
600,188.25,384,16.5,33,0.53278
600,476.25,279.75,13,25.5,0.53219
600,405.5,6.25,13,26.25,0.5321
600,389.25,376.25,14.25,28.5,0.5321
600,564.25,302.25,12,23.75,0.53144
600,123,18.25,26,51.75,0.53134
600,84.5,347,15.25,30,0.53105
600,103.5,384.75,12.5,24.75,0.53103
600,508,401,15.5,31.25,0.53096
600,156.5,363.5,14.5,29.25,0.53091
600,188.5,302.75,13.5,26.75,0.53071
600,254.5,411.25,12.75,25.5,0.53048
600,169.75,10.5,28.5,57,0.53039
600,125,363.25,14.5,29,0.53005
630,84.5,91.75,12,24.25,0.55795
630,373,409.75,13.75,27.5,0.55039
630,567.75,397,12.75,25.5,0.54946
630,158,432,12.5,24.75,0.5493
630,540,419,13.75,27.5,0.54707
630,388.75,294.25,13.25,26.25,0.54415
630,572.25,321.75,13,26.5,0.54223
630,102.75,66.75,14,28,0.54103
630,268.75,329.5,14.5,29,0.54009
630,108,35.25,12,24.25,0.54003
630,468.25,387.5,13.25,26.5,0.53891
630,231.25,298.75,12.5,25.25,0.53842
630,271.75,428.75,13,26.25,0.53696
630,212.25,79,15,29.75,0.53624
630,401.75,46.5,13,26.5,0.53612
630,248.25,129.5,12,24,0.536
630,140.5,5.5,26.5,53,0.53594
630,140.25,3.5,12.25,24.75,0.53522
630,54,389.25,13.5,27,0.5351
630,333.25,442.75,13.5,27,0.53456
630,538.25,281.5,20,39.75,0.53428
630,435.75,379.75,13.5,27,0.53376
630,116.5,69.5,14.5,28.75,0.53348
630,367.25,399.75,12.5,25.25,0.53326
630,256.75,263.25,11.75,23.5,0.53323
630,124.5,32,12,24.25,0.53313
630,76,2.75,12.75,25.5,0.53209
630,92.75,26,11.5,23,0.53167
630,136.5,408.75,12,23.5,0.53155
630,7,17.25,12.5,24.75,0.53133
630,141.75,349.5,12.5,25.25,0.53114
630,512.25,75.25,13.25,26.5,0.53087
630,237.5,279.5,12.5,25,0.53081
630,179.75,94.5,17.5,34.75,0.53054
630,50.75,364.5,17.5,34.5,0.53039
630,556,391.75,13,26,0.53033
630,381,424,14,28,0.53032
660,532.25,393.5,15,29.75,0.57536
660,49.25,21.75,13.5,27.25,0.57098
660,594.25,413,18.25,36.5,0.56406
660,445.5,422.5,13.5,26.75,0.5606
660,229.25,432.75,14.25,28.5,0.55992
660,508.75,379.75,14.5,28.75,0.55755
660,500.5,367.5,15.25,30.25,0.5557
660,108.25,37.75,15.5,31,0.5534
660,102.25,37.75,13.75,27.25,0.55288
660,108,402.5,15,30,0.55101
660,412.5,409.5,13.5,27.25,0.551
660,84.25,370.75,15,30,0.55072
660,468.75,399.75,15.5,31,0.54909
660,84.25,351,13,26.25,0.54832
660,52.25,390.25,15.5,30.75,0.54815
660,324.5,392.75,13.75,27.25,0.54686
660,477.25,393.75,12.5,25,0.54628
660,34,339.5,22.25,44.5,0.54552
660,403,422.5,16.75,33,0.54304
660,21.5,381,13.75,27.5,0.54304
660,292.5,344.75,12,24,0.54286
660,540.25,414.5,13.5,26.75,0.54277
660,510.75,410,12.25,24.25,0.54236
660,612.5,359.75,15.25,30.5,0.54198
660,204,432.5,13.75,27.5,0.54195
660,196.75,433.25,15.25,30.5,0.54117
660,117.5,59.25,13.25,26.5,0.54045
660,102.5,20.75,14.75,29.75,0.53977
660,549,414.75,13.25,26.25,0.53963
660,27.75,371.75,16.25,32.75,0.53936
660,68.25,359.25,13.25,26.25,0.53925
660,100.25,430,14.5,29,0.5387
660,508,360.5,15.25,30.5,0.53855
660,389,416,15.25,30.5,0.53834
660,260,357.75,12.75,25.5,0.53826
660,265,337.75,31.5,63,0.53753
660,125.25,365.75,17,33.75,0.53734
660,63.75,329.75,14.75,29.25,0.5373
660,86.25,30.25,13.5,27,0.53726
660,117,37.75,13.75,27.25,0.53716
660,501,388.25,14.25,28.75,0.53702
660,516.25,378.5,15.25,30.75,0.53697
660,35.25,302.5,13.5,27.25,0.53694
660,69,347,16.5,33,0.53658
660,262.25,380.25,13.75,27.75,0.53594
660,477,405.25,15,30.25,0.53583
660,86.25,50.25,12.75,25.5,0.53565
660,44.25,27,12.25,24.5,0.53565
660,548.75,438.75,13,26,0.5355
660,549.25,391.75,13.25,26.75,0.53545
660,180.5,361.25,15.75,31.75,0.53523
660,149.25,97.75,14.25,28.75,0.53489
660,533.25,345.5,13.5,26.75,0.53452
660,187.75,427.5,17.25,34.25,0.53446
660,478.75,129,11.5,23,0.53434
660,251.25,366.75,16.5,33.25,0.53434
660,244,428.5,12.75,25.5,0.53412
660,244.5,356.75,14.25,28.25,0.53364
660,233.5,407.75,12.75,25.25,0.53362
660,315.5,432.5,13.75,27.5,0.53359
660,230,423.5,12.75,25.5,0.5334
660,588.75,400.5,13,26,0.53328
660,612.25,417.25,15.5,30.75,0.53327
660,580,434.25,13.5,26.75,0.5329
660,164.75,359,14.75,29.75,0.53275
660,260,445.5,16,32,0.53245
660,533.25,430.5,13.5,27,0.53232
660,92.5,35.5,15,30.25,0.53228
660,581.25,408.75,14,28.25,0.53218
660,220.5,436.25,15,30,0.53205
660,256,82.75,13,26,0.53181
660,172.75,348,15.5,31.25,0.53178
660,604.25,434.5,14.5,29,0.53177
660,272,83.5,12.25,24.5,0.53154
660,571.75,352.5,12,24,0.53145
660,565.5,400.25,12.5,25.25,0.53139
660,436,366,14.25,28.5,0.53115
660,150.5,307.75,14.5,29,0.53078
660,123.75,433,15.25,30.75,0.53068
660,308.5,430.5,15.5,31.25,0.53067
660,628.75,245,11.5,23.25,0.53055
660,556.25,413.25,16.5,33,0.53044
660,535.5,179,29,58,0.53015
660,596.75,442.5,13.5,27.25,0.53003
660,405,211,21.5,43.25,0.53001
690,222.5,391.25,12.75,25.5,0.54747
690,465.75,38,13.25,26.5,0.54332
690,348.25,143,13.75,27.25,0.54186
690,92,36.5,15.5,31,0.54102
690,318,416.5,12.75,26,0.53998
690,564.75,370.5,14.25,28.5,0.53676
690,213.25,427.75,14,28,0.53588
690,172.25,386.5,16,32,0.53555
690,205.75,386.75,12.75,25.5,0.53531
690,620.75,152.5,11.5,23.5,0.53399
690,75.5,28,12.75,25.75,0.53366
690,131.75,399.5,16,32.25,0.53285
690,300.5,415.75,12.25,24.75,0.53215
690,107.5,3.75,20.5,41,0.53191
690,588.75,391.25,12.5,25.5,0.53135
720,168.5,409.75,12.5,25.25,0.56019
720,111.25,23.5,12.75,25.25,0.54836
720,35.75,129.25,12.75,25.5,0.54504
720,187.75,419.5,13.75,27,0.54128
720,169.5,141.75,18.75,37.5,0.53997
720,101.75,431.25,12.75,25,0.53961
720,159.5,21,13.25,26.25,0.53933
720,435.75,436.25,14,28.25,0.53889
720,268.5,106.25,15.25,30.25,0.53878
720,261.5,377.5,13.75,27.5,0.53648
720,339.75,94.25,33.75,67.5,0.536
720,58.5,21.75,20.5,41.25,0.53478
720,183.5,72.25,13,26.25,0.53457
720,510.75,1.5,11.75,23.5,0.53453
720,360.25,89.75,13.5,26.5,0.53439
720,29,395.75,13.75,27.75,0.53416
720,25.25,28.75,14,28,0.53359
720,608.25,8.75,36.5,72.75,0.53297
720,488.5,155,15,30,0.53268
720,166.25,143.25,12.5,25.25,0.53234
720,118,416.5,12.5,24.75,0.53085
720,516,444.5,15,29.75,0.53037
750,47.25,6.5,14.25,28.75,0.56743
750,285.25,409.75,14.25,28.25,0.55815
750,67.25,5.5,14,28.25,0.55448
750,149.5,12.75,13.25,26.75,0.54924
750,24.75,13,11.5,23,0.54782
750,35.75,8.25,12.75,25.5,0.54522
750,300.75,408.25,13.75,27.25,0.54269
750,381.75,404.25,14,28,0.54213
750,293.25,410,13.75,27.25,0.53937
750,119.75,434.5,13,25.75,0.53834
750,162.5,256,106.25,212.75,0.5383
750,309,409.75,15,30,0.53817
750,380.75,406.75,13,25.75,0.53809
750,340,88.75,35.25,70.25,0.53794
750,56.5,2.25,15.75,31.25,0.53757
750,300.5,86.75,12.75,25.5,0.53716
750,348,127.5,16.5,33,0.53695
750,192.75,15,12.75,25.75,0.53584
750,300.75,96,12.25,24.5,0.53534
750,277,418.75,15,30,0.53447
750,218,72,12.25,24.5,0.53345
750,270,116,18.5,37,0.5334
750,158,430.25,13.25,26.75,0.53331
750,573.25,427,13,26.25,0.53318
750,552.75,409,11.5,23,0.53287
750,580.25,424,12.75,25.5,0.53278
750,435.5,324.25,12.25,24.25,0.5324
750,325.75,91.25,32.5,65,0.53223
750,449.5,388,20.5,41,0.53167
750,559.5,72.5,17.5,35.25,0.53166
750,450.75,230.5,18.25,36.5,0.53137
750,260.5,75.75,13,25.75,0.53107
750,79.5,427.25,13.5,27,0.53076
750,15.75,426.75,13.25,26.25,0.53052
750,349,394.25,12.75,25.75,0.53031
780,51.75,2.25,14.75,30,0.55639
780,244.25,108.5,14.75,29.5,0.54964
780,43.75,7,14.75,29,0.54837
780,190.5,110.25,12,24,0.54479
780,190.25,18,12.75,25.5,0.54456
780,92.5,3.25,14.75,29.25,0.54262
780,253.5,87.75,14.5,29.5,0.53946
780,350.5,136.25,14.25,28.5,0.53897
780,324.75,100,32.75,65.75,0.5382
780,55,16.5,13.25,26.75,0.53642
780,501.75,444,14.5,28.75,0.53609
780,542.5,81.25,12.5,25,0.5358
780,244,87,12.5,25.25,0.53547
780,337.25,90,38,76,0.53544
780,96,202,13,26,0.53509
780,611.75,211.75,30.25,60.25,0.53491
780,37.25,4,14.75,29.5,0.53448
780,279.25,100,13,25.75,0.53438
780,432.75,119.75,12.25,24.75,0.53387
780,36.5,15.75,12.25,24.25,0.53337
780,490.25,437,18.75,37.25,0.53329
780,62.25,205.5,14.5,29.5,0.53312
780,505.25,160,14.25,28,0.5329
780,290.75,36.75,11.75,23.5,0.53205
780,350.75,195.75,41,82,0.53174
780,146.25,17.5,12,24.5,0.53134
780,564.75,269,18.5,37,0.53106
780,438.5,59.25,13.75,27.5,0.53056
780,7.5,32.75,12.25,24.5,0.53001
810,92.75,2.25,14.25,29,0.5591
810,508.75,166.75,14.5,29,0.54795
810,44.5,11,14.75,29.5,0.54426
810,56.5,7.25,13,26.25,0.5434
810,23,38.5,13.25,26.25,0.54236
810,260.25,23.25,13.75,27.25,0.54125
810,243.75,112.25,16.5,33.25,0.54005
810,371,179.25,136,272.25,0.53951
810,455.5,369.5,48.5,97,0.53884
810,494.25,361.5,51,101.75,0.53879
810,511.75,421.75,24.5,48.75,0.53798
810,160.5,10.5,19.5,39,0.53797
810,327,104,33.5,67.25,0.53676
810,300,100.25,13.25,26.75,0.53426
810,261,77,14.75,29.25,0.53414
810,499,422.5,21.25,42.75,0.53358
810,141.75,23,13.75,27,0.53262
810,67,6.5,13.75,27.5,0.53187
810,205.5,36.5,27,53.75,0.53128
810,281.25,58.75,19.5,38.5,0.53094
810,365.75,91.75,14.5,29.5,0.53087
810,58,311,76,151.75,0.53003
840,150,408.25,12.25,24,0.56046
840,268.25,137,14.5,29,0.55831
840,59.75,18.25,15,30,0.55398
840,37.5,5.75,13.75,27.75,0.55111
840,363.75,87.5,13.75,27.5,0.55025
840,132.5,23.75,13.5,27,0.54405
840,245.75,114.25,14.75,29.75,0.54337
840,626,445.5,13.5,27.25,0.54326
840,11.25,23,12.75,25.5,0.54211
840,212.25,452.75,12,23.75,0.54174
840,300.25,97.25,13,26,0.54156
840,147.25,10.5,19.25,38.5,0.53904
840,243.5,272,14,28.25,0.53786
840,164,407.5,12,24.5,0.53686
840,625,123.5,14.75,29.25,0.53542
840,548.5,347,14.25,28.5,0.53482
840,44.25,13.25,13.75,27.75,0.53422
840,147.25,18,43.25,86.75,0.53376
840,242.75,111,11.5,23.25,0.53375
840,24.25,41,11.75,23.5,0.53368
840,41.25,191,124.25,248.75,0.5336
840,27,14.25,19,38,0.53324
840,368,98.75,12.75,25.25,0.53231
840,396.5,101.25,12,24,0.53224
840,521.75,448.25,12.5,25.25,0.53211
840,170.75,11.5,18.75,37.25,0.5319
840,91.25,220.25,19,38.25,0.53183
840,573.25,46.5,13,26,0.53152
840,25.5,24.5,27.5,54.75,0.53134
840,475.25,264.5,105.5,211,0.53106
840,619.25,124.75,14,27.75,0.53083
840,273,395.5,39.75,79.75,0.53026
870,60.75,24.25,13.75,27.5,0.55146
870,300,410.25,14.5,29,0.55042
870,285.75,416.25,13,26,0.54722
870,370.75,90.25,13.25,26.5,0.54712
870,412.5,423,13,26,0.54436
870,229,383.25,14.25,28.25,0.54314
870,147.5,416.5,17,33.75,0.54208
870,228.25,308.75,77.25,154.5,0.54101
870,243.5,124.75,14.75,29.5,0.54076
870,533.75,430.25,13,25.75,0.54064
870,421.25,403.25,13.75,27.5,0.5406
870,444,236.75,18,36.25,0.54047
870,451.75,130.75,14.25,28.25,0.54002
870,397,259.75,12.75,25.75,0.53884
870,242.5,90.75,18,36,0.5378
870,469.75,409.25,13,25.75,0.53564
870,188.25,343.25,13,25.5,0.53543
870,528,30.25,12,24.25,0.53506
870,153.75,382.5,20.25,40.25,0.53378
870,248.75,66,11.5,23.5,0.53351
870,188.5,400.25,13.25,26.25,0.53338
870,72.75,213,11.5,23,0.53332
870,267,102.75,13.25,26.5,0.5331
870,374,338.75,21,42,0.53268
870,508.25,403.5,15.25,30.5,0.53262
870,244,134.25,13.5,26.75,0.53206
870,39.75,11.75,13.5,26.75,0.53184
870,127.25,10.75,45.75,91.25,0.53162
870,156.75,419.5,14.5,28.75,0.53138
870,428.5,183.25,48.75,97.5,0.53126
870,212.5,420.5,15,30,0.53064
870,335.5,407.5,12.75,25.5,0.53049
870,113.25,67,15.25,30.25,0.53012
870,184.75,33.25,13.5,27.5,0.5301
900,292.75,404.5,13.75,27.75,0.5822
900,260.25,432.75,15.75,31.5,0.57546
900,542.5,171.25,12,24,0.57014
900,332.75,428.75,14,27.5,0.56902
900,581.75,392.25,13,26.25,0.56717
900,75,64.25,14,27.5,0.56007
900,317.25,417.75,14.25,29,0.54867
900,150.25,79,13.25,26.5,0.54758
900,286,399,12.75,25.75,0.54748
900,37.5,305.5,16.25,32.25,0.5464
900,540.75,431,13,26.25,0.54587
900,37.5,373,13.5,27,0.54497
900,171,128.25,12.5,25,0.54448
900,188.25,4.25,12.75,25,0.54378
900,208,127,13,26.25,0.54258
900,351.5,64.5,13,26,0.54145
900,324.5,407.5,13,25.5,0.5413
900,126,392,13,26,0.54117
900,525,433.25,14,27.75,0.54091
900,27.5,366.75,16.75,33.5,0.54074
900,603,40.75,12.25,24.75,0.54061
900,183.25,95.75,13.25,26.5,0.54016
900,565.25,432.25,13.25,26.25,0.53994
900,469.5,434,15.5,31,0.53827
900,236.75,414.25,17,34,0.53769
900,612.25,389.5,13.75,27,0.53761
900,139.5,447,13.75,27.75,0.53755
900,13.5,298.25,13.5,27.25,0.53621
900,429,36.5,12.25,24.5,0.5361
900,145.5,80.5,12.25,24.5,0.5359
900,309.25,427.75,14.75,29.5,0.53583
900,349.75,49,20,39.75,0.53561
900,404,410.5,13.75,27.75,0.53555
900,243.75,418.75,16.5,33.25,0.53474
900,116.75,261,11.5,23,0.53473
900,197,402.5,14.5,29,0.53471
900,260.5,404.75,14.25,28.75,0.53436
900,28.5,432.5,15.5,31.25,0.53371
900,272,7.5,40.25,80.5,0.5337
900,28.75,297.5,12.75,25.5,0.53363
900,381,391,12.5,25.25,0.5334
900,117.75,75.75,12.75,25.5,0.53337
900,565.25,439.5,13.25,26.25,0.53324
900,76.25,382.5,14.25,28.5,0.5331
900,526.25,451.5,12.75,25.75,0.53305
900,380.5,431.25,15.75,31.5,0.53295
900,172.25,392,13.25,26.25,0.53287
900,565,451.75,13.25,26,0.53287
900,444.75,445,14.75,29.75,0.5327
900,220.5,410.75,16,31.75,0.53257
900,101.25,435.25,13.25,26.75,0.53245
900,213.5,364,13.75,27.75,0.53238
900,286,102.5,40.75,81.25,0.5323
900,302.25,56.75,14,27.5,0.53207
900,277,411.75,14.5,29.25,0.53195
900,372.5,389,13.75,27.5,0.53164
900,180,95.25,13.25,26.25,0.53157
900,433,286,12.75,25.75,0.53148
900,567,331.5,14.5,29.25,0.53132
900,184,249.5,12,24,0.53117
900,215.25,32.75,25,50,0.531
900,553,391.25,12.5,25.25,0.53081
900,540.75,391.5,12.25,24.75,0.53075
900,178,116.75,15,29.75,0.53069
900,612.25,433.75,12,24,0.53054
900,196,50.75,12.75,25.5,0.53024
900,229.75,52.25,13.5,27,0.53019
930,181.75,92.5,13,26.25,0.57274
930,131.75,415.75,16,32,0.55695
930,148.25,426.5,15.25,30.5,0.55564
930,60.5,115.5,13.5,27,0.55443
930,244.5,430,14.25,28.75,0.55125
930,48.5,78.75,12,24,0.55037
930,117,427.75,14.25,28.5,0.54617
930,84.25,70.75,13,26,0.54425
930,363.5,419.5,14.25,28.75,0.54304
930,216,99.5,13,26,0.53998
930,200.25,103.75,12.25,24.5,0.53942
930,318,134.25,12.75,25.25,0.53888
930,282.75,430.25,15.75,31.5,0.53812
930,582.5,341,67.25,134.75,0.53802
930,125,355.25,14.5,29,0.53729
930,164.25,93.25,15.25,30.25,0.53661
930,260.75,434.75,12.75,25.75,0.53475
930,99.5,149.5,16.5,32.75,0.53456
930,169.75,31.75,15.75,31.5,0.53426
930,92.5,69,14.5,28.75,0.53363
930,143,416.75,13,25.75,0.53295
930,139.75,347.25,13.25,26.75,0.53234
930,71,78.25,13.5,27.25,0.53213
930,258,148.5,15.5,30.75,0.53204
930,535.75,282.25,82.5,165,0.53204
930,547,378.25,14,27.75,0.53183
930,534.5,257,21.25,42.5,0.53174
930,229.5,413.25,13.75,27.5,0.53011
930,14,133,12.75,25,0.53011
930,451,418.5,16.5,32.75,0.53008
960,44.25,146.5,15,30,0.55609
960,60.75,126.75,13,25.75,0.5462
960,52.5,107,14.75,29.5,0.54487
960,404,263.25,14.5,29.25,0.54409
960,51.75,145.25,15.75,32,0.54341
960,150,407.75,12.25,24.5,0.54251
960,334.75,335.25,22,44,0.54222
960,20.5,128.75,12.25,24.5,0.53835
960,468.5,382.5,12.25,24.5,0.53821
960,28.25,199,14.5,28.75,0.53741
960,550.25,421,12.75,25.5,0.53716
960,327,407.25,12.25,24.75,0.53675
960,263.5,408,12.25,24.75,0.53584
960,268.75,378.5,14,28,0.53498
960,250.75,7.75,16.5,33.25,0.53287
960,28,65.25,16.25,32.75,0.53282
960,76.5,377.75,12,23.75,0.53152
960,236.5,152.25,12.75,25.25,0.53148
960,62.25,75.5,11.75,23.75,0.53121
960,628.5,72,12.5,25.25,0.53119
960,100.25,174.75,14,28,0.53105
960,37.75,88.75,13,26,0.53105
990,164.5,379.5,14.75,29.5,0.55162
990,218.25,4.75,13.5,27,0.54927
990,412.5,423,12.75,25.5,0.54808
990,206.5,433.75,12.25,24.5,0.54799
990,596,416.75,11.75,23.5,0.54793
990,533.75,444.75,14,28.25,0.54771
990,573,426,12.75,25.5,0.54034
990,217.75,133.5,12.25,24.5,0.53989
990,525.5,431.5,12.5,24.75,0.53729
990,119,348,13,26,0.53683
990,477,444,14,28.25,0.53675
990,589,427.25,14.25,28.5,0.5364
990,124.25,409.75,13.75,27.75,0.5359
990,468,213.25,123.5,246.75,0.53501
990,111.75,407,12.75,25.75,0.5349
990,157.25,450.5,13,25.75,0.53479
990,500.5,448.25,13,25.75,0.53478
990,614.25,425,11.75,23.75,0.53471
990,212.75,7.5,12,24,0.53452
990,556.75,423,15,30,0.53436
990,396.5,100.75,12.25,24.75,0.53425
990,428.75,159.25,13.5,27.25,0.53367
990,166.75,416.5,12,24,0.5335
990,544.75,433,11.5,23,0.53341
990,273.25,146.75,30.75,61.25,0.53302
990,496.5,405,21.25,42.25,0.53268
990,125.75,361.5,13.25,26.5,0.5324
990,535,285.75,14,28.25,0.53172
990,549.5,443.5,14.75,29.5,0.53168
990,382.25,445,13.75,27.5,0.53156
990,580.75,425.25,12.75,25.5,0.53144
990,380.75,136.75,32,64,0.53115
990,404,161,136.5,273.25,0.53023
990,599.5,109.75,13.75,27.5,0.53021
1020,308.75,305,16.25,32.5,0.56078
1020,396,305.75,12,23.75,0.55522
1020,276.75,305.5,15.25,30.5,0.55296
1020,602.75,73.75,14,28.25,0.54986
1020,564.75,414.5,14.25,28.5,0.54813
1020,90.75,257.25,13.25,26.25,0.54799
1020,432.5,99.75,27,53.75,0.54537
1020,521.75,105,17.5,35,0.54529
1020,21,339.25,15.25,31,0.54321
1020,136.5,53.25,21.5,43,0.54195
1020,253.5,302.5,13.75,27.25,0.54151
1020,227.5,134,12.75,25,0.54149
1020,458.5,125.75,16.75,33.5,0.53911
1020,477.5,403.75,13.5,27,0.53898
1020,460.75,426.25,14.25,28.25,0.53895
1020,494.75,95,42.5,84.75,0.53681
1020,253.25,295.75,14.5,29,0.53543
1020,126,362.75,15.75,31.5,0.53485
1020,564.25,289.75,87.5,175.25,0.53386
1020,33.25,333.75,66.5,133,0.53375
1020,189.5,404.75,14,28,0.53372
1020,73.5,327.5,29.75,59.5,0.53343
1020,301.25,263,12.5,25.25,0.53338
1020,508.5,352.25,15,29.75,0.53317
1020,389,306,15,29.75,0.53312
1020,235.5,288.25,12.5,24.75,0.5331
1020,533,418.5,14.5,28.75,0.5325
1020,396.75,395.5,14.5,29,0.53232
1020,564.5,393.5,15,29.5,0.53157
1020,74,49.25,12.25,24.75,0.53146
1020,501.5,435.75,14.25,28.75,0.53142
1020,163.5,136.75,38,76.25,0.5307
1020,268.75,306,15.25,30.75,0.53064
1020,23.75,385.25,13,26,0.53061
1020,103.25,118.75,23.75,47.5,0.5306
1020,317.75,177.25,142.75,285.75,0.53043
1050,468.25,367,15.75,31.25,0.56224
1050,285.25,236.75,12,24,0.55963
1050,-2,97.25,15.75,31.25,0.55804
1050,252.75,381.75,16,32,0.55088
1050,516.5,385,16.5,33,0.5507
1050,204.75,378.5,14.75,29.5,0.54823
1050,141.25,376.75,14.5,28.75,0.54708
1050,532.75,385.75,14.75,29.25,0.54388
1050,378.5,269,16.75,33.25,0.54329
1050,389.25,371.75,15,29.75,0.54327
1050,549.5,378,13.25,27,0.5394
1050,580.75,393.5,15.25,30.5,0.53839
1050,588,364.75,17.25,34.5,0.53664
1050,368.5,80,12.5,25,0.53565
1050,311.75,188,14.5,29,0.53498
1050,355.25,341.5,13.75,27.75,0.5345
1050,405.5,378,13.5,27.25,0.53348
1050,477,374.5,13.25,26.5,0.53277
1050,556.5,395,15.25,30.75,0.5319
1050,278.25,416,12.5,25.25,0.53189
1050,231.5,150.25,17.75,35.5,0.53163
1050,53.5,65.75,12.25,24.5,0.5316
1050,213,398.75,14.75,29.5,0.53144
1050,546.25,70.5,27,54,0.53138
1050,565,398.25,13.75,27.5,0.53113
1050,142.5,117,27.25,54.5,0.53086
1050,343.25,358.5,12.75,25.75,0.53067
1050,136.5,321,40,80.25,0.53052
1080,213.25,373.25,14.25,28.25,0.57339
1080,125.75,359.5,13,26,0.5669
1080,92.5,391.75,15,30.25,0.56362
1080,205,373.5,14.25,28.5,0.56121
1080,293,363.25,14.75,29.5,0.55123
1080,21.75,375.25,13.75,27.75,0.5485
1080,547.75,412,16.25,32.75,0.54827
1080,124.5,383.75,16.25,32.5,0.54765
1080,100.75,393.25,14,28,0.54683
1080,85.75,392.75,13.75,27.25,0.54581
1080,175,335.75,12.75,25,0.54411
1080,172.5,384,16,32.25,0.54367
1080,598,377.5,13.5,27.25,0.54259
1080,471.5,137.75,19.75,39.5,0.54031
1080,100.25,345.25,15.75,31.25,0.53958
1080,156.25,352.5,15.25,30,0.53937
1080,30,281.25,12.5,25,0.53754
1080,79.5,77.25,24.25,48.25,0.53712
1080,44.5,360.25,13.75,27.5,0.53707
1080,37,370.75,14.25,28.25,0.53673
1080,148.5,378.75,15.25,30.5,0.53606
1080,323.75,276.5,17.5,34.75,0.53581
1080,204.75,170.25,14.75,29.75,0.53574
1080,76.25,282.5,14.5,28.75,0.53569
1080,491.25,399.75,16.5,33.25,0.53504
1080,373,323.5,14.25,28.5,0.53479
1080,72,181.75,12,24,0.53439
1080,274.25,298.25,15.25,30.75,0.53438
1080,92.25,350.5,15.5,31.25,0.53423
1080,2.5,114.75,13.75,27.25,0.53418
1080,21.75,378.25,13.75,27.5,0.53362
1080,60.5,278.5,16,32.25,0.53351
1080,426,272,14,27.75,0.53302
1080,60,369.5,12.75,25.5,0.53259
1080,40.5,351,12.5,25,0.53241
1080,493.75,376,13.25,26.5,0.53232
1080,247,145,37,74,0.53231
1080,43.75,287,16.75,34,0.53167
1080,30,359.5,12.75,25.5,0.53164
1080,51.75,371.25,16,31.75,0.53136
1080,167.25,273.75,36.25,72.5,0.53101
1080,555.5,347.5,17.25,34.75,0.53096
1080,560.75,243.5,13.25,26.5,0.53065
1080,37.25,291.5,13.75,27.75,0.53061
1080,526,286.5,32,64,0.53033
1110,52.5,330.75,13.75,27.25,0.55771
1110,52.5,157,14.25,28.75,0.55686
1110,403.75,351.5,16,32.25,0.55272
1110,469,348.5,14.75,29.5,0.55194
1110,285.25,282.25,14,28.25,0.55042
1110,364.5,379,14.75,29.5,0.54965
1110,391.25,266.75,19,38.5,0.54849
1110,108.5,363.75,14.75,29.5,0.54799
1110,5,440.5,13.25,26.75,0.54687
1110,358,286.25,14,27.75,0.54558
1110,164.25,360.5,15.75,31.75,0.54489
1110,533.25,380.5,13.5,27.25,0.54485
1110,541,143.5,13.75,27,0.5442
1110,501.75,399.5,12.75,25.25,0.54312
1110,116.5,369.5,15.75,31,0.54307
1110,111,426.75,14,28,0.54272
1110,364,335.25,16,32.25,0.54219
1110,381.75,354,14.5,28.75,0.542
1110,194,436.5,17.5,35.25,0.54186
1110,234,440.5,13,26,0.54179
1110,525.25,344.5,13.25,26.75,0.54171
1110,388.25,270.25,17.75,35.5,0.5401
1110,68,151,12.5,25,0.54001
1110,234.5,352,33.75,67.5,0.54
1110,317.25,291.25,14.5,29,0.53988
1110,423.75,442.5,13.75,27.25,0.53834
1110,309.5,299,14.75,29.75,0.53817
1110,312.75,275.25,13.75,27.5,0.53815
1110,60.25,326.5,12.5,24.75,0.537
1110,117.5,427.75,14.25,28.5,0.53663
1110,88.5,440.75,12.5,25,0.53652
1110,538.75,108.25,16,32,0.53595
1110,284.25,446.75,12.75,25.25,0.53593
1110,44.25,332.75,15,29.75,0.53545
1110,324.25,337,16,32.25,0.53513
1110,72.5,330.75,12,24,0.53453
1110,348,339.5,14.75,30,0.53426
1110,397.5,355.75,13.5,27.25,0.53425
1110,280.25,264.5,12,24,0.53397
1110,204,354.25,16.25,32.75,0.53395
1110,172.25,338.5,14.75,29.5,0.5338
1110,142,140,13,26,0.53362
1110,44.25,82.5,14,28.5,0.53359
1110,135.5,232.5,12.25,24.25,0.53314
1110,-2.75,29.25,21.5,43.25,0.53283
1110,293.5,349.25,14.25,28.25,0.53222
1110,324,297.5,15.75,31.5,0.53218
1110,38.25,68,12.25,24.5,0.53213
1110,445,444.5,14.25,28.5,0.53191
1110,140,362.25,16.5,33,0.53173
1110,510.5,29.5,12.75,25.75,0.53154
1110,253.5,442.5,13.5,27.5,0.53128
1110,590.75,36,16,32.25,0.53111
1110,389.25,355.5,14.5,28.75,0.53094
1110,404,208.75,12.25,24.5,0.5304
1110,534.25,249.5,13,26.25,0.53027
1110,491.5,369.25,14.75,29.5,0.53002
1140,445,442.5,14.25,28.25,0.55896
1140,468.5,363.75,15.5,31,0.55873
1140,234.25,443.25,13,25.75,0.5573
1140,517.5,363.75,15.25,30.75,0.55695
1140,4.25,438.5,14.75,29.75,0.55206
1140,588.75,360.75,13,25.5,0.55078
1140,540.25,374.75,13.5,26.75,0.5485
1140,388.75,359.75,13.25,26.75,0.5481
1140,251.25,119.75,14,28.25,0.54601
1140,51.75,198,112.5,224.75,0.5441
1140,501,363.5,14.75,29.5,0.54314
1140,452,444,14.75,29.75,0.54176
1140,229.25,338.5,15,29.75,0.54145
1140,430.25,438,13.5,27,0.54106
1140,391.75,442,13.25,26.75,0.54003
1140,221,337.5,15.25,30.25,0.53951
1140,484.25,376.5,14.5,28.75,0.53853
1140,309,387,13.25,26.75,0.53792
1140,509,359.25,13.5,26.75,0.53767
1140,542,138.25,19,38.5,0.53716
1140,21.5,372.5,14.25,28.75,0.53705
1140,84.5,324.25,12,24,0.53697
1140,493.5,442,13.25,26.25,0.53653
1140,260.5,336.5,12.5,24.75,0.53604
1140,484.25,364,14.75,29.5,0.53592
1140,407.75,442,12.75,25,0.53521
1140,252.25,376.25,13.75,27.25,0.53521
1140,309,401.5,13.25,26.25,0.53508
1140,244,445.25,13.25,26.75,0.53476
1140,284.25,446.5,12.75,25.75,0.53466
1140,44.75,361.75,14,28,0.53463
1140,292.25,339.5,14.25,28.5,0.53436
1140,491.25,362.75,18.25,36.25,0.53431
1140,-2.25,52.5,17.25,34.25,0.53412
1140,147.5,376.75,17.75,35.5,0.53406
1140,460,441.75,14.75,29.25,0.53377
1140,106.75,372.5,17.5,35.25,0.53321
1140,451.75,367.25,15.5,31,0.53234
1140,396.75,379.5,14.25,28.5,0.53231
1140,532,360.5,12.5,25,0.53216
1140,83.75,304.25,21,42,0.53198
1140,508.25,364.5,13,26.5,0.53155
1140,327.25,249,16.5,32.75,0.53153
1140,548,380,14,28,0.53021
1170,236.75,332.25,14,28,0.58357
1170,348,238.75,15,30,0.57076
1170,365,233.5,14.75,29.5,0.56367
1170,309.25,235.5,14,28.25,0.5627
1170,493,378.25,15,30,0.56068
1170,214,380.75,13.25,26.75,0.55637
1170,268.5,275.5,14.5,29,0.55557
1170,205,323.5,14,28.5,0.55417
1170,212.25,320,15.75,31.5,0.55206
1170,276.5,356.5,16,31.75,0.55138
1170,204,300,16.25,32,0.54799
1170,284.25,447.5,12.25,24.75,0.54525
1170,492.5,327,11.75,23.75,0.54433
1170,356.75,239,14,28.25,0.54415
1170,625.75,40.75,15.5,30.75,0.54351
1170,381.25,296.75,15,30.25,0.54296
1170,236.5,273,15,30.25,0.54281
1170,294.5,257,14,27.75,0.54238
1170,324.5,394.25,15.25,30.5,0.54099
1170,187.75,299.25,16.5,32.75,0.53996
1170,478.5,221.75,13.75,27.75,0.53995
1170,355.25,213.75,13.25,26.5,0.53992
1170,76.75,129.25,16,31.75,0.53975
1170,253.75,399.5,13.5,27.25,0.53966
1170,308.25,335.25,16.5,33.25,0.53966
1170,373,234.75,14.25,28.75,0.53901
1170,363.75,383.5,18,35.75,0.53888
1170,228.75,336.25,15.5,30.75,0.53865
1170,388.25,349.5,17.25,34.75,0.53763
1170,340.75,363.5,14.75,29.25,0.5374
1170,244.25,262.25,12.75,25.75,0.53657
1170,406,368.5,12.5,24.75,0.53641
1170,324,281.75,16.75,33.75,0.53635
1170,196.75,323,14.75,29.5,0.53627
1170,244,330.5,14.75,29.75,0.53565
1170,325.75,298.75,15.25,30.5,0.53546
1170,28.25,350.25,15,30,0.53516
1170,171.75,367.75,16.25,32.75,0.53506
1170,156,129,13,26.25,0.53488
1170,267.75,245.5,13.5,27,0.53483
1170,188.5,291,15.5,31.25,0.53442
1170,474.25,295.25,13.75,27.5,0.53435
1170,196,362,16.5,32.75,0.53416
1170,195.75,293.5,16.25,32.5,0.53395
1170,140.75,418.5,12,24,0.53389
1170,357,361.25,14.5,29,0.53388
1170,454.5,218.75,12.25,24.5,0.53375
1170,588.75,409.25,12.25,24.25,0.53365
1170,179,449,12.5,25.25,0.53362
1170,563,376.75,12.75,25.25,0.53354
1170,355.5,248.25,17.25,34.5,0.53347
1170,309,258.75,15,30,0.53323
1170,181,299.25,14.25,28.75,0.53278
1170,21.25,395,13.5,27,0.53197
1170,517.25,36,15.75,31.75,0.53119
1170,372.5,385.75,15.75,31,0.53111
1170,479.25,309,13.5,26.75,0.53105
1200,198.75,351.5,13.25,26.5,0.57433
1200,260.75,274.75,15.25,30.5,0.56563
1200,302.5,367.75,12.75,25.5,0.5511
1200,587,334.75,17,34.25,0.5497
1200,148.5,303.75,15.25,31,0.54756
1200,14,116,21.5,43.25,0.54739
1200,518.5,394.5,13.5,26.75,0.54719
1200,38,337.25,13,26.25,0.54565
1200,132,304.75,15.75,31.75,0.545
1200,316.25,368.75,12.25,24.25,0.5444
1200,587.75,71.75,13.75,27.25,0.54323
1200,300,379.75,14.5,28.75,0.54321
1200,341,251.5,14.5,29.25,0.54199
1200,69.75,129.5,16.5,33,0.54188
1200,373.75,279.5,12.5,25,0.54168
1200,355,369,16.75,33.75,0.54108
1200,284.75,353.75,15.75,31.5,0.5409
1200,180.5,337.25,13.75,27.5,0.54047
1200,269,278.5,14,28.25,0.54009
1200,228.5,368.75,15.75,31.75,0.53929
1200,132.75,359.5,13,26.25,0.53909
1200,363.75,349,15.75,31.5,0.53854
1200,572,63.75,16.25,32.5,0.53822
1200,219.5,359,17,33.75,0.53795
1200,164.5,300.75,14,28,0.53785
1200,310.25,277.75,13.25,26.5,0.53629
1200,372.75,260,15,30,0.53593
1200,164,320,16.25,32.75,0.53589
1200,604,338.25,15.5,31.5,0.53512
1200,479.5,401.25,22.25,44.25,0.53509
1200,610.25,16.5,34,68.25,0.53495
1200,172.5,336,16,32.25,0.53485
1200,458,351,20,40,0.53473
1200,563.5,48.75,16.25,32.25,0.53434
1200,381.5,336,13.25,27,0.53416
1200,296.5,452.75,12,24,0.53407
1200,236.75,336,16.5,33,0.53384
1200,342,231.75,12.25,24.5,0.53375
1200,595,329.75,16.5,33.25,0.53358
1200,284.75,387.75,15.25,30,0.53357
1200,368.25,318.25,12,24,0.53346
1200,341.75,333.5,13,25.75,0.53277
1200,211.75,351.75,16.5,32.75,0.53262
1200,420.5,395,15.5,30.75,0.53255
1200,44.75,363.25,13,26,0.53224
1200,229.5,293.75,13.75,27.5,0.53191
1200,237,287,14.5,29.25,0.53182
1200,326.75,294.75,13,26.25,0.53168
1200,252.75,342,13.5,27.25,0.53162
1200,187.5,338.25,16,31.75,0.53153
1200,501.25,353.25,13,26.25,0.53151
1200,424,146.25,13,26,0.53145
1200,152.25,146.25,13,26,0.53137
1200,572.25,312.5,15.5,31,0.53086
1200,152.25,332.75,11.75,23.5,0.53017
1230,300.75,353.25,16.5,33.25,0.55522
1230,590.25,395.75,25,50,0.55371
1230,70.25,65,11.5,23,0.54818
1230,497.75,312.25,61,121.75,0.54682
1230,116.75,373,38,76.25,0.54439
1230,318,380,13.5,27,0.54392
1230,156.75,419,14.5,28.75,0.54351
1230,263.25,5,31,62,0.54252
1230,539.75,422,13.75,27.75,0.54162
1230,595.75,315.5,14.75,29.5,0.54142
1230,515.25,106.25,17.5,35,0.54035
1230,44.25,379.25,14,27.75,0.54009
1230,318,413.25,12,24.5,0.53689
1230,-12,248,101.5,203.5,0.53684
1230,285.25,89,27.5,55,0.5366
1230,238,363,14.5,29,0.53526
1230,140.25,4,17.75,35.5,0.53502
1230,348.25,326.25,14,27.75,0.53429
1230,164.75,309.75,13.25,26.25,0.53415
1230,251,143.5,15.5,31,0.53404
1230,62.25,371,14,28,0.53376
1230,475.25,374,15.5,31,0.53371
1230,244.25,379.25,14,28,0.53354
1230,77,156.25,13.75,27.5,0.53335
1230,92,399.5,12.25,24.25,0.53293
1230,120.75,14.5,20.5,41,0.53253
1230,580.5,383.75,16.5,33.25,0.53186
1230,274.5,346.25,14.75,29.25,0.53154
1230,0.75,177.75,15,30.25,0.53137
1230,605.75,406.5,15,30.5,0.53112
1230,288.75,47,11.5,23,0.53094
1230,210.5,401.5,12.5,25.5,0.53071
1230,40.25,246.75,11.75,23.75,0.53031
1230,548.25,420.5,14,28,0.53016
1260,294,348.25,14.5,28.75,0.55331
1260,172,374,13.75,27.75,0.55321
1260,404,242.25,15.75,31.5,0.55287
1260,429,300.25,12.75,25.5,0.54734
1260,421.5,245.75,14,28,0.54673
1260,340.75,385.25,14.5,29,0.54462
1260,324.5,380.25,14.75,29.75,0.54448
1260,106.75,134.5,19.5,39.5,0.54368
1260,156.25,364.25,14.5,29.25,0.54331
1260,412.5,241.5,14.75,29.25,0.54321
1260,628,31.75,12.25,24.75,0.54306
1260,12.25,421.75,17.75,35.5,0.54301
1260,461,414,13,26,0.54253
1260,302.5,348.25,13.75,27.25,0.54243
1260,177,175,19.5,39.5,0.54234
1260,355.25,354.75,15.5,30.75,0.54196
1260,324.25,361,12.25,24.25,0.5417
1260,17.75,218.25,44,88,0.54093
1260,260.75,347,13.25,26.5,0.54089
1260,21.75,276,15.5,31,0.54046
1260,150.25,371,12.75,25.5,0.53985
1260,15.75,352.75,51.5,103.25,0.53981
1260,308.5,384.5,15.75,31.5,0.53904
1260,205.75,346.75,13,26,0.53893
1260,277.25,346.25,15,30,0.53886
1260,253.75,367.75,13.25,26.5,0.53868
1260,82.5,328.25,12,24.25,0.53849
1260,57.25,126,20.75,41.5,0.53784
1260,181,275,14.25,28.75,0.53753
1260,476.75,397.25,16,32,0.53638
1260,596.25,345.5,14.75,29.5,0.53596
1260,57.5,100,12.25,24.75,0.53595
1260,486,391.75,13.25,26.25,0.53485
1260,310.75,340,12.5,24.75,0.53453
1260,481.5,248.5,12.25,24.5,0.53404
1260,243.25,348,17.25,34.75,0.534
1260,196.75,352.25,15.75,31.75,0.53397
1260,22,373.25,13.5,27,0.53357
1260,487,404.5,12.75,25.5,0.53317
1260,251.5,144,13,26.25,0.53278
1260,220.5,387.25,15.25,30.25,0.53252
1260,395.5,369,13,26,0.53247
1260,285,333,14,28,0.5318
1260,212.75,275.5,14.25,28,0.53179
1260,242.5,379,18.75,37.25,0.53128
1260,25,408.25,25.25,50.25,0.53121
1260,396.5,244,14.75,29.25,0.53087
1260,412.25,358.75,17,33.75,0.53072
1260,491.75,415.75,15.75,31.75,0.5305
1260,451.75,363.5,15.25,30.5,0.53039
1260,429,376.5,12.75,25.5,0.53017
1260,42.75,144.25,16.75,33.75,0.53012
1290,372.5,383.25,14.75,29.5,0.57567
1290,262.5,399.5,12.75,25.5,0.56001
1290,428,336,17,33.75,0.55535
1290,60.5,361,15,29.75,0.55386
1290,468,365.75,14.25,28.25,0.55289
1290,173.25,363.25,14.5,29.25,0.54823
1290,572,43.25,15,29.5,0.54696
1290,389,401.25,15.5,31.25,0.54514
1290,582.25,383.25,13.25,26.5,0.54481
1290,409.75,322.5,22,44.25,0.54476
1290,428.25,365,15.25,30.5,0.54466
1290,404,409.25,14.75,29.75,0.54404
1290,239.5,376.25,12.75,25.5,0.54359
1290,242.5,332.25,13,25.5,0.54311
1290,112.25,344,12.75,25.5,0.54204
1290,460.5,354.25,14.5,29.25,0.54147
1290,405.5,356.75,14,27.75,0.53924
1290,214,383.25,13.25,26.25,0.53919
1290,421.5,308.25,13.75,27.5,0.53915
1290,269.5,346.5,13.5,26.75,0.53888
1290,382.25,248.5,12,24.25,0.5382
1290,213.75,327.75,13,26.25,0.53709
1290,443.25,336.25,16,32,0.53707
1290,580.25,42,16.5,33.25,0.53689
1290,547,16,31.75,63.5,0.53623
1290,429,356,14.25,28.75,0.53619
1290,294,403.75,12.75,25.75,0.53537
1290,403.25,288,16.25,32.75,0.53511
1290,260.25,319.75,16.5,32.75,0.53463
1290,197.5,390.75,13,26,0.53408
1290,564,338.75,15.5,31,0.53399
1290,132.25,349,13.75,27.5,0.53361
1290,436.75,361.25,15.25,30.5,0.53313
1290,478.25,402.5,14.75,29.5,0.53306
1290,581,372.75,14.25,28.25,0.53305
1290,341,340.5,14.5,29.25,0.53296
1290,419.25,333.25,18,36.25,0.53279
1290,45,379.5,14,28,0.53263
1290,584.25,58.5,24,47.75,0.53262
1290,579.5,331.5,16,31.75,0.5322
1290,123.75,348.75,16,32,0.53216
1290,548.25,323.5,15.25,30.5,0.53181
1290,519.25,31.75,12.75,25.5,0.53167
1290,419.25,147.5,14.25,28,0.53163
1290,139,228.75,17.25,34.5,0.53161
1290,12.75,395.5,14.75,29.5,0.53132
1290,276.5,371.75,15.25,30.5,0.5311
1290,366.25,336,12.75,25.25,0.53083
1290,403.5,367.25,16,32.5,0.53056
1290,9,16.25,27.5,54.75,0.53025
1290,358,323,15,30,0.53009
1320,292.5,359,14.5,28.75,0.54886
1320,267.75,85.75,13,26,0.54846
1320,215.5,91.5,18,36,0.54589
1320,404.25,236.75,14.5,29.5,0.54318
1320,55.5,268,13.25,26.75,0.53944
1320,11.75,409.25,17.25,34,0.53744
1320,324.75,414.75,14.75,29.5,0.53742
1320,365,251.25,15,30,0.53734
1320,28.25,263,15,30,0.53702
1320,243.75,290.75,15.75,31.25,0.53548
1320,331.75,413.75,16.5,33,0.53495
1320,462.75,245.5,14,28,0.53488
1320,387.75,401.75,14.5,28.75,0.53432
1320,456.75,124.25,13,25.75,0.53358
1320,151.25,395,11.5,23,0.53301
1320,364.75,392.75,16.25,32,0.53269
1320,588.25,338,14.5,28.75,0.53261
1320,11.25,280.5,16.5,33,0.53229
1320,498.5,289.75,79.25,158.5,0.53216
1320,618.75,403,21.25,42.5,0.53202
1320,421.75,341.5,13.5,27.25,0.53187
1320,469.75,427,13.5,27,0.53186
1320,140.75,424,15.25,30.5,0.53156
1320,453.25,362.25,14.75,29.25,0.53128
1320,603.5,83.25,14.75,29.5,0.5309
1320,414.5,341.5,14,28,0.53067
1320,192.5,296.75,12,24,0.53064
1320,187.75,286.75,12,23.75,0.53004
1320,397,237.5,14,27.75,0.53004
1350,126,427,13.75,27.5,0.55212
1350,486,369,14.75,29.5,0.54925
1350,140,336.25,13.25,26.25,0.54854
1350,326.5,300,13.75,27.25,0.54681
1350,550.75,360,13.5,26.75,0.54664
1350,12.5,383.75,14.25,28.75,0.54469
1350,-0.75,110.5,13.75,27.5,0.54357
1350,93.75,213,12.5,25,0.54205
1350,139.75,427.75,13.25,26.5,0.54199
1350,236.5,118.5,12,24.25,0.54131
1350,86.25,330.75,13,25.75,0.54022
1350,70,321.5,14.25,28.5,0.53762
1350,327.5,288.25,12.75,25.5,0.53754
1350,572.25,339.5,15,30.25,0.53706
1350,598,340,12.5,25,0.53636
1350,452.5,12.75,28.5,57,0.5359
1350,100,427,14.25,28.5,0.53531
1350,209.5,122.5,13.75,27.25,0.53402
1350,190,298,12.5,25.25,0.53387
1350,380.25,255.25,13,26.25,0.53335
1350,291,364,18.25,36.5,0.53314
1350,490.5,258.5,18.5,37,0.53248
1350,389.75,288,13.5,27.25,0.53217
1350,499.75,353.75,18,36.25,0.53203
1350,396.75,237,14.5,29.25,0.53119
1350,141.25,356.75,14.25,28.25,0.53111
1350,452.5,34.75,11.75,23.75,0.53043
1350,268.5,388.5,12.5,24.75,0.53008
1350,336.75,238.25,12,24,0.53008
1380,428.25,340,14,28.25,0.56177
1380,413.25,346.75,15,30,0.55817
1380,485.25,280.5,13.25,26.25,0.55667
1380,188.5,352.25,12,24,0.55558
1380,436.25,329,16,31.5,0.55554
1380,459.75,368.75,15.5,31,0.55545
1380,356.5,385.25,15.25,30.5,0.55537
1380,453,378,13,26,0.55222
1380,239.5,382,13,26.25,0.55119
1380,292.5,305.25,13,26,0.54941
1380,268.5,363.25,15,29.75,0.5481
1380,261.25,353,15,30,0.54476
1380,572,368,15.75,31.25,0.54444
1380,604.25,385.25,15.75,31.5,0.54285
1380,491,272.25,15.75,31.5,0.54247
1380,253.5,365.5,13.75,27.5,0.54166
1380,-5.5,40.25,77.25,154.5,0.54054
1380,523.25,318.5,17.75,35.5,0.53836
1380,220.5,352.25,15.25,30.75,0.53758
1380,397,366.25,13.5,26.5,0.53735
1380,262,342.5,13.5,27,0.53721
1380,373.5,383,13,26.25,0.53693
1380,588.5,375.25,13.25,26.25,0.53647
1380,300.25,345.25,12.75,25.5,0.53602
1380,357,366.5,13.5,27.25,0.53594
1380,4,172.5,17,33.75,0.53548
1380,371.75,336.5,12.5,25,0.53518
1380,302.75,86.25,78.75,157.5,0.5351
1380,166.5,148.25,12,23.75,0.53501
1380,468.25,101.75,12.75,25.5,0.53493
1380,347.5,383.5,16.75,33.5,0.53478
1380,300.75,91.25,18,36.25,0.53447
1380,531.5,61.25,14,27.5,0.53375
1380,325.5,347,15,30.5,0.53362
1380,277.75,369.5,13,26.25,0.53343
1380,106.5,300,33.25,66.5,0.53274
1380,268.75,165.25,14.5,29,0.53226
1380,341.25,364.25,14,28,0.53216
1380,260.5,369,15.75,31.25,0.53178
1380,611.5,352.5,14.75,29.25,0.53158
1380,104,135,12.75,25.75,0.53124
1380,236.75,360.5,12.25,24.5,0.53115
1380,436,6,12.75,25.5,0.53114
1380,379.75,345.75,14.5,29.25,0.53095
1380,292.75,353.25,12.5,25,0.53095
1380,419.75,329.5,16,32,0.53062
1380,102.25,294.25,13.25,26.25,0.53031
1380,597.25,371,14.25,28.25,0.5303
1380,380.25,305.25,12.5,25,0.53029
1380,116.75,379.75,14.25,28.75,0.53014
1410,7.25,136.25,12,24,0.5558
1410,438,182,140.25,280.5,0.55015
1410,262.75,377.25,12.5,25,0.54612
1410,93.25,435.75,13.5,27,0.54482
1410,195.75,413,19.5,38.75,0.54459
1410,464.25,288.5,12.25,24.5,0.54186
1410,418.25,400.5,12,24,0.53892
1410,564.5,338.5,14.75,30,0.53883
1410,325.5,427.25,15.25,30.5,0.53877
1410,13.5,96.25,13.25,26.5,0.53785
1410,536.25,380.5,12.25,24.5,0.53722
1410,500.25,265.25,17.5,35,0.53634
1410,588,307.5,12,24,0.5363
1410,31.25,82.5,13.25,26.75,0.53553
1410,508.25,301,12.5,25.25,0.53529
1410,12.25,200.75,16.5,33,0.53485
1410,212.75,386.75,15,29.5,0.53419
1410,61,10.5,14.75,29.75,0.53347
1410,604,152,14.5,29,0.53345
1410,550.75,357.5,13.5,26.5,0.533
1410,465.25,36.5,21,42,0.53274
1410,300.75,196.25,14.5,29,0.5325
1410,298,180,23,46.5,0.53203
1410,59.25,11,19.25,38.25,0.53196
1410,141.75,399.75,12.75,25.25,0.53179
1410,389.75,351.5,53.5,107,0.53158
1410,582.5,370.25,12.5,25.25,0.53089
1410,45.5,99.75,15,30.25,0.53044
1440,628.25,199,12.5,25,0.56736
1440,116.75,395,14.25,28.75,0.56501
1440,197.25,394.25,14.5,28.75,0.55243
1440,165,238.25,14.5,29,0.54896
1440,341,283,14,28.25,0.54817
1440,117.5,436.25,13.75,27.25,0.54432
1440,396.5,299,15.25,30,0.54409
1440,588.25,416,12.75,25,0.54112
1440,107.5,435.25,16.5,33,0.54038
1440,252.25,305.5,16.5,32.75,0.54033
1440,314.75,12.75,48,96.25,0.54006
1440,628.25,133,13.5,26.75,0.54005
1440,284.25,342.75,14,27.5,0.53792
1440,61,364.75,15,30,0.53784
1440,197.25,292.25,14.25,28.5,0.53734
1440,292.25,350.75,16.75,33.25,0.53726
1440,531.75,223,23.5,46.5,0.53698
1440,348,126.5,12,24.25,0.53698
1440,333,411.25,15,30,0.53607
1440,430.25,29.75,14.5,29.25,0.53592
1440,582.5,372.5,12,24,0.53534
1440,184.25,302.25,12,24,0.53466
1440,346.5,10.75,13.5,26.75,0.53465
1440,51,390.25,17,33.5,0.53465
1440,301.25,230.25,115,230,0.53428
1440,268.75,282.75,14.5,29,0.53358
1440,556,340.5,15.75,31.5,0.53315
1440,363.25,396.75,31.25,62.25,0.53309
1440,295,400.25,28.25,56.5,0.53275
1440,595.75,374.25,15.5,31,0.53267
1440,205.25,406.75,13.75,28,0.53263
1440,180.5,418.25,15.5,31,0.5324
1440,108.5,255.25,15,30.25,0.53229
1440,128,145.75,13,25.75,0.53161
1440,65.75,135,12.5,25,0.53126
1440,531.5,317.25,12.75,25.5,0.53119
1440,172.25,240.25,15,29.75,0.53113
1440,604.5,420.75,14.25,28.75,0.5306
1440,364.25,270.25,12.5,24.5,0.53052
1440,538.5,180.5,12,24,0.53047
1440,536.5,299.75,11.75,23.25,0.53043
1440,268.25,364.5,12.25,24.75,0.5304
1440,34.25,401.75,12,24.25,0.53005
1470,421,386.25,15.25,30.25,0.57746
1470,213,324.25,14.25,28.5,0.55705
1470,503,372.5,14.5,28.75,0.55255
1470,405.5,316.25,14.5,28.5,0.55147
1470,435.75,371.25,14.5,28.75,0.54928
1470,501.25,302,72,144,0.549
1470,300,389.5,13.5,26.75,0.54533
1470,356,377.25,16.25,32.5,0.54437
1470,171,172.75,14.75,29.5,0.54313
1470,240,379.75,13,25.75,0.54235
1470,-5.25,365.5,43.5,86.5,0.54206
1470,277.25,376.25,14.75,29.25,0.54146
1470,535.5,37.25,37,73.5,0.53928
1470,408,352.5,15.5,31.25,0.53904
1470,173.25,379.5,14.75,29.75,0.53887
1470,180.5,382,14,27.75,0.53846
1470,579.5,401.25,16.5,33.25,0.53692
1470,-2,16,16.25,32.25,0.5368
1470,300,362.5,15.75,31.75,0.53671
1470,584.5,401,23,46,0.53666
1470,413,388.25,13.25,26.5,0.5363
1470,-1.75,24.5,12.75,25.5,0.53586
1470,609,11.75,16.5,33,0.53575
1470,318,101.75,14,28,0.53574
1470,428.75,385,14,28,0.53553
1470,567.5,68.75,12.75,25.5,0.53479
1470,456.25,257.25,12,24,0.53317
1470,573.5,268.75,29.75,60,0.53309
1470,195.5,327.5,13,26,0.533
1470,180.75,2.75,14.5,29.25,0.53251
1470,473.75,237.75,16.75,33.25,0.53222
1470,-5.25,73,42,84.25,0.53213
1470,476.75,380,13.75,27,0.53184
1470,486.25,54.5,26,52,0.53176
1470,231.75,375.25,13.25,26.5,0.53076
1470,164,166.75,12.5,24.75,0.53066
1470,114.25,104,12.75,25.25,0.53065
1470,244,326.25,13.5,27,0.53059
1470,587.5,360,12.5,25.25,0.53028
1470,310.75,352,12,24.25,0.53014
1470,292,354.75,15,30,0.53003
1500,451.5,381.75,15.25,30.75,0.56665
1500,60.75,326.5,14.5,29.5,0.55847
1500,364.75,318.75,13,26.25,0.55603
1500,421.5,309.5,13.5,27,0.55219
1500,396.75,371.5,14.5,29.5,0.54772
1500,36,272.75,16,32,0.54451
1500,197,284,15,30.25,0.54423
1500,204,271.5,16.25,32.75,0.54401
1500,341,234.25,14.25,28.25,0.54382
1500,507.5,403,15.75,31.5,0.54177
1500,7.25,372.75,12.25,24.5,0.54154
1500,84.5,298,16,32,0.5407
1500,340.25,273.25,12.25,24.25,0.54032
1500,620,12.25,21,41.75,0.54027
1500,317.5,286.5,13.5,26.75,0.54022
1500,477,400.25,12.25,24.5,0.54006
1500,221.25,316,14.5,29.25,0.5396
1500,28.75,330,14,28,0.53823
1500,208.5,162.25,23.25,46.75,0.53797
1500,276.75,252.5,13.25,26.5,0.53784
1500,74.75,301,18,35.5,0.53745
1500,619.75,394,20.25,40.5,0.53739
1500,340.75,293.5,13.5,27,0.53728
1500,551,382.5,29.75,59.5,0.53664
1500,29,364.75,15,30,0.53541
1500,268.75,354.75,14.75,29.5,0.53534
1500,110.25,384.5,12.75,25.5,0.5347
1500,566.5,37.75,13.25,26.75,0.53454
1500,358,320.25,12.5,25,0.53446
1500,604.25,354.5,14.25,28.75,0.53405
1500,412.5,293.25,15.25,30.75,0.53251
1500,380.5,368.5,16.25,32.75,0.53226
1500,150,287.5,12.5,25.25,0.53201
1500,35.75,352.5,15.5,30.75,0.53199
1500,236.25,361.5,13,25.75,0.5319
1500,468,346.5,14.75,29.5,0.53162
1500,228.5,315.5,15.5,31,0.53148
1500,461,347.5,14,28,0.53147
1500,301.75,237.75,13,26,0.53132
1500,582.25,44.75,13,26,0.53123
1500,271,52.25,14,28,0.53101
1500,381.75,284.75,14.5,29,0.53094
1500,462.25,238,106,212,0.53083
1500,118.5,296.25,12.75,25.75,0.53048
1500,37.75,331.75,13,25.75,0.53027
1530,132.5,337.25,14.25,28.75,0.56698
1530,357.75,367,13,25.75,0.55857
1530,85.25,282.25,15,30,0.55538
1530,552,136.75,12.5,25.25,0.54629
1530,459.25,223.25,114,228.25,0.54274
1530,-2.75,91.75,21,41.5,0.54248
1530,485,294.75,12.25,24.75,0.54142
1530,76.5,236.75,14.5,28.5,0.54011
1530,628.5,137.75,12.25,24.75,0.53889
1530,195.75,367.5,13,26,0.53781
1530,108.25,334.75,14.5,29.25,0.5373
1530,423,359.25,12.75,25.25,0.53726
1530,597.75,131.25,14.5,29.25,0.53697
1530,324.25,355,13,26,0.5367
1530,440.25,376.5,11.75,24,0.53653
1530,627.25,125.75,14,27.75,0.53563
1530,406.25,353,13.25,26.5,0.53489
1530,348.5,275.5,12,24,0.53339
1530,-3.5,100.25,28.25,56.25,0.53306
1530,436,355,13,26.25,0.53206
1530,151.75,24.25,12,24,0.53199
1530,382.5,380.25,12.25,24.5,0.53177
1530,194.75,391.25,14,28.5,0.53163
1530,161.5,393.25,21.5,42.75,0.53105
1530,380.5,347.75,15,30,0.5301
1560,580.75,376.25,15.75,31.25,0.56028
1560,49,120.25,13,25.75,0.55513
1560,39.5,129.75,16.5,33.25,0.55241
1560,550.25,422.75,12.5,24.5,0.55049
1560,21.5,299.5,13.75,27.75,0.54651
1560,494.25,320,13.25,26.75,0.544
1560,609.75,244.25,12.75,25.25,0.54078
1560,206.5,242.5,15.75,31.5,0.53694
1560,132.75,394.75,12.75,25.25,0.53692
1560,342,135.5,14,27.75,0.53555
1560,524.25,312,14.75,29.75,0.53524
1560,508.75,362.75,14.5,29.25,0.53489
1560,188.25,34.25,38.75,77.5,0.53453
1560,472.75,4.75,20.75,41.5,0.5341
1560,464.5,408,12,24.5,0.53386
1560,524.25,368,16,32,0.53376
1560,373.75,379.75,12.75,25.5,0.53279
1560,408.5,416.5,11.75,23.25,0.53275
1560,479.5,137.75,19.5,39,0.53265
1560,469.25,230.75,16.25,32.25,0.5319
1560,569.5,263.75,14,28.25,0.53157
1560,322.75,362.5,19.75,39.25,0.53119
1560,386.75,360.5,12,24.25,0.53069
1560,61,315.75,13.5,26.75,0.53052
1560,53,311,14,28,0.53049
1590,354.75,358.75,13.5,27,0.55443
1590,597.25,351.75,18.5,37.5,0.55072
1590,140.75,184.5,130.25,260,0.54814
1590,428.5,379,13.75,27.75,0.54744
1590,191.25,327.75,12.5,25.25,0.54689
1590,107.5,361.75,16.25,32.5,0.54479
1590,117.75,375.75,13,26,0.5436
1590,206.5,303.5,12,24,0.53975
1590,267.5,258.25,14.25,28.75,0.53956
1590,463.5,148.75,27,54,0.53855
1590,315.5,389.75,13,26.25,0.53807
1590,556.75,376,13.5,27,0.53763
1590,443.5,371.5,13.5,27,0.53695
1590,128.5,385.25,12.25,24.25,0.53674
1590,84.75,370.5,15.5,31,0.53641
1590,75,366.75,16.5,33,0.53502
1590,422,359.5,13,25.75,0.53501
1590,548,382.25,15,30,0.53406
1590,184.75,387,19.25,38.5,0.53402
1590,43.5,364.5,16,31.75,0.53369
1590,-10.5,164,85.25,170.5,0.53354
1590,536.5,244.25,20,40.25,0.53314
1590,559,424.75,12,24,0.53267
1590,417.75,176,139.25,278.5,0.53254
1590,92.25,266.25,18,36,0.53171
1590,387.25,102.25,13.5,27,0.53166
1590,256.5,336.75,16.25,32.5,0.53109
1590,460,82.75,13,26,0.53046
1590,197.75,387,13.75,27.5,0.53031
1590,414.5,358.75,13.25,27,0.53031
1620,453.5,374,13.75,27.25,0.56732
1620,99.75,266,15.75,31.25,0.55907
1620,604,357.5,14.75,29.25,0.55678
1620,52.75,358.75,14.25,28.25,0.54895
1620,445,369.75,16.25,32.5,0.54877
1620,571.5,366.5,16.75,33.5,0.54842
1620,503.25,289.5,22.5,45,0.54532
1620,258.5,433.75,12.75,25.5,0.54515
1620,180.5,364.75,17.75,35.25,0.54497
1620,528.75,100.5,21.5,42.75,0.54472
1620,476.5,370.5,15.5,30.75,0.54357
1620,468,367,16.75,33.25,0.54356
1620,221.5,376,12.5,25.25,0.54303
1620,30.25,184.5,11.75,23.5,0.53982
1620,459.5,368.25,16.5,33,0.53884
1620,23.75,246,15,30.25,0.53853
1620,229.25,240.25,15.75,31.75,0.53821
1620,251.5,229.5,13.75,27.5,0.53816
1620,394.75,185.5,25.25,50.25,0.53665
1620,563.5,328.25,16.25,32.5,0.53577
1620,285.5,330.5,19.25,38.5,0.53525
1620,364.75,413,12,23.5,0.53451
1620,339.25,241.25,16.25,32.5,0.53447
1620,413.25,392,12.5,24.75,0.53406
1620,618.5,354.25,22.25,44.25,0.53393
1620,556.25,384.75,15.75,31.5,0.53389
1620,563.25,382.75,16.5,32.75,0.53372
1620,504.5,446.25,12,23.75,0.53356
1620,469.5,105,21,42,0.53325
1620,238.75,236.75,14,28,0.53319
1620,172.5,283.5,15.75,31.5,0.53243
1620,188.75,235.5,13.25,26.25,0.53233
1620,532.25,310.75,13.25,26.5,0.53205
1620,20.25,405.75,16,31.75,0.53204
1620,40.5,47.75,12,24.25,0.53153
1620,131,236.5,18,36.25,0.53045
1620,625,91.25,17,34.25,0.53035
1620,524.75,372.25,14.5,29.25,0.53005
1650,204.25,336.5,12,24.25,0.57558
1650,301.5,351.75,13.75,28,0.56793
1650,229.25,267.5,14.25,28.5,0.56106
1650,21.5,374.5,13.75,28,0.56002
1650,268,319,15.75,31.75,0.55418
1650,125.25,217.5,16.25,32.5,0.55326
1650,276.5,379.5,14.75,29.5,0.55271
1650,605.25,444.75,13,25.75,0.55268
1650,52.25,355,15.25,30.25,0.55228
1650,69,330.25,14.75,29,0.55186
1650,260.5,309.75,15.5,31,0.54995
1650,461.25,253,13.5,26.75,0.5498
1650,260.25,384.5,15.75,31.5,0.54731
1650,348.5,284,13.75,27.25,0.54728
1650,245.5,316.75,13.75,27.25,0.54695
1650,107.5,328.75,12.25,24.5,0.54606
1650,500.5,336.5,15,30,0.54393
1650,262,349.5,13.5,27,0.54375
1650,134,373,13.75,27.5,0.54329
1650,374.5,244.25,14.25,28.25,0.54293
1650,556,269,15.25,30.25,0.54192
1650,216.75,324.75,11.75,23.5,0.54119
1650,412.25,355.5,16.25,32.5,0.5404
1650,116.25,234,15.75,31.5,0.54011
1650,70.25,280.25,12,24.25,0.54003
1650,362,247,12.75,25.5,0.53928
1650,292,342,13.25,26.5,0.53912
1650,420.75,323,15.5,31,0.53894
1650,204,322,13.25,26,0.53874
1650,245.75,350.75,13.25,26.25,0.53858
1650,157.5,311,13,26.5,0.53856
1650,260.75,336,12.5,25.25,0.53838
1650,108.5,358,14,28,0.53832
1650,85.75,352.25,13.25,26.25,0.53816
1650,29.25,375.25,13,26,0.53807
1650,484.25,319.25,16.5,33,0.53791
1650,165.5,250.75,14,28.25,0.53779
1650,427.75,312,14.25,28.5,0.53753
1650,164.75,272,13.25,26.75,0.53689
1650,148.25,237,15.25,30.5,0.53681
1650,114.75,222,12.75,25.75,0.53599
1650,340.25,365.25,16.5,33,0.53594
1650,76.25,321,16,31.75,0.53554
1650,277,329,14.25,28.5,0.53526
1650,171.5,306.5,13.5,26.75,0.53489
1650,480,173.5,12.75,25.75,0.5347
1650,296.75,337.5,17.5,35,0.53455
1650,116.5,365.5,15.75,31.75,0.53406
1650,488,163,16,32,0.5336
1650,307.75,347.5,17.5,34.75,0.53359
1650,543.25,362.75,13,25.75,0.53331
1650,490.75,362.75,18.25,36.5,0.53331
1650,468.25,376.25,13.5,26.75,0.53314
1650,562.5,341.25,17.75,35.25,0.53303
1650,86.5,280.25,12.25,24.75,0.53295
1650,243.5,236,15.25,30.25,0.53273
1650,308.75,361.25,14,28.25,0.53263
1650,397,309.25,13.25,26.75,0.53258
1650,576.25,400.5,11.75,23.5,0.53228
1650,403.25,351.25,16.5,32.75,0.53225
1650,125,244,14.5,29,0.532
1650,494.25,340,12.75,25.5,0.53188
1650,373.75,358.75,13,26.25,0.53175
1650,326.25,361.5,12.25,24.75,0.53167
1650,159.5,235.75,13,26,0.53156
1650,197.25,219.25,14.25,28.75,0.53135
1650,548.5,379.25,14.75,29.25,0.53082
1650,95.5,197.25,13.25,26.75,0.53082
1650,229.5,317.75,13.5,27,0.53066
1650,285,223,14.25,28.25,0.53045
1650,595,4.25,48,96.25,0.53012
1680,107.75,301.75,16,32,0.57483
1680,580,378,15.75,31.25,0.55887
1680,445.25,314.25,13.5,26.75,0.55853
1680,317,351,14,28,0.55771
1680,29.5,376,13.5,26.75,0.55493
1680,164.5,367.25,15,30.25,0.55454
1680,108.75,250,14.25,28.75,0.55329
1680,588,380.25,15.5,31.25,0.55297
1680,412,384.25,15.75,31.25,0.54757
1680,355.25,401.5,14.25,28.5,0.54601
1680,37.25,380.75,13.75,27.5,0.54425
1680,444.5,368.25,15.75,31.25,0.54412
1680,45,372,14.5,29,0.54394
1680,333.75,305.75,12.25,24.75,0.54326
1680,341,402.5,14.5,29.25,0.54197
1680,436,374,17,34,0.5419
1680,595.5,373.75,15.5,30.5,0.54046
1680,197.5,251,13.5,26.75,0.53944
1680,484.25,362.75,13.5,27.25,0.53931
1680,395.5,399.25,14.75,29.5,0.53833
1680,381.25,293.5,18.25,36.5,0.53806
1680,99,60,19,38.25,0.53798
1680,508.5,330.5,14,27.5,0.53779
1680,100.75,246.75,13.75,27.5,0.53754
1680,172.25,250.25,12.5,25,0.53732
1680,251.25,370.5,21,42.25,0.53614
1680,-2.5,59.75,18.75,37.5,0.536
1680,550,349.5,13.25,26.5,0.53489
1680,90.25,363.75,13.75,27.5,0.53466
1680,69.25,392,12.5,25,0.5344
1680,243.5,292,14.25,28.75,0.53435
1680,188.5,397,14.5,29,0.53387
1680,189.25,296.75,15,29.75,0.53301
1680,437,308.25,14.5,28.75,0.53279
1680,128.75,361,12.25,24.5,0.53204
1680,107.75,238,16,31.75,0.532
1680,492.5,317.75,16.75,33.5,0.53183
1680,348.25,174.75,15,30.25,0.5317
1680,278.75,337.5,12,24,0.53166
1680,110,331,14.25,28.75,0.53123
1680,282.25,85.75,15.5,31,0.53122
1680,453.5,351.5,12.75,25.5,0.53119
1680,267,397.25,13.25,27,0.53115
1680,293,165.25,13.5,26.75,0.53101
1680,396.75,410,14.75,29.75,0.53061
1680,534.25,345.75,12.25,24.5,0.5304
1680,100.25,367.75,15,30.25,0.53036
1680,485.5,414,13.5,26.75,0.53034
1680,171.25,200.5,120.25,240.25,0.53034
1680,461.75,344,12.75,25.75,0.53029
1680,317.75,256.75,13.5,27,0.53026
1680,164,288.25,16.25,32.25,0.53023
1680,373.25,292.25,14.5,29,0.53018
1680,176.25,242.75,23,46,0.53017
1710,77.5,318.75,13.25,26.25,0.56536
1710,107.25,252,16.75,33.75,0.55882
1710,140,230,13.25,26.75,0.55787
1710,139.5,319.75,13,26,0.55022
1710,256,30.5,15.75,31.25,0.54983
1710,240,400.25,12.25,24.5,0.54617
1710,547.5,331,15.75,31.75,0.54583
1710,127.25,225,14,28.25,0.54411
1710,429.75,352,12.25,25,0.54398
1710,99.25,377,16.75,33.5,0.5436
1710,492,409.25,14,28.5,0.54305
1710,514.25,38.5,13,25.75,0.54206
1710,373,335,15.75,31.75,0.54151
1710,92.75,320,14,28.25,0.5414
1710,124.25,375.5,12.5,25,0.54126
1710,125,365.25,13.75,28,0.54046
1710,116.25,381.25,16.5,33.25,0.54044
1710,40.75,385,11.5,23,0.54003
1710,52.5,311.25,13,26,0.53992
1710,174.25,328.5,12.75,25.5,0.53823
1710,221,220.5,13,26,0.53769
1710,145.75,230.75,13,26.25,0.53702
1710,260,323,16.75,33.25,0.53679
1710,196.5,265.75,16.25,32.5,0.53642
1710,238,283,12.75,25.75,0.53633
1710,419.5,374.75,13.75,27.5,0.53581
1710,342.75,278.75,13,26.5,0.53555
1710,302.75,368.25,12.25,24.5,0.53539
1710,292.75,318.5,13.75,27.5,0.53531
1710,408.75,369.75,33,65.75,0.53515
1710,325,375.5,13.75,27.25,0.53503
1710,124.75,243.75,14.25,28.5,0.53499
1710,52.25,352,15.75,31.75,0.53495
1710,492,389.25,12.75,25.75,0.53438
1710,252,391.5,14,28.25,0.53433
1710,60.75,376.25,15.25,30.75,0.53374
1710,61,321.75,14.5,29.25,0.5336
1710,166.25,319.25,12.25,24.75,0.53321
1710,403.25,363.5,16.25,32.5,0.53317
1710,355,272.25,15.5,31.25,0.53246
1710,148,250,14,27.75,0.53244
1710,107.75,360.75,16,32,0.53199
1710,132.25,240,16.25,32.5,0.53189
1710,152.25,32.25,14.25,28.25,0.53188
1710,494.25,311.75,12.5,25,0.53186
1710,435.25,271.5,16.75,33.5,0.53175
1710,508.25,320.75,14.25,28.5,0.53173
1710,436.5,295.5,13.25,26.5,0.53133
1710,332.25,371.25,13.5,27,0.53115
1710,165.25,283.75,14.75,29.5,0.53107
1710,100.25,334,14,28,0.53106
1710,292.5,262.5,15,30.25,0.53072
1710,309.25,327.75,13.75,27.75,0.53046
1710,224.5,273.75,11.5,23.25,0.53034
1710,427.75,396.75,14.25,28.5,0.53034
1710,132.5,229,14.5,29.25,0.53009
1740,100.5,254,13.5,27.25,0.56226
1740,277.25,334.75,14.25,28.5,0.56185
1740,116.75,246.75,14.75,29.5,0.55453
1740,359.25,34,13.75,27.5,0.55414
1740,107.5,249.75,16.5,33,0.55274
1740,92.75,253,14.25,28.5,0.54865
1740,285,356.25,14.5,29,0.54728
1740,598.75,183.25,13.75,27.5,0.54571
1740,596.75,362.5,14,28,0.54281
1740,125.75,302,13.25,26.75,0.54134
1740,55.25,335,13.25,26.5,0.54052
1740,372.75,331.5,15.5,30.75,0.54049
1740,396.5,285.75,13.5,27,0.54014
1740,435.75,336.5,12.25,24.25,0.54002
1740,468.5,361,12.25,24.5,0.53963
1740,82.5,362,18.5,37,0.53858
1740,352,378,22.25,44.5,0.53834
1740,227.5,242,13.75,27.5,0.53797
1740,259,370,12,24.25,0.53774
1740,253.25,380.5,14.5,29.25,0.53761
1740,43,344,17.5,35.25,0.53743
1740,414.5,306,14,28.25,0.53713
1740,280.5,264.25,11.75,23.5,0.53695
1740,28.5,350.75,13.75,27.5,0.53644
1740,84,254.75,13.25,26.25,0.53616
1740,245.25,370.75,15,30,0.53611
1740,148.75,378.75,14.25,28.5,0.53584
1740,547.75,323.25,13.5,27,0.53539
1740,252,251.75,12.5,24.75,0.53505
1740,373.75,343.75,12.75,25.25,0.53498
1740,-1.25,104,14.5,28.75,0.53489
1740,491.75,396,14,28,0.53449
1740,-6,230.5,48.25,96.5,0.53373
1740,517.25,340.5,14.75,29.25,0.53363
1740,79.25,341,13.75,27.5,0.53346
1740,204.25,290.5,12.25,24.75,0.53333
1740,204.5,382.25,14.25,28.75,0.53331
1740,71.5,219.25,12.75,25.75,0.53326
1740,485.25,361.75,13,26,0.53268
1740,92.25,259.25,15.25,30.75,0.53205
1740,84.5,222.5,12.25,24.75,0.5316
1740,328,90.5,12.5,25,0.53151
1740,331.25,398.75,17.75,35.25,0.53109
1740,308.75,270,13.25,26.75,0.53093
1740,309,280.5,12.25,24.25,0.53091
1740,525.75,316.5,12.5,25.25,0.53082
1740,373.25,282.25,14,28.25,0.53072
1740,198,397.75,12.5,25,0.53058
1740,294.75,277.25,14.5,28.75,0.53044
1740,117.25,383.25,13,26,0.53013
1770,476.5,355.5,14.5,29,0.57801
1770,52.5,330.5,14.5,29,0.57066
1770,261.75,349,14,28.25,0.56965
1770,597.75,166.25,13.5,27,0.56416
1770,397.25,382.25,13.5,27,0.56295
1770,565.25,358.25,13.25,26.75,0.55235
1770,509,379.75,14,28,0.55114
1770,468.75,335.5,13.5,27,0.55008
1770,213.75,335.5,13,26.25,0.54906
1770,436.25,336.5,16,32.25,0.54857
1770,291,350.25,17,33.75,0.5475
1770,46,309.75,15.5,31,0.54402
1770,69.5,269.5,13.75,27.75,0.54374
1770,387.75,316.25,12.25,24.25,0.54371
1770,572,348,16.25,32.5,0.54264
1770,460.5,347.5,14.25,28.5,0.5422
1770,515.5,383.5,16.75,33,0.54147
1770,580.75,347.25,14.5,29.25,0.5408
1770,373.25,346.75,15,30,0.54056
1770,332.25,359,12.5,25.25,0.54052
1770,236.5,54.25,14.25,28.5,0.53963
1770,68.5,368,17.25,34.5,0.53931
1770,612,158.5,16.5,33,0.53763
1770,620.5,160.5,12.5,24.75,0.5371
1770,429.5,379.5,14.25,28.25,0.53634
1770,78.25,262.75,14,28,0.5363
1770,460.75,397.25,14.25,29,0.53589
1770,388,349.5,12.75,25.5,0.53548
1770,603.5,359.5,16.5,32.75,0.53375
1770,452,349.5,15.75,31.75,0.53352
1770,493,403.75,14.5,29,0.53347
1770,92.5,215.75,14,28,0.53338
1770,523.5,369.5,15.5,31.25,0.53312
1770,12,373.25,12.5,25,0.53225
1770,79.75,211.5,13,25.75,0.53225
1770,349.25,328.25,12.5,25,0.53186
1770,444.25,337.5,16,31.75,0.53168
1770,405.75,325,13,26.25,0.53143
1770,558.5,86,32.75,65.5,0.53108
1770,100.25,217,13.75,27.75,0.53096
1770,615.25,150.5,13,26.25,0.53075
1770,302.25,290.75,13,25.75,0.53069
1770,298.25,269,12.5,25,0.53005
1800,316.75,320.5,12.25,24.25,0.5631
1800,85.5,385.5,14,28,0.56175
1800,173.75,372.5,13.75,27.5,0.55735
1800,216,305.5,13,26.25,0.55439
1800,613.5,381,13.25,26.25,0.55311
1800,412,385.5,17.25,34.25,0.55118
1800,174.5,219.25,12.75,25.75,0.55045
1800,460.75,415,13,25.75,0.54529
1800,100,247,15,30,0.54355
1800,468.75,386,15,29.5,0.54219
1800,526.75,185,12.25,24.5,0.5402
1800,371.75,312.25,12.5,25.25,0.53978
1800,475.5,398,17.75,35.75,0.53842
1800,181.75,312.5,12.75,25.5,0.53809
1800,180.75,373.5,14,28,0.53793
1800,303.25,386.5,12.75,25.25,0.53789
1800,550,385.25,12.75,25.5,0.53772
1800,356.75,356.75,14,27.75,0.5377
1800,452.75,399.75,14.25,28.75,0.53719
1800,431,10.75,20.75,41.5,0.53715
1800,232,267.75,12,24,0.537
1800,93.75,359,13,26.25,0.53628
1800,290.75,382.5,19,38.25,0.53558
1800,407,15,14.5,28.75,0.53526
1800,326.75,412.5,12.25,24.75,0.53501
1800,243.75,282.25,14.75,30,0.53477
1800,118.75,223.5,15.75,31.5,0.53476
1800,53.75,283.5,13.25,26.25,0.53468
1800,44,282.5,16,32.25,0.5345
1800,204,312.25,12.25,24.75,0.53427
1800,526.5,361.25,12,24,0.53401
1800,-2.25,52,17.25,34.5,0.53399
1800,343.75,316.25,13,26.25,0.53377
1800,500.75,379.5,14.25,28.5,0.53319
1800,321.75,320.5,12,23.75,0.53282
1800,550,415.5,12.5,25,0.53228
1800,308.5,336,16,32.25,0.53216
1800,572.5,365.5,14.5,28.75,0.53213
1800,405,392,14,28,0.53195
1800,484.75,369.25,16.25,32.5,0.5316
1800,60,366.75,17,33.75,0.53158
1800,314.75,87,11.5,23,0.53138
1800,37.5,108,14.5,29,0.53135
1800,252.5,267.75,95,189.5,0.53121
1800,492.25,392.5,12.25,25,0.53117
1800,150.75,143.25,21.5,43,0.53107
1800,251.75,360.25,13,25.75,0.53102
1800,16.25,392.5,12.25,24.25,0.53089
1800,430.5,126.75,12.25,24.5,0.53031
1800,350.5,298,16,32.25,0.53017
1830,491.5,325.25,14,28,0.58225
1830,372.75,336.5,15.25,30,0.55202
1830,102,382.5,12.5,25,0.55176
1830,572.25,376.5,15.75,31.5,0.55017
1830,508.5,353.75,15,30,0.54559
1830,565,347.25,13.5,27,0.54492
1830,187.5,358.25,17,34,0.54467
1830,460.25,354,14.75,29.25,0.54309
1830,180.5,352,14.75,29.25,0.54198
1830,613.75,380.5,13.25,26.75,0.54185
1830,60.75,300.25,15,30,0.5417
1830,508.5,336.5,12,24.25,0.5411
1830,507.75,325.25,13.5,27.25,0.54028
1830,579.25,325.75,15,29.75,0.53992
1830,213.75,380.75,12.75,25.5,0.53969
1830,93,397.25,14,28.25,0.5395
1830,524.75,384,13.25,26.5,0.53948
1830,169.75,94.25,16,32,0.5392
1830,21.25,383.25,13.75,27.5,0.53896
1830,59.75,104.5,14.5,29.25,0.53892
1830,460.75,399.5,13,26.5,0.53891
1830,474,289.25,19.25,38.5,0.53873
1830,197.25,294,13.5,27,0.53853
1830,524.25,372.25,14.75,29,0.53846
1830,314.5,238.25,17.25,34.5,0.53837
1830,564.75,389.25,15,30,0.53624
1830,141.25,354.75,14.25,28.5,0.53618
1830,-1.75,21.5,12.5,24.75,0.53573
1830,518.75,174,14,28,0.53572
1830,194.75,379.25,17.5,35,0.53561
1830,523.5,322,16.25,32.75,0.53459
1830,278.25,350.5,13.25,26.75,0.53453
1830,197.25,350,14.5,29,0.53452
1830,311.5,38.25,12.5,25,0.53451
1830,14,403.25,12.5,25,0.53442
1830,278.5,384.25,12.75,25.75,0.53422
1830,77.25,318.5,13.25,26.25,0.53385
1830,290.5,226.5,16.25,32.25,0.53333
1830,293.75,400.25,12.25,24.5,0.53319
1830,135.25,288.25,33.5,66.75,0.53283
1830,364.25,336,16.5,32.75,0.53265
1830,164.25,305.75,14.75,29.25,0.53195
1830,31,279.5,12.5,25,0.53188
1830,164,353.25,16.25,32.75,0.53168
1830,604.5,380,14.25,28.5,0.53167
1830,348.25,298.5,16.75,33.25,0.53145
1830,604.25,340,15.25,30.5,0.53109
1830,84,344.5,13,26,0.53066
1830,259.5,14.25,17.5,34.5,0.53013
