30,469,174,28.5,56.75,0.58107
30,164.5,392.5,15,30,0.56824
30,560.5,274.5,43.5,87.25,0.55987
30,108.5,390.75,14.75,29.75,0.55801
30,181,391.25,12.75,25.5,0.55134
30,476.25,199,16.75,33.5,0.54712
30,244,380.5,15,30,0.54627
30,231.5,376.25,12.5,24.5,0.54584
30,316.5,332,12.25,24.25,0.54544
30,-4,219,29.25,58.5,0.54442
30,501.5,423.5,13,26.25,0.54323
30,508,414.75,12.75,25,0.54164
30,285,318.25,13.5,27,0.54001
30,-4,174,32.5,64.75,0.5395
30,196.5,351.25,15.25,30.75,0.53909
30,181,335,13.25,26.5,0.53895
30,268.75,319.75,14.5,28.75,0.53856
30,336.25,406.75,12.5,25,0.53843
30,549.5,434.75,13.25,26.75,0.53831
30,-7,62.75,57.25,114.75,0.53655
30,286.5,164.25,14.25,28.25,0.53655
30,408,132,40,79.5,0.53616
30,94.5,398.5,12.5,24.75,0.53575
30,133.75,386,14,28,0.53536
30,166.25,268.75,16,31.75,0.53521
30,456.5,367.75,12,24,0.53505
30,204.5,372.75,14,28.25,0.53496
30,404.25,349.25,11.75,23.5,0.53483
30,96.5,196.5,53.75,107.75,0.53404
30,188.5,417.5,13.25,26.25,0.53354
30,127,355.5,14.75,29.25,0.53333
30,103.25,92.5,26.5,52.75,0.53255
30,617.75,81.75,23,45.5,0.53095
30,452.5,192.5,11.75,23.5,0.53086
60,555.25,165.5,37.75,75.75,0.56256
60,293.25,345.25,13.75,27.5,0.55527
60,261,427.5,15,30,0.55002
60,90.25,227,22.5,45.25,0.54936
60,263.75,333.25,13.5,27,0.54802
60,-2.25,150.75,18.75,37.5,0.54664
60,37.5,412,16,32,0.54609
60,91.5,326.25,13,26.25,0.5456
60,455.75,165.25,13.75,27.5,0.54463
60,72,380,12.75,25.25,0.54388
60,437,350.75,15.75,31,0.54343
60,174.75,132.5,12.5,25,0.54041
60,253.25,430,14,28.5,0.53973
60,284.75,397.75,14.75,29.75,0.53926
60,156,401.5,12,23.75,0.53876
60,228.75,391.5,14.75,29.75,0.53756
60,412,384.25,12.25,24.5,0.53657
60,-5,148.5,41.5,83,0.53609
60,278,328.25,13.5,27.25,0.53476
60,236,380.75,16,32.25,0.53459
60,229.75,371.5,13,26.25,0.53391
60,105,25.25,16.75,33.75,0.5334
60,284.25,318.5,16.5,33.25,0.53339
60,498.5,187,12.75,25.25,0.53265
60,400.75,376.75,11.75,23.25,0.53247
60,269.5,427.25,13.25,27,0.53216
60,245.25,375.75,12.5,25,0.53088
60,195.5,339,13.75,28,0.53088
90,212.75,354.75,15,30,0.55391
90,156.5,385,14,28,0.54742
90,402.75,393,11.5,23,0.54395
90,83.5,367,16.75,33.5,0.54346
90,236.5,393,15.25,30.25,0.54175
90,68.5,373,15,29.75,0.54139
90,336.5,360.75,12.25,24.5,0.54072
90,168.75,133,11.5,23,0.53791
90,172,343.5,13.75,27.25,0.53747
90,394,192.75,27,54,0.53711
90,137.25,151.25,13.25,26.5,0.53692
90,277.5,323,14.25,28.75,0.53601
90,60.75,379.5,14.25,29,0.53587
90,101.5,179.5,19.75,39.75,0.53578
90,341,158.75,32.75,65.25,0.53485
90,292.75,384.25,14.75,29.25,0.53226
90,509.25,21.25,12.75,25.75,0.5318
90,-8.25,239.75,66.75,134,0.53174
90,118.25,151.5,12.5,25,0.53142
90,130.25,65.5,35,69.75,0.531
90,203.75,330.5,16.5,33,0.53085
90,324.75,296.75,12.25,24.5,0.53068
90,277.25,380.5,14.5,29.25,0.53067
90,310.75,186.5,13.5,26.5,0.53066
120,212.75,129,12.25,24.75,0.57091
120,395.75,400.25,16.5,33,0.55923
120,316,415,16.25,32.5,0.55464
120,539,209.75,38,76,0.55275
120,214,159,12.75,25.5,0.54729
120,499,209.5,18.25,36.5,0.5468
120,76.5,404.25,15.75,32,0.54677
120,324.25,411.75,15.75,31.5,0.54667
120,285.75,320,12.75,25.25,0.54573
120,340.5,315.5,17,33.75,0.54531
120,279.75,415.5,12.5,25.25,0.5428
120,242.5,253,11.75,23.5,0.54255
120,44.5,334.5,13.25,26.75,0.53939
120,69,410.25,14,28,0.53895
120,181,398.5,12.75,26,0.53878
120,493.25,199.25,14.5,29.25,0.53824
120,587.25,197.75,23,46,0.5382
120,37.75,335.75,12.75,25.75,0.538
120,456.75,190.25,31.75,63.5,0.53795
120,590.25,216,16,32,0.5378
120,392.5,396.5,11.5,23,0.53672
120,188.25,84.75,12.5,25,0.53624
120,221.25,407.75,12.75,25.5,0.53565
120,616.25,216.75,20.25,40.25,0.53551
120,200,108,13,25.75,0.53458
120,13,411,14.25,28,0.53444
120,300.75,433.25,12,24,0.53422
120,70,397,13.5,27,0.53351
120,62.5,404.25,13.75,27.25,0.53297
120,224.75,127.25,12.75,25.75,0.53265
120,188.75,101,13.25,26.75,0.53232
120,60.75,326,12.75,26,0.53222
120,250.75,253.5,11.5,23.5,0.53205
120,429,15.75,12,24,0.53199
120,166.25,54.5,12.5,25,0.5319
120,413,139.25,16.25,32.5,0.53122
120,486.25,435,14.75,29.75,0.53113
120,142.25,145.75,11.75,23.75,0.53048
150,567.75,423.5,12.75,25.75,0.56153
150,246,125,13,26.25,0.56128
150,452.5,384.5,14.75,29.75,0.55378
150,180.75,306.75,15.25,30.75,0.55188
150,315.75,281,12.5,25.5,0.54916
150,181.25,335,13,25.75,0.54802
150,180.25,312.75,12.25,24.75,0.5462
150,269,323.5,13.5,27,0.5429
150,181.5,43.25,13,26.25,0.5412
150,557.75,431.25,12.25,24.75,0.54087
150,231.75,358.5,12.5,25.25,0.54084
150,309,359.25,14.25,28.25,0.54042
150,364.25,380.25,12.25,24.5,0.54039
150,326,385,12.5,25,0.53925
150,146.5,352.5,12,24.25,0.53849
150,52.5,299.25,13,26,0.53809
150,270.25,282.5,12.5,24.75,0.53732
150,380.5,207.5,14,28,0.53712
150,234.25,348,12.75,25.5,0.53704
150,438.75,354,11.5,23.25,0.53671
150,147.5,137.75,20,40.25,0.5367
150,372.5,332.75,11.75,23.75,0.53626
150,246,137.5,13,26.25,0.53591
150,157.75,342.5,13.75,27.25,0.53557
150,285,360.25,14.5,29,0.53514
150,379.25,331.75,16.75,33.25,0.53456
150,237.75,304.75,13,26,0.53386
150,151.75,340.25,14.5,29,0.53284
150,194.25,296.25,17.5,34.75,0.53239
150,88.75,187,11.5,23,0.53123
150,261.25,9.5,33.25,66.25,0.53095
150,237.5,295,15,30,0.53057
150,172.25,345.25,16.75,33.5,0.53037
150,244.75,367.25,14.5,29,0.53003
180,201.25,399.5,12.5,24.75,0.56636
180,227.75,161,12.75,25.5,0.54866
180,290.25,305.5,63.75,127.5,0.54792
180,27.5,346.75,16.75,33.5,0.54754
180,222.5,349,13.25,26.75,0.54677
180,44.75,364.25,14,28.25,0.5465
180,271.25,46.75,19.25,38.25,0.54536
180,69,351,14.5,29.25,0.54388
180,148.25,404.75,15.5,31.25,0.5436
180,426.75,387.75,15.75,31.5,0.54256
180,52.5,351.75,12.5,25,0.54196
180,130.5,136.5,20,40,0.54131
180,522.5,94.5,12.25,24.75,0.54086
180,172.25,398,13,25.75,0.54053
180,412,430.5,18.25,36.5,0.5388
180,501,413.75,13.25,26,0.53767
180,488.75,131.25,33.5,67.25,0.53689
180,195,62,14.75,29.5,0.53652
180,286,448.5,12.5,25.25,0.53648
180,345.25,158,11.75,23.5,0.53584
180,402.5,237.25,17,34.25,0.53503
180,101,409.75,12,24.5,0.53486
180,196.5,419.75,15.75,31.75,0.53483
180,34.75,150.5,14,28,0.53473
180,399.25,364,13.5,26.75,0.53459
180,250.5,363.75,16.25,32.75,0.53445
180,68.75,174.75,12,23.75,0.53438
180,44.75,340.75,12.75,26,0.53333
180,525.25,363,13,25.75,0.5333
180,-0.25,133,16.5,32.75,0.5332
180,7,158.25,29.5,59.25,0.53306
180,241.25,121,13.5,26.75,0.53267
180,344.75,376.75,11.5,23.25,0.53248
180,407.25,304.75,13,26.25,0.53211
180,227.25,125.25,13,26,0.53181
180,514,13.75,145.5,291,0.53134
180,24.75,344.75,11.75,23.5,0.53084
180,618.5,231,22.25,44.5,0.53076
180,403.5,316.5,12,24,0.5307
180,276.75,376,15,29.75,0.53059
210,93,325,13.5,27.5,0.57353
210,420,426.25,14.75,29.5,0.55334
210,169.75,108,15.75,31,0.55334
210,516.75,428.5,14,28,0.54988
210,268.75,425,16,32,0.54731
210,101.5,326.5,13.25,26.5,0.54606
210,588.75,344,12.5,25.5,0.54592
210,237.5,318.5,13.25,26.5,0.54374
210,-13.25,248.5,114,228,0.54352
210,442,12.75,12.25,24.5,0.54288
210,86.5,324.75,13.5,27,0.54273
210,548.25,330.5,15,30,0.54268
210,310.25,209.25,12.75,25.5,0.54174
210,611.5,336.25,15.75,31.25,0.54078
210,187.75,72.25,12,24.25,0.54061
210,204,414.5,16.75,33.25,0.53988
210,306,149.25,14,28,0.53905
210,396.75,374,14,28,0.53814
210,452.5,425.75,15,30,0.53799
210,477.75,5.75,12.5,25,0.53717
210,203.75,86.25,13,26.25,0.53565
210,525.25,331.25,14.25,28.5,0.53562
210,523.25,171,12.5,24.75,0.53528
210,533.25,331.75,14,28,0.53515
210,137.5,132.75,15.5,31,0.53468
210,365,439.25,14.75,29.5,0.53438
210,398.75,199.5,18,36.5,0.53421
210,62,204.75,12.5,24.75,0.53416
210,97,246.75,11.75,23.75,0.53377
210,154.25,46.25,12.25,24.5,0.53268
210,462.75,51,11.5,23,0.53252
210,445.5,329.5,16,32,0.5309
210,186.25,119,15.25,30.5,0.5306
210,189.75,415.75,12.5,25.5,0.53014
240,84.25,358.5,13.25,26.5,0.57796
240,420.75,409.75,15.25,30.5,0.5698
240,572.25,425.75,15.25,31,0.5608
240,412.5,388.75,14.25,28.25,0.55279
240,104.5,59,16,32,0.54821
240,429,414.75,13.25,26.25,0.54647
240,168.5,339,12,24.25,0.54641
240,549,362.25,13.25,26.5,0.5457
240,536.75,367.25,31.5,63,0.54519
240,165.75,219,21,42,0.54496
240,54,405.5,13,25.75,0.54394
240,61.25,371.75,14.25,28.5,0.54293
240,246.25,402.75,13,25.75,0.54262
240,212.25,187.5,35.75,71.75,0.54199
240,484.75,294,14,28,0.54181
240,467.5,376,16,32,0.5414
240,83.75,83,15.75,31.75,0.54112
240,564.75,426.75,14.5,29.25,0.54088
240,174.5,369,12.25,24.25,0.54068
240,613.75,433,13.25,26.5,0.54014
240,452.75,344,15.5,31.25,0.53949
240,107.75,351.25,13.25,26.5,0.5382
240,68.5,373.25,13.75,27,0.53803
240,258,397.25,13,25.75,0.53733
240,565.25,411.5,14.75,29.5,0.53601
240,214,174.5,13.5,27,0.53569
240,588.5,413.5,14.5,29,0.53565
240,44.5,347.5,13.25,26.5,0.53555
240,299.5,366.5,16.5,33,0.53543
240,61.25,379.25,14.5,29.25,0.53475
240,107.75,408.5,16.25,32.25,0.53428
240,381,385.5,15.75,31.75,0.53426
240,13.5,384.5,12.75,25.5,0.53426
240,110,381,12.5,24.5,0.53404
240,419.75,43.5,13,25.75,0.53395
240,406,392.75,12.5,25,0.5338
240,66.75,15.5,15,30,0.53365
240,598,168,13.25,26.5,0.53363
240,485,376.5,25.75,51.25,0.53358
240,563.75,190.25,15.5,31,0.53358
240,290.25,383.5,17.5,35,0.53356
240,44.25,391.25,18.25,36.25,0.53353
240,476.5,357,14,28,0.53327
240,408.5,15.25,13,26.25,0.53314
240,428.25,48.75,12.5,25,0.53301
240,552.25,181.25,68,136,0.53277
240,114,366.75,12.25,25,0.53255
240,340.75,379.25,13.5,27,0.53241
240,494.25,295.75,12.75,25.75,0.53223
240,87.25,332.25,12.5,25,0.53206
240,573.25,406.5,13.5,27.25,0.53156
240,164.25,426.75,12.75,25,0.53143
240,343.5,294.5,14,28.25,0.53127
240,225,132,16.75,33,0.53098
240,333,376.25,16,31.75,0.53066
240,446.25,308,24.5,49.25,0.53029
240,98.75,392,12.75,26,0.53004
240,394.25,385.75,31.75,63,0.53003
270,588.5,420,14.25,28.25,0.56281
270,596.5,413.75,14.75,29.5,0.55686
270,244.25,195.5,12.5,25,0.55282
270,188,344.5,12.75,25.5,0.54816
270,117.5,321.5,15.5,30.75,0.54602
270,428.75,412.75,12,24.25,0.54508
270,448.5,161.75,31,61.5,0.5432
270,487.25,358,13.25,26.25,0.54243
270,181.25,210.75,12,24.25,0.54232
270,252.5,279.25,15.25,30.5,0.54195
270,156.5,359,14,27.75,0.5415
270,23,123.5,12.5,25.25,0.54141
270,186.5,280.75,12.5,24.5,0.54129
270,532.75,429.5,14,28,0.54118
270,605.25,69,13.5,27,0.54076
270,326.5,80,12,24.25,0.54014
270,462.25,400.75,12.75,25.25,0.53788
270,140.5,363.75,15.5,31.25,0.53776
270,581,397.25,14.5,29.25,0.5377
270,564.5,378.75,15,30,0.53731
270,557.25,426,13.75,27.5,0.53708
270,284,19.75,12.5,25.25,0.53614
270,164.25,418.75,14.5,29,0.53588
270,28.5,358.75,12.5,24.75,0.53526
270,516.25,379.25,14.5,28.75,0.53509
270,140.25,387,15.75,31.75,0.53506
270,532.25,122,12,24.25,0.53478
270,556.75,354.75,15,30,0.53462
270,237.75,198.5,13,26,0.53445
270,452,380.75,14.5,29,0.53383
270,265,5.25,13.25,26.25,0.53351
270,325.75,369,14.75,29.75,0.53329
270,368,382.75,12.5,25.25,0.53324
270,492,309.5,12.75,25.25,0.53283
270,253.25,299.5,14.25,28.75,0.53258
270,612,362,15.5,31.25,0.53193
270,325,429.25,12,24,0.53193
270,116.5,393.5,14.25,28.25,0.53181
270,77.25,365,13.75,27.5,0.53154
270,48.5,384.75,12,24.25,0.5309
270,509.25,380,14,28.5,0.53073
270,198.25,306.5,13.5,27,0.53047
270,600.5,15,12,24.5,0.53035
270,52.75,352.75,13.75,27.25,0.53028
270,123.75,391.25,13.25,26,0.53022
270,382.5,434,12,24.25,0.53018
270,213,169.75,14.5,29.25,0.53007
300,149,353,14,28.25,0.56121
300,421.25,379,14.5,29,0.54955
300,182,66,38.5,77,0.54778
300,263,370,12.5,24.75,0.54649
300,412.25,299.25,13.5,26.75,0.54582
300,180.75,414.75,13,26,0.54555
300,148.25,12.5,13.5,26.75,0.545
300,280.75,358,13,26,0.54455
300,571.75,391.75,16.25,32.75,0.54451
300,598,399.75,13.5,27,0.54287
300,205,345.75,14,27.75,0.5422
300,186,72.75,12.5,25.25,0.54139
300,263,311.75,16,32,0.54097
300,164.25,394.25,15.25,30.5,0.54074
300,201.75,234,16.25,32.5,0.54004
300,155.75,393.5,16,32,0.53967
300,148.5,399.75,14.75,29.5,0.53757
300,154.5,339.75,13.5,27,0.53707
300,98.75,368.75,12.5,24.75,0.5363
300,333,378,15.25,30.5,0.53611
300,83.75,195.75,15.75,31.75,0.53558
300,-7.5,96.25,59.75,119.75,0.53438
300,47,47.5,13.75,27.75,0.53409
300,99.75,87,16,32,0.53405
300,403.75,407.75,15.5,31,0.53382
300,126.5,328.75,12.25,24.5,0.53364
300,27,398.25,17,33.75,0.53311
300,100.25,376.75,15.75,31.75,0.53279
300,332.5,417,15.5,31,0.53276
300,197.75,353.25,13,26,0.53276
300,53,396,13.75,27.5,0.53216
300,296.5,291.75,12,24.25,0.53189
300,164.5,363,15.5,31,0.53171
300,86.75,361.5,12,23.75,0.53157
300,478.25,388.25,14.5,28.75,0.53106
300,470,297,13.5,27,0.53088
300,384.5,369.25,12,23.75,0.53087
300,315,384.5,31.25,62.75,0.53053
330,188,79.5,13.5,27,0.55958
330,317.5,300.75,13.75,27.25,0.55421
330,364.5,346.25,14.75,29.75,0.55278
330,248,425.5,12.25,24.25,0.55217
330,477,400.75,12.75,25.25,0.55178
330,396.75,425.75,15.25,30.75,0.54892
330,454.25,347.25,13.75,27.5,0.54773
330,572.75,422.25,14.5,29,0.54641
330,508.25,440.25,14.75,29.5,0.54433
330,69.25,412.5,13.5,27.25,0.54423
330,483,411.75,12.5,25,0.54289
330,341.25,392,14.25,28.75,0.54273
330,308.5,379,16,32,0.54248
330,86.25,361,12.5,25.25,0.54202
330,397.5,364.25,13.25,26,0.54038
330,12.25,377.25,16.25,32.25,0.53977
330,436.25,416,16.5,33,0.53957
330,604.25,345.5,15.75,31.25,0.53941
330,121.75,62.75,13.25,26.5,0.53936
330,237,152.75,13.75,27.75,0.53934
330,580.25,424.75,15.25,30.75,0.53866
330,477.75,356.25,13,25.75,0.53808
330,500.5,325.75,14.5,29,0.53781
330,547.5,332,16.5,33,0.53764
330,446,382.5,13,25.75,0.53747
330,358.5,327,13.25,26.25,0.5373
330,625.75,79.25,14,28.25,0.53676
330,220.5,384.75,14,28,0.53663
330,476.5,330.25,14.5,28.75,0.53629
330,372.5,384.75,12,24,0.53625
330,302.75,23.5,12.5,25.25,0.53622
330,260.75,418,15.75,31.25,0.53597
330,254,364,14.25,28.5,0.53528
330,99.5,369.25,16.25,32.75,0.53527
330,541.75,419.5,13.75,27.5,0.53515
330,485.25,432,15.75,31.75,0.53508
330,268.75,420.5,13.25,26.75,0.53504
330,317,370.5,15.75,31.25,0.53495
330,419.5,347.5,14.75,29.75,0.53472
330,397.25,380.25,13.75,27.75,0.53465
330,205,424.25,14.5,28.75,0.53451
330,275.75,414,17,34.25,0.5344
330,501.75,371.75,13,25.75,0.53429
330,320.75,21,11.5,23,0.5341
330,261.75,365.75,13.75,27,0.53409
330,420.75,399.5,16,32.25,0.534
330,49,29.5,16,32.5,0.53385
330,437.75,450,13.25,26.5,0.53375
330,452.75,396.75,14.5,29.5,0.53354
330,405,412.5,14,28.25,0.53348
330,446,416.5,12.25,24.75,0.53299
330,580.75,398.75,14.75,29.5,0.53289
330,116.25,395.75,16.5,33,0.53287
330,348.5,388,13.5,27,0.53268
330,280.5,53.75,11.75,23.5,0.53262
330,493.25,124,16.75,33.5,0.5325
330,119.5,54.5,46.25,92.5,0.53243
330,475,128.75,32,63.75,0.53242
330,429.5,364,15,30.25,0.53162
330,337.75,131.75,23,46.25,0.53097
330,332,383.25,16.75,33,0.53081
330,333.75,373,14,28,0.53076
330,516.25,441.75,15.5,30.75,0.53073
330,-2.5,59.5,20,40.25,0.53029
330,348,432.25,14,28.25,0.53019
330,69.25,360.25,13,26,0.53004
360,140.5,392,12.25,24.75,0.56029
360,356,393.5,15.5,30.75,0.55627
360,325.5,385.75,15.25,31,0.55476
360,524.75,390.75,14.25,28.25,0.55368
360,165,407.75,14,28,0.55205
360,37.25,378.25,13.75,28,0.55185
360,28.25,384.25,16,31.75,0.54691
360,570.75,93,23.5,46.75,0.54427
360,452.75,306,15.5,31,0.54099
360,364.25,399.5,16.25,32.75,0.54053
360,316.5,401,15.5,30.5,0.54024
360,471,415.25,13.25,26.25,0.54006
360,195,70,13.25,27,0.53959
360,309.75,391.5,12.25,24.5,0.53953
360,502.5,247.75,12,24,0.53907
360,232,419.25,12.5,25,0.53811
360,284,374.75,12.25,24.75,0.53745
360,597,402.25,13.75,27.75,0.53745
360,547,261.5,16.75,33.25,0.53708
360,397,384,12.75,25.25,0.53691
360,332,114.75,30.25,60.25,0.53689
360,60.75,362.75,14.25,28.5,0.53668
360,165,365.75,14.5,29.5,0.53636
360,452.25,356,14.5,29,0.53615
360,532,320,12.75,25.5,0.53568
360,187.75,348.75,14.25,28.5,0.53516
360,501,373.75,13.25,26.25,0.53499
360,44.25,374,14.75,29.75,0.53491
360,148.5,305.5,15,30,0.53471
360,524,433.75,12,24.25,0.53399
360,62.75,194.25,11.5,23,0.53389
360,21,387.75,14.5,29,0.53379
360,519,373.25,13.5,27.5,0.53315
360,414,356.25,14.25,28.5,0.53297
360,276,12.25,13.25,26.75,0.53237
360,540,397,14,28,0.53234
360,494,367.75,13.25,26.5,0.53225
360,381.75,396.75,14.75,29.25,0.53223
360,572,399,15,30.25,0.53216
360,489.5,44.25,13.5,27.5,0.53214
360,582.5,89.75,23.75,47.5,0.53213
360,516.5,427.25,13.75,27.75,0.53208
360,44.75,277,11.5,23,0.53195
360,163.75,417.25,16.25,32.5,0.53193
360,524.25,352.5,11.75,23.5,0.53175
360,103.25,175.75,15.5,31,0.53153
360,277.25,388,14.5,29,0.53136
360,386.75,343.5,12.75,25.25,0.53129
360,484.5,417.5,12.75,25.5,0.53055
360,181.25,385.25,12.5,25.25,0.53054
360,18.75,377.25,11.75,23.75,0.53049
360,116.25,44,14.75,29,0.53032
360,588.75,403.5,14.25,28.25,0.53018
360,181.25,367,13.5,26.75,0.53016
360,439.75,432,12.25,24,0.53008
390,564.25,400.75,15.25,30,0.5762
390,390,373.5,13.5,27.25,0.56642
390,525,336.25,14.25,28.5,0.56538
390,572.25,349.25,15.25,30.5,0.56158
390,628.5,235.5,11.75,23.5,0.55635
390,220.5,348.25,15.25,30.5,0.55435
390,564,351,15.75,31.75,0.55246
390,507.75,345,13.75,27.5,0.55159
390,515.5,348.5,16.75,33,0.54861
390,539.5,384.25,16.5,33,0.54848
390,500.5,356.5,12.75,25.25,0.54602
390,166,376.5,12.5,24.75,0.5432
390,379.75,393.5,17.75,35.5,0.54297
390,84.75,324,14,28,0.54257
390,333.5,405.25,13.75,27.75,0.54211
390,581,348.25,14.75,29.5,0.54211
390,591.5,280.75,13.5,26.75,0.54065
390,-0.75,49.25,14,27.75,0.53979
390,504.25,336.75,12,24,0.53915
390,293.25,377,14,28.25,0.53873
390,108.5,393,15.25,30.5,0.53727
390,567.75,97,12.75,25.75,0.53682
390,589.25,358.5,13.25,26.5,0.53407
390,322.25,121.5,21.25,42.25,0.5336
390,20.75,399.75,13,26.25,0.53343
390,254.75,400.5,11.75,23.5,0.53328
390,293.5,407.25,12.75,25.75,0.53327
390,556.5,409.75,15.25,30.75,0.53294
390,466.25,21.25,19.75,39.75,0.53175
390,117.5,378.75,12.25,24,0.53166
390,92.5,364.25,15,30,0.53123
390,349.75,367,12.75,25,0.5308
390,70.25,325.75,12.5,25,0.53046
390,524.25,361.75,16.5,33.5,0.53017
420,588.75,396.25,14.75,29.25,0.56715
420,492,407.75,12.75,25.75,0.56707
420,317,396,14.75,29.25,0.56455
420,625.25,124,16.5,32.75,0.55754
420,301.5,396,14.5,29,0.55613
420,116.75,376.25,13.25,26.5,0.5529
420,564.25,400,15.25,30.25,0.54628
420,604.25,397.75,14.5,28.75,0.54593
420,220.75,409.75,15.25,30.5,0.54447
420,556.25,387.25,15.75,32,0.54356
420,293.75,397,13.25,26.75,0.54295
420,245,411.5,14.5,29.25,0.54288
420,260.75,412.5,13.5,27,0.53914
420,309.5,398.25,12.75,25.75,0.5387
420,230.75,319.75,75.75,151.25,0.53864
420,12.5,141.75,13,26,0.53803
420,452,382.5,15.5,31.25,0.53796
420,75.5,384.5,16.5,33.25,0.53718
420,229,409,14.75,29.75,0.53687
420,309.5,385,13.25,26.75,0.53657
420,429.5,349,13,26,0.536
420,469,364,14.75,29.5,0.53596
420,402.5,366.5,52,104,0.53548
420,603.5,405.75,16.5,33,0.53521
420,8,142,12.75,25.25,0.5349
420,268,400.5,12.5,24.75,0.53458
420,237.25,413.5,13.5,26.75,0.53456
420,396.5,325.25,14,28,0.53322
420,171.25,417,18.5,36.5,0.53304
420,539.5,408.75,15.5,31,0.5329
420,412,327,16.5,33,0.53275
420,332,345,13,26,0.53273
420,300.25,72.5,12,23.5,0.53232
420,285,395.25,14,28,0.53218
420,274.5,329,70.75,141.75,0.53201
420,69,378.5,14.75,29.25,0.53189
420,404.5,369.5,12.75,25.75,0.53138
420,244.5,114.75,11.75,23.5,0.53091
420,493.5,429.5,13.75,27.5,0.53005
450,69.25,407.5,13,26.25,0.57834
450,556.75,413.5,14.25,28.5,0.55825
450,460.25,423,13.5,27,0.558
450,428.25,407.25,16,32,0.55771
450,405.5,384.25,13,26,0.5572
450,197,393.75,14.5,29.25,0.55397
450,299.25,362.5,17,34,0.54928
450,469.5,429.75,13.75,27.25,0.5488
450,563.75,394,15.75,31.25,0.54821
450,268.75,384.5,15.5,30.75,0.54566
450,373.5,170,13.75,27.25,0.54512
450,277.5,409,13,26,0.54497
450,334,377.75,12.75,25.25,0.54233
450,501.25,416.25,15,30,0.54012
450,65.5,184.5,20.75,41.5,0.53985
450,420.5,398.75,16,32,0.53928
450,475,290.75,15,30.25,0.53874
450,118.25,358.25,13.25,26.25,0.53684
450,612.5,73.5,29,57.75,0.53681
450,107,377.75,17.5,35,0.53667
450,380,411.25,13.75,27.75,0.53617
450,325.5,418,14.75,29.25,0.53593
450,309,234.75,13,25.75,0.53454
450,342.25,356.5,13,25.75,0.53376
450,61.5,389.75,13.75,27.75,0.53312
450,178,78,14.75,29.25,0.53299
450,412.5,418.25,16.25,32.5,0.53289
450,487,169.75,13.5,27.25,0.53258
450,187.75,393.25,15.5,31,0.53145
450,149.75,433.25,13.5,27.25,0.53127
450,451.25,417.5,16,32.25,0.53122
450,181,416.75,15.25,30.5,0.53099
450,284.5,363.5,15,30.25,0.53046
450,14,396.25,13.5,27.5,0.53036
450,301.25,389.5,13.5,27.5,0.53016
480,253.5,420.25,14,28,0.56737
480,389,390.5,14.75,29.5,0.55739
480,356.25,391.75,15.25,30.25,0.54813
480,337.75,415.75,17.75,35.25,0.54707
480,285,398.25,14.5,29,0.54658
480,459.25,424.25,16.25,32.25,0.54617
480,444.75,393.5,14.25,28.5,0.54476
480,625.25,89,16.5,33,0.54403
480,92.75,396,14.5,29,0.5426
480,324,18.25,17.25,34.25,0.54102
480,526,404.75,12.75,25.25,0.53781
480,380,391,16.75,33.5,0.53678
480,590,229.75,12.5,25,0.53621
480,204.5,430.5,13.5,27,0.53612
480,277,403,15.25,31,0.53589
480,372.75,396.25,14.5,28.75,0.53564
480,549,390.75,13.25,26.25,0.53553
480,277.5,78.25,14,28.25,0.53484
480,285,315.25,14.25,28.5,0.53465
480,197,387.75,14.5,29,0.53464
480,595.5,436,15,30,0.5345
480,345.75,219.25,14.25,28.75,0.53449
480,549,428.5,13.5,26.75,0.53446
480,404.5,362.5,13.75,27.25,0.53416
480,461.25,374,13.5,27,0.53346
480,331.25,381.75,19,37.75,0.53334
480,149,419,12,23.5,0.53324
480,187.5,437.25,14.5,29.25,0.53303
480,471.25,451,11.5,23,0.53292
480,620.5,74.25,11.75,23.5,0.53291
480,325.75,372.5,14.25,28.25,0.53268
480,236.25,213,11.75,23.75,0.53264
480,125.5,389.25,14,27.5,0.53257
480,439.25,23,11.5,23,0.53231
480,170,432.75,15.75,31.5,0.53153
480,407.75,55,13.5,26.75,0.53125
480,396.75,319.25,11.75,23.75,0.53115
480,284,379.25,14.5,29.25,0.53093
480,395.75,416.75,15.75,31.25,0.53075
480,381,351.25,12.5,25.5,0.53065
480,420.25,430.75,16.5,32.75,0.53052
480,389.5,218,16.25,32.25,0.53048
480,107.75,385,16.5,33,0.53003
510,459.75,416.5,15.75,31.5,0.58099
510,117.75,392,13.25,26.75,0.57336
510,368.5,416.5,12,24.25,0.5601
510,467,411,17.75,35.25,0.55867
510,292.25,327.25,13.75,27.75,0.55805
510,108,408.75,15.75,31.75,0.55775
510,204.75,415.75,14.25,28.5,0.55332
510,191.25,423.75,12.75,25.75,0.55148
510,212.5,398.75,15.5,30.75,0.55072
510,180.5,400.75,15,29.75,0.55057
510,506.25,112.5,13,25.75,0.5462
510,74.25,181.5,12,23.75,0.54568
510,286,400.25,12.5,25.25,0.54529
510,7,398.5,13.25,26.5,0.54527
510,197.75,409.75,12.75,25.25,0.54503
510,117.25,407,13.5,26.75,0.54207
510,581.5,415.5,15.75,31.75,0.54113
510,292.5,401.25,12,24.25,0.54069
510,253.25,391.25,14.25,28.5,0.54065
510,603,86,17,34,0.54053
510,340.75,404.5,14.5,29.25,0.54023
510,260.25,382,16.25,32,0.5397
510,91.75,400.75,16,32.25,0.53892
510,468.5,418.25,15.5,31.25,0.53846
510,228.75,325,14.5,29,0.53824
510,557,437,14.25,28.75,0.5382
510,188.75,418.25,15.25,30.75,0.53732
510,403.75,336.75,13,25.75,0.53576
510,252.25,344.25,12.5,24.75,0.53552
510,456.25,100.25,13.25,26.5,0.5351
510,188,392.75,13.5,27,0.53483
510,613.75,434.25,13,25.75,0.53414
510,348.25,405.75,14,28,0.5339
510,452.5,401.25,12.5,25,0.53289
510,580.75,377.75,12,24,0.53237
510,196,427.25,16,32.25,0.53222
510,369.5,215.75,12.75,25.5,0.53202
510,280.5,72.75,11.75,23.5,0.5316
510,572.25,422,13.25,26.75,0.53141
510,86.75,265,12.25,25,0.53137
510,563.75,272,22.5,44.75,0.53114
510,316.75,336,16.25,32.25,0.53091
510,356.75,7.5,81,162,0.53082
510,334,250.25,12.25,24.75,0.53074
510,439.5,329,12.5,24.75,0.53073
510,236.75,399.75,14,27.75,0.53042
510,348.5,414.25,13.5,27,0.53005
540,445.5,426.75,14.5,29.25,0.55914
540,44.25,371.25,14.25,28.25,0.55167
540,308.75,422,15.5,30.5,0.54729
540,380.5,411,12.25,24.25,0.54644
540,172.75,331.25,15.25,30.25,0.54529
540,317.25,75.25,14,28.25,0.54505
540,237.5,417.5,15.5,31.25,0.54414
540,294,57,15.5,31,0.5421
540,367.75,290.75,15.75,31.75,0.5363
540,513.75,64.5,14.75,29,0.53598
540,509.25,445.75,13.75,27.5,0.53567
540,588.5,432.25,13.75,27.5,0.53526
540,550.75,387.25,13.25,26.75,0.53524
540,610.75,68.75,18.5,36.5,0.53484
540,258.5,406.75,12.25,24,0.53476
540,173.25,338,14.25,28.25,0.53466
540,540,417.5,14,28,0.53464
540,124,398.5,14.5,29,0.53454
540,277.75,69.5,13.5,26.75,0.53451
540,109,419.5,14,28.25,0.53423
540,211.25,416.5,17,34,0.5338
540,43.25,395.25,19.75,39.25,0.53367
540,51.5,402.25,16,31.75,0.53352
540,300.25,407,16,32.25,0.53348
540,321.25,155.5,46.25,92.75,0.53253
540,227.5,217.75,29.25,58.25,0.53251
540,326.75,337,11.5,23,0.53215
540,516.25,446.75,15,30.25,0.53099
540,395.5,214.5,16.75,33.5,0.53078
540,606.75,428.75,13.75,27.25,0.53063
540,355.75,388.5,40,79.75,0.53027
540,182,419.25,14.5,28.75,0.53021
540,-2.25,120.5,19.5,39,0.5302
570,404.75,411.25,14.5,29.5,0.56967
570,180.5,334.25,14,28.25,0.56892
570,172.25,322.75,13,26,0.5664
570,318,433,12.5,24.75,0.56434
570,140.5,395.25,14.5,28.75,0.55691
570,189,335.25,13,26.5,0.55502
570,460.75,425.5,14,27.75,0.55258
570,572.25,426.5,15,30.25,0.55146
570,500.75,440.75,14.25,28.5,0.55063
570,461,376.5,14.25,28.5,0.55001
570,476.25,428.75,17.75,35.5,0.54989
570,364.75,427,15,30,0.5488
570,332,343,12.5,25,0.54844
570,284.5,403.25,15.5,30.75,0.54828
570,467.5,415.5,17,34.25,0.5469
570,266.5,123,12.5,25.5,0.54564
570,308.25,383.25,16.75,33,0.54519
570,7,414.5,12,24,0.54263
570,164.25,337,15.5,31.25,0.54246
570,277.5,402.25,14.5,29,0.54215
570,363.5,349,17.75,35.25,0.54145
570,348.5,45.75,13.25,26.25,0.54134
570,340.5,402.75,15,30,0.54101
570,370.25,368.5,11.75,23.75,0.53998
570,396.25,412,15,30,0.53976
570,124.25,376.25,12.25,24.25,0.53957
570,539.5,396.25,15.5,30.75,0.53912
570,253.75,398.75,13.25,26.25,0.53894
570,172,334.75,14.25,28.5,0.53809
570,485.25,418.5,15,30,0.53789
570,186.75,419.5,18.5,36.75,0.5378
570,172.5,211.75,13.75,27.25,0.53745
570,447.75,316.25,12.5,25,0.53745
570,167.75,209,13.75,27.75,0.53743
570,140.5,292,16,32.25,0.53741
570,100,436.25,15.5,31,0.53702
570,71.75,299.75,12.5,25.5,0.53631
570,140,369.5,15.5,30.75,0.53544
570,-1.5,113,16.5,33.25,0.53533
570,252.5,313.75,15.5,31,0.53482
570,613,113.5,19.25,38.75,0.53476
570,491.5,356,14.75,29.5,0.53472
570,373.25,430,13.5,27.25,0.53466
570,164,346,16.25,32.25,0.53396
570,508,432.75,12.75,25.75,0.5331
570,108,250.75,15.5,31.25,0.53282
570,306.5,57.25,12.25,24,0.5328
570,612.25,11,30,60,0.53263
570,564.75,437.5,14.5,29,0.53193
570,525.5,433,13.25,26.25,0.53183
570,269,406.75,13.25,26.5,0.53182
570,375.25,358.5,13.25,26.25,0.53172
570,407.25,382.25,13.25,26.5,0.53132
570,328.25,144.75,61.5,122.75,0.53126
570,300.75,55.5,13.25,26.5,0.53125
570,519.5,422.75,12.5,25.25,0.53118
570,251.25,420.25,14.75,29.5,0.53108
570,307.5,74,18,36.25,0.53107
570,156.25,378.75,12,24,0.531
600,323,76.75,12.75,25.75,0.5629
600,504.25,369.25,12.5,25,0.5561
600,557.25,420,15.25,30.5,0.55331
600,564.5,365,14.5,29,0.55133
600,302.25,432.75,12.25,24.75,0.55103
600,108.25,395,15,30,0.54708
600,356,375,13,26.25,0.54689
600,276.25,393.25,16.5,32.75,0.54564
600,292,80.75,13.5,26.75,0.54472
600,277.25,385.75,14.75,29.25,0.54356
600,116,388.5,14.25,28.25,0.54283
600,124.25,384.75,15.5,31,0.54209
600,212.5,431.25,12.75,25,0.54182
600,380,351.5,16.25,32.75,0.54165
600,548,360.25,16.25,32.75,0.54133
600,346.75,54,12.5,25.25,0.54105
600,20.5,368.25,12.25,24.75,0.54042
600,67,334.75,17,33.5,0.54025
600,533,345,14,27.75,0.54017
600,522.75,350.75,17.5,34.75,0.5377
600,397.25,208.25,13,26,0.53753
600,484.5,401.5,14.75,29.25,0.53729
600,391,448.5,11.75,23.75,0.53702
600,389.25,431.5,14,27.5,0.53685
600,468,410,15.25,30.5,0.53658
600,421.75,346,13.5,27,0.53656
600,180.75,412,14.25,28.25,0.53655
600,148.25,400.75,15.5,31,0.53619
600,12.5,408.75,15.25,30.75,0.53536
600,300.75,339.25,14.75,29.25,0.53527
600,333,63.25,14.25,28.5,0.53496
600,116,332.5,14.25,28.5,0.53494
600,365.75,63.5,12,23.75,0.53444
600,28,362.5,15,30.25,0.53361
600,438.5,432.75,13.5,27.25,0.53331
600,104.5,211.25,12.25,24.75,0.53308
600,228.75,336.25,15,30,0.53303
600,140.5,417.75,15.75,31.25,0.5329
600,468.75,359.75,14.5,29.25,0.5329
600,365.5,368,13.25,26.25,0.53259
600,335.75,44.5,12.25,24.5,0.53209
600,392.5,67.75,12.5,25,0.53204
600,492.5,369.5,11.75,23.25,0.53141
600,300,84.75,13.75,27.25,0.53134
600,141.25,305.5,14.25,28.75,0.53125
600,518.5,377,12.75,25.5,0.53097
600,117,398.5,15,30,0.53085
600,168.5,405.25,12,24.25,0.53048
600,548.75,339,12,24,0.53023
600,196.75,370,14.75,29.75,0.53022
600,340.75,54.25,13,25.75,0.53019
600,612.25,409.75,15.5,30.75,0.53018
630,412,382.25,15.25,30.75,0.56908
630,108.25,379.5,14.75,29.5,0.56102
630,348.25,428.5,14,28.25,0.55575
630,421.5,373.25,14,28.25,0.55561
630,93.5,368.5,13.5,27.25,0.55141
630,100.25,379.5,14.5,28.75,0.54955
630,460.25,341.5,13.5,27.25,0.54861
630,596.5,377.5,15,30.25,0.54691
630,279.75,334.75,12.75,25.25,0.54477
630,373.25,325.25,13.5,27,0.54157
630,252.75,441.5,12.75,25.75,0.54149
630,460.25,420.25,12.25,24.5,0.54113
630,477.25,210.5,18.75,37.5,0.54064
630,164.25,418.5,13,25.75,0.54044
630,469.75,420.25,14.25,28.25,0.54036
630,477,425.75,14.5,28.75,0.53836
630,356,47.75,16,32.25,0.53788
630,182.25,204.5,12.25,24.5,0.53766
630,579.5,430.25,16.5,33.25,0.53758
630,381,39.75,14,28,0.53746
630,385.5,24,17.75,35.5,0.5374
630,452.5,212.75,12.75,25.5,0.53681
630,380.5,137.25,12,23.75,0.5364
630,478.75,181,13.25,26.75,0.53602
630,74.5,116,12.5,24.75,0.53592
630,611.75,326,13,26,0.53575
630,421.75,445.5,13,26.25,0.53565
630,572.75,422.75,13.5,26.75,0.53467
630,176.5,275.5,13.25,26.5,0.53464
630,354.5,393.5,18.5,37.25,0.53364
630,304.75,335.25,12.5,25.25,0.53353
630,95.25,9.75,18.25,36.25,0.53263
630,452.5,400,14.25,28.75,0.53252
630,44.75,384.5,12.25,24.75,0.53248
630,453,325.75,14.25,29,0.53247
630,278,155.75,12.75,25.75,0.53243
630,294.25,381.5,13,25.75,0.53184
630,229,356.25,15,30.25,0.53168
630,364.25,391.5,12.25,24.75,0.53156
630,341.5,355.25,16.25,32.5,0.53138
630,573.75,440,12.5,25.5,0.53118
630,322.75,29,19.75,39.5,0.53053
630,100.25,371.75,14.75,29.75,0.53051
630,344.75,304,12.25,24.5,0.53011
630,459,209,20,40,0.53009
660,21.25,406.25,13,26.5,0.56547
660,508.25,405.25,12.5,25,0.56085
660,123.25,356.75,14.25,28.5,0.55458
660,213,422,15,30.25,0.5476
660,160.5,353,12.25,24.25,0.54634
660,439,364.25,13,26.25,0.54494
660,438.25,127.75,29.25,58.75,0.54385
660,503.75,28.25,13,25.75,0.54281
660,256.5,82.5,22.25,44.5,0.54139
660,386.75,328.25,15.25,31,0.53953
660,324.25,152,14,27.5,0.53941
660,301.75,357.75,14.5,29,0.53869
660,420.25,417.25,12.25,24.25,0.53838
660,196.75,270,15.5,31,0.53693
660,220.5,417.75,12.75,25,0.53609
660,93.75,83.25,16.75,33.75,0.53552
660,214.75,208.75,12,24,0.53465
660,515.5,367.75,16.5,33,0.53444
660,395.75,395.25,16.25,32.75,0.53388
660,411.75,408,16,32,0.53369
660,13.25,416.25,16,32,0.53322
660,63.25,105,13.25,26.5,0.53306
660,162.75,330,19.75,39,0.53224
660,296.5,280.25,12,24,0.53197
660,514.75,267.5,12.25,24.5,0.53122
660,570,336.5,14,27.75,0.53072
660,538,12.5,24.5,48.75,0.53044
660,419.5,71.5,12.5,25.25,0.53017
690,292.5,397.25,13.25,26.5,0.58122
690,399.5,195.5,13,26.25,0.56475
690,403.5,431.25,12.25,24.75,0.55632
690,125.25,403.75,14.5,28.75,0.55614
690,-3.25,189.25,30.75,61.5,0.55598
690,220.25,386.5,15,30.5,0.54919
690,588,336.75,12,24,0.54914
690,404.25,60.75,15.75,31.5,0.54881
690,243.75,392.75,15.75,31.25,0.54636
690,71.25,368,12.5,25,0.54614
690,407.5,324.5,12,23.75,0.54604
690,557.5,213.5,21,42.25,0.54597
690,407.5,432,12,23.75,0.54479
690,195,363,15,30.25,0.544
690,229,388,14.25,28.5,0.54399
690,252,382.75,17,34,0.54384
690,319.5,327.75,12.5,25,0.54265
690,212.25,365.75,15.75,31.75,0.5414
690,397.5,247,13,26,0.54056
690,36.75,357.5,14.25,28.25,0.5403
690,132,419,16.25,32.25,0.54019
690,277.5,418.5,13.75,27.75,0.54007
690,243.5,383.5,16.75,33.75,0.53886
690,76.25,331.25,18.25,36.75,0.5387
690,116,431,13.25,26.25,0.53819
690,101.75,180.5,12.5,25,0.53563
690,44.5,366.5,14.25,28.5,0.53556
690,481.5,129,12.25,24.75,0.53483
690,320.25,270.5,11.75,23.5,0.53482
690,492.25,430.5,12.75,25.75,0.53343
690,382,50.75,14.25,28.5,0.53336
690,616,336.25,12.25,24.5,0.53334
690,579.25,314.75,14.25,28.5,0.53255
690,516.75,430.75,12.25,24.5,0.53247
690,186.5,211.25,16,31.75,0.53228
690,243.5,369,15.25,30.25,0.53218
690,296.25,197.5,12.75,26,0.53209
690,276.25,368.5,16,31.75,0.53188
690,97.5,117,12.5,25.25,0.53183
690,460,324.75,18.5,37.25,0.53178
690,189.25,358.5,12.5,25,0.53169
690,599,348,12.5,25.25,0.53168
690,454.75,58.75,14.75,29.25,0.53166
690,99.5,223.5,13.25,26.5,0.53155
690,259.75,343.5,16.5,33,0.53147
690,515.75,387.5,18.5,37.25,0.53141
690,46.5,50.25,22,44,0.53137
690,47.75,181,14.25,28.25,0.53131
690,205,411.25,14.5,29.25,0.53118
690,4,211.75,19.75,39.25,0.53112
690,-1.25,159.75,13.25,26.75,0.53103
690,452,125,73.75,147.75,0.53035
690,220.25,365.25,13.25,26.75,0.53033
690,243,353,15.25,31,0.53002
720,341.25,377.75,13.75,27.5,0.56333
720,156.25,13,13.25,26.5,0.55811
720,108.5,436.5,14,28.25,0.5475
720,610.5,385,12.25,24.75,0.5464
720,149,418.75,14,27.75,0.54551
720,451.25,421.25,16.5,33.25,0.54497
720,397,292.75,14.25,28.5,0.54401
720,313.75,105.25,16.5,32.75,0.54275
720,571.25,210.5,57.75,115.25,0.54085
720,622.25,248.75,20.5,40.75,0.54068
720,588.25,412.5,13.5,26.75,0.54061
720,228.5,44.25,16.75,33.75,0.53913
720,351,193.5,15.25,30.75,0.53893
720,101.25,36,13.75,27.5,0.53839
720,95,342.75,13.25,26,0.53749
720,109.5,40.25,13.5,27,0.53748
720,444.75,416.5,12.25,24.5,0.53697
720,550,416.5,12.5,25,0.53585
720,523,232.5,13.75,27.5,0.53567
720,425.5,364.25,17.75,35.25,0.53438
720,77.5,230.25,12.75,25.5,0.53415
720,260.5,356.5,13.5,27,0.53334
720,-18.75,57.25,162,324,0.53324
720,345.5,199.25,13.75,27.25,0.53308
720,522.5,125.75,28,56.25,0.53265
720,296.75,138.25,11.75,23.5,0.53217
720,149,403.75,14.25,28.5,0.53202
720,-2.5,213.25,20.25,40.5,0.53169
720,516.25,333.25,15.5,30.5,0.53143
720,458.25,278.5,13.25,26.75,0.53112
720,443,59.75,14.25,28.75,0.53103
720,397,196,14,28,0.53073
720,491.25,370.25,14,28,0.53056
720,-1.75,88.25,15,29.75,0.53043
720,384.25,408.75,12.5,24.5,0.53029
720,54.5,226,24.5,48.75,0.53024
750,435.75,403.5,14.5,29,0.55201
750,325.75,382.5,13.75,27.25,0.54962
750,341.5,430.75,13.25,26.5,0.5466
750,477,325,15.75,31,0.54624
750,405.5,394.75,15,30,0.54394
750,15,158.5,15.25,30.5,0.54284
750,-4.5,400.25,35.5,70.75,0.54169
750,139.5,367,12.25,24.75,0.54097
750,72.25,20,12.25,24,0.53951
750,341.25,375.25,14.25,28.75,0.53892
750,348.5,387,14,28,0.53864
750,494,297,13.75,28,0.53778
750,375.75,400,12.5,24.75,0.53687
750,438.5,190.5,102.25,204.5,0.53627
750,541,20,13,26,0.53625
750,416,444.5,13.75,27.25,0.53541
750,582.75,371,14.75,29.75,0.53505
750,336.25,359.25,12.75,25.75,0.53499
750,235.25,198.75,12.75,25.75,0.53497
750,115.25,441.75,18.5,36.75,0.53474
750,428,115.5,13.75,27.5,0.53469
750,29.25,344.75,12.75,25.25,0.53279
750,588.5,409,12.25,24.5,0.53227
750,93,404.25,13.75,27.75,0.53149
750,356,426.5,16.25,32.75,0.53109
750,213,343,13.25,26.5,0.53101
750,51.75,19,13,26,0.53089
750,336.75,45,11.5,23,0.53026
780,252.75,420.25,14.75,29.5,0.55818
780,243.5,431.75,16,32,0.55231
780,210.25,407,12.75,25.5,0.54912
780,451.75,395,13.75,27.5,0.54886
780,260.5,412,15.5,31,0.54834
780,612.5,317.25,20.5,41,0.54819
780,268.25,336.75,16.5,33.25,0.54809
780,412.25,186.25,12,23.75,0.54716
780,243.5,419.25,14.25,28.75,0.54632
780,260.25,415.5,15,29.75,0.5416
780,294.5,325.5,14,28.25,0.54157
780,243.75,305.75,14.75,29.75,0.54128
780,55.5,320.25,13,25.75,0.54106
780,625.5,376.75,15.75,31.5,0.53788
780,76,177.25,13,26,0.53788
780,487.75,30.25,12.5,25,0.53698
780,128.25,401.25,12.5,25,0.53658
780,500.25,416.75,13,26,0.5363
780,536,412.75,12.5,25,0.53491
780,460.75,381,11.5,23.25,0.53404
780,28.25,330.5,14.75,29.75,0.53399
780,300.5,400,15.5,31,0.53371
780,197.25,353.25,12.25,24.5,0.53309
780,327.25,301.25,15,29.75,0.53258
780,261,440,14.75,29.5,0.5323
780,76.25,222,18,36,0.53126
780,404.25,438,12,24,0.53104
780,28.75,434.5,16.75,33.5,0.53094
780,317.75,386,13.25,26.75,0.53083
780,166,171.25,26.75,53.5,0.5308
780,231,422.5,13.25,26.5,0.53024
780,238.5,420.25,13.75,27.5,0.5301
780,428.25,184.75,12.75,25.25,0.53007
810,89,45.5,24.25,48.25,0.54951
810,107.75,397.5,16.25,32.5,0.54459
810,476,26,13,26,0.54381
810,-5.75,6.75,47,93.75,0.5431
810,492.25,35.25,12,24.25,0.53978
810,166.25,378,12.25,24.75,0.53912
810,401,16,14.5,29,0.53904
810,87.5,21.5,27.75,55.75,0.53828
810,222,450,13.75,27.5,0.53805
810,281,199.25,19.75,39.75,0.53765
810,451,411.25,17,34.5,0.5373
810,533.75,452.5,12.75,25.5,0.53635
810,445.25,420,13.25,26,0.53624
810,20,409.25,17.5,35.25,0.53594
810,80.25,100.75,15,29.75,0.53589
810,504,346.75,12.25,24.25,0.5352
810,546.5,120.75,16,32,0.53519
810,388.25,54,12.25,24.5,0.53479
810,547,336.5,15.75,31.75,0.53448
810,126,155.5,12.75,25.5,0.53415
810,608,436.75,12.25,24.5,0.53357
810,507,379,17,34.25,0.53332
810,515.75,401.5,16.5,33,0.53196
810,203.25,316.5,12,23.5,0.53187
810,213.5,428.25,14.5,29,0.53153
810,364.5,55.75,12,24,0.53143
810,172.5,376.25,12.25,24.75,0.5311
810,609.25,125.5,32,64,0.53086
840,503.25,294.25,13.25,26.5,0.55964
840,353,85.5,18,36,0.55662
840,593,333.5,14.75,29.5,0.5469
840,276,431.5,13.25,26.5,0.54608
840,116,152,12.5,24.75,0.54579
840,203,426.25,18,35.75,0.54575
840,478.75,199.25,19.25,38,0.54339
840,538,311.5,13.25,26.25,0.54249
840,559,328.25,12.25,24.5,0.53997
840,552.75,325.75,13.25,26.75,0.53828
840,440.5,373,11.75,23.5,0.53806
840,410.75,427.25,14.5,28.75,0.53721
840,542.5,6.25,15.25,30.5,0.53672
840,246.25,181.5,12,24.25,0.53592
840,233,198.75,24.25,48.5,0.53571
840,546,329,13,26.25,0.53461
840,563.25,327.75,12.75,25.25,0.53411
840,436,77,13.5,27.25,0.5336
840,259.25,11.75,20.75,41.75,0.53327
840,494,6,12.75,25.5,0.53312
840,203.25,213,13.5,27,0.53279
840,580.5,338,12,24,0.53205
840,573.25,440,13.75,27.5,0.5319
840,389,383.75,11.5,23.25,0.53138
840,74.5,286,13.5,27.5,0.53128
840,30,303.25,11.75,23.5,0.53059
870,234.25,175.25,18.75,37.5,0.55048
870,11.75,420,14,28,0.54864
870,373.75,344.75,14,28,0.54537
870,32.25,181,29.5,59,0.54381
870,212,406,13.25,26.25,0.54262
870,548.25,30,13,26,0.53973
870,209.5,299,13.5,26.75,0.53703
870,117.5,186.5,37.5,75.25,0.53689
870,603.25,208.5,16.75,33,0.53642
870,542.25,32.5,12,24,0.53582
870,20.75,12,68.25,136.5,0.53579
870,88.5,36,13.25,26.5,0.53534
870,44.75,339.75,12.25,24.75,0.5328
870,244.25,158.75,34,67.5,0.53276
870,424.25,37,11.5,23,0.53224
870,562,134.75,18.25,36.5,0.53222
870,397,185.5,28.25,56.5,0.53181
870,591,337.25,18,36,0.53149
870,562.5,281.75,12.25,24.75,0.53086
870,583.25,323.75,16.5,32.75,0.53069
900,434.75,284.25,12.5,24.75,0.55505
900,554.75,178.75,22.25,44.75,0.54523
900,328.75,33.5,14.75,29.25,0.54512
900,106,27.75,14,28.25,0.53615
900,89,152.25,34.5,69,0.5358
900,336,39,13.25,26.5,0.53416
900,576.75,431.25,18,36,0.53213
900,256.75,253.75,12.25,24.5,0.53199
900,360.75,185,43.5,87,0.53065
930,506.5,163.5,149,298.25,0.54677
930,375.25,393.25,36.75,73.25,0.54668
930,333,33,15.75,31.75,0.54503
930,305.25,189,59.25,118.25,0.54485
930,276.25,25.75,16.25,32.5,0.5439
930,340,33.25,15.75,31.5,0.54231
930,443.75,8,12.75,25.75,0.54225
930,324,31.5,16.75,33.25,0.54066
930,99.5,25.25,12.25,24.5,0.53921
930,317,44.75,14.75,29.75,0.53872
930,388.25,426.5,17.25,34.25,0.53856
930,212.75,189.5,20.5,41.25,0.53753
930,324.5,45.75,15.75,31.25,0.53683
930,505.25,261,103.25,206.25,0.5362
930,436,18.75,16.75,33.75,0.53586
930,617.5,26.25,23,46.25,0.53551
930,273.75,392.5,37.25,74.5,0.53526
930,610.5,68.75,16.25,32.5,0.53516
930,235.25,69.25,20.25,40.25,0.53441
930,284.75,45,12.75,25,0.53404
930,284.25,14,16.5,33.5,0.53292
930,325.5,177.25,28.25,56.25,0.53248
930,308.5,437.25,16,31.5,0.53204
930,508.5,398.5,14,27.75,0.53191
930,328,396.75,36.25,72.25,0.53138
930,308.5,11.75,14.5,29,0.53138
930,344.5,391.5,37,74.5,0.53112
930,280.5,424.5,20.25,41,0.53097
930,261,347.75,14.75,29.75,0.53032
930,344.75,15.75,11.5,23,0.53008
960,15.75,179,21.5,43.25,0.56635
960,253.25,33,14.5,28.75,0.55187
960,316,393.5,12.25,24.75,0.54374
960,569.75,74.5,74.75,149.5,0.54071
960,299.75,194,28.75,57.5,0.54014
960,616.5,143.5,24.75,49.5,0.53834
960,327,48.25,12.5,25,0.53731
960,511.75,432.75,14.25,28.75,0.53698
960,175.75,347,25,49.75,0.53601
960,-4.25,150.25,32,64,0.53575
960,348.25,36,14.25,28.75,0.5355
960,341.75,276.25,13.5,26.5,0.53511
960,331.25,35.5,15,29.75,0.53495
960,403.75,438.75,12.75,25.25,0.53248
960,286.5,26.75,16.5,32.75,0.53213
960,114.25,331.25,15,30.25,0.53179
960,-6.75,30.75,57.25,114.75,0.53178
960,33.75,327,66.75,133.5,0.53142
960,162.25,177,15,29.5,0.5314
960,246.25,249.25,69.25,138.5,0.53098
960,278,441.75,12,23.75,0.5302
960,481,87.75,18.75,37.5,0.53008
990,546.25,208.75,12.25,24,0.55102
990,253.25,35.25,14.5,29,0.5483
990,471.75,39.25,23,46.5,0.54594
990,344.25,39.75,12.5,25.25,0.54435
990,277.25,60.25,14.75,29.25,0.54221
990,550.75,207,12.25,24.75,0.53788
990,327,42.75,12.5,25,0.5378
990,108.75,228,96.75,193,0.53481
990,555,194.75,19.5,38.75,0.53446
990,116.5,202,15.25,30.5,0.53315
990,103.75,309.75,21.75,43.25,0.53219
990,119.75,206.5,23.75,47.25,0.53064
990,168.5,318.75,11.75,23.5,0.53052
990,-4.25,143.75,32.5,65,0.53034
990,284.75,62.25,12.25,24.25,0.53014
1020,299.25,299,28.75,57.5,0.55217
1020,261.75,39.75,14.25,28.5,0.54532
1020,253,38.75,14.75,29,0.54312
1020,37.75,85,13,26.25,0.54282
1020,452.75,9,12,24,0.54017
1020,424.75,311.5,80,160,0.53773
1020,123,260.75,103,205.75,0.53679
1020,48.25,146,155.5,311.25,0.53572
1020,-3.5,177.25,28,56,0.53489
1020,15.5,178.5,13.5,26.75,0.53485
1020,453.5,44.5,51.75,103.5,0.53371
1020,619,137.5,22.5,45.25,0.53351
1020,471.5,46.5,24,47.75,0.5332
1020,83.5,316,74.75,149.5,0.53281
1020,207.75,206,12.75,25.25,0.53272
1020,280.75,45,11.5,23,0.53196
1020,507.25,443.25,14,27.75,0.53133
1020,51,93,17,34,0.53115
1020,627.25,131,12.75,25.5,0.53095
1020,71.25,260.75,13,26,0.53092
1020,551,392,11.75,23.75,0.5309
1020,36.25,177,12.25,24,0.53087
1020,99,331.5,14.75,29.25,0.53002
1050,404.75,421.75,14.25,28.5,0.54962
1050,300.5,48.75,12.75,25.75,0.54901
1050,478.25,106,19,38,0.54633
1050,261,42.25,13,26,0.54357
1050,625.5,204.75,15.25,30.5,0.53751
1050,213.5,101.5,14.25,28.5,0.53692
1050,211.25,89.5,19,38,0.53617
1050,472.25,51.75,21,42,0.53603
1050,267.5,47.25,12.5,24.75,0.53573
1050,192.25,144.5,11.75,23.5,0.53567
1050,576,31.75,12.25,24.75,0.53535
1050,0.5,388,12.25,24.5,0.53507
1050,184.75,393,11.5,23,0.53441
1050,139.5,265.5,31.25,62.5,0.53248
1050,124,183.25,30.5,61,0.53033
1050,403.75,53.75,12.75,25.75,0.53007
1050,37.75,89.25,13,25.75,0.53006
1080,376,9.25,12.5,24.75,0.53965
1080,407.25,26.25,19.5,38.75,0.53683
1080,5.5,158,41.25,82.25,0.53607
1080,363.25,421,11.75,23.5,0.5344
1080,298.25,196.25,41.75,84,0.53379
1080,374,42.5,13,26.5,0.53315
1080,618.25,141.75,23.25,46.5,0.53139
1080,84.75,328.5,69.5,139.25,0.53039
1080,263.75,49,13.5,26.5,0.53021
1080,211.75,91,18.75,37.75,0.53009
1110,107,436,13.75,27.5,0.54959
1110,454.5,162.25,13.75,27.75,0.54529
1110,619,167.5,22,43.75,0.54383
1110,327.5,431,12.75,26,0.5399
1110,315.5,371.25,13.25,26.5,0.53754
1110,434.5,364,11.5,23.5,0.53306
1110,595.25,437.25,16.5,33.25,0.53294
1110,90.75,438.75,13.5,27,0.53217
1110,628.25,139.75,12.25,24.25,0.53172
1110,312.5,72.75,12,23.5,0.53126
1110,604,90.75,12.75,25.5,0.531
1110,117.75,223.5,13,26,0.53073
1110,619.25,146.5,22.25,44.25,0.53028
1110,405.5,44,12,24.5,0.53005
1140,117.25,221.75,13.5,27.25,0.54634
1140,333.75,430.5,14,28.25,0.54142
1140,80.25,200.25,12.25,24.5,0.54003
1140,246.25,63.25,12.5,25.25,0.53828
1140,619.5,147,22,43.75,0.53802
1140,368,365.25,12.75,25.5,0.53772
1140,337,307.5,14,28,0.53621
1140,86.25,329.5,70.25,140.5,0.53603
1140,141.25,217,30.5,61,0.53527
1140,184.25,381,11.5,23.5,0.53523
1140,620.25,145.5,12.25,24.75,0.53461
1140,252.5,205.75,16,32,0.53457
1140,568.5,185.5,26,52.25,0.53243
1140,268.75,68.75,11.5,23.25,0.531
1140,499,425.5,25.25,50.25,0.53019
1170,142.75,218,29,58.25,0.5466
1170,398.5,58.75,13,26.5,0.54585
1170,364.25,55,12.25,24.75,0.54578
1170,246.25,47.5,14.5,29,0.545
1170,211.75,95,18.75,37.25,0.54424
1170,500.5,14.75,12.5,24.75,0.54414
1170,261.25,33.75,15.25,30.5,0.54278
1170,117.75,224.25,12.75,25.75,0.53971
1170,300,44.25,14.5,29.25,0.53886
1170,253.5,34.25,13.75,27.75,0.53721
1170,37.75,94.5,13,26.5,0.53481
1170,-6.5,54.5,53.25,106,0.53456
1170,-4.5,172.25,35.75,71.75,0.53432
1170,334,22.5,15.5,31,0.534
1170,340.5,23,12,24.25,0.53199
1170,448.25,28,12.25,24.5,0.53149
1170,338.25,308.5,13.25,26.75,0.53128
1170,380.75,28,11.5,23,0.53078
1170,28,391.25,18,36.25,0.53062
1170,105.5,200.5,19,38,0.53041
1170,332,34.25,12.5,25.25,0.53021
1170,381.75,426,13.75,27.75,0.53004
1200,397.75,58.75,13,25.75,0.55336
1200,300.25,43.75,14.75,29.5,0.55092
1200,618.5,146,23.25,46.5,0.54706
1200,356,46.5,16.25,32.75,0.54622
1200,478.25,8.75,14,27.5,0.54603
1200,621.25,171.5,18.75,37.5,0.54578
1200,246.25,73.5,12.75,25.5,0.54532
1200,347,63.75,12,24,0.5422
1200,348,50.5,14.25,28.75,0.54192
1200,382.5,432.25,12.25,24.25,0.54162
1200,395,33,15.75,31.75,0.54102
1200,117.75,224.75,12.75,25.25,0.53986
1200,211,94.75,19,38.25,0.53931
1200,209.75,107.75,19.5,39.25,0.53507
1200,246.75,64,13.25,26.5,0.53502
1200,545,176.75,19.25,38.5,0.53409
1200,287.75,140,22.75,45.5,0.53352
1200,56.75,366.25,18.25,36.25,0.53308
1200,116.25,188,16.25,32.25,0.53306
1200,142.75,218.5,28.75,57.25,0.53201
1200,102.5,420.25,22.5,45,0.53195
1200,262,39,14,28.25,0.53143
1200,76.75,355.25,15,30,0.53031
1200,334.25,56.75,12,24,0.53026
1200,416,428.75,12.25,24.75,0.53024
1200,331.5,34,13.25,26.75,0.53008
1230,237.75,382.75,13,26,0.56237
1230,142,216.75,30.5,61,0.55731
1230,339.25,427,13.25,26.25,0.55671
1230,256.5,37.75,20.75,41.5,0.54125
1230,245.25,51.5,15,30.25,0.54036
1230,412.25,433,15.5,31.25,0.53983
1230,77.5,424.25,21.5,42.75,0.53943
1230,437.75,418,14.75,29.5,0.53935
1230,364.5,433.25,12,24.25,0.53783
1230,117.75,224.5,12.75,25.25,0.53655
1230,-4.25,174.25,34,68.25,0.53585
1230,244.5,14.5,16,32,0.53546
1230,116,17,21.25,42.25,0.53504
1230,164,408.75,12,24,0.53503
1230,208,214,13,26.25,0.53467
1230,211.25,94.75,18.75,37.75,0.53461
1230,300.25,43.25,15.75,31.5,0.53421
1230,299.75,53.25,15.5,31.5,0.53326
1230,618.5,146.25,23,46,0.53292
1230,346.75,434,12.25,24.25,0.53231
1230,626.25,138.75,13.75,27.5,0.53216
1230,420.5,424.5,12.75,25.5,0.53133
1230,289.25,139.25,24,48,0.53119
1230,401.25,15.25,13.75,27.75,0.53116
1230,488,2.5,12.25,24.75,0.53105
1230,211.25,108.5,18,36,0.53067
1230,76,355.5,15.5,31,0.53065
1230,386,9.75,17.5,35,0.53054
1260,292,373.25,15,30,0.55089
1260,208,212.25,13.5,27,0.54051
1260,331.25,69,14.5,29,0.53978
1260,118,224.75,12.25,24.25,0.53927
1260,82,428.75,15.75,31.25,0.53753
1260,412.25,424.5,14.25,28.5,0.53691
1260,414,35.25,14.75,29.5,0.53685
1260,141.25,217.5,30.25,60.75,0.53656
1260,421,429.25,14,27.75,0.53567
1260,321.5,40.25,21.5,43.25,0.53534
1260,229.5,428,13,26,0.53482
1260,337.75,308.5,13.5,27,0.534
1260,-6.75,55,55,109.75,0.53329
1260,229.25,5.75,14.5,29,0.53263
1260,190.75,154.25,16,32.5,0.5326
1260,424,22.75,12.75,25.5,0.53241
1260,627.5,140.75,13.25,26.25,0.53229
1260,-3.75,167,29.75,59.5,0.53149
1260,236.25,200.25,13.5,26.5,0.53116
1260,54,364.25,22.25,44.75,0.53062
1260,261.25,51.5,15,29.75,0.5304
1260,7.25,161.5,40,80.25,0.53005
1290,428.25,4.75,14.25,28.5,0.57503
1290,564.5,13.25,14.75,29.5,0.55808
1290,556,15,16.75,33.75,0.55386
1290,572,8.25,15.25,30.5,0.54963
1290,484.5,8.25,13.75,27.75,0.549
1290,421.75,9.5,13.5,26.75,0.54877
1290,460.5,359,13.25,26.5,0.54734
1290,355.75,25,16,32,0.54732
1290,460.75,366,13.25,27,0.54685
1290,117.5,223.75,13.25,26.5,0.54655
1290,141.75,216.75,30.5,61.25,0.54569
1290,348,10.75,15,30,0.54389
1290,435,403,18,36,0.54386
1290,356.5,10.25,15,30.25,0.54373
1290,569.75,187.75,26,51.5,0.54351
1290,365,3.5,14.75,29.25,0.54331
1290,268.75,3.5,15,30.25,0.54328
1290,292,9,16,32,0.54294
1290,493.25,9.5,15.25,30.25,0.54235
1290,238.25,383.25,12.75,25.5,0.54141
1290,360.5,8,29.75,59.5,0.54071
1290,229.5,422,13.5,27.25,0.54043
1290,327,427.75,13.75,27.75,0.539
1290,285,39,14,27.75,0.53886
1290,438,6.25,13.75,27.25,0.53776
1290,453,7.25,14,28,0.5363
1290,544.75,176.5,19.75,39.5,0.5363
1290,413,6.75,13.75,27.5,0.53458
1290,452.25,10,14.75,30,0.53433
1290,181,369,14.75,29.5,0.53316
1290,380.25,27.75,14.75,29.25,0.53311
1290,245.75,76.5,14,28.25,0.53301
1290,189.75,153.5,16,32,0.53299
1290,460.5,5.5,14.25,28,0.53257
1290,197.25,14,14.25,28.75,0.53243
1290,106.5,330.5,17.75,35.5,0.53173
1290,500,8.5,16,32,0.5313
1290,258.5,14,17.75,35.5,0.53092
1290,198,412.75,13.75,27.5,0.53081
1290,276.25,2.5,16.25,32.5,0.53057
1290,619.5,147,22,44,0.53052
1290,136.5,341.75,39.5,79.25,0.53001
1320,310,2,12.5,25,0.55854
1320,564.5,11,15,30,0.55426
1320,261.25,378.25,13.75,28,0.55038
1320,460.25,366,13.25,26.5,0.54613
1320,332,8.25,13.25,26.25,0.54559
1320,429.25,18.25,15.25,30.5,0.54398
1320,525,12,13.5,27.25,0.54258
1320,293.75,8.75,15.75,31.25,0.54221
1320,364,431.25,13,25.75,0.54209
1320,189.25,151.5,18.5,37,0.54128
1320,318,367.5,12.5,24.75,0.54048
1320,324,14.75,17,34.25,0.54041
1320,269.5,1.5,12.75,25.75,0.5404
1320,303.75,1,12,24,0.53905
1320,338.25,308.5,13.25,26.75,0.53831
1320,365.25,365,11.5,23,0.538
1320,348,8.75,15.25,30.75,0.53739
1320,412,426,14.5,29.25,0.53709
1320,421.75,9.5,13.75,27.5,0.53531
1320,298.75,139.75,12,24,0.53359
1320,500.25,9.75,16.5,33,0.53266
1320,580.25,4,17.25,34.5,0.53226
1320,622,188.25,16.75,33.5,0.53209
1320,556.75,13.75,14.75,29.5,0.53163
1320,-4.75,169,36.75,73.5,0.53099
1320,621.75,172.5,17.5,34.75,0.53087
1320,395,2.5,24.75,49.25,0.53068
1320,388.75,12.25,16.25,32.25,0.53026
1350,312.5,428.25,13,26,0.55841
1350,332,56.75,13.5,27.25,0.55781
1350,524,4.5,12.75,25.5,0.55692
1350,269.75,426.5,12.25,24.5,0.55192
1350,261,379.5,14,27.75,0.55149
1350,140.75,217.75,31,61.5,0.5499
1350,420.5,425.25,13,25.75,0.54912
1350,324,430,13.25,26.75,0.54537
1350,311.25,63,12.25,24.5,0.54346
1350,229.75,422.5,13.25,26.75,0.54289
1350,372.25,17.75,12.25,24.5,0.54041
1350,117.75,223.75,13,26.25,0.53877
1350,390.25,425,13,26,0.53689
1350,518.5,144.75,12.5,25.25,0.53607
1350,96.5,332.25,20,40,0.53603
1350,309.25,63.5,12.25,24.25,0.53595
1350,550.75,31.25,12.25,24.5,0.53517
1350,285.25,377.25,13.25,26.75,0.53505
1350,327.5,14.25,12.75,25.25,0.5339
1350,349.25,365,12.25,24.25,0.53355
1350,500.5,3.25,13.5,27,0.53246
1350,260.5,44.25,12,24.5,0.53219
1350,412.75,425.5,13.5,27.5,0.53216
1350,284.5,27.75,15.75,31,0.53212
1350,76.5,366.75,12,23.5,0.53197
1350,613,184,29,58,0.53178
1350,516.5,9.5,14.25,28.75,0.53124
1350,189,152,17.75,35.5,0.53098
1350,363.75,430.75,13,26,0.53029
1380,413.25,34.25,15.5,30.75,0.54786
1380,324.25,68.25,12,24,0.54765
1380,229.5,377.75,14,28.25,0.54736
1380,116.5,432,16,32.5,0.53915
1380,380.5,430,13.5,26.75,0.53873
1380,-3,158.75,29.5,58.5,0.53806
1380,117.75,223.25,13.25,26.5,0.53694
1380,350.5,425.25,12,24,0.53653
1380,346,10.5,22.5,45.25,0.53625
1380,250.75,77,11.75,23.75,0.53533
1380,117,213.75,14.5,29,0.53524
1380,455,165.5,13.25,26.25,0.53514
1380,454,359.75,12.5,25,0.53463
1380,532,26,12.5,25,0.53404
1380,365.5,54.25,15.25,30.5,0.53381
1380,338,308.75,13.5,27,0.53351
1380,484.25,5.75,13.5,27.25,0.531
1410,412.75,426,13,26,0.549
1410,317.5,76.75,13.75,27.75,0.54543
1410,625,159.5,14.75,29.75,0.54366
1410,268.25,83.25,16.25,32.25,0.54253
1410,117.5,224,13,25.75,0.54228
1410,372.25,17.5,12.25,24.75,0.54185
1410,-4,173,31.75,63.5,0.54049
1410,396.5,424.25,12.5,25,0.53891
1410,212.25,93,19.25,38.75,0.53702
1410,381,373,13.25,26.5,0.53653
1410,284.25,429.75,13,26,0.53646
1410,300.75,224.5,27.75,55.5,0.53606
1410,124.75,212.75,12.5,25,0.53569
1410,36.25,385,17,33.75,0.53517
1410,608,207.25,17.75,35.25,0.53505
1410,395.5,22.75,16.5,33,0.53298
1410,518.75,358.75,12.75,25.75,0.53281
1410,236.25,298.75,12.75,25.75,0.53278
1410,117,214,14.25,28.75,0.53263
1410,338,308.5,13.5,27,0.53238
1410,420.75,424.75,13.5,26.75,0.53215
1410,276.5,70.25,13.5,26.75,0.53171
1410,381.5,23,21.5,43.25,0.53086
1410,140.25,216,30.25,60.25,0.53052
1410,570.75,189.5,24.5,49.25,0.53028
1410,229.5,422.5,13.5,27.25,0.5302
1440,608.25,207.25,17.5,35,0.55689
1440,243.75,76.75,16.5,32.75,0.5537
1440,364.5,364.25,12,24,0.54601
1440,380.25,433.5,13.5,26.75,0.5405
1440,331.75,44.5,19.5,38.75,0.54005
1440,470.5,332.5,12,24,0.53897
1440,316.25,44.5,14.25,28.75,0.5377
1440,104.5,222.75,17,34,0.53668
1440,374.5,29.25,12.75,25.75,0.53662
1440,237.5,430.75,14,28,0.53641
1440,1.5,155,45.75,91.75,0.53618
1440,266.5,17.5,12.75,25.75,0.53604
1440,444.75,440,14.5,29.25,0.53558
1440,107,194.5,32,64.25,0.53539
1440,268.5,68.25,14.5,29,0.5353
1440,351.5,44.75,13,26.5,0.5352
1440,392,15.75,13.5,27.25,0.53464
1440,406.25,428,12.5,25,0.53453
1440,338,309.25,14,28,0.53437
1440,125.75,310.25,43.25,86,0.53338
1440,292.25,266,50.25,100.25,0.53216
1440,245,374.25,15.25,30.5,0.53198
1440,387,304.5,12.75,25.5,0.53189
1440,213.5,206,13.25,27,0.53151
1440,210.75,94.75,19.75,39.25,0.53084
1440,266.25,19,30.25,60.5,0.53065
1440,364.25,46.75,16.5,32.75,0.53028
1440,223.5,416.25,12.5,24.75,0.53017
1470,260.75,96.25,12.5,25,0.55188
1470,454.25,165.25,13.25,26.75,0.55181
1470,243.25,32.75,17.25,34.25,0.55074
1470,586.25,197,30.5,60.75,0.54541
1470,117.25,216,14,27.75,0.53933
1470,515.75,147.5,12,24.25,0.53763
1470,252,8.5,13,26.25,0.53643
1470,580.25,23,12.5,25,0.53592
1470,426,302.75,17.75,35.5,0.53472
1470,317.75,370.75,12.25,24.75,0.53433
1470,593.75,218.5,18.75,37.5,0.53417
1470,292,31,17,34.25,0.53404
1470,582.5,222.5,17,34,0.53363
1470,340.5,65.75,14.5,29,0.53321
1470,344.25,429,11.5,23,0.53281
1470,165,413.5,14,28.25,0.53221
1470,603.25,223.25,16.75,33.25,0.53221
1470,4.5,155.5,44.5,89.5,0.53149
1470,343.25,429,11.5,23,0.53146
1470,523.25,149.75,14.75,29.5,0.53036
1470,303,26.5,13.25,26.5,0.5303
1470,448.25,155.25,12.5,25,0.53004
1500,317.25,63.5,14,28.25,0.55844
1500,268.25,416.75,16,31.75,0.55701
1500,412.25,41.25,12.75,25.25,0.55497
1500,316.75,52.75,15,30.25,0.55187
1500,355,62.25,17,34,0.55075
1500,335,60.5,13.5,27,0.55017
1500,455.5,15.5,13.25,26.5,0.54523
1500,345.75,412.5,13.75,28,0.54258
1500,359,40.25,12.5,25.25,0.54182
1500,276.75,54.5,15.5,31.25,0.53965
1500,333,50.25,15,29.75,0.5375
1500,357.75,11.75,13.75,27.5,0.53631
1500,432.25,322.25,20,39.75,0.53631
1500,624.25,161.75,15.75,31.75,0.53601
1500,324.75,413.5,12.25,24.25,0.53563
1500,415.5,25.75,19,38.5,0.53368
1500,395.75,50.5,12.5,25.25,0.53365
1500,190,139.5,17.75,35.5,0.53355
1500,607.25,214.25,14.25,28,0.53275
1500,412.5,13,12.5,24.75,0.53054
1500,389.5,38,13.5,27.25,0.53031
1530,356.25,68.75,15.5,31,0.5655
1530,299.25,61.75,17,33.75,0.55208
1530,340.5,369.25,12,24,0.5468
1530,101.5,346.5,17.5,35.25,0.53858
1530,190.25,351.75,13,26.25,0.5383
1530,326.75,72.75,13,25.75,0.53788
1530,375,70.5,13.5,26.5,0.53771
1530,379.75,70.25,13.25,27,0.53765
1530,-3.25,417.75,25.75,51.25,0.53573
1530,309.25,71.5,13.25,26.5,0.53445
1530,580.25,274.5,15.25,30.25,0.53419
1530,332.5,70.25,14.25,28.25,0.53403
1530,252.5,73,12,24.25,0.53349
1530,515.25,154.75,12.5,24.75,0.53327
1530,569,69.5,80.5,161.25,0.53223
1530,300.5,372.75,12.25,24.5,0.53202
1530,364.25,68.5,12.5,25.25,0.53122
1530,312,369.5,12,24.25,0.53104
1530,164.75,225.75,28,55.75,0.53103
1530,302,145,23.75,47.75,0.53083
1530,316,70.75,12.75,25.75,0.53069
1530,261.75,48.75,13.75,27.5,0.53067
1560,606,264.75,14.5,29.5,0.55816
1560,396.25,161.5,14.75,29.5,0.53956
1560,364.25,53.5,12.5,25.25,0.5353
1560,390,60.75,13.25,26.5,0.5352
1560,371.5,166.25,12.75,25.75,0.5342
1560,430.5,28.25,12.25,24.25,0.53417
1560,75.5,364.75,15.5,31,0.53412
1560,230.25,393.75,12.5,25.25,0.53197
1560,364.25,78.5,13,26,0.53156
1560,353.25,47.75,20,40.25,0.53118
1560,455.25,107.25,51.75,103.5,0.53081
1560,-0.5,161.5,14.75,29.5,0.53078
1590,268.5,18,14.5,28.75,0.55006
1590,589.5,216.25,13,25.75,0.54467
1590,260.5,96,13.25,26.5,0.54237
1590,260,60.25,16.75,33,0.54004
1590,579,212.5,28.5,57,0.53981
1590,361.25,226.75,13,26,0.53913
1590,245,99.75,14.5,28.75,0.53851
1590,255,8.75,12.25,24.25,0.53817
1590,174.25,210.75,13.5,27,0.53525
1590,67.5,183.75,13.5,27,0.53453
1590,456.5,107,45.75,91.75,0.53405
1590,40.5,373.75,21,42.25,0.53352
1590,472.75,114.25,20,40,0.53291
1590,0.5,165.5,13.5,26.5,0.53092
1590,364.25,163,13.75,27.5,0.53061
1590,526.25,8.75,12.75,25.25,0.53046
1590,569.5,411.75,14.75,29.25,0.53027
1620,195.75,94.75,19.75,39.75,0.5511
1620,229,82.75,14.75,29.25,0.55016
1620,348,21.25,14,27.75,0.54107
1620,92.5,434.75,14.5,28.75,0.53618
1620,513.5,207.75,21.75,43.5,0.53612
1620,229.75,59.5,13,26.25,0.53483
1620,313,74.25,12.5,24.75,0.53423
1620,455,216.5,20.75,41.5,0.53407
1620,253.25,26.5,15,29.75,0.53183
1620,166.25,330,13,26,0.53131
1620,622.5,153.25,19.75,39.5,0.53111
1620,457.5,104.5,42,84,0.53016
1650,412.75,37.25,14.75,29,0.56428
1650,260.25,35,14,28,0.55797
1650,517,8.5,13.5,27.25,0.54653
1650,245.75,70,13.5,27.25,0.5458
1650,149.75,344,13.75,27.75,0.54272
1650,313,25.75,26.25,52.25,0.5424
1650,272,143,25,49.75,0.54151
1650,356.75,54.75,13.75,27.75,0.53976
1650,430.75,22.25,13,26.5,0.53898
1650,276,72.5,16.75,33.5,0.53875
1650,241,250.5,24.5,48.75,0.53753
1650,559.5,119.75,14.25,28.5,0.53692
1650,237.5,71.25,13,26,0.53656
1650,370.75,2.75,14.25,28.25,0.53578
1650,261.75,77.25,13.75,27.5,0.5353
1650,342.5,13.25,13,25.75,0.53478
1650,43.75,228.25,15.5,30.75,0.53427
1650,194.5,92.25,20,39.75,0.534
1650,247,28,12,24,0.53345
1650,347.75,36.5,14.75,29.5,0.53343
1650,235.5,81.75,16,31.75,0.53264
1650,405.5,15.75,14,28.25,0.53209
1650,386.75,154,14.25,28.25,0.53193
1650,333.75,22.75,13.25,26.25,0.53182
1650,266,320.25,12,23.75,0.53181
1650,77.5,396.75,14.5,29.5,0.53072
1650,364.75,56.75,15.75,31.75,0.53036
1650,561.25,230.25,12.75,25.75,0.5303
1650,252.75,83.25,14.75,29.5,0.53022
1650,104.75,385,11.5,23,0.53004
1680,436,204,14,27.75,0.55469
1680,208.75,379.75,17.75,35.75,0.55398
1680,364.5,34,15.25,30.5,0.54587
1680,260.75,43.5,15.25,30.25,0.54366
1680,308.75,37.75,16.25,32.25,0.54169
1680,277.25,206.5,12.5,25.25,0.54108
1680,614.5,27.75,23,46,0.54091
1680,315,206.75,13.25,26.5,0.5394
1680,192.75,90.25,19.75,39.5,0.53798
1680,236.75,57,12.75,25.5,0.53796
1680,360,24.75,12.25,24.25,0.53692
1680,327.5,429,12.5,25.25,0.5359
1680,389,27.75,14.75,29.5,0.53588
1680,406.25,200.75,15,30.25,0.53498
1680,204.5,377,11.75,23.5,0.53374
1680,283.25,48.75,16.75,33.5,0.5329
1680,154.25,369.75,18.5,37.5,0.53286
1680,340.25,30.75,16.25,32.75,0.5328
1680,348.5,19.25,13,26,0.53267
1680,245.75,3.25,14,27.75,0.53245
1680,232,17.75,31.25,62.5,0.53227
1680,292.25,55.75,15,30,0.53203
1680,63,356.5,12.5,25,0.53154
1680,288,134.5,21.25,42.5,0.53131
1710,407.25,203.75,12.25,25,0.54956
1710,578.5,245.5,17,33.75,0.54574
1710,376,60.5,13.25,26.5,0.54492
1710,311.25,76.75,12.25,25,0.54124
1710,54,100.75,16.5,32.75,0.54112
1710,192.25,92.25,19.5,38.75,0.54042
1710,324.75,16.75,12.5,25,0.53766
1710,330.25,6,18.75,37.25,0.53497
1710,125,364.5,15,29.75,0.53313
1710,251.75,288.5,12.75,25.5,0.5326
1710,299.25,18.25,13.5,26.75,0.53222
1710,97.5,266.25,21,42,0.53012
1710,230.5,442,17.75,35.5,0.53012
1740,191,95,19.5,38.75,0.53725
1740,578.5,186.25,25,49.5,0.53722
1740,114.75,265.75,13.25,26.25,0.5368
1740,363.5,146.25,14.25,28.75,0.53628
1740,578.75,183.75,12.25,24.75,0.53452
1740,112.25,245.75,18,36,0.53436
1740,254.75,124.5,109.25,218.5,0.53251
1740,384.25,59,11.5,23,0.53213
1740,93,453.25,12.75,25.75,0.53171
1740,252.25,64,22,44,0.53157
1740,511.5,118.75,14.5,29.5,0.53023
1770,134.25,355.25,13.75,27.5,0.55375
1770,363,15.25,27.5,55.25,0.54917
1770,296.25,59.75,12.25,24.75,0.54334
1770,358,159.75,14,28,0.54166
1770,396.75,59,13.25,26.5,0.53988
1770,244.25,58.5,14,28,0.53408
1770,156.25,432.5,12.5,25,0.533
1770,373.75,53.5,13.5,27.25,0.53296
1770,229.75,55.25,13,25.75,0.53194
1770,480.75,413,11.5,23,0.53168
1770,316.75,27.25,15.5,30.75,0.53116
1770,612.25,119.5,17.5,35,0.53083
1800,374.25,63.75,12.75,25.25,0.55472
1800,424.5,16.25,12.5,24.75,0.54406
1800,111.25,220.75,26,51.75,0.54353
1800,295.75,63.75,13,25.75,0.54339
1800,364.5,42.25,12,24,0.54318
1800,107.5,234.25,12,24.5,0.54288
1800,365,64,13.25,26.5,0.54279
1800,373,452.5,13.25,26.5,0.53978
1800,251.75,78.5,18.5,37,0.53915
1800,357.75,161.5,13.25,26.25,0.5378
1800,625.75,81.75,14,28,0.5374
1800,41.25,236.5,28.5,56.5,0.53697
1800,202.25,152.75,80.5,160.75,0.53597
1800,267.75,45.25,26.5,53.25,0.53546
1800,46.5,273,11.5,23,0.53315
1800,580,186,12.5,25,0.53287
1800,460,8.75,12.5,25,0.53256
1800,408.25,28.5,12,23.75,0.53156
1800,250.25,282.5,12,24.25,0.53127
1800,434.75,157.25,14,28.25,0.5307
1800,306,211,14.5,29,0.53055
1800,57.25,233.5,15.75,31.5,0.53054
1800,582.25,400,12.5,25.25,0.53046
1800,189.75,97,19.25,39,0.53019
1830,412.75,18.75,20,40,0.54835
1830,582.25,186,12.5,25,0.54729
1830,300.75,53,11.5,23,0.54369
1830,374,17.25,14.5,28.5,0.54135
1830,224,209.25,12,24.25,0.53841
1830,149.75,439.5,13,25.75,0.53819
1830,359.25,162.25,13.25,26.25,0.53812
1830,-1.75,104,13.5,26.75,0.53619
1830,122,157,12.5,25.25,0.53587
1830,355.25,63.25,15.75,31.25,0.53579
1830,374.75,57,13,26.25,0.53572
1830,263,16.25,24,47.75,0.53433
1830,-0.25,202.25,13.25,26.25,0.53417
1830,628.25,26.25,12.25,24.5,0.53415
1830,262.5,84.75,13.5,27,0.5338
1830,189.25,97.5,19.25,38.25,0.53237
1830,317.25,38.25,14.5,29.25,0.53235
1830,124.75,218.5,27.75,55.25,0.53205
1830,392.75,453,13,25.75,0.5314
1830,390.5,51,13.75,27.5,0.53135
1830,368.5,17.5,12.75,25.25,0.53057
1830,236.25,39,26.75,53.25,0.5302
