30,394.75,210.75,18.25,36.5,0.58029
30,326.5,43,15,29.75,0.54064
30,414.25,377.5,14.25,28.5,0.53587
30,390.25,196.5,13.25,26.5,0.53574
30,352.25,441,15.75,31.5,0.53516
30,244.5,13.5,12.75,25.25,0.53419
30,556.75,68.5,12.25,24.5,0.53415
30,235.5,109.75,27.75,55.5,0.53403
30,44.5,13.5,13,25.5,0.53364
30,462,30.75,12.25,25,0.53178
30,199.25,427,15.75,31.25,0.53141
30,246,453.75,12.25,24.25,0.53095
60,293.75,328.5,14.5,28.75,0.56439
60,1,163.25,13.75,27.5,0.54794
60,413.5,199.75,25.75,51.25,0.54599
60,243.5,440.5,16.75,33.75,0.54086
60,216.5,82.25,12.5,25,0.54049
60,349.25,366.75,12.75,25.75,0.54008
60,225.25,208.75,12.25,24.75,0.53824
60,515.75,123.75,107,213.5,0.53813
60,184.5,436.75,11.75,23.5,0.53647
60,292,309.25,14.75,29.5,0.53463
60,229.75,446,15.25,30.5,0.53457
60,237.25,447.75,14.25,28.5,0.53411
60,51.5,190.25,12.5,24.75,0.53389
60,55.75,187.5,13.5,26.75,0.53316
60,598.25,376.5,12.75,25.25,0.53315
60,105.5,224.25,15.5,31,0.53281
60,253.75,442.5,14.25,28.5,0.5316
60,428,187,19.25,38,0.53069
60,348,402.5,15.5,31,0.53048
90,357.75,386,14,28,0.55616
90,558,163,13,25.75,0.5547
90,447.25,252.25,18.75,37.75,0.5459
90,276.25,430,16,31.75,0.54002
90,428,351.25,14,28.25,0.53958
90,-7.75,271.25,60,120.25,0.53661
90,507.75,141,12.75,25.5,0.53636
90,397,119.25,13.25,26.25,0.53607
90,348.25,20.5,12.75,25.5,0.53509
90,103,230.5,13.75,27.5,0.53399
90,421.5,433,15,30.25,0.53381
90,396.25,444,12,24,0.53344
90,35.5,6.25,13.25,26.25,0.53341
90,625,128,16.25,32.25,0.53216
90,548.5,402,15,30.5,0.53125
90,44.5,373.5,13,25.75,0.5301
90,148,28.5,12,24.25,0.53007
120,389.5,388.25,14.25,28.25,0.56813
120,524.25,375.25,13,26.25,0.55514
120,459.75,332.25,12.25,24.5,0.54896
120,445.5,381.75,12.75,25.5,0.54849
120,494.25,331.5,12.75,25.75,0.54715
120,325,182.75,12.75,25.5,0.5433
120,460.75,416,12.75,25.25,0.54198
120,614,293.5,28,56,0.54096
120,373.25,379.5,14.25,28.25,0.54014
120,365.75,380,14.5,28.75,0.5393
120,355.75,129.5,14.25,28.5,0.53738
120,433.25,429.5,12,24,0.53607
120,358.25,306.5,13.5,27.25,0.53559
120,426.5,113.5,16.25,32.5,0.53503
120,592.75,38.75,11.75,23.75,0.53503
120,455.25,381,11.75,23.75,0.53426
120,550,124.25,16,32,0.53397
120,99.75,384.5,15.75,31.5,0.53233
120,263.75,401.5,12.75,25.25,0.53192
120,152.25,360.5,12.5,24.75,0.5318
120,100.75,429.75,13.75,27.75,0.5311
120,269.75,111.5,13,26,0.53102
120,278.5,433.75,12.25,24.5,0.53022
120,486,419.25,13,26.25,0.53019
120,340.75,345.75,13,26.25,0.53013
120,450.5,292.5,13,26,0.53007
150,415.5,368.5,12.25,25,0.5519
150,83.75,250.75,15.25,30.5,0.55042
150,124.25,380.5,12.75,25.75,0.54577
150,262,74.75,12,24,0.54367
150,395.5,383,16.5,32.5,0.54329
150,379.75,291.25,13.5,26.75,0.54269
150,103.75,392,12.5,25,0.54171
150,133.25,374.5,15,30.25,0.5411
150,436.25,408.75,12.75,25.25,0.53978
150,239.75,204,14,28.25,0.53917
150,118.25,329.25,12.5,25.25,0.53642
150,357.25,396.5,14,28,0.53639
150,378.75,363.25,18.5,37.25,0.53513
150,85.75,410.25,13.75,27.5,0.53495
150,311.5,4,12.5,25,0.53474
150,370.25,366.5,15.25,30.5,0.533
150,529,395,13,25.75,0.53291
150,326.25,362.5,13.5,27,0.53282
150,358.5,190.75,12,24.5,0.53261
150,564.25,372,15.75,31.5,0.5324
150,109.25,389.5,13.5,27,0.53224
150,364.25,366.5,16,32,0.5322
150,380.75,209,11.75,23.5,0.53134
150,317.75,12.75,15,30,0.53133
150,69,369.25,14.25,28.5,0.53097
150,396.75,433.25,12.25,25,0.53079
150,155.5,100.5,16.75,33.25,0.53078
150,381,384.5,15.75,31.75,0.53045
150,446,212,12.25,24.5,0.53038
150,188,78,13,25.75,0.53028
180,209.5,390.5,14,28,0.55702
180,440.75,337,11.5,23,0.555
180,540.5,388,12.25,24.5,0.5525
180,451.25,399.25,16,32.5,0.55248
180,34,375.75,12.75,25.75,0.54884
180,334,76.75,13.5,26.75,0.54813
180,502.25,429,12.5,25,0.5469
180,374,378.75,12.5,25,0.54617
180,300.25,335.75,12.25,25,0.54409
180,540.25,419.5,13.75,27.25,0.54363
180,611.5,245.25,32,63.5,0.54174
180,323,159.25,29.25,58.25,0.54003
180,510.75,90.5,12.25,24.5,0.53946
180,120.25,428.5,14.25,28.5,0.53945
180,322.25,188.75,15.25,30.25,0.53936
180,539.5,347.25,15.25,30.25,0.53823
180,330,401.25,12.5,24.75,0.53822
180,309,350.25,13.75,27.5,0.53708
180,331.75,358,13.25,26.5,0.53697
180,365.25,379.75,12.25,24.75,0.53673
180,193.5,74.75,13,26,0.53605
180,626.5,80.25,13,26.25,0.536
180,71,418.25,13.5,26.75,0.53568
180,220.5,352.25,12.75,25.25,0.5356
180,-2.5,273,19.75,39.25,0.53548
180,568,359.5,12.25,24.5,0.53526
180,536.25,431.5,12.25,24.5,0.5351
180,96,326,12.75,25.25,0.53491
180,596.25,412.5,14.25,28.75,0.53482
180,206,75.75,12.5,25.25,0.53286
180,370.25,96.5,12.25,24.5,0.53238
180,340.5,309,16,32.25,0.53221
180,193.75,88.25,13,26,0.53216
180,452,84.25,13.5,27,0.53191
180,412.5,410.75,13.5,26.75,0.53134
180,461,429,12,24,0.53119
180,165.5,403.25,14,28,0.53042
180,522.5,236.5,27.25,54.5,0.53033
180,108.25,366.75,15,30,0.53017
180,93,328,12.75,25,0.53007
210,396.25,403,14,28,0.55788
210,443.5,55,13,26,0.54983
210,268.5,415.75,16.25,32.5,0.54777
210,262.5,413.75,13.5,27,0.5458
210,348.25,404.5,14,27.75,0.54529
210,426.5,53.5,13.25,26.25,0.54118
210,180.5,402.75,15.25,30.75,0.53919
210,277.75,53,14.25,28.25,0.53819
210,332.25,331.5,12.75,25.5,0.53806
210,197.5,351.25,14.25,28.25,0.537
210,108,364.5,12.25,24.5,0.53627
210,252,360,18.5,37,0.53621
210,376.5,316.5,12,23.5,0.53599
210,292,377.25,15.25,30.75,0.53475
210,340.25,368.75,15,29.75,0.53419
210,54,385.25,14,28,0.53398
210,494,386.25,14.75,29.25,0.53391
210,347.25,330.25,15.75,31.75,0.53366
210,331.75,410.75,13,26.25,0.53362
210,189.75,369.5,14.25,28.25,0.53349
210,356,320.25,12.75,25.5,0.53324
210,285,299,14.25,28.25,0.53307
210,412.25,348.25,14.25,28.25,0.53293
210,308.75,397.75,13.75,27.75,0.53251
210,625.25,252.5,16,32,0.53241
210,240,348,12,24,0.53241
210,380.75,413.25,13.75,27.5,0.53218
210,315.25,337,13.75,27.25,0.53214
210,21.5,378.75,14.75,29,0.53214
210,590.75,75.25,13.25,26.25,0.53185
210,450.5,55.75,12.25,24.75,0.53182
210,86.25,330,13,25.75,0.53144
210,195.25,82.5,13.25,26.25,0.53139
210,422.75,393.75,12,24,0.53107
210,273.75,382.75,13.25,26,0.53103
210,340.25,43,29,58,0.53077
210,468,361.75,17,34.5,0.5304
210,302.25,349.25,12.5,25.25,0.53024
240,309.5,328.25,14.75,29.75,0.57515
240,511,277.75,15,30.25,0.56815
240,139.75,400.75,16,32.25,0.55418
240,589.25,367,13.25,26.5,0.55389
240,21.75,252.25,25,50.25,0.55209
240,397,386,13.25,26.5,0.54791
240,181.5,412,15.5,31,0.54508
240,149.75,79.5,24.25,48.5,0.545
240,141.75,412.5,13.75,28,0.54244
240,-1.5,278.75,12.75,25.5,0.54204
240,284.25,384.25,15.75,31.5,0.54175
240,548.75,363.25,14,28,0.54166
240,300.5,244.25,12,24.25,0.54094
240,30.25,395.75,12.5,25.25,0.54027
240,571,150.5,18.75,37.5,0.53949
240,29.5,276.75,12.75,25.75,0.5393
240,300.25,396.25,14.75,29.25,0.53733
240,285.5,249.5,13.25,26.5,0.5372
240,444.25,357.5,12.25,24.75,0.53639
240,282.5,346,33.75,67.5,0.53595
240,506.25,253,17.75,35,0.53495
240,259.25,400,17.5,35,0.53461
240,60.25,378.25,14.75,29.5,0.534
240,268.75,338.5,15,29.5,0.53388
240,421,401.5,15.25,30.75,0.53376
240,76,389,12.5,24.75,0.5328
240,444,299.25,17.25,34.25,0.53268
240,22.75,375.25,13.5,26.75,0.53267
240,461.75,47,12.75,26,0.5323
240,141.75,380.75,12.5,24.75,0.53216
240,379.25,394,15,30.25,0.53168
240,113.25,100.5,14.75,29.5,0.53146
240,231.75,60,13.5,27,0.53134
240,406,375.5,12.75,25.75,0.53124
240,292.75,290,14.75,29.75,0.5312
240,94.75,320.25,12.25,24.5,0.53111
240,183.5,62.25,12.75,25.5,0.53092
240,333,286.25,14.5,29,0.53067
240,252.75,339,13.75,27.5,0.5302
240,475.5,352,13.25,26.5,0.53015
240,232,72.75,13.5,27,0.53013
270,596.25,406,13.5,26.75,0.5628
270,444,393.75,16.5,33.25,0.55595
270,592,3.75,13,26,0.54978
270,389.25,394.5,15,30,0.54941
270,348,426,15.5,30.75,0.54599
270,405.25,429,13.75,27.75,0.54422
270,303.75,416,13.5,27,0.544
270,428.5,411,14.25,28.5,0.54393
270,499.75,14.5,14.25,28.5,0.54258
270,-1.75,117,13,26,0.54105
270,556.25,16.5,17,34,0.54078
270,268.75,395.75,15,30.25,0.54
270,588.75,182.25,13.25,26.25,0.53978
270,60.25,395.5,15.5,30.75,0.53948
270,378,406.5,21.5,43.25,0.53946
270,278,395.5,13,26,0.53905
270,500.75,30.25,13.75,27.75,0.53799
270,493.25,20,14,27.75,0.53791
270,324.5,404.25,16.25,32.75,0.53783
270,20.25,32.75,14,28,0.53668
270,415.75,391.25,16.75,33.25,0.53637
270,214,374.75,13,26.25,0.53634
270,380.5,372.25,12.25,24.5,0.53621
270,300.5,355.75,11.5,23,0.53599
270,148.25,210.75,12.25,24.25,0.53535
270,455.75,342.25,13.25,26.25,0.5351
270,551,2.75,13,26,0.5348
270,164.25,369,15.75,31.5,0.53452
270,116,312.25,12.25,24.5,0.5339
270,246.25,396,13.75,27.25,0.53374
270,132.75,48.5,12.5,25.25,0.5334
270,166.5,417.75,14.25,28.75,0.53321
270,166.25,410.75,13.5,27,0.53318
270,396.75,353,11.5,23,0.53289
270,540,412,14.5,29,0.53239
270,588.25,388,14,28,0.53197
270,590.5,376.25,14.5,29,0.53192
270,311.5,416.75,12.5,24.75,0.53133
270,336.75,153,11.5,23,0.53126
270,620.75,413,11.5,23,0.53119
270,467.25,404.75,14.75,29.25,0.53112
270,348.5,412.5,13,26.25,0.53072
270,69,397,14.75,29,0.53059
270,85.25,383.5,14.25,28.75,0.53056
270,492.25,431,12.75,25.75,0.53046
270,217.5,53.75,17.25,34.5,0.53034
270,277,386,15.25,30.75,0.5303
270,445.25,196.75,13.5,27.25,0.53014
300,156.25,414.25,16,32,0.56625
300,500.75,196.75,17.75,35.75,0.56059
300,406.25,416.25,12.75,25.25,0.55301
300,437.25,395.75,13.25,26.75,0.54589
300,493.5,344.75,14,27.75,0.54578
300,524.5,317,14,28.25,0.54573
300,22.5,385.25,14.5,29,0.54294
300,460.5,416.75,12,23.75,0.5412
300,170.75,43,11.5,23,0.54109
300,14.25,46.25,12,24,0.5405
300,197.25,397.5,14,27.75,0.54014
300,434.5,333.25,13,26.25,0.53834
300,164.5,407.25,11.75,23.75,0.53818
300,181.25,394.75,14,28.25,0.53737
300,314.75,293.75,17.75,35,0.53734
300,301.5,383.5,14.25,28.25,0.53726
300,540.25,319,13.25,27,0.53722
300,214.5,383.75,12.5,25.25,0.53705
300,232.25,39.25,12,24,0.53704
300,263.25,367.75,12,23.75,0.53627
300,540,297.25,13.75,27.5,0.53587
300,71.5,350,13.25,26.25,0.53567
300,586.25,412.25,24.75,49.5,0.53566
300,355.5,382.5,16.75,33.5,0.53558
300,68,211.25,13.5,27.25,0.53555
300,108.75,371,11.5,23,0.5353
300,424,381,11.75,23.5,0.53485
300,588.75,369,13.75,27.75,0.53454
300,50.25,364,16.5,32.75,0.53392
300,317.5,385,13.25,26.5,0.5334
300,307.5,16.5,12.5,24.75,0.53316
300,357.75,320.5,13.25,26,0.53313
300,357.5,203.75,14.25,28.5,0.53284
300,209.75,368.25,15.5,31.25,0.53271
300,516.25,328.75,15.25,30.75,0.5326
300,214.5,349.5,12.5,24.75,0.53173
300,482,107.5,17.25,34.5,0.53164
300,151.75,403.5,12.5,25.25,0.53127
300,252.5,37,12.75,25.5,0.5312
300,540,370.5,13.25,26.5,0.53086
300,84,414.25,13,26,0.53072
300,-1,95.75,19.5,38.75,0.53064
300,347.25,322.25,21.75,43.5,0.53035
300,92.25,408,12.5,24.75,0.53015
330,598.5,200.25,25.5,51,0.59263
330,516.5,326.25,13.75,27.5,0.57116
330,180.5,416.75,14.5,28.75,0.56299
330,604,325.75,13.25,26,0.56061
330,356.25,335,13.75,27.25,0.55982
330,437,387,13,26.25,0.55593
330,229.5,306.75,15,29.75,0.55421
330,460.5,328.75,14.5,29,0.55339
330,404.25,364,15,30,0.55085
330,340.75,391,14.5,28.5,0.55059
330,292.5,348.75,14.25,28.5,0.54954
330,533.25,366.75,14.25,28.25,0.54908
330,196.75,363.5,14.75,29.5,0.54854
330,540.5,302.75,12.75,26,0.54846
330,190.25,356.75,14.25,28.5,0.5481
330,492.75,378.75,14.75,29.5,0.54665
330,198,42.25,29.5,59,0.5465
330,523.75,312,16.5,32.75,0.54406
330,196,401.5,16,32,0.54305
330,524.5,430.5,15.25,30.5,0.54188
330,29.75,368.75,16.5,33,0.54102
330,564.25,322.25,15.25,30.75,0.54062
330,230,400,12.75,25.5,0.54031
330,285.5,341.25,13,26.25,0.54027
330,421.5,286.5,14.25,28.25,0.53997
330,389.5,380.25,14,28,0.53949
330,284.75,362.75,14.25,28.25,0.53913
330,52.25,365.25,14.25,28.5,0.53899
330,540,193.5,14,28,0.53866
330,107.5,376.5,16.25,32.5,0.53846
330,324.25,362,16.25,32.25,0.5381
330,580.25,342.75,16.25,32.5,0.53774
330,220.25,392,16.25,32.5,0.53754
330,557.25,390.25,13.75,27,0.53737
330,141.5,412,14.25,28.5,0.53736
330,325.5,355.25,13.75,27.5,0.53724
330,364,350.75,14.25,28.25,0.53619
330,188.25,339.25,15.25,30.25,0.53605
330,501.5,314,14,28.5,0.53604
330,351.25,288,13,25.75,0.53592
330,61.25,424.5,13.25,26.25,0.53588
330,37.25,373.25,14.5,28.75,0.53583
330,221,303,12.5,25.25,0.53533
330,180.75,355.5,15.75,31.5,0.53495
330,493.25,317.75,13.75,27.5,0.53489
330,172.5,424.5,12.25,24.75,0.53487
330,115.5,313.5,15.5,31,0.53486
330,524.75,334.75,13.5,27,0.53461
330,588.5,150.25,12.75,25.5,0.53455
330,311.5,290,12.5,25,0.53443
330,556.5,302.75,15.75,31.25,0.53429
330,110.25,335,13,25.75,0.53429
330,147.75,322.25,13.5,27.25,0.53414
330,532,297,12.75,25,0.53397
330,13.5,235.75,21.25,42.5,0.53386
330,53.25,354.25,14.5,29,0.5336
330,385.25,208.5,13.25,26.5,0.53333
330,212.75,404,14.75,29.75,0.53325
330,330.5,180,15.75,31.25,0.53322
330,446.25,300,13.25,26,0.53287
330,248.25,185.5,12.75,25,0.53272
330,118.75,106,15.5,31,0.53265
330,229.5,323.75,14.25,28.5,0.53251
330,581,301.25,14.5,29.25,0.53219
330,581.25,360,14,27.75,0.53211
330,284.75,300,14.25,28.75,0.53188
330,204,415.5,16.75,34,0.53141
330,296.25,57,12.25,24.75,0.5312
330,446,347.75,12.75,25.75,0.5312
330,572.5,152.75,11.75,23.5,0.53106
330,500.5,371.75,15,29.75,0.53087
330,397,376.25,13.25,27,0.53085
330,596.75,326.25,14.25,28.75,0.53083
330,140,312.5,11.75,23.5,0.5308
330,556.25,431.75,15.25,30.25,0.53059
330,410.25,277.75,18,35.5,0.53039
330,579.25,392.5,16.75,33.75,0.53015
330,429.75,291.25,14.25,28.25,0.53009
330,7.75,390,12.75,25.5,0.53003
360,556.75,356.25,14.25,28.5,0.56917
360,76.25,351.25,15.75,31.25,0.56117
360,541.75,35.25,12.25,24.75,0.55572
360,406,311.75,12.75,25.5,0.55113
360,381.5,402.25,15,30,0.5508
360,452,280.75,15.5,30.75,0.54622
360,341.75,375.75,13.5,27,0.54582
360,163.75,401.25,16.25,32.25,0.54517
360,108.25,314.5,13.25,26.5,0.54443
360,460.25,288.75,12.75,25.5,0.54379
360,276.5,400.25,16,32,0.54281
360,365.5,417.5,15.25,30.75,0.54277
360,50.5,366,17.75,35.25,0.54178
360,467.5,284.75,16.5,32.5,0.54176
360,266.75,404.75,14,27.75,0.5417
360,317.5,366.5,14.25,28.25,0.54155
360,422,279.5,12.25,24.5,0.54132
360,223,416.5,13,25.75,0.54098
360,428.5,309.5,14,28,0.54094
360,550,291.75,14.5,29,0.54079
360,366.5,121,12,24,0.54052
360,520.5,405.75,31.75,63.25,0.54032
360,321.25,171,19.25,38.25,0.54016
360,477,351.75,12.75,25.5,0.5394
360,203,410.25,15,29.75,0.53934
360,300.25,280.5,16,32,0.53925
360,234.25,179.25,13.25,26.75,0.5383
360,245.75,270,13.25,26.75,0.53773
360,500.25,296.75,12.25,24.75,0.53748
360,524,304.75,12.75,25.75,0.53737
360,172,358.5,13,26,0.53691
360,412.25,278.25,14,28.25,0.53669
360,341.5,399.75,14,28.25,0.5365
360,557,410.25,15,30.25,0.5364
360,572.25,311.5,12.75,25.75,0.53587
360,357.25,421.5,14.25,28.5,0.53446
360,403.75,400.5,15.75,31.75,0.53437
360,475.75,321,15.5,31.5,0.53424
360,134.5,390,13.25,26.75,0.53414
360,-8,245.75,75,150.25,0.53398
360,524.25,347,15.25,30.75,0.5339
360,124,305.75,13,26.25,0.5337
360,317.25,282.75,14.5,29.25,0.53369
360,500.75,51.5,93.25,186.75,0.53345
360,420.5,301.5,15.75,31.5,0.53191
360,259.25,346.75,17,33.75,0.53172
360,185.25,29.5,14.5,29,0.53102
360,459.75,361.5,16,32.25,0.53073
360,21.75,375.25,14,28,0.53029
360,463.25,225.5,22,44.25,0.53012
360,331.75,113.75,13.25,27,0.53009
390,260.25,383.5,16,32,0.56696
390,519.25,358.75,13,26,0.56637
390,412.25,351.5,13.25,26.75,0.56383
390,92.75,411.25,14.5,28.75,0.55263
390,437.75,324.5,13.25,26.5,0.5515
390,459.75,400,16,32,0.54959
390,436.25,375.75,14.5,29,0.54831
390,141,379.75,15,30,0.54814
390,445,374.75,15.5,31,0.54776
390,183.25,7,13.25,26.75,0.54709
390,-1.75,264,13.25,26.75,0.54668
390,268,381.25,16.5,33,0.54648
390,588.5,383.25,16.5,33,0.5462
390,580.25,382.25,15.75,31.5,0.54581
390,22.75,359.5,12.75,25.75,0.54542
390,92.25,400,12.25,24.5,0.54526
390,460,386,15.25,30.5,0.54512
390,220.25,344,12.5,25,0.54454
390,580,396.75,15.75,31.25,0.54451
390,172,391.25,17.5,34.75,0.54434
390,300.5,408.75,14.75,29.75,0.54391
390,420.5,366.5,15.75,31.5,0.54251
390,396.75,399.75,14.75,29.25,0.54163
390,231.75,343.5,12.75,25.75,0.54155
390,381,378.5,14.75,29.25,0.54135
390,136.5,8.25,12.25,24.5,0.54102
390,292.5,352.25,13.75,27.75,0.54077
390,181,347.25,13.5,27.25,0.54072
390,517.25,369.5,15.5,30.75,0.54039
390,236.5,335,17,34.25,0.54034
390,284.5,401.75,15.75,31.75,0.53996
390,467.75,394,16,32.25,0.53891
390,558,423.75,13.25,26.75,0.5389
390,476.5,403.75,14.5,28.75,0.53884
390,468.75,345.5,15.25,30.25,0.53825
390,196.75,387,15,29.75,0.53791
390,164.25,400.25,15.25,30.75,0.53781
390,100.5,411.75,14.5,29,0.53721
390,253.25,385.5,15,30,0.53676
390,556.5,372.75,16.75,33.5,0.53665
390,59,405.75,13.5,26.75,0.53648
390,220,362.5,15.75,31.75,0.53646
390,85,363,15.25,30.25,0.53639
390,400.25,354,12,24.25,0.53608
390,213,423,14.75,29.25,0.53581
390,164.25,385.75,15.75,31.75,0.53545
390,483.75,360,12.5,25.25,0.53539
390,349.25,363.25,15.5,31,0.53534
390,451.75,384.5,16,32.5,0.53526
390,382.75,273,11.75,23.75,0.53524
390,494,47,25,49.75,0.53507
390,268.5,325.75,16.5,33.25,0.5348
390,426.75,415.75,19,38,0.53479
390,49.25,121,39,78.25,0.53476
390,324.25,332.75,15.25,30.25,0.53472
390,476.5,351,16.25,32.25,0.53464
390,338.5,91.75,12.25,24.5,0.53457
390,44.5,396.25,12.5,25,0.53414
390,613,411.25,14,28,0.53403
390,71.5,89.5,12.75,25.25,0.53377
390,189,390,14.5,29,0.53304
390,190.75,110.5,12.75,25.5,0.53229
390,565.5,376.25,13,26,0.53221
390,331.75,320.5,17,33.75,0.53217
390,112.25,8,12.5,25,0.53214
390,300.75,362.5,15.5,30.75,0.532
390,299.5,417.25,16.25,32.5,0.53186
390,141.25,333.25,14,28.25,0.53179
390,439.25,193.75,12.5,24.75,0.53174
390,188.25,364.75,16.25,32.75,0.5317
390,304.75,127,11.5,23,0.53132
390,317.25,389.5,13.75,27.5,0.53092
390,214.25,357.75,13.25,26.5,0.5308
390,124.25,336.25,16.25,32.75,0.53075
390,572,384.25,15.75,31.75,0.53062
390,340,349,17.75,35.5,0.53061
390,355.5,397.25,16.5,32.75,0.53043
390,356.75,309.25,14,27.75,0.53016
420,365,353.5,15.75,31.75,0.57247
420,387.75,366.25,17,34.25,0.56912
420,324,391,15.5,30.75,0.56782
420,539.5,363.75,15.25,30.5,0.55934
420,204.5,410.25,15.25,30.5,0.55843
420,54.5,400.5,12.75,25.5,0.55724
420,539.5,392.75,15.25,30.75,0.5539
420,604,417.5,14.75,29.75,0.55368
420,412,384.75,15.25,30.25,0.55359
420,523.5,402,16.5,33.25,0.55237
420,477,336.5,14.75,29.5,0.54924
420,564.5,409.5,15,29.75,0.54898
420,171.75,334.75,16.5,33,0.54566
420,217,175,96.75,193.25,0.54534
420,388.75,309.75,14,27.75,0.54532
420,274.5,396,19.5,39,0.5444
420,147.5,350.25,16.75,33.5,0.54326
420,406.25,310.5,12.25,25,0.54315
420,172,355.25,15.25,30.5,0.5428
420,204.5,285,14,27.75,0.54242
420,429.25,49.25,122.75,245.5,0.5423
420,204.25,319,15.75,31.5,0.54201
420,508.75,409.75,14.75,29.5,0.54191
420,548,384.75,15.5,31,0.54095
420,164.75,337.25,15.5,31,0.54034
420,500.5,346,14.75,29.5,0.54
420,124.5,317.25,14.5,29.25,0.53926
420,157.25,295,12.75,25.75,0.53857
420,413,327.5,12.75,25.5,0.53852
420,333.25,334.75,14.25,28.5,0.53821
420,145.25,312.75,19,38.25,0.53743
420,437.5,397.25,13,25.75,0.53725
420,518.5,327.5,12.75,25.5,0.53706
420,324.5,352.5,15.75,31.5,0.53688
420,588.75,343.75,12.75,25.75,0.53682
420,29.5,399.75,13,25.5,0.53661
420,132,318.25,16.25,32.5,0.53654
420,364.75,292,15,29.75,0.53646
420,452,336.75,14.25,28,0.53571
420,362.75,190,26,51.75,0.53565
420,341.75,318.75,13,26.25,0.53534
420,182.5,284.25,14,28,0.53522
420,183.75,282.25,34.5,68.75,0.53503
420,596,379,15.5,31.25,0.53501
420,588,379.5,15,30,0.53496
420,468,427,15.75,31.75,0.53491
420,603.75,387.5,16.5,33,0.53489
420,236.5,389.25,14.5,29.5,0.53422
420,336.5,69.25,12.75,25.5,0.53416
420,116.25,400.75,15.5,31,0.53394
420,273.75,188.75,12.5,25,0.53379
420,212.75,388,14.75,29.5,0.53361
420,292,320.25,16.25,32.5,0.53354
420,596,352.5,15.25,30.75,0.5335
420,62.5,20,115,230.25,0.5335
420,493,337.25,15.25,31,0.5335
420,469.5,330.25,14.5,29,0.53335
420,220.75,311,12.75,25.75,0.53327
420,293.25,391.5,12.75,25.5,0.53316
420,531.5,417,15.5,31,0.53303
420,454.75,428,13.25,26.5,0.53297
420,165,412.5,14,28,0.53287
420,100.25,326.25,14.75,29.5,0.53249
420,196.75,287.75,14.75,29.25,0.53243
420,197,323.25,14.5,29.25,0.53232
420,35.75,2,21,42.25,0.53229
420,317,317.5,14.25,28.5,0.53203
420,468.5,416,12.25,24.75,0.53201
420,579.75,352.75,16,32.25,0.5319
420,564,383.75,15.5,31,0.53174
420,436.75,130,13,25.75,0.53151
420,418.75,386.75,14.5,29,0.53142
420,540,323,14,27.75,0.53136
420,228,297.25,12.25,24.5,0.53128
420,491.75,186,13,25.75,0.53116
420,292.75,382.75,11.5,23.25,0.53105
420,589,360.75,13,25.75,0.5309
420,395.5,394,16.25,32.5,0.53045
420,620,21.25,13,26.25,0.53043
420,371.5,282.25,17.75,35.75,0.53036
420,524.25,331.25,14,28,0.5303
420,92.5,369.25,15.25,30.25,0.53011
420,101.75,428.75,13,26,0.53009
420,340.5,383,16.25,32.75,0.53009
450,180.5,346.75,15,30,0.57129
450,364.25,427,15,30,0.56564
450,277.25,181,13.75,27.25,0.55793
450,572,409.75,15.75,31.5,0.55534
450,285.5,418,13.25,26.5,0.55395
450,196,400.25,17,33.75,0.5523
450,422.5,431,12.5,24.75,0.54857
450,301,416.5,15.5,31,0.54815
450,277,294.75,14.75,29.25,0.54685
450,302,336.5,13.5,26.75,0.54618
450,164.5,402.75,15.5,31.25,0.54613
450,212.5,398,15.25,30.5,0.54566
450,605.75,50.25,14,28.25,0.54496
450,78,88.25,13,26,0.54489
450,222,395.25,13.75,27.25,0.54474
450,438.25,389.5,13.75,27.5,0.54398
450,356.75,385.75,15.25,30.5,0.54377
450,348.75,351.75,12.75,25.5,0.54356
450,205.75,333.25,13,26,0.54282
450,550.75,6.5,27.25,54.75,0.54253
450,166.5,351,13.25,26.5,0.5417
450,99.75,19,15.75,31.25,0.54122
450,316,348.25,12.25,24.5,0.54101
450,232.25,274.5,11.75,23.5,0.54078
450,462.75,84.75,19,37.75,0.54063
450,445.25,390.75,13.5,27.25,0.54058
450,356,425.25,16,32.25,0.53987
450,36.5,352.75,16,32,0.53982
450,319,334.75,13.75,27.25,0.53973
450,68.5,448.75,12,23.75,0.53939
450,76.25,287.25,13.75,27.25,0.53934
450,268.25,386.75,16,32,0.53911
450,460.5,385.75,12,24,0.53902
450,188,412.25,16.25,32.5,0.53879
450,252.5,279.75,12.5,25.25,0.53832
450,588.25,399.75,14.75,29.5,0.53753
450,487.25,96.25,12.5,25,0.53737
450,243.75,378.75,15.5,30.75,0.53727
450,309,327.5,13,26,0.53682
450,104.75,409,11.5,23,0.53663
450,101.5,357,16.75,33.75,0.53646
450,261,394,13.25,26.25,0.53526
450,509.75,398.25,13,26.25,0.53512
450,182,415.25,13,26.25,0.53508
450,502.75,419.5,12.75,25.25,0.53477
450,68.25,294.75,13.75,27.5,0.53419
450,246.5,358,13,26,0.53337
450,93,280,12,23.75,0.53314
450,42.5,321,12.5,25,0.53289
450,460,392.25,12.5,25.25,0.53225
450,172.75,426.25,15.75,31.25,0.53159
450,406.25,32.75,12,23.75,0.53154
450,202.5,42,11.75,23.5,0.53134
450,90,375.5,20.5,41,0.5312
450,-9.25,138.75,75.25,150,0.53105
450,380.25,383,13,25.75,0.53104
450,502.25,399.75,13.5,26.5,0.53094
450,323.5,333.75,18,35.5,0.5309
450,236.25,448.25,11.75,23.5,0.53086
450,265,38.25,12.5,25,0.53065
450,20.5,307,17.25,34.25,0.53041
450,195.25,165.75,27,54,0.53021
450,299.75,310.75,15.5,31.25,0.53021
450,499.5,140.5,12.5,25.25,0.5302
480,588.75,13,11.5,23,0.56142
480,125,400.75,14.75,29.25,0.55998
480,28.5,400.5,13.25,26.75,0.55837
480,132,383,16.75,33.5,0.55484
480,70.5,395.5,13.5,27.25,0.55015
480,196.5,397,16,32,0.54973
480,182.5,377,12,24,0.54568
480,582,122,14.75,30,0.54556
480,28.25,357.25,13,26.25,0.54455
480,116.5,409.5,15.5,31,0.54409
480,293.5,365,16,31.5,0.54392
480,604,117,14.25,28.75,0.54346
480,270.75,373,14.5,28.75,0.5433
480,60,383.75,16.5,33,0.54249
480,538,332.25,66,132,0.54165
480,476,407.75,14,28,0.54131
480,-2,214.25,26.75,53.5,0.54081
480,603.5,109.75,14.5,28.75,0.5407
480,92,398.25,14,27.75,0.53982
480,43.5,400.75,15.75,31.75,0.53943
480,268.5,400,15.5,31,0.53855
480,187,398.25,17.5,35,0.53772
480,13.75,393.25,14,28.25,0.53769
480,384.25,346.75,20.75,41.25,0.53768
480,376.25,167.75,18.5,37,0.53727
480,407,222.25,13.25,26.25,0.53629
480,220.5,21.5,12.75,25.5,0.53598
480,-4.75,163.75,39.5,79.25,0.53551
480,581.5,330,19.25,38.25,0.53501
480,149.5,395.25,13.75,27.75,0.53485
480,84.75,409.25,15,30,0.53463
480,582.75,137.25,12,24.5,0.53454
480,181,323.75,12.5,25.25,0.53423
480,237.5,303.75,26.75,53.5,0.53398
480,198.75,377.5,13.5,27,0.53378
480,116,238.5,14.5,29.5,0.5334
480,525,435.5,14.25,28.75,0.53336
480,428,28.25,14.25,28.5,0.53303
480,587,395,15.25,30.75,0.53301
480,109,342,13.5,26.5,0.53286
480,402.5,41.25,52,104.5,0.53215
480,437,401.75,15,30,0.53058
480,14.5,58,16.5,33,0.5303
480,231,177.5,13.75,28,0.53019
510,330,176.5,15.75,31.5,0.5515
510,244.5,169.75,30.75,61.5,0.55088
510,92.25,417,15.75,31.75,0.55069
510,188.25,418,15.5,31.25,0.5501
510,156.5,330,14.75,29.5,0.54723
510,364.25,421.75,18.25,36.75,0.54665
510,172.5,426.75,16.5,33,0.54431
510,269,343,13,26,0.54279
510,387,175,14.5,29,0.54247
510,300.75,436,14.75,30,0.54023
510,267.5,429.25,18.25,37,0.53835
510,150.5,316,73.25,146.75,0.53801
510,32,129.5,12.25,24.5,0.53798
510,276,438.5,13,25.5,0.53731
510,141.75,444,13.25,26.75,0.53587
510,572.5,408.75,26,52.25,0.53551
510,557.5,442.5,13.25,26.75,0.5352
510,588,410.75,27.5,55,0.53448
510,603.5,443.25,13.25,26.25,0.53432
510,577.5,356,54.25,108.75,0.53299
510,470.75,180,13.5,27.5,0.53265
510,300.75,385.5,35.5,70.75,0.53258
510,79.75,57,12.5,25.25,0.53224
510,547,398.5,11.75,23.5,0.53209
510,196,430.75,16.75,33,0.53179
510,14.5,308.5,13,25.75,0.53122
510,9,17.25,12.5,24.75,0.53116
510,376.25,113.5,14.5,29.5,0.53066
510,219.25,424.25,17.25,34.75,0.5305
510,318,335,12.75,25.75,0.53018
540,162,376,12.5,25.5,0.56314
540,140.25,392.75,15.75,31.5,0.5513
540,116.75,380,15,30.25,0.54931
540,388.25,409.75,15.5,30.75,0.54624
540,14.75,224.5,19,38.25,0.54578
540,133,196.75,12.25,24.75,0.54568
540,260.75,392.75,15.5,31,0.54544
540,333.25,339.75,14.5,28.75,0.54514
540,342.5,324.25,14.5,28.75,0.54367
540,589.25,25.25,17.5,34.75,0.54228
540,556.25,405.5,13.75,27,0.54215
540,267.5,190.25,15.75,31.5,0.53877
540,243.5,218.75,14.75,29.75,0.53863
540,292.5,153.25,11.5,23,0.53853
540,85.25,391.5,14.75,29.25,0.53812
540,266.75,353,17,34,0.53755
540,298.5,333,18,36,0.53755
540,76,57.75,12.5,24.75,0.53746
540,302.5,354.75,13,26,0.53672
540,228.75,380,15.25,30.5,0.53635
540,596,5.75,13.25,26.5,0.53565
540,344.5,172.25,26.25,52.75,0.53558
540,-0.75,236.25,13.5,27.25,0.53466
540,357.5,63.75,12.5,25.25,0.53428
540,163.75,38.25,30.25,60.5,0.53407
540,103.25,390.75,12.75,25.75,0.53394
540,16.75,57,11.5,23,0.53336
540,567.75,28.25,12.5,25.25,0.53287
540,93,383.75,15,30.5,0.53272
540,317,327.25,13.25,26.25,0.53236
540,99.25,368,16.75,33.25,0.53188
540,430.25,406.75,13,26,0.53173
540,338.75,195,12.5,25.25,0.53171
540,164,400,16.25,32.75,0.53161
540,336.75,154.75,11.75,23.5,0.53158
540,327.25,405.75,13,25.5,0.53127
540,309,164.5,15.5,31,0.53109
540,97.75,344,14,28,0.53109
540,84,364.75,13.5,27,0.53097
540,150.75,376.75,13,26,0.5309
540,106.5,89.75,13.75,27.25,0.53073
540,139,346.25,17.25,34.5,0.53055
540,319,327,13.25,26.25,0.53033
540,260.5,155,20.5,41,0.5301
570,296.5,390,26.75,53.5,0.54238
570,199,170.75,35.25,70.5,0.54019
570,102,416.75,11.75,23.75,0.53802
570,203.75,201,18.75,37.5,0.53706
570,20.75,412.25,14.75,29.5,0.53666
570,585.25,21.25,19.5,39,0.5328
570,317.75,88.75,13.25,26.75,0.53269
570,-4.25,137.25,35,69.75,0.53209
570,-2.25,43.75,17.75,35.5,0.53201
570,393.25,356,57.5,114.75,0.53142
570,555.5,194.75,14.25,28.25,0.53124
570,240,416,12.25,24.25,0.53039
570,468.75,445.75,13,26.5,0.53029
600,438,447.25,13.75,27.25,0.55519
600,482.25,189.25,17,34.25,0.54721
600,317.25,309,13.25,26.25,0.546
600,353.75,176.5,28.5,57.25,0.54463
600,324.75,215.25,12.75,25.5,0.53964
600,227,356.5,14,28.25,0.53913
600,52.25,346.25,15,30,0.5376
600,454.5,341,13,26,0.53365
600,374.25,397,39.5,78.75,0.53325
600,306.25,273.25,12,23.75,0.53323
600,481.25,403.25,36,71.5,0.53253
600,301.25,451,11.5,23,0.53249
600,470,445.5,14.5,28.75,0.53106
600,-2.5,215.75,19.5,39,0.5306
630,325.25,177.75,29.75,59.25,0.54118
630,374,382.5,12.25,24.25,0.53938
630,272.25,213.5,12,24,0.53927
630,367.5,134,27,53.75,0.53601
630,181,200.25,22.25,44.5,0.53573
630,78.75,25,26.5,53.25,0.53532
630,271.5,295.75,13,25.5,0.53498
630,287.25,207.5,16.5,33,0.53269
630,31.25,250.75,21.5,43.5,0.53246
630,234.75,166,11.5,23,0.53199
630,-2.25,73.25,17.5,35,0.53108
630,94.75,96.75,66.5,133.25,0.53085
630,206.25,219.25,12.25,24,0.53075
630,370.25,259.5,12.25,24.75,0.53049
660,383.25,184.25,21.75,43.25,0.57607
660,156.5,322.25,15,29.75,0.55053
660,193.25,62,13,26.25,0.54829
660,49.75,407.75,12.5,25,0.54382
660,163.5,205.5,22.25,44.75,0.54164
660,163.25,316,17.75,35.5,0.54155
660,229,197.75,25.75,51.25,0.54143
660,592.5,25.5,15,29.75,0.53528
660,87.5,15.25,125.5,251,0.53521
660,175.5,201.75,25,50.25,0.53501
660,284.25,275,16,32,0.53479
660,449.5,211,14.75,29.5,0.53438
660,532.25,158.25,12,23.75,0.53414
660,32.25,280.5,12.25,24.25,0.53353
660,510.25,200.75,16,32,0.53309
660,248.5,58.25,13.25,26.5,0.53255
660,124.25,348.5,12.25,24.25,0.53204
660,188.75,206.25,22.5,45,0.53152
660,44.5,287.5,13.25,26.5,0.53103
660,317.75,184.75,27.25,54.25,0.5308
660,262,11,121.5,243,0.53077
660,68.25,412,13.5,27.25,0.5305
660,298.75,50.5,15.25,30.5,0.53022
660,30.5,364.5,11.75,23.75,0.53013
690,119.75,406.25,12.75,25.75,0.55649
690,212,190.75,28,56,0.55481
690,11.25,215.25,22.75,45.5,0.55349
690,99.75,396,15.75,31.25,0.54867
690,531.25,197,32,64,0.5484
690,141.75,344.25,13.25,26.75,0.54594
690,18,233.75,13.25,26.25,0.54543
690,156.25,350.5,15.25,30.75,0.54497
690,595.5,156.25,14.5,29,0.54462
690,83.75,215.5,24,48,0.54424
690,233.25,360.25,26,52.25,0.5436
690,472,383.5,38.25,76.75,0.54317
690,596,383.5,14.25,28.75,0.54278
690,92.75,364.5,13.75,27.5,0.5422
690,324.25,440.75,12.75,25.75,0.54127
690,68.5,395.5,14.75,29.75,0.53971
690,-2,64,17,33.75,0.53856
690,68,362.5,12.25,24.25,0.53849
690,117,344.75,37.5,75.25,0.53796
690,132.5,402.25,13.75,27.5,0.53731
690,180.25,337.5,15,30.25,0.53703
690,11.75,235,13.5,27,0.53698
690,197,427.5,14.25,28.5,0.53697
690,213,428.75,14.5,29.25,0.53688
690,463.25,206.75,28,56.25,0.53642
690,51.75,390.25,15.5,31,0.53632
690,133,387,13.25,26.75,0.5357
690,503.25,369.75,50.75,101.75,0.5352
690,44.75,398.75,13.5,27.25,0.53387
690,164,387.5,16,32,0.53381
690,212.75,355.25,11.75,23.5,0.53307
690,236.25,425.25,11.75,23.5,0.53298
690,108,353.5,13,26,0.53274
690,326,49.75,14.5,28.75,0.53261
690,279.5,28.75,21.25,42.25,0.53201
690,-2,107.25,16.75,33.75,0.53182
690,283,46.5,14.75,29.25,0.53121
690,76.75,360.25,14.5,28.75,0.531
690,188,412.5,14,28.25,0.53057
690,197.5,448.25,13.5,27,0.53044
690,-0.25,87.25,13.75,27.75,0.53017
690,87.5,344,12.25,24.5,0.53012
720,531.75,391.25,12.75,25.5,0.56746
720,28.5,396.75,15.5,31,0.56701
720,436.75,192,13,26.25,0.55235
720,268,346.25,16.5,32.75,0.55234
720,494,252,13,25.75,0.55106
720,565,284.5,14,28.25,0.54651
720,78,416.5,12.5,24.75,0.5449
720,44.25,391.25,12.25,24.5,0.54397
720,192.5,164.75,12,23.75,0.54367
720,404.25,318.5,14.25,28.25,0.54164
720,524.25,396.25,12.5,25.25,0.5408
720,539.25,189.25,15,29.75,0.53774
720,397,324.5,12.75,25.25,0.5377
720,606.25,398.25,13.5,26.75,0.53745
720,70.75,422,13.25,26.5,0.53739
720,15.5,179.25,13.5,27,0.53698
720,195.75,172,12.5,24.75,0.53582
720,454.5,32.25,12.75,25.25,0.53551
720,348.25,316.25,13.25,26.75,0.53536
720,610,190.25,35,70,0.53495
720,277.75,371,14.5,29,0.53363
720,36.75,396.25,14.75,29.25,0.53305
720,99,122.5,62.75,125.5,0.53293
720,67.25,163.75,15.25,30.5,0.53276
720,436.75,406,11.5,23,0.5313
720,200,404,35,70,0.53094
720,197.25,355.75,12.75,25.25,0.53082
720,387.5,321.75,13,26,0.5308
720,613.5,398.5,13.25,26.25,0.53064
720,576.5,352,14.25,28.75,0.53028
720,216.5,425.5,12.25,24.25,0.53003
750,470.75,128,50.5,100.75,0.55503
750,20.75,405.75,13.5,27.25,0.55426
750,578,121.75,14.75,29.75,0.55326
750,608.5,86.75,25.75,51.5,0.55105
750,333,161.75,15,30,0.54684
750,366.5,16,13.25,26.25,0.54674
750,347.5,4.5,12.5,24.75,0.54606
750,397.5,28.25,12.25,24.75,0.54562
750,418.25,115.5,39.25,78.5,0.54473
750,388.75,70.75,12,24.5,0.54368
750,348.25,18,13.25,26.5,0.54351
750,68.25,397,15,30,0.54292
750,576.25,336.75,12,24,0.54236
750,157,404.5,14.5,28.75,0.54176
750,369.75,190.25,15.25,30.5,0.53921
750,378.5,71.5,12.25,24,0.53803
750,31.75,333,14.5,29.5,0.53759
750,56.25,179.5,12.75,25.75,0.5374
750,376.5,29.5,12.75,25.5,0.53712
750,386.5,1.75,11.75,23.75,0.537
750,408.75,112,12.25,24.25,0.53688
750,386.75,15.75,12,24.25,0.53672
750,408.25,84,12.25,24.75,0.53661
750,406.25,14,12.25,24.5,0.53654
750,389.25,114.75,11.75,23.5,0.53654
750,516.25,450.5,13.5,27,0.5363
750,458,166.75,32.25,64.5,0.53598
750,397.25,41.5,12.75,25.25,0.5359
750,205.75,351.75,13.5,27.25,0.53584
750,375.75,14.75,13,26,0.53566
750,388,57.25,12.25,24.5,0.53518
750,135.25,413.25,13.25,26.75,0.53466
750,366.5,3.75,12,23.75,0.53465
750,388.75,99.75,12.25,24.25,0.5341
750,226.75,333,11.5,23,0.53397
750,417.5,55.25,12.5,25,0.53373
750,4.75,219,15.75,31.5,0.53356
750,427.5,53.25,12.75,25.5,0.53354
750,514.75,441.5,18,35.75,0.5332
750,615.25,90,23,46.25,0.53306
750,101.25,392.75,13.5,26.5,0.53252
750,166.25,135.5,67.5,135,0.53235
750,22.25,225.5,16.25,32.5,0.53143
750,491.25,3,14.5,28.75,0.53143
750,620,361.75,12.5,24.75,0.53129
750,378,57.75,12.25,24.5,0.53119
750,17.5,319.75,13,25.75,0.53094
750,384.75,129,11.5,23,0.53088
750,603.5,338.25,15.5,30.75,0.5306
750,418.75,83.5,11.5,23.5,0.53051
750,389.25,127.75,12,24,0.53033
750,594,354.25,17.75,35.75,0.53027
750,12,304,12.75,25.5,0.53006
780,274,369.5,12,23.75,0.55863
780,133.5,361.25,13.75,27.5,0.55854
780,404.25,365.5,14,28,0.55566
780,235.25,16,12,24,0.55375
780,296,407.25,12.5,25,0.55269
780,125.25,357.25,14,28.25,0.55048
780,333.25,371.25,14,27.5,0.54955
780,148.25,312.25,12,24,0.54768
780,389.75,348.75,14,28,0.54661
780,88.25,414.5,13,26,0.54526
780,495.25,285.5,13.5,26.75,0.54506
780,44.5,380.5,13.75,27.5,0.5433
780,284.75,408.25,12.5,25,0.54234
780,308.25,415,13.75,27.5,0.54123
780,141.5,364.75,13.5,27,0.54062
780,204.5,3.5,12.25,24.5,0.54009
780,613.5,304.25,13.75,27.75,0.5399
780,190.25,87.75,12.5,25.25,0.53974
780,518.75,263,12.5,25.25,0.53953
780,244.5,41.75,14.25,28.5,0.53883
780,597.25,336,14,27.5,0.53864
780,412.5,191,18.75,37.75,0.5384
780,550.75,406.25,12,24,0.53835
780,234.5,57.25,13.75,27.25,0.53724
780,325.75,355,13.5,27.25,0.53702
780,214.5,2.75,12.5,25,0.53635
780,225.25,114.75,13.5,26.75,0.53591
780,67,399.25,16.5,33,0.53556
780,581.25,355.25,14.25,28.5,0.53527
780,225.5,72.5,12.5,25.25,0.53447
780,538.5,401.25,14.5,29,0.53446
780,613.5,332.5,12.5,25,0.53428
780,52,371.75,14.75,29.5,0.53421
780,214.5,74,13,26,0.53416
780,214.5,17,12.5,25,0.53376
780,164,416,16.25,32.25,0.53316
780,226,102.25,12.25,24.75,0.5331
780,297.25,104.25,59.25,118.25,0.53299
780,317.25,427.5,14,27.75,0.53298
780,412.25,361.5,15,30,0.53265
780,117.5,362.25,13.5,27,0.53252
780,428.5,423,12.75,25.75,0.53251
780,572.25,269,12.25,24.75,0.53239
780,511.25,269,14.25,28.25,0.53228
780,485,318,13.25,26.75,0.53227
780,235.5,44.25,12.25,24.75,0.53206
780,-0.25,135,13.75,27.5,0.53182
780,235,1.75,12,24,0.53149
780,31.25,428,13.75,27.75,0.53095
780,300.5,347.25,12.75,25.75,0.53086
780,332,419.75,13.5,26.75,0.53037
780,205.5,102.25,13,25.75,0.53009
780,69.5,364,12.75,25.5,0.53002
810,189,393.25,14.5,28.75,0.59459
810,596.25,313.5,15.25,30.75,0.57055
810,205,379.5,14.5,29.25,0.56155
810,565,414.75,13,26.5,0.56055
810,285.25,381.75,13.5,27,0.55749
810,556.5,401.25,15.75,31.75,0.55665
810,548.75,269.25,14.25,29,0.55597
810,164.25,335,15.75,31.75,0.55204
810,156,328,16,32,0.55191
810,356,407.5,15.25,30.5,0.55187
810,564.5,284.25,14.75,29.75,0.5507
810,628,171.5,12.75,25.25,0.54862
810,389.25,60.5,13.75,27.25,0.54828
810,245.25,441.5,14.25,28.25,0.54814
810,491,200.5,16.25,32.25,0.54807
810,532.75,404,14,28,0.54747
810,179,36,13,26,0.54724
810,580.25,314.5,15.5,30.5,0.54707
810,556.75,274.25,15.25,30.25,0.54659
810,179.5,50.25,13,26,0.546
810,199,141.5,15.75,31.5,0.54597
810,556.25,289,15.25,30.5,0.5459
810,179.25,6.25,13,26,0.54451
810,556.75,264.25,15,30,0.54357
810,412.25,44.75,14,28,0.54332
810,132.5,259,15.25,30.5,0.54244
810,108,408.75,15.5,31,0.54149
810,107.5,335.75,16,31.75,0.54112
810,572,313.5,15.5,31,0.54104
810,588.75,319.25,14.25,28.5,0.541
810,189.75,65,12.75,25.75,0.53983
810,85.25,268.25,14.75,29,0.53912
810,419,36.5,15.5,31,0.53907
810,116.25,270.75,16.25,32.5,0.53898
810,172.5,339.5,15.75,31.75,0.5389
810,268.5,380.75,14.75,29.25,0.53857
810,261,442.25,14.75,30,0.53808
810,467.75,196,15,30,0.53753
810,189,416.75,15,29.75,0.53747
810,549,415.25,13.5,27.25,0.53747
810,429,326.75,15.25,30.75,0.53737
810,116,363.5,16,32,0.53726
810,200,77.25,13.25,26.25,0.53725
810,606.75,316,22.25,44.5,0.537
810,68.25,368.75,14,28,0.53695
810,258.25,80.5,71.25,142.5,0.53667
810,365.5,388.5,14.25,28.75,0.53628
810,188,47.75,14.75,29.75,0.53601
810,508.25,266.75,15,30.25,0.53597
810,615.25,273.75,26.5,53.25,0.53586
810,204.5,393.25,15.25,30.5,0.53541
810,371.75,398.25,16.75,33.5,0.5353
810,148.5,128.5,12,24.25,0.53529
810,430,47.5,12.75,26,0.53525
810,51.5,358.5,16,31.75,0.53517
810,341.75,129.25,13.25,26.5,0.53482
810,20.5,283.75,15.25,30,0.53444
810,625.5,154.75,15.25,30.25,0.53434
810,164,319.75,16.25,32.25,0.5343
810,126.25,408.75,12,24,0.53383
810,572,287,16.25,32.5,0.5336
810,200,107.75,13.25,26.75,0.53344
810,508,387,15,30.25,0.53337
810,397,56.5,13.5,27,0.53323
810,168.25,37.25,12.75,25.25,0.53316
810,601,415,12.5,25.5,0.53305
810,179.25,95,12.75,25.25,0.53302
810,45,403.25,13.75,27.25,0.53301
810,208,368.5,12.75,25.25,0.53301
810,604.5,418.25,15.75,31.75,0.53275
810,604.25,273,15.75,31.5,0.53268
810,595.75,273,15.25,30.75,0.53237
810,188.5,17.75,14.25,28.5,0.53192
810,508.25,402.75,15,30,0.53184
810,342,398.25,13.25,26.75,0.53157
810,468.5,419.75,14.25,28.25,0.53139
810,595.75,409.5,14.75,29.75,0.53133
810,116.75,355,14,28.5,0.53126
810,204.75,19.5,12.5,24.75,0.53121
810,580.5,272,15,30.5,0.53118
810,253.75,392,12.75,25.25,0.53111
810,580.5,298.5,15.25,30.25,0.53099
810,446,170,14.5,29.25,0.53098
810,213.25,372,14.25,28.25,0.53087
810,412.5,392,12.25,24.5,0.53086
810,377,169,12,24,0.53081
810,178.75,64,13.25,26.5,0.53078
810,52,403.25,15,29.75,0.53069
810,523.75,199.25,16.75,33.5,0.53066
810,326.75,160,12.5,24.75,0.53045
810,157,358,13.5,27,0.53023
810,172.25,394.75,15.25,30.25,0.53013
840,229,329.25,15,29.75,0.56347
840,179.75,96.75,14,28.25,0.56001
840,525.25,179,14.25,28.75,0.55908
840,381,43.25,15,30,0.55555
840,556.5,384.5,15.75,31.5,0.55395
840,389,91.5,14.5,29,0.5528
840,236.75,375.25,13.25,26.5,0.55028
840,189.5,296.75,12.5,25,0.55021
840,190,4,14,27.75,0.54903
840,60.5,391,12.75,25.75,0.54883
840,511.25,177.75,14.5,29,0.54678
840,166,338.5,13.25,26.5,0.54653
840,557.25,416,14.25,28.75,0.54522
840,589.75,200,12.5,25.25,0.54451
840,276.25,104,12.5,25.25,0.54409
840,140.75,380,14.5,29,0.5439
840,212.75,364,14.75,29.5,0.54315
840,316.5,92,28.25,56.25,0.54193
840,134.5,431.25,12.75,25.5,0.54146
840,168,196.25,13.5,27.25,0.54107
840,245.5,283,14,28.25,0.54054
840,282,438.25,17.5,35,0.54043
840,268.5,372.25,15.25,30.5,0.5399
840,190.25,416.75,12.25,24.25,0.5399
840,168.25,5.5,13.5,27.25,0.53938
840,491.75,77.25,13.25,26.75,0.53918
840,232,22,97.75,195.5,0.53834
840,228.5,384.25,16.25,32.25,0.53817
840,141,416,14.75,29.5,0.53802
840,413,440.25,15.5,30.75,0.53798
840,285.75,439.75,16.75,33.5,0.53758
840,525.5,230,13,26,0.53758
840,342,376,12.5,25.25,0.53754
840,220,335.5,15.75,31.5,0.53726
840,268.75,401.25,15.5,30.75,0.53725
840,524.75,387.5,14,28,0.53698
840,167.75,67.75,13.5,27,0.53666
840,164.5,367.25,15,30.25,0.53649
840,158.25,22.5,13.25,26,0.53593
840,73,282,20.75,41.25,0.53584
840,77,390.5,14,27.75,0.5356
840,220,321.75,15,29.75,0.53548
840,165,412.5,14,28,0.53547
840,106.25,154.5,34.25,68.5,0.53537
840,510,407.5,13,26,0.53464
840,588.5,394,17.25,34.5,0.53457
840,133.5,366.5,13.75,27.5,0.53412
840,86.25,394.5,13,25.75,0.53385
840,156,339.75,27.5,54.75,0.53314
840,172,384.5,16.75,33,0.53297
840,381.5,153.25,14.25,28.5,0.5329
840,132.25,402,15.5,31.25,0.53268
840,327,118.5,14,28,0.53248
840,588.25,176.25,14.5,29,0.53231
840,364.75,277,14.25,28.25,0.53204
840,294,273.25,15.5,30.75,0.53193
840,284.75,112,12,24.25,0.53176
840,469.25,401.5,15.25,30.5,0.53169
840,486.25,398.5,13.75,27.5,0.53153
840,125.25,368.75,13.5,26.5,0.53131
840,252.75,411.25,14.5,29,0.53111
840,226.75,364.5,18,36.5,0.53087
840,197.75,278.75,13,25.75,0.53079
840,468,410,15.25,30.5,0.53043
840,491.5,193.5,16,32.25,0.53039
840,45,283.5,13.75,27.5,0.53031
840,515.5,396.75,16.5,32.75,0.53024
840,260.75,330.25,15,30.25,0.53024
840,476.75,417.5,14.25,28.25,0.53023
840,269,268,14.25,28.75,0.53019
840,175,70.75,72.5,145.5,0.53007
870,451.75,336.5,15.5,30.75,0.57615
870,37.5,352.25,13.5,27.25,0.57332
870,155.75,352,15.75,31.5,0.5693
870,252.25,335.75,16.5,32.75,0.56864
870,292,340.25,14.75,29.25,0.5682
870,100.5,323.75,14.75,29,0.5663
870,100,337.75,15.25,30.75,0.56258
870,36.75,299.5,14,28.25,0.55743
870,525.25,332.25,15,30,0.55658
870,53,262.5,13.75,27.5,0.55559
870,309,298,15.5,31,0.55414
870,28.25,268.5,12.25,24.75,0.5531
870,541.25,342.75,13.5,26.75,0.55275
870,548.25,351.75,16,32,0.55122
870,84.25,395.75,13.75,27.5,0.55026
870,365.75,344,13.25,26.75,0.54901
870,508.25,283.25,14.5,28.75,0.5488
870,437,346.5,14.75,30,0.54838
870,109,242,13,26,0.54719
870,111.5,56.75,13.25,26.25,0.54686
870,315,349,17.5,35.25,0.54656
870,496,280,12.5,25.25,0.54646
870,302.5,45.75,12.25,24,0.54643
870,85.25,397,35.25,70.5,0.54626
870,516.25,331,15,30.25,0.54607
870,412,316.5,14.75,29.5,0.54502
870,204.25,256.25,12.75,25.25,0.54491
870,154.25,400.25,33.75,67.75,0.54491
870,115.75,252.5,15.25,30.25,0.54462
870,156,232.5,15.75,31.75,0.54427
870,132.25,397.25,14.5,29.25,0.54423
870,548.25,342.5,13.75,27.25,0.54406
870,532.75,340.75,14.25,29,0.54288
870,220.75,253.5,12.75,25.5,0.54268
870,134.5,237.5,13.25,27,0.54255
870,507.75,412.75,16,31.75,0.54223
870,389.75,343.25,13.5,26.75,0.54201
870,141.5,399.75,13,26,0.54184
870,373,307.75,14.25,28,0.54172
870,141.25,239.75,14.25,28.75,0.54069
870,467.75,336.5,16.25,32.25,0.54059
870,577,410.5,20.75,41.5,0.54052
870,438.5,326,13.5,27.25,0.54039
870,381,347.75,14.25,28.5,0.54031
870,28.5,288,12.25,24.5,0.53996
870,216.75,265,11.5,23,0.53966
870,71,398,34,68.25,0.53959
870,532.5,328.5,16.5,33.25,0.53921
870,324.75,289.25,16.25,32.5,0.53905
870,357,343.5,13.75,27.25,0.53899
870,13.75,266.75,14,28.25,0.5389
870,141.75,256,13,26.25,0.53885
870,268.75,59,14.25,28.25,0.53876
870,168.75,4.5,13.75,27.25,0.53874
870,555.75,350.75,14.25,28.5,0.53873
870,476,290.75,14,28,0.53857
870,348.5,340.75,14.5,28.75,0.53851
870,340.75,339.75,15,29.75,0.53816
870,548,306.75,15.75,31.75,0.53816
870,317.5,281.25,13.25,26.75,0.53792
870,300,354.5,15,30.25,0.53783
870,332.5,327.75,12,23.75,0.53739
870,276.5,367.75,13.25,26.75,0.53736
870,329.25,403.5,31.75,63.5,0.53729
870,581.5,406,30.75,61.75,0.53685
870,460.5,338.75,14.5,28.75,0.53663
870,252,307.5,14.5,29.25,0.53624
870,172.75,350.5,15.25,30.5,0.53605
870,500.25,324.5,13.75,27.5,0.53602
870,148.5,235.5,14.75,29.5,0.53593
870,82.25,191.25,16.75,33.5,0.53591
870,477.75,323.75,13.75,27,0.53582
870,427.25,321.5,15.5,30.75,0.5357
870,156.75,277,14.5,29.5,0.53566
870,276.25,294,13.5,26.75,0.53565
870,308.5,350.75,13.5,27,0.53547
870,440.5,283.75,12.5,25,0.53505
870,268,352,15,30.25,0.5349
870,589.5,315.5,14.5,28.75,0.5348
870,269.75,48.5,12.25,24.5,0.5344
870,60.5,256,12,24.25,0.53437
870,420.25,402.75,32.25,64.5,0.53358
870,157.25,5,13.75,27.25,0.53356
870,148.25,257.25,15.75,31.5,0.53356
870,146.25,8,12.75,25.5,0.5335
870,134.75,6.75,13.25,26.75,0.53347
870,246.5,330,13.75,27.25,0.53347
870,532.75,428,14,28,0.53335
870,28.5,350.25,17,34.25,0.53313
870,179.75,412.5,15.5,31,0.53307
870,164.25,274,15.25,30.25,0.53289
870,516,411.75,15.25,30.75,0.53287
870,90.75,80.5,12.5,24.75,0.53276
870,187.75,353.75,15.5,30.75,0.53275
870,522.75,345,18,36,0.53274
870,373.25,342.5,13.75,27.75,0.53269
870,374,232.25,21.5,43,0.53258
870,564,347.5,15.5,30.75,0.53213
870,108.75,410.5,14.5,29.25,0.53209
870,77,397.75,14,27.75,0.53201
870,443.75,316.5,12,23.75,0.53184
870,297.75,403.5,32,64.25,0.53184
870,588.75,238.25,12.25,25,0.53177
870,308.5,62,13.25,26.75,0.53175
870,180.75,355.5,14.5,29.25,0.53167
870,520.75,193.25,14.5,29.5,0.53163
870,131.5,249.25,15.75,31.5,0.53154
870,408,346.75,12.5,25.25,0.53147
870,36,393.75,15.25,30.5,0.53146
870,397.75,322.75,13,26,0.53122
870,280.5,327.5,12.25,25,0.5312
870,500.75,281.75,11.75,23.75,0.53083
870,484.75,360.25,12.75,25.25,0.53048
870,62.5,174.5,25,50.25,0.53027
870,531.5,347.25,16,31.75,0.53024
870,564.75,341.75,14.25,28.5,0.53019
870,405.5,381,12.75,25.75,0.53014
900,605.25,373.75,13.5,27.25,0.59004
900,573,414.25,13.75,27.25,0.57596
900,551.75,372.75,13.5,26.75,0.55936
900,459.5,369.25,16,32,0.55646
900,101.25,373.5,14.5,29,0.55437
900,116.75,380.5,14.75,29.5,0.55235
900,75.75,344.75,12.75,25.25,0.55046
900,461.25,429,13.5,27,0.54852
900,572,319,14.25,28.25,0.54809
900,251.75,37.75,18.75,37.5,0.5479
900,613.25,321.25,14.75,29.5,0.54582
900,161,75.75,66.25,133,0.54562
900,108,423.5,15.5,31.25,0.54504
900,68.5,340.5,14.5,29,0.54467
900,39,169.25,24.5,49,0.54449
900,299.25,18.75,14.25,28.5,0.54364
900,452.75,432.5,12.75,25.5,0.54309
900,562,386.5,18.25,36.5,0.543
900,262.25,419.5,13.5,26.75,0.54292
900,212.5,173.75,15.25,30.75,0.5429
900,139.75,28,16,32,0.54218
900,186.25,379.25,19,38.25,0.54202
900,281.5,21,14.25,28.75,0.542
900,270,12.5,18.75,37.25,0.54181
900,29,389.25,15,29.75,0.54129
900,507,344,13.25,26,0.5412
900,27.75,273.25,15.75,31.25,0.54085
900,105.5,16.25,14,28,0.54033
900,588.5,403.75,13.75,27.5,0.54011
900,293.75,17,15.5,30.75,0.53988
900,52.5,389.75,14.75,29.25,0.53959
900,132.75,411.25,14.25,28.5,0.53933
900,378.5,323.75,19,37.75,0.53883
900,69,275.75,14,28,0.53877
900,483.25,415.5,15.75,31.25,0.53847
900,431.5,328,12.5,24.5,0.53807
900,429.25,385.75,15.75,31.5,0.53794
900,36.75,402.75,14.75,30,0.53792
900,328.5,263.25,12.75,25.5,0.53789
900,104.75,81.75,15.5,31,0.53773
900,491.75,428,15.75,31,0.53751
900,21.25,377,11.75,23.5,0.53734
900,606,319.25,15,30,0.53732
900,509.75,408.75,13,26.25,0.53725
900,111.75,186.75,12.75,26,0.53696
900,117.25,267.75,13,26,0.53691
900,412.25,430,13.25,26.5,0.53687
900,290.75,91.25,12.75,25.75,0.53683
900,502,304.5,12.75,25.5,0.53676
900,428.75,417,14.5,29.25,0.53665
900,17,131.75,46,92,0.53664
900,438,370.75,14,28,0.53635
900,286,295.25,12.5,25.25,0.53623
900,300.25,309,13.5,27.5,0.53623
900,611.75,391.75,16.75,33.5,0.53622
900,75.75,274.25,16.5,33,0.53622
900,484.75,428.25,13.25,26.75,0.5362
900,140.75,384.25,15,30,0.53615
900,144.25,181,13,26,0.53587
900,486.25,364.5,11.75,23.75,0.53577
900,28.5,288,13.5,27.5,0.53572
900,128,85.5,13.5,26.75,0.53523
900,437.75,379,13.5,26.75,0.53515
900,582,396.75,13.25,26.5,0.53492
900,140.5,181.25,13,26,0.53491
900,385.5,191.75,17.5,35,0.53474
900,7,279,13.75,27.75,0.53467
900,125,384,14.5,29,0.53417
900,146.5,159,23,46,0.53383
900,524,299.5,15,30,0.53378
900,580.75,412,14.25,28.75,0.5335
900,66.25,387,13.25,26.25,0.53312
900,540.25,398.25,13.25,26.5,0.5331
900,228.25,272.25,12,24.25,0.53267
900,125,316,14.75,29.75,0.53255
900,359.75,424,12.5,24.75,0.53247
900,515.25,303.25,16.25,32.5,0.53236
900,477,425,13.5,26.75,0.53233
900,261,298.5,18.5,36.75,0.53229
900,595.5,436.5,13.5,26.5,0.5321
900,276.25,182.25,12.5,25,0.53202
900,223.25,129,39.25,78.75,0.53188
900,349,121.25,33,66,0.53175
900,556.5,298.25,12,23.75,0.53157
900,487,275,13.75,27.25,0.53149
900,438.25,311.5,13.5,26.75,0.53148
900,540.5,377.75,12.25,24.5,0.53145
900,337.25,38.25,24.25,48.5,0.53136
900,500.5,427.25,14.5,29.25,0.53135
900,290,313.5,19.5,39.25,0.53134
900,66.75,407.5,16.25,32.25,0.53117
900,203.25,237.5,13.5,26.5,0.53102
900,269.5,301,15.5,31.25,0.53067
900,404.5,419,13.75,27.75,0.53065
900,611,132.5,32.75,65.75,0.53031
930,557.5,420.25,14.75,29.25,0.58469
930,58.75,180.75,13.25,26.75,0.55531
930,627.5,235.5,14.25,28.5,0.55406
930,195.25,325,13,26,0.55077
930,102.25,12,15.75,31.5,0.54822
930,430.75,285.25,22.25,44.75,0.54748
930,613.5,228.25,13.75,27.5,0.54507
930,610,109.25,34.25,68.25,0.54456
930,288.5,412.5,11.75,23.5,0.5433
930,196.75,116,41.75,83.25,0.54215
930,521.5,171.5,31.5,63,0.54214
930,580.5,430.25,19,37.5,0.5419
930,151,407.75,12.5,25,0.54165
930,90.25,74.5,12.5,24.75,0.54093
930,156.25,410.5,12.25,24.25,0.54063
930,268.25,377.25,12.25,24.5,0.54019
930,508,434.25,15.5,31.25,0.54014
930,184.25,165.25,16.75,33.5,0.54011
930,524,102.75,12,24,0.53976
930,90.5,34.75,13.75,27.5,0.53954
930,551.25,220.5,33.75,67,0.53892
930,572.25,114.5,11.75,23.75,0.53865
930,116.25,20.5,12.25,24.5,0.53824
930,77.75,35.75,14,28,0.53812
930,331,82.5,47.25,95,0.53758
930,524.25,396.75,14.5,29.5,0.53748
930,551,205.5,25.25,50.25,0.53734
930,556.5,340,14.75,30,0.53569
930,151.5,174.75,13,26,0.53536
930,589,414.25,26.75,53.75,0.53529
930,125.25,64.75,15.75,31.5,0.53528
930,97.75,171.25,15.25,30.25,0.53499
930,369.25,97.25,62,124,0.5347
930,205.75,37.25,13.5,27.25,0.53458
930,516.25,418.25,14,28.25,0.5345
930,216,393.75,13.25,26.75,0.5343
930,236.25,388.25,11.75,23.75,0.53424
930,548.5,438.5,15.25,30.25,0.53403
930,348.75,37.75,16.5,33.25,0.53387
930,509.75,303,16.5,33.25,0.5338
930,538.75,376.75,17,34,0.53358
930,599,226,14,28.25,0.53334
930,414,94.5,25.5,50.75,0.53331
930,92.75,147.75,26.75,53,0.53309
930,572.5,311.75,14.25,28.5,0.53277
930,140.75,404,13.25,26.75,0.53267
930,267.25,293.5,17.5,35,0.53228
930,78.5,16,14.75,30,0.53197
930,30,384.25,12.25,24.5,0.53195
930,603,412.75,27.25,54.25,0.53158
930,171.75,173.5,12.75,25.5,0.53158
930,136,18.5,61.5,122.75,0.53008
960,556.5,412.5,13,25.75,0.56665
960,428.75,402.25,14.25,28.25,0.56512
960,607,444.75,12.75,25.75,0.56344
960,556.75,365.5,13.5,27,0.55685
960,53.5,384.25,12.75,25.5,0.55384
960,597.25,374,13.5,27,0.55346
960,84,266.25,16,32,0.55065
960,54.75,274.25,13.5,27,0.54826
960,42.5,18.25,12.5,25.25,0.54794
960,300.25,385.75,13.75,27.5,0.54587
960,596.25,323.75,14.75,29.5,0.5457
960,413.25,19.5,12.75,25.25,0.54562
960,28.75,275,13.75,27.25,0.54467
960,68.75,272.75,15.25,30.5,0.54416
960,126,345.75,13,25.75,0.54299
960,470,311.25,13.25,26.5,0.54268
960,108.25,283.25,14.75,29.25,0.54223
960,196.5,364.25,15.75,31.5,0.54082
960,30.25,1.5,12.25,24.5,0.54025
960,68.75,396.25,14.5,29,0.54008
960,68,16,12.75,25.5,0.53964
960,142.25,345.25,12.25,24.25,0.53948
960,422,136.75,39.5,79,0.53887
960,628.5,410.25,12,24.25,0.53878
960,316.25,385.75,15.5,30.75,0.53812
960,341.5,376.5,13.25,26.25,0.53799
960,40,46.25,16.25,32.5,0.53733
960,281,5.5,28.25,56.5,0.53732
960,124.75,233.25,15,30,0.53723
960,137.75,151.25,19.75,39.75,0.53706
960,324.5,375,13,26,0.53694
960,156.25,217.75,15.25,30.75,0.53678
960,118,377,12.25,24.25,0.53658
960,86.25,239.75,13,26,0.53645
960,437,400.5,16.25,32.5,0.5364
960,404,347.75,13,25.75,0.53525
960,445.75,408,12.25,24.5,0.53517
960,355.5,375,16.5,33,0.5351
960,55,17,12.75,25.5,0.53502
960,75.75,263,17,34.25,0.5344
960,234.75,296.5,36.75,73.75,0.53418
960,408,79.5,12.25,24.75,0.53409
960,29.75,19,12.75,25.5,0.53354
960,551.75,412,13,26,0.53348
960,435.75,372.25,12.5,25,0.53331
960,537.75,381.75,18,35.5,0.53271
960,580.5,363.25,15,30.25,0.53234
960,212.25,31,16.5,33,0.53223
960,516.25,355.25,15,30,0.53026
960,80,7.5,16.25,32.75,0.53025
990,420.25,319,13.5,27,0.57111
990,498.75,412,16.75,33.5,0.55724
990,230.75,399.75,12.5,25,0.55295
990,611.5,326,16.5,33,0.5523
990,627.5,219,13.25,26.5,0.55086
990,149,394.75,14.5,28.75,0.54976
990,286.5,12.5,18.75,37.25,0.54959
990,380.5,95.75,15.75,31.5,0.54888
990,85,328.25,14.75,29.25,0.5479
990,553.75,277.5,12.75,25.75,0.54691
990,244.75,383,14.25,28.5,0.5467
990,628.25,324.75,13,25.75,0.54656
990,580.5,101,21.25,42.5,0.54558
990,565,285.5,14.5,29,0.54336
990,212.75,356.5,13.25,26.5,0.54332
990,52,383,14.75,29.5,0.5417
990,505.5,233,43.25,86.5,0.54121
990,596,317.75,15.25,30.5,0.54031
990,32.25,397.5,12,24.25,0.53985
990,348.75,397.75,12.5,25.25,0.53973
990,212.25,372.5,14,28,0.53931
990,332.75,12.75,13.25,26.5,0.5392
990,467.5,243.75,58.25,116.75,0.53875
990,227,334,13.75,27.5,0.53827
990,274.25,301.5,13.25,26.5,0.53776
990,194.25,368,12.25,24.75,0.5377
990,261.25,23.25,14.75,29.75,0.53734
990,184,28.75,11.75,23.5,0.53665
990,507,415.25,17.25,34.75,0.53658
990,327.75,376,12.5,25.25,0.53576
990,564.25,299.75,13,26,0.53543
990,379,40.75,23.75,47.75,0.53503
990,70,335.25,13,26,0.53484
990,183.25,395.25,12.75,25.75,0.53467
990,437.5,394.25,14.5,29.5,0.53427
990,220.25,339,14.75,29.5,0.53373
990,581,417.75,15.75,31.5,0.53338
990,611.25,415,17.25,34.75,0.53337
990,550,395.75,25.25,50.25,0.53233
990,229.5,386.75,14,27.75,0.53217
990,172.25,327.75,12.75,25.25,0.53165
990,370.25,384.5,15.75,31.75,0.53144
990,323,309.75,45.5,91.5,0.53105
990,588,420.5,13.75,27.5,0.53101
990,244.5,20,12,24,0.53058
990,380.25,3.5,13.5,26.5,0.53052
990,472.5,114.75,175,349.75,0.53047
990,28.25,386.75,12.25,24.75,0.53031
990,164.25,312.5,13,26.25,0.53025
990,607,318.5,13,26.5,0.53006
1020,391,90.5,12.75,25.75,0.56335
1020,36.75,371.25,14.5,29,0.56243
1020,486.25,241.5,15.25,30.5,0.55816
1020,430.25,81.75,15,30.25,0.55588
1020,212.25,402.5,16,31.75,0.55401
1020,-1.5,16.5,13,26,0.55393
1020,52.5,374,14.5,28.5,0.55042
1020,481.5,347.25,52.75,105.25,0.54815
1020,44,372,14.75,29.5,0.54743
1020,394.5,8,31,62,0.54508
1020,516.75,355,15,29.75,0.54485
1020,398.75,151,15,30,0.54423
1020,60,365.75,16.75,33.75,0.54401
1020,556.75,424.5,12.25,24.75,0.54318
1020,218.25,93.5,15.75,31.25,0.54255
1020,533.5,405,13.75,27.25,0.54236
1020,285.5,348.5,13.25,26.5,0.54168
1020,547.25,255.5,16.25,32.75,0.54116
1020,229,379,14.75,29.5,0.54093
1020,326.25,370.5,12,24,0.54041
1020,180.5,260.5,14.75,29.5,0.54033
1020,556.5,411.25,16.5,33,0.54033
1020,603.25,391.5,16.5,32.5,0.53941
1020,141.25,420,14,27.75,0.5373
1020,340.75,79.75,12.25,24.5,0.53686
1020,76.25,369,15.25,30.5,0.53596
1020,7.75,379.75,12.5,25,0.535
1020,322.5,353.25,16.25,32.75,0.53499
1020,396.5,412.25,14.75,29.25,0.53457
1020,379.25,297.5,14,27.75,0.53449
1020,581.75,81.25,15.75,31.5,0.53449
1020,238.5,111.5,12.5,25,0.53448
1020,532.25,299,14.75,29.5,0.53379
1020,540,420,14.25,28.5,0.53372
1020,149,417.75,14.5,29.25,0.5337
1020,300.5,349.5,13.75,27.5,0.53319
1020,53.25,331.25,13.5,27.25,0.53278
1020,579.25,194,18.25,36.25,0.53246
1020,311,351.25,13,26,0.53234
1020,435,21.25,13.25,26.25,0.53203
1020,197,92,14.5,29.5,0.53189
1020,412.5,405,13.75,27.75,0.5317
1020,200.5,445.75,11.75,23.75,0.53152
1020,204.5,401,15.75,31.5,0.53152
1020,39.75,62.25,13,25.5,0.53101
1020,244.5,237.75,31,62,0.53084
1020,503,124.75,25,50,0.53044
1050,100.75,378.25,14,27.75,0.56385
1050,412.5,72.25,12.5,25,0.55122
1050,92.75,380.25,13.75,27.25,0.54703
1050,342.25,149.5,12.5,25.25,0.54602
1050,344.25,2.25,12.25,24.5,0.54562
1050,356.25,148,13.75,27.25,0.54528
1050,132.5,21.75,13.25,26.75,0.5442
1050,444.5,424,15,30.25,0.54047
1050,604.75,383,11.5,23,0.53995
1050,616.25,409,12,24.25,0.53847
1050,156.25,376.5,12.5,25,0.53754
1050,242.5,302.5,17.25,34.5,0.53728
1050,402.5,415.5,16.75,33.5,0.53726
1050,170.5,379.25,19.75,39.75,0.53692
1050,54,352.25,12.75,25.75,0.53677
1050,594,429.5,20.25,40.5,0.53653
1050,420.5,7,21,42,0.53637
1050,617.25,407,24.25,48.5,0.53634
1050,388.25,79,12.25,24.5,0.53493
1050,332,366.75,12.5,25,0.53487
1050,350.75,36.25,13.75,27.5,0.53319
1050,-18.5,136.5,159.75,319.75,0.53302
1050,616,388.75,12.75,25.5,0.53283
1050,271.25,373.5,39.75,79.5,0.53229
1050,98,333.5,18.5,37,0.53183
1050,182.5,403.25,14.25,28.5,0.5317
1050,510,448.5,12.5,24.75,0.53168
1050,181.25,409,13.5,26.75,0.53144
1050,574,399.25,12.5,25,0.53102
1080,240.5,159.25,12,24.25,0.54747
1080,271.75,360.5,12.5,24.5,0.54586
1080,276.75,66.25,15,29.75,0.54406
1080,-2.5,74,18.75,37.5,0.54349
1080,276.5,89.25,15.75,31.25,0.54246
1080,206.75,275.5,13,26,0.5416
1080,317,66.5,15.5,31,0.54132
1080,315.5,44.75,13.25,26.5,0.54127
1080,-2.25,57,18.25,36.75,0.54095
1080,293.25,367.5,14.5,28.5,0.54014
1080,277.5,265.25,14.25,28,0.54004
1080,252.75,158.75,12.75,25.5,0.53973
1080,107.25,380.75,16.5,33,0.53858
1080,262.75,33,12.25,24.75,0.5384
1080,252.75,381.5,15.5,30.75,0.53838
1080,39.25,366.25,13.5,26.75,0.53684
1080,516.75,288,13.25,26.5,0.53628
1080,213.5,443.25,13.5,27,0.53556
1080,440.75,17.5,12.5,25,0.53504
1080,302.5,382,14.75,29.5,0.53502
1080,205,257.75,14,28.25,0.53497
1080,580,418.75,15.5,31,0.5347
1080,317,264.25,12.25,24.75,0.53466
1080,532.5,404.5,15.75,31.5,0.53436
1080,405.75,363.5,13,25.75,0.53385
1080,479.5,44.75,36.75,73.5,0.5337
1080,22.75,389,11.5,23,0.53347
1080,372,275.25,15,30.25,0.53212
1080,471.5,379.5,12.5,25,0.53198
1080,197,156.25,15.75,31.25,0.53174
1080,213.75,223,13.5,27.25,0.53172
1080,49,105.5,12.25,24.5,0.53079
1080,404.5,375.5,14.75,29.5,0.53048
1080,456,382.5,13,26.25,0.53047
1080,500.75,416,12.5,25.25,0.53021
1110,243.75,379.75,15.75,31.75,0.5467
1110,256.25,164.25,13.25,26.75,0.54639
1110,495,73.5,24.75,49.75,0.54368
1110,287.25,162.75,13.75,27.5,0.54308
1110,101.25,336,13.5,27,0.53566
1110,51.5,348.75,16.25,32.75,0.5356
1110,228.75,325.75,15.5,31,0.53461
1110,91.75,324.25,15.75,31.5,0.53428
1110,415.5,436.5,19,38,0.53349
1110,427.75,366.5,20.75,41.75,0.53308
1110,591.25,150.25,25.25,50.25,0.53278
1110,93.5,124,12.5,24.75,0.53262
1110,535.75,366.25,13.5,27,0.53237
1110,72.25,310.5,12.75,25.5,0.53192
1110,311.75,166.25,13,26,0.53126
1110,475,7,12.5,25,0.53121
1110,484,251.25,19.25,38,0.53104
1110,262.5,308.75,13.5,27,0.53091
1110,499.25,23.5,33.5,67.25,0.53089
1110,37,359.75,14,27.75,0.53082
1110,566,356,12.25,24.75,0.53056
1140,332.5,167.5,16,32,0.54953
1140,295.25,170.5,13.5,27,0.54485
1140,236.75,379,11.5,23,0.54374
1140,194,188.75,16.5,33.25,0.53649
1140,338.25,172.5,13.25,26.75,0.53432
1140,598,194.75,15,30.25,0.53373
1140,91.75,439.25,17,34,0.53343
1140,516.25,13.75,13.25,26.5,0.53245
1140,151.25,122.5,14.75,29.25,0.53233
1140,509.75,8.5,12.75,25.5,0.53193
1140,304.75,2,11.5,23,0.53146
1140,420,388.5,41,81.75,0.53114
1140,473.5,164,14.25,28.75,0.53111
1140,412,333.25,18.5,36.75,0.53109
1140,238.25,176.75,15,30,0.53046
1170,358.5,440,12,24.5,0.54068
1170,369.5,74.75,23.25,46.75,0.54058
1170,155.75,432.5,12.5,25,0.53696
1170,267.25,174.5,13.25,26.5,0.53475
1170,230.75,439.25,12.75,25.5,0.53468
1170,387.75,89.5,12.5,25.25,0.53431
1170,625,48.75,16.75,33.5,0.53321
1170,153.5,195.75,18.25,36.5,0.53299
1170,451.25,199.75,17,34,0.53219
1170,550,430.5,14.25,28.25,0.53139
1170,288.25,41,12,24,0.53133
1170,412,401.75,14.25,28.5,0.53085
1170,333.75,170.25,13.25,26.75,0.5308
1170,94.75,40,13.75,27.5,0.53058
1170,348.25,96.25,13,26,0.53036
1200,46,192,12.5,25.25,0.54773
1200,387,90.25,13.75,27.5,0.54246
1200,61.75,183.75,13.25,26.5,0.54055
1200,88.25,45.75,12.75,25.5,0.54048
1200,115.75,208.75,14.5,28.5,0.53972
1200,76.5,43,11.75,23.5,0.53967
1200,515.25,16,13,25.75,0.53965
1200,307.75,109.5,13.25,26.5,0.53766
1200,239.75,112,12.75,25.75,0.53619
1200,250.75,217.5,14.5,29.25,0.53546
1200,163.75,438.75,13.5,27.25,0.53509
1200,326,96,13,25.75,0.53355
1200,325.75,108,12.75,25.75,0.5335
1200,353,209.75,15,30.25,0.53259
1200,39.75,189.25,13.75,27.25,0.53219
1200,91.25,46.25,13.25,26.75,0.53216
1200,550.75,389,16.25,32.25,0.53174
1200,111.5,305.25,12.75,25.5,0.5308
1200,628,112.25,12.75,25.5,0.53067
1200,591.5,257,12.5,25.5,0.53011
1230,100,33,15.25,30.5,0.55629
1230,69,33.75,14.5,29,0.55432
1230,373.5,31,13.75,27.25,0.55136
1230,395.5,98.5,12.5,25,0.54983
1230,325.5,118.5,13.5,27.25,0.54856
1230,348.5,187.25,13.75,27.75,0.54801
1230,217.75,196.75,32.5,65,0.54496
1230,622.75,9.25,19.25,38.5,0.54324
1230,524.75,3,11.5,23,0.54171
1230,116.5,17.75,15.5,31.25,0.54042
1230,202,193,35.5,71.25,0.53952
1230,217.25,176,15.75,31.75,0.53824
1230,413,56.5,13.25,26.75,0.53758
1230,117.25,40.5,13.5,27,0.5345
1230,317.25,62,14.25,28.5,0.53437
1230,108.25,27.75,14.25,28.5,0.5343
1230,51.5,291.75,16,32,0.53381
1230,474.5,204.5,15,30,0.53315
1230,-6.75,111.75,55.5,110.75,0.53226
1230,93,2.5,13.75,27.75,0.53215
1230,99.75,7.25,16,31.75,0.53185
1230,47,196.75,11.75,23.5,0.53049
1230,186.5,198.75,29.5,58.75,0.53014
1230,140.5,9,15.25,30.75,0.53011
1260,285,48,13.5,27.25,0.5418
1260,117,33.5,14.75,29.5,0.54092
1260,173.75,11,14.25,28.75,0.54002
1260,124.5,27.75,12.25,24.75,0.53946
1260,325.5,119.25,13.25,26.5,0.53691
1260,559.5,68.25,33,66,0.53658
1260,12.75,447,15.25,30.5,0.53656
1260,404.25,446.5,12,24.25,0.53367
1260,100.75,12.25,14.25,29,0.53265
1260,108.75,30.75,14.25,28.25,0.53181
1260,155.75,216,22.25,44.5,0.53121
1260,452.75,206,31.75,63.25,0.53095
1260,175.5,27.25,13.5,27,0.53046
1290,326.5,192.75,14,28.25,0.53995
1290,184.75,16.75,12.25,24.5,0.53843
1290,200.75,23.75,13.25,26.75,0.53661
1290,223.25,451.25,12.75,25.5,0.53636
1290,103.75,134.75,13.25,26.5,0.53592
1290,5.75,212.25,14.5,29,0.53404
1290,54.25,298.5,13.75,27.25,0.53341
1290,164,442.75,13,25.75,0.53339
1290,188,27.25,13.25,26.25,0.53239
1290,317.25,40.25,14.25,28.25,0.53163
1290,462,85.5,14.75,29.25,0.53136
1290,84.25,40.5,12.75,25.25,0.53033
1320,230.25,437.25,13,26,0.53992
1320,262,295.25,13.5,26.5,0.5361
1320,612.5,4.5,15,30,0.53579
1320,40.25,116.5,69.75,139.5,0.53421
1320,294.25,140.25,13.5,27,0.53372
1320,502.75,2.5,13.75,27.75,0.53228
1320,613.5,181,14,28,0.53193
1320,340,433.75,17.75,35.25,0.53107
1350,317.75,63.5,13.25,26.5,0.55529
1350,209,198.25,20.5,41,0.54821
1350,182.5,235,13,26,0.54429
1350,129.25,66.75,14.5,28.75,0.53717
1350,-1.25,115.25,13.75,27.75,0.53644
1380,121.75,213,13.5,27.25,0.54217
1380,37.25,7,13.5,26.5,0.53747
1380,68.25,141,14,27.75,0.53705
1380,75.25,132.75,14,28.25,0.53587
1380,434.75,441.5,15.5,31,0.53365
1380,221.25,206,12,24.5,0.53354
1380,505,408.25,13,26.25,0.53345
1380,72,208,14.25,28.25,0.53185
1380,261.75,63.75,13.25,26.75,0.53153
1380,254.5,213,12,24,0.531
1410,284.5,58,15.5,31,0.56021
1410,349.25,228,13.5,27,0.54358
1410,280.25,129.5,12.25,24.5,0.53678
1410,272,181.25,56.25,112.25,0.53591
1410,105.75,136.75,12,24,0.53398
1410,161.75,200.25,18.75,37.25,0.53323
1410,201.25,28.5,14.25,28.25,0.53128
1410,451.75,12,13.5,27.5,0.53098
1440,514.5,18.25,13.25,26.5,0.5515
1440,504.5,407.75,13,25.75,0.55052
1440,404,394.75,12.75,25.75,0.54283
1440,324.75,74.5,13.25,26.25,0.53911
1440,373.5,97.75,12.5,24.75,0.53693
1440,380.75,99.25,16,31.75,0.53234
1440,202,131.25,13.5,27.5,0.53228
1440,381.25,109.75,13,25.75,0.53159
1440,325.25,59.75,14.25,28.25,0.53124
1440,626,78.5,13.5,27.25,0.5309
1440,396.75,97.75,14,28,0.53076
1440,540.5,119,12.75,25.5,0.53034
1470,469,92,12.5,25,0.54527
1470,446,212.25,27.5,55,0.54277
1470,71.25,44.5,12,24,0.54177
1470,468.5,387.5,13.5,27,0.5406
1470,373,59,14.25,28.75,0.5402
1470,112.25,394,23,45.5,0.53853
1470,309,36.75,13.75,27.5,0.53426
1470,204.5,11.5,14.25,28.75,0.53415
1470,232.25,72.75,11.75,23.5,0.53353
1470,331.5,102.25,13.25,26.25,0.53261
1470,51.75,271.75,16,32,0.53213
1470,522.75,167.25,16.75,33,0.53038
1500,165.5,11,13.5,27.25,0.54429
1500,515,20,12.75,25.5,0.54235
1500,357.75,87.5,12.75,25.25,0.54152
1500,234,423.25,14.75,29,0.54042
1500,469.75,91.5,12.5,25,0.53926
1500,309,11.75,13,26.25,0.53606
1500,134.5,278.75,14.5,29.25,0.53454
1500,316.75,280.5,15.75,31.5,0.53428
1500,625.25,74.25,16.25,32.75,0.53411
1500,127.25,137.5,19.5,39.5,0.53362
1500,623,8.5,19,38.25,0.53306
1500,232.25,72.75,11.75,23.5,0.53244
1500,556.25,42.5,12.75,25.75,0.53241
1500,146.25,375,13,26,0.5317
1500,373,61.75,13.75,27.25,0.53161
1500,349.75,180.25,15.25,30,0.53139
1500,128.25,200.75,17,33.75,0.5308
1500,567.5,95.25,13,26.25,0.53055
1500,102,278.25,12.75,25,0.53018
1530,530,15.5,16,32.5,0.54354
1530,135,16.5,14,27.75,0.54332
1530,514.75,17.5,13.5,27,0.54258
1530,475.25,208,14.25,28.5,0.53527
1530,364.25,96.5,12.25,24.75,0.53448
1530,308.75,12.25,13.5,27,0.53301
1530,172,439.25,12.75,25.25,0.53276
1530,124.5,48,16.25,32.25,0.53266
1530,469.25,91.5,13.25,26.5,0.53249
1530,421,61.25,14.5,29,0.53224
1530,71.75,290.25,14.25,28.5,0.53117
1530,580.25,251.5,12.5,25.25,0.53097
1530,0.5,261,12.25,24.5,0.53072
1560,380,60.25,14.75,29.5,0.54919
1560,325.5,108.25,13.5,26.75,0.54857
1560,622.75,196,19.25,38.25,0.54674
1560,126,225.25,110,219.75,0.54438
1560,469,91.25,13,26,0.54356
1560,64,37.5,14,28.25,0.54004
1560,111.75,35,14.25,28.75,0.53958
1560,514.75,17.5,13.25,26.5,0.53888
1560,566.5,63.75,14.75,29.25,0.53782
1560,181.5,17.5,13,25.75,0.53672
1560,314,183.25,17.5,35.25,0.53631
1560,386.75,82.75,15.25,30.5,0.53612
1560,211.75,280.5,34.25,68.75,0.53599
1560,334,121.75,13,25.5,0.53522
1560,395.5,97.75,13.75,27.25,0.53489
1560,134.25,3.75,12.5,25,0.53418
1560,475.25,207.5,14.25,29,0.53413
1560,502.75,2.25,13.25,26.25,0.53362
1560,60,36.25,13,26,0.53298
1560,468,377.25,18.25,36.5,0.53284
1560,531.75,44,15,30.25,0.53275
1560,314.75,76.75,18,36,0.53256
1560,188.75,19.5,16.25,32.5,0.53247
1560,416.5,120.75,12,23.75,0.53238
1560,146.25,103.5,34.25,68,0.53135
1560,156.5,126.5,52,104,0.53074
1560,482,387.5,14,27.75,0.53012
1590,361,282.25,18.25,36.5,0.5563
1590,410.25,152.5,21.25,42.25,0.5526
1590,583.5,197.25,19.5,38.5,0.54706
1590,181.75,28.25,12,24,0.54697
1590,118.75,53.25,14,28,0.54487
1590,101.25,44,17.75,35.5,0.54052
1590,380.25,3.5,12.75,25.75,0.53955
1590,194.25,32.5,12.25,24.5,0.53916
1590,345.75,152.75,110,220,0.537
1590,239.25,383,13,25.75,0.53683
1590,92.5,41,14,28,0.53678
1590,628.75,61,11.5,23,0.53662
1590,232,72.5,12.25,24.25,0.53623
1590,123.5,49.5,15.25,31,0.53601
1590,200,31.5,12.5,25,0.53533
1590,460,353.5,13.5,26.75,0.53431
1590,628.25,131,12.25,24.75,0.53322
1590,310.5,73.75,12,24.25,0.53244
1590,84.25,55.5,13.25,26.75,0.5324
1590,92.5,55.5,13,25.75,0.53222
1590,475.75,142,13,26,0.53183
1590,359.25,234,21.25,42.25,0.53136
1590,408.5,12,16.25,32.25,0.53057
1590,314.25,260,18.25,36.5,0.53055
1620,108.75,54.25,14,28,0.56501
1620,485.5,156.5,142.75,285.75,0.54962
1620,101.5,129,12,24,0.54406
1620,583,215.75,56,111.75,0.54353
1620,118.25,53,13.5,27.25,0.54112
1620,234,436.5,13.5,27,0.53945
1620,283.75,22.75,12.75,25.75,0.53873
1620,514.75,18.5,13.5,26.75,0.53833
1620,606,212.75,12.75,25.5,0.53714
1620,562.25,205.5,13.75,27.25,0.53692
1620,314.25,182.75,16,31.5,0.53519
1620,9.75,367.25,12.5,24.75,0.53365
1620,602.75,193,39,78.25,0.53295
1620,86.5,52.5,12.75,25.5,0.53211
1620,551,278.5,12.75,25.5,0.53197
1620,380,3.25,12.5,25.25,0.53117
1620,620.75,267.5,19.25,38.5,0.53022
1650,529.5,195,21,42.25,0.55273
1650,75.75,52,13.5,26.75,0.55054
1650,102.25,280.75,12,24,0.53916
1650,627.5,45,13.25,26.75,0.53791
1650,68.75,56.5,14,27.75,0.5378
1650,108,378.25,12.25,24.25,0.53482
1650,298.25,286,17.5,35.25,0.53252
1650,91.25,52,13.75,27.5,0.53166
1650,480.75,382.75,11.5,23.25,0.53139
1650,368.5,381.5,18.75,37.75,0.5303
1680,68.25,43.25,15.25,30,0.5619
1680,625.25,10,16,32,0.54872
1680,536.25,314.25,12.5,25,0.54297
1680,517.75,12.75,13.5,27.25,0.54023
1680,308.75,7,12.75,25.75,0.54003
1680,437.5,207.5,15.75,31.5,0.53667
1680,132.25,188.25,13.5,27.25,0.53627
1680,412.25,80,14.75,29.5,0.53497
1680,317.5,133.25,13.5,27,0.5346
1680,205.25,83.75,14,27.5,0.53272
1680,378.5,95.25,18,36,0.53223
1680,424.25,8.25,13.75,27,0.53108
1680,628.75,45,11.5,23,0.53087
1680,311.75,182.5,16.5,33.25,0.53046
1680,92.75,51.75,15.5,31.25,0.53034
1710,566.5,87.5,24.5,48.5,0.54937
1710,291.5,109.75,15.5,31.25,0.54562
1710,262.25,312.75,29,58.25,0.54508
1710,523.25,1,12.75,25.5,0.5435
1710,308.5,181.25,16,32,0.53919
1710,494.25,415.75,13,25.75,0.53708
1710,471.5,195.5,12.25,24.75,0.53626
1710,119.5,380.5,47,94.25,0.53614
1710,331.25,179,14.25,28.25,0.53512
1710,136.25,95.25,11.75,23.75,0.5329
1710,199.25,386,46,92,0.5328
1710,307.5,72.75,11.75,23.5,0.53241
1710,332.5,333,12,23.5,0.53213
1710,98.75,109,11.5,23,0.53114
1710,-3.5,110.25,29,58.25,0.53093
1710,52,42.25,15.5,30.75,0.5307
1710,291.25,183,15.25,31,0.53056
1710,454.25,1.25,13.5,26.5,0.5304
1740,73.25,39.5,13,25.75,0.55606
1740,290.25,433,21.75,43.5,0.55562
1740,528,197.5,22,44.25,0.5556
1740,291.25,112.5,15,29.75,0.54492
1740,524.75,3.25,13.5,27,0.54275
1740,620.25,91.25,13.5,27.25,0.54149
1740,522.5,342,18,36.25,0.53836
1740,281.5,433.5,20.5,41,0.5375
1740,442.75,204.25,19,38.25,0.53633
1740,136.25,430.75,22.75,45.75,0.53592
1740,127.5,434.25,20.5,41.25,0.53547
1740,132.5,304.75,13.5,26.75,0.53473
1740,450.5,116.75,11.75,23.5,0.53409
1740,452.5,221.5,12,24,0.53165
1740,237.5,342.25,16.25,32.5,0.53145
1770,285,258.5,14,28.25,0.56775
1770,291.75,137.75,15.5,30.5,0.56243
1770,212.75,293,14,28,0.55032
1770,301.75,183.75,17.25,34.25,0.54985
1770,293.75,257.75,13.75,28,0.54874
1770,380.5,116,15.5,31,0.54826
1770,173,10.25,15,29.5,0.54527
1770,68,34.5,16,32.25,0.54522
1770,295,101.75,13.5,27,0.54516
1770,533.25,198.5,13.5,26.75,0.54459
1770,372.75,292,14.5,28.75,0.54447
1770,529.75,2.25,12.75,25.75,0.54326
1770,260.25,289,16,32.25,0.54232
1770,54.75,23,13,26,0.54143
1770,93,26.75,13.75,27.5,0.54083
1770,412.75,285.75,14.75,29.5,0.54051
1770,451,273.25,16.75,33.5,0.53954
1770,292.75,124,14,28,0.53705
1770,340.75,273.25,14.75,29.25,0.5369
1770,170.75,435.5,21.5,43.25,0.53628
1770,626.25,45.5,13.75,27.5,0.53531
1770,421.5,286.5,14,27.75,0.53514
1770,121.75,345.5,65.25,130.5,0.53486
1770,390.5,270.5,12.75,25.5,0.53469
1770,53.25,303.25,12.5,24.75,0.53466
1770,342.5,73.25,12.5,24.75,0.53381
1770,568.75,87,11.5,23.25,0.53327
1770,540.5,372.75,11.75,23.75,0.53266
1770,198,307.5,14,28,0.53244
1770,364.75,292.75,14.75,29,0.53239
1770,581.75,108,13,25.75,0.53224
1770,541.75,47,15.5,31,0.53172
1770,284.5,325,13.75,27.5,0.53135
1770,38.75,30.75,14,27.75,0.53128
1770,83.75,7.5,12.75,25.25,0.53115
1770,510.25,221.25,13,25.75,0.53065
1770,110.75,7.25,13,25.75,0.53012
1800,418,116.5,12.25,24.5,0.53876
1800,18,406.5,12.5,25,0.53645
1800,582,108.25,12.75,25.75,0.53029
1830,441.25,199.5,26.25,52.5,0.5514
1830,280,190,14.75,29.75,0.54539
1830,148.75,6.5,12.75,25.75,0.54459
1830,278.25,137.75,13,26,0.54186
1830,52.25,23.5,14,27.75,0.53957
1830,52,6.5,15,30,0.53846
1830,36,16.75,15.25,30.5,0.53746
1830,77.75,157.75,37.75,75.5,0.53697
1830,292.75,143.5,12.5,25,0.53683
1830,366,46.25,13,26.25,0.5345
1830,587.25,218,14.5,28.75,0.53422
1830,581.5,113,14.75,29.5,0.5332
1830,276.25,124.75,12,24.25,0.53265
1830,30,188.75,12,24,0.53194
1830,236.25,412,12.75,26,0.53072
