30,294.75,22.5,13.5,26.75,0.55783
30,588.25,438.25,13.25,26.5,0.55491
30,188.75,49.75,27.25,54.25,0.54449
30,45.25,196.75,14.5,29.25,0.54285
30,596.25,442.5,15.25,30.25,0.54276
30,250.75,440.25,12.75,25.5,0.54257
30,516,446,15.75,31.5,0.53793
30,47.5,38.5,13.25,26.75,0.53665
30,597.75,436.25,14,27.75,0.53564
30,460,126,12.25,24.5,0.53355
30,54,148.75,14.75,29.25,0.53214
30,104.5,200.75,11.75,23.5,0.53146
30,544.75,87.75,16,31.75,0.53036
60,56,234.25,21.75,43.75,0.57942
60,180.5,124.25,14.75,29.25,0.5551
60,257.5,199.5,14.75,29.75,0.55159
60,440.5,65.25,106,212,0.54842
60,259.25,198.75,35,70.25,0.54444
60,323.5,247.75,19,37.75,0.54378
60,236,202.5,14,28,0.54041
60,428.75,24.75,12.75,25.25,0.53944
60,238.75,204.5,13.25,26.5,0.5385
60,586.75,71,18.5,37,0.53845
60,180.25,201,14.75,29.25,0.53722
60,496.25,260,14.25,28.25,0.53533
60,628.25,164.5,13,26,0.53522
60,226.5,197.5,17,33.75,0.53493
60,328,129,12.5,25,0.53414
60,212.5,122.5,15,30,0.53264
60,190.5,207.5,11.5,23.5,0.53177
90,358.75,69.5,13.75,27.5,0.54108
90,375.5,193,18.25,36,0.54003
90,214,183,43.75,87.5,0.53878
90,239.25,88.75,22.25,44.5,0.53568
90,284.25,60.75,16.5,32.75,0.53421
90,-2,177.75,17.25,34.5,0.53368
90,234,190.5,38.25,76.5,0.53348
90,384.75,225,11.5,23,0.53306
90,156.25,391.25,14.25,28.25,0.53294
90,251.75,82,14.5,29,0.53048
120,398.5,243.5,15,29.75,0.54922
120,221.25,438.75,13.75,27.5,0.54473
120,4.75,152,14.25,28.25,0.54341
120,43.75,52.25,13.25,26,0.5426
120,284.5,122.75,17,34,0.53815
120,344.5,217.75,12.25,24.75,0.53727
120,40.5,146.5,12,24,0.53377
120,113,437.5,13.25,26.25,0.53303
120,468,185,26.25,52.25,0.53126
120,-1.75,104.75,15.25,30.5,0.53096
120,604.75,260.25,12,24,0.53063
150,-0.75,151.75,15,30.25,0.55067
150,320,392.25,39.5,79.25,0.54466
150,338.25,149.25,21.25,42.5,0.54432
150,528.75,72.75,26.25,52.25,0.54318
150,282.5,57,18.75,37.25,0.53271
150,220.5,444.75,16.75,33.5,0.53138
150,75.75,143.75,20.25,40.5,0.53086
180,-6,198,49.5,99,0.54882
180,566.5,95,12,24,0.54078
180,432.25,199.5,25,50,0.53408
180,371.25,417.25,27,53.75,0.53347
180,22.25,145.75,13,26.25,0.53266
180,236.5,1,12,24,0.53258
180,442.25,75.75,15.5,30.5,0.53164
180,511,13.75,52,104,0.5316
180,24,436.25,12.25,24.5,0.53008
210,326,198.5,12.5,25.25,0.56696
210,116.75,259.25,14.75,29,0.5477
210,519.75,70.75,25.5,51,0.54501
210,52.5,312.25,14.25,28.75,0.54256
210,515.5,73,16.5,33.5,0.53816
210,220.25,441,13.25,26.5,0.53741
210,332.25,47.75,12.5,25,0.53569
210,221.25,356,12.75,25.25,0.53456
210,310.75,177,11.5,23,0.53455
210,100,95.25,25.5,51,0.53448
210,86.5,388.25,12.25,24.25,0.53375
210,38,446.5,12.5,25.25,0.5332
210,211,76.75,31.75,63.75,0.53309
210,88.75,378.75,18.5,36.75,0.53207
210,454,172,12.75,25.75,0.53145
210,309.25,127,35,70,0.53059
240,458.5,75.25,19,37.75,0.54646
240,444,173.5,13.5,27,0.54423
240,611,84.75,32.25,64.75,0.54018
240,576.75,389,11.5,23,0.53404
270,450.25,75.75,19.25,38,0.54867
270,414.5,202.75,12.75,25.75,0.54431
270,414.75,75,16.75,33.5,0.54165
270,453,171.5,14,27.75,0.53787
270,436.5,175.5,13.75,27.25,0.53636
270,122,20.25,12.75,25.5,0.53542
270,399.75,232,17,34,0.53499
270,404.75,391,14,28.25,0.53485
270,323,392.75,14.25,28.25,0.53456
270,12.5,401.5,13.25,26.5,0.53448
270,78.5,385.25,17,34.25,0.53414
270,396.25,88.5,28.25,56.5,0.53162
270,234.5,52.75,23.25,46.75,0.53104
300,479.25,181,35.5,71.25,0.55876
300,303,171.75,21.5,43.5,0.54429
300,495.75,73.25,17,34.25,0.54396
300,498.25,68.5,29,58.25,0.54058
300,626.75,49.75,12.5,25.5,0.53478
300,443.25,75,19.75,39.75,0.53453
300,112.75,421,11.5,23,0.53424
300,177.75,84,31.5,62.75,0.53273
330,507,181,46.75,93.25,0.56925
330,438,77.75,18.5,37,0.53965
330,468.5,263.5,26.5,52.5,0.53541
330,491,72.5,16.75,33.75,0.53352
330,575.25,62.25,22,44.5,0.5324
330,439.25,177.5,12.75,25.5,0.53207
330,587.25,47.75,18.25,36.5,0.53138
330,411,443.75,12.25,24.75,0.53128
330,239.75,273.25,17.5,35.5,0.53038
330,349,173,12,24.25,0.53032
330,159.25,305.25,13.75,27.5,0.53011
360,494.25,68.25,24.25,48.25,0.55341
360,548.5,180,52,103.75,0.54605
360,434.75,76,19.75,40,0.54202
360,416.5,83.25,28.75,58,0.53932
360,487.5,72.75,17.75,35,0.53271
360,419.5,427,15.5,31,0.53177
360,149.25,115,13.75,27.75,0.53176
360,187.25,206.25,14.75,29.5,0.53139
390,485,73.5,17.5,34.5,0.55507
390,489.75,68,30,60.25,0.54548
390,430.75,69.5,22.75,45.75,0.54123
390,582.25,210.5,12.25,24.75,0.53791
390,184,204.5,16.25,32.5,0.53507
390,380.75,180.5,14,28,0.53402
390,116.25,129.25,12.75,25.5,0.53156
390,244.25,442,16.75,33.25,0.53092
390,601.25,254.75,21,42,0.53028
420,415,180.5,13.75,27.75,0.54521
420,487.5,66.75,29.5,59.5,0.5443
420,393.25,74.5,18,36.5,0.54058
420,477.75,24.25,50.5,101,0.53864
420,444.75,195.25,16.5,33,0.53627
420,440.75,218,27.75,55.25,0.53482
420,326,436.5,14.25,28.5,0.53087
420,483.5,72.25,18,36,0.53068
420,116.5,438,13.5,27,0.53021
420,394.75,266.25,16.75,33.25,0.53018
450,486.5,68.75,29.25,58.75,0.54238
450,447.5,248,34.5,69,0.54189
450,428.25,77.75,19.5,39,0.53767
450,132.25,437,13.25,26.75,0.53585
450,620,314.5,21.25,42.25,0.53519
450,162,98.5,25,49.75,0.53493
450,278,149.5,13,26.25,0.53445
450,430.25,178.5,13.75,27.75,0.5341
450,6.5,213,12.25,24.5,0.53324
450,292.5,434.25,12.25,24.25,0.53322
450,44.5,402.5,19,38.25,0.5314
450,308.75,55.75,13.25,26.5,0.53106
450,333.25,114,15.5,31,0.53071
450,412.25,179.5,14.5,29,0.53053
480,425.25,75,20.75,41.5,0.55151
480,577.25,265.75,51.75,103.75,0.54005
480,494.25,223.25,13.75,27.5,0.53944
480,226.5,198,14.25,28.5,0.53252
480,329.25,107.5,53.5,106.75,0.53192
480,150,440,12.75,25.5,0.5309
510,419.75,79.25,18,36.25,0.54053
510,401.5,81,31.5,63.25,0.53814
510,491,317.75,15,30,0.53749
510,474.5,72,16.75,33.5,0.53731
510,384.25,87,12.25,24.75,0.53408
510,386.25,269.5,17,34.25,0.53369
510,364.25,180.75,14.5,29.25,0.53222
510,310.5,299.75,13.75,27.25,0.53085
510,582.25,259,27.25,54.25,0.53078
540,410,72.5,20,40,0.55935
540,87,429,17.5,35,0.54444
540,127.75,413.25,19.25,38.75,0.54367
540,505.25,186.5,56.5,112.75,0.54121
540,182.25,51.25,25.5,50.75,0.5376
540,264,144.25,19.25,38.5,0.53648
540,438.25,257.75,14.25,28.5,0.53436
540,553.75,199.25,14,28,0.53392
540,611.75,164.75,28.25,56.5,0.53325
540,186.25,204.5,12.75,25.25,0.53319
540,444,259.75,12.5,25.5,0.53313
540,472.75,271,18.5,36.75,0.53312
540,471.5,60.5,29.75,59.5,0.53269
540,428.75,158.25,74.5,149.25,0.53268
540,214.5,418.5,12.5,24.75,0.53191
540,625.5,256.5,15.75,31.5,0.53109
540,525.25,232,77.5,155,0.53079
540,252.25,203.25,16,32.5,0.53051
540,-1.75,179.75,14.25,28.75,0.53038
570,398.5,170.5,65.25,130.25,0.54775
570,315.25,428.75,17.25,34.5,0.5454
570,243.25,440,17.25,34.5,0.54009
570,402,76.25,18,36,0.53681
570,425.5,265.75,19.25,38.5,0.53616
570,482.25,200.25,16.75,33.5,0.53546
570,432.75,191.75,60.75,122,0.53536
570,195.5,175,14,27.75,0.53311
570,465.25,215,45.75,91,0.53192
570,302.25,309.25,13,26,0.53075
570,244.25,204.5,15.75,31.25,0.53052
600,356.75,167.25,75,149.75,0.55251
600,495.5,194.5,59.5,119,0.55114
600,510.75,164,29.75,59.5,0.54853
600,418.25,189.5,57,114,0.5477
600,590.25,257,14.75,29.25,0.54447
600,525,260.5,23.75,47.5,0.5438
600,394.5,259.75,20,39.75,0.54096
600,446.5,65.75,17.25,34.25,0.5407
600,389.25,70,21.25,42.25,0.53842
600,454.5,206.75,11.75,23.5,0.53815
600,266.5,182,11.5,23.25,0.5377
600,348.75,261.5,13.5,27.5,0.53544
600,546,363,32.75,65.5,0.53275
600,448.25,272.75,12.5,25,0.53263
600,451.25,338.5,68.25,136.75,0.53201
600,131.75,209.75,15,30.25,0.53143
600,105,407.75,23.25,46.25,0.53118
600,296.25,78.5,15.75,31.25,0.53104
600,615.25,264.5,17,34.25,0.53085
630,372.75,198.25,49.75,99.75,0.56083
630,471.5,262.5,21.5,42.75,0.5542
630,514.5,267.75,13.25,26.25,0.54488
630,514,377.75,47.5,95.5,0.54454
630,424.25,55,33.25,66.5,0.54358
630,374,221.5,40.5,80.75,0.54282
630,539.25,260.5,15.5,31.25,0.54149
630,360.75,68,21,42,0.54132
630,434,195.25,56.75,113.5,0.54003
630,101.5,438,13.25,26.75,0.53799
630,321.5,264.25,23,46,0.53409
660,328.5,205.5,52.75,105.5,0.56215
660,211,196.25,57.5,115,0.5581
660,44.5,177,13.25,26.25,0.55613
660,171,51.25,23.75,47.5,0.54797
660,144.75,225,39.5,79,0.5479
660,239.75,37.5,35.5,71,0.54763
660,-1.5,34.75,13,25.75,0.54632
660,265.75,185.75,56,111.75,0.53644
660,419.75,169.75,12.5,25.25,0.53577
660,595,239.75,25,50.25,0.53423
660,480.25,54,13.25,26.75,0.53165
660,37,124.75,52.25,105,0.53052
660,113,431.25,22.25,44.25,0.53014
690,603.5,336.75,16,31.75,0.54451
690,343.5,358.75,13.5,26.75,0.54255
690,132.5,392.75,12.75,25.25,0.54132
690,124.5,391.25,12.75,25.75,0.53446
690,-4,241.5,31.75,63.5,0.53419
690,132.75,335.25,12.75,25.75,0.53305
690,380.5,177.5,13,25.75,0.53127
720,108,10.5,13,26.25,0.57581
720,487,98,13.75,27.25,0.57275
720,575.25,358.5,13.25,26.75,0.55955
720,451.75,437.25,14,27.5,0.55908
720,413,5,17,34,0.55359
720,597.5,426.75,14,28,0.55244
720,625.5,209.25,16,32.25,0.55142
720,30.75,409.75,13.5,27.25,0.55057
720,567.75,359.75,12.75,25.5,0.54896
720,581.25,51,15.5,31.25,0.54859
720,277.5,395.75,14.25,28.5,0.54468
720,380.5,2.25,12,23.75,0.54292
720,556,31,18.5,36.75,0.54284
720,181,403.75,14,28.25,0.54264
720,124.5,11,12,24.25,0.54236
720,133,349.75,15.75,31.25,0.54145
720,605.25,25.5,12.75,25.75,0.54122
720,476.25,415.25,13,26,0.53971
720,227.5,18,13,26,0.53958
720,84,125.25,13.25,26.25,0.53956
720,252.75,236.75,14.25,28.5,0.5385
720,495,8.75,23,45.75,0.53782
720,247.25,341.25,13.25,26.5,0.5376
720,388.5,13.75,12.25,24.25,0.53753
720,525.25,46.25,13.75,27.75,0.53746
720,539.75,46.25,14.75,29.25,0.53659
720,229.5,403.75,14,28.25,0.53643
720,341.5,179,13.75,27.5,0.53639
720,618,213.75,23,46,0.53619
720,564.25,26.75,11.75,23.5,0.53618
720,348.5,443,13.5,27,0.536
720,76.5,112,16.25,32.5,0.53592
720,397,412.25,14,28.5,0.53574
720,221.5,334.5,13.75,27.75,0.53563
720,422.75,1,11.75,23.5,0.53527
720,389.25,432.75,14.75,29.75,0.5351
720,613,423.75,14.75,29.5,0.53469
720,254.25,91.75,18.25,36.5,0.53442
720,508.5,353.25,12.25,24.25,0.53416
720,379,410.75,15.75,31.25,0.53357
720,196.25,333.75,15.25,30.25,0.53346
720,476.25,76.25,13.5,27,0.53331
720,567.5,346.75,13.5,26.75,0.53314
720,486.5,7.5,14.75,29.75,0.53311
720,60.75,395,13.5,27,0.53283
720,493.25,4.5,16.5,33.5,0.5325
720,54.75,416.25,13,25.75,0.53239
720,309.25,372.75,13.25,26.75,0.53234
720,523.75,355,12.5,25,0.53234
720,483.25,406.25,13.25,26.5,0.53187
720,261,94.25,19,37.75,0.53109
720,486.75,359.25,13.25,26.25,0.53106
720,452.25,409.5,15,29.75,0.53061
720,532.75,354.5,13.5,27,0.53056
720,101.5,116.75,16.75,33.75,0.53054
720,580.75,356.25,15,30,0.53045
720,389.75,283.5,13.25,26.75,0.53044
750,316.25,384.5,15.75,31.25,0.57512
750,534,444.75,14,28.25,0.57213
750,564.75,115.25,13.5,27.25,0.56263
750,174.75,39.5,12.75,25.75,0.55891
750,347.75,368.5,15.25,30.5,0.55682
750,600.25,415.5,15.75,31.5,0.55518
750,156,323.5,15.25,30.75,0.55136
750,603.5,443,15.5,30.75,0.55018
750,588.5,424.5,12.5,25,0.54933
750,452.5,319.5,15.25,30.5,0.54858
750,260.75,426,15.25,30.5,0.54827
750,464.5,433.75,15.5,30.5,0.54784
750,507.75,443,16,32.25,0.54718
750,364.75,378.25,15.75,31.5,0.54697
750,333.25,70.5,14.25,28.5,0.54662
750,309.25,65.5,13.75,27.5,0.54638
750,140.75,384.5,22.75,45.5,0.54558
750,569.75,416.75,30.5,61,0.54448
750,310,358.25,14.25,28.5,0.54419
750,271.25,342,13.75,27,0.54414
750,332.75,407,15.5,31.5,0.54412
750,444,118.5,12.25,24.5,0.54354
750,581.5,47.75,13.25,26.5,0.54335
750,59.75,333.75,17,33.75,0.54311
750,61,413.25,14,28,0.54204
750,341.75,385.25,13.75,27.5,0.54166
750,539.75,324.25,13.75,27.75,0.54124
750,300,348.25,13.75,27,0.54061
750,276.25,369.25,16,32,0.54028
750,396.5,325.25,14,28,0.54016
750,225,54.75,18.5,36.75,0.54006
750,562,70.75,18.25,36.5,0.53988
750,212.5,379.75,14.75,29.25,0.53978
750,252.5,88.75,12.5,25,0.53953
750,116.5,385.75,15.5,30.75,0.53934
750,381,329.75,13.5,27,0.53909
750,508.75,343.75,14.5,28.75,0.53864
750,156.75,299.5,15,29.5,0.53849
750,436.75,335.5,16.75,33,0.53794
750,379.75,371.5,14.25,28.5,0.53764
750,326.25,74.75,13,25.75,0.53759
750,181.25,271.5,12.5,25.25,0.53662
750,301.75,294.5,14.25,28.5,0.53622
750,390,371.25,14.5,29,0.53602
750,596.75,37.75,14.5,29.25,0.53597
750,9,119.25,17.5,34.75,0.53553
750,225.75,272,12,24.25,0.53505
750,333.25,289.75,14.5,29.25,0.53493
750,599.75,121.25,24.25,48.5,0.53483
750,294,71.5,13.5,27,0.5348
750,486,412.75,13.75,28,0.53458
750,103.25,122.5,14.25,28.75,0.53439
750,243.5,58.75,14,28.5,0.53389
750,348.75,351.75,12.5,25,0.53386
750,435.25,384.5,16,32,0.53383
750,134.75,352.5,12.25,24.75,0.53373
750,82,217.25,12.25,24.75,0.53355
750,280.25,339.25,14.5,29.25,0.53354
750,93,401,12,24,0.53342
750,466.75,351,11.5,23.25,0.53325
750,31.25,352.5,12.25,24.5,0.53323
750,516.75,442.75,15,30,0.53304
750,556.5,367.25,13,25.75,0.53301
750,409.75,379.75,31.5,63,0.53298
750,142.5,108.75,15.75,31.5,0.53289
750,564,335.75,12.25,24.5,0.5326
750,595.25,421,13.75,27.75,0.53256
750,317.5,74,13.75,27.75,0.53238
750,470,417,15,29.75,0.53238
750,254.5,50,14.75,29.5,0.53238
750,445.5,451.25,13.5,27,0.53205
750,68.75,412.5,14.75,29.75,0.53159
750,148,37,13,26,0.53114
750,229,426.75,14.75,29.5,0.53104
750,364,335.75,12.75,25.5,0.53102
750,252.75,350.75,15.5,31.25,0.53078
750,125.5,429.25,13.25,27,0.53064
750,322.25,364.75,13,26,0.53056
750,300.25,22.75,13.25,26.25,0.53051
750,308.75,303.75,16,32.25,0.53035
750,227.5,47.5,12.75,25.5,0.5303
750,268.5,74.25,13.5,27,0.53014
750,438,452.75,13.5,26.5,0.53013
780,276.75,321.75,15.75,31.25,0.56447
780,285.75,327.75,13,26,0.563
780,229.25,426.5,14.25,28,0.56071
780,564.5,380,15,29.75,0.55896
780,189.75,414,13.75,27.5,0.55861
780,348.5,389.25,14,28,0.55844
780,20.25,336.75,15.25,30.5,0.55816
780,379.5,398.25,17.75,35.5,0.55544
780,212.75,341,14.25,28.25,0.55264
780,268.25,385.25,15.5,31,0.55197
780,214.25,93,12.25,24.75,0.55054
780,220.5,355.25,14,27.75,0.54857
780,494.25,391.25,13.25,26.5,0.54829
780,396.25,197,15,30,0.5482
780,277.5,318,14,28,0.5469
780,582,322.25,13,25.75,0.54657
780,564.25,418,15.25,30.5,0.54459
780,355.5,320.25,16,31.75,0.54413
780,108.5,280.25,14.25,28.25,0.54401
780,508.5,434.5,14.75,29,0.54398
780,476.75,401,14.75,29.25,0.5436
780,620.25,424.75,12.25,24.25,0.54322
780,308,395,14.75,29.75,0.54238
780,197.5,60,14,27.75,0.54237
780,451.75,409.25,16,32.25,0.54225
780,60,409.75,17.5,34.75,0.54223
780,415.25,422.25,13.25,26.5,0.54202
780,268.75,75.75,16,32.25,0.54101
780,531.75,376.5,12.75,25,0.54047
780,141.5,352.25,12,24,0.54033
780,556.5,378.5,16,31.75,0.54025
780,196.75,348.25,14,28.25,0.53993
780,213,420,14.75,29.75,0.5398
780,261.75,379.75,14,28.25,0.53883
780,300.75,277.5,14.75,29.5,0.53868
780,355.5,415.25,16.75,33.25,0.53857
780,452.25,400,12.5,25,0.53769
780,76,303.75,16.5,33.5,0.53745
780,503.25,375,12.75,25.75,0.53701
780,605.25,172.75,23.75,47.75,0.53687
780,615.75,9,13,26,0.5368
780,364,320,13,26,0.53666
780,533.5,433.75,12.25,24.25,0.53655
780,13.75,342.75,13,25.75,0.53592
780,357.75,273.5,15,29.75,0.53582
780,76.5,376,13.25,26.5,0.5358
780,603.5,391.5,16.5,32.5,0.5356
780,407.5,399.25,12.75,25.75,0.53536
780,316.25,399.25,16.25,32.5,0.53511
780,612.5,384,15.5,30.75,0.53505
780,292.25,259.75,15.25,30.75,0.53486
780,277,364,15,30,0.53465
780,253.75,78.25,13.5,27,0.53451
780,20.75,361,14.5,29,0.53438
780,356.25,335.5,15.25,30.75,0.53405
780,568.5,315,12,24.5,0.53395
780,51,422,17,33.75,0.53394
780,100.25,409.5,14.75,30,0.53365
780,317,321.5,15,30,0.53311
780,302,76.5,13.25,26.5,0.53301
780,97.5,126.5,17,34,0.53289
780,-3,182.75,31.25,62.5,0.53265
780,204.75,409.75,14.75,29.25,0.53247
780,108.75,410.75,14.5,29,0.53234
780,363.75,353,14.5,29.25,0.53184
780,275.75,430.25,17.25,34.5,0.53175
780,72.25,307.25,14.75,29.75,0.53174
780,278,52.75,13.75,27.5,0.53136
780,626.5,201.75,13.75,27.5,0.5311
780,20,392,16.25,32.75,0.53097
780,230.5,292.5,12.75,25.5,0.53062
780,365,338.25,15.75,31.75,0.53059
780,-3,89.75,23.75,47.75,0.53034
780,419.5,351.25,12.75,25.25,0.53009
780,460.5,397.75,14.25,28.75,0.53007
780,402.5,400.25,12.25,24.5,0.53003
780,181.25,59.5,15.25,30.5,0.53002
810,429,397,13,26.25,0.55988
810,479,359.25,13.25,26.25,0.55349
810,244,78.75,13.25,26.75,0.55156
810,316,381.75,12.25,24.5,0.5501
810,324.75,352.75,15.25,30.5,0.54969
810,351,247.75,13,26,0.54955
810,469.25,408.75,13.25,26.75,0.54955
810,70,338.25,14.25,28.75,0.54913
810,260,59.5,12.25,25,0.54884
810,231.5,51,12.75,25.25,0.54671
810,333,338.5,15,30,0.54444
810,502,357.75,13,26,0.54399
810,522.75,126.5,12.75,25.75,0.54355
810,37.25,417.5,13.75,27.5,0.54217
810,427.75,194,19.25,38.5,0.5411
810,12.75,313,12,23.75,0.54087
810,239,195,13.25,26.5,0.5408
810,347.75,362.75,15.5,30.75,0.54043
810,71.25,294.5,13,25.75,0.54024
810,54.5,292.25,13.25,26.5,0.53974
810,516,373.5,16,31.75,0.53945
810,565,402.5,14,28.25,0.53923
810,317.75,286.75,14,27.75,0.53739
810,168,35,12.5,25,0.53734
810,215.5,83.5,13.5,27.25,0.53728
810,508.5,359.25,14.75,29.25,0.53704
810,19.5,304.5,14,28.25,0.53696
810,231.75,195.5,13.25,26.5,0.53686
810,493.25,353.25,15.5,31,0.53616
810,244.5,195,12.25,24.75,0.53582
810,397.75,409.25,12.25,24.75,0.53577
810,86.75,269.25,13,25.75,0.5354
810,67.75,304.25,13.25,26.25,0.53511
810,580,406,14.5,29.25,0.53499
810,309,328.75,13,26,0.53382
810,551,236.75,13.75,27.5,0.53376
810,284.5,359.25,12.75,25.5,0.53364
810,332.5,291.25,12.5,25,0.53347
810,52.5,363.25,14.5,29,0.53344
810,298.5,68,12.5,24.75,0.53336
810,37,366,14.5,29,0.53303
810,509.75,253,17.75,35.75,0.533
810,70,336.75,13.5,26.75,0.53293
810,567.75,36.75,12.5,25,0.53214
810,509.5,413.5,13.75,27.5,0.53186
810,220.5,45,13,25.75,0.53167
810,48.5,303.5,13.75,27.5,0.53123
810,444.5,385,16.5,33,0.53122
810,273.75,286.75,24,48.25,0.53121
810,300,363.25,15.5,31,0.53114
810,487.75,75,12.5,25,0.531
810,438.75,331,12,24,0.53089
810,342,433,12.75,25.25,0.53047
810,371.25,208.75,19.5,38.75,0.53041
810,623,26.5,19,37.5,0.53034
810,300.25,292.25,15.75,31.25,0.53025
810,52.25,316.75,12.75,25.25,0.53021
840,216,80.75,13,26.25,0.55394
840,549,405,14,28,0.5486
840,284.25,284,15.5,31.5,0.54681
840,262.75,380.5,25.5,51,0.5468
840,347.75,398.75,17.25,34.75,0.54624
840,501.25,85.25,28,55.75,0.54573
840,620.25,359,12.25,24,0.54507
840,509.75,427.25,13.25,26.25,0.54498
840,484.25,353,14.75,29.5,0.54495
840,284.75,419.25,14.25,28.5,0.54446
840,21,382,14.5,29,0.54388
840,557.25,401.75,14.25,29,0.54385
840,228.75,379.25,15,30,0.5433
840,547,377.5,16.75,33.5,0.54295
840,205,192,15,30,0.54235
840,503.5,9.25,12.75,25.5,0.54173
840,76.75,412.75,13.75,27.5,0.54138
840,141.25,430,14.5,28.75,0.54066
840,416.25,198.5,74.75,149.5,0.54041
840,223,193.25,13.25,26.5,0.54011
840,286.25,244,14.5,29.5,0.53836
840,229,306.75,14.75,29.5,0.53778
840,298.75,277.25,17.75,35.75,0.53747
840,540,384.75,13.25,26.5,0.53724
840,397.25,330.75,12.5,25.5,0.53674
840,418.75,296.5,18.25,36.5,0.53643
840,628.5,1.75,12.25,24.75,0.53612
840,420.75,331,14.25,28,0.53568
840,302.25,63.75,13,25.75,0.53565
840,460.5,393,13.5,27.25,0.53488
840,595.75,225.5,15,30.25,0.5348
840,196.25,348.5,19.25,38.5,0.53475
840,324.5,244.25,17.25,34.75,0.53466
840,280,247.5,12.25,24.5,0.53459
840,258.5,368.5,12,24.25,0.53442
840,120,384.75,12.5,24.75,0.53436
840,346.5,119,16.75,33.5,0.53434
840,221,309.75,13.5,27.25,0.53319
840,596.75,12.5,15.25,30.75,0.53292
840,263.25,69.25,12.25,25,0.5327
840,613.75,7,13,26.25,0.53249
840,192.5,64,12.25,24,0.53242
840,455.25,84.25,15,29.75,0.53242
840,299.5,402.75,15,30.25,0.53189
840,421.75,361.25,15,30,0.5316
840,450.5,212.5,14,28.5,0.53156
840,365.75,294.75,13.75,27.5,0.53144
840,547.75,386,15.5,30.5,0.53134
840,396.5,387.25,15.25,30.5,0.53127
840,408.25,345.5,12.25,24.25,0.53127
840,556,110.75,12.75,25.25,0.53036
840,352,294,21.75,43.5,0.53032
840,508.5,361.5,14.5,29,0.53015
840,431.25,352.5,11.75,23.5,0.53004
870,44,350.75,14.5,28.75,0.58664
870,421.25,338.5,14.75,29.5,0.56797
870,260,54,13.25,26.5,0.56152
870,532.75,429.25,14.5,29,0.56018
870,396.5,334,14.25,28.25,0.56
870,220.75,385,15.5,30.75,0.55878
870,309.25,355.75,14,27.75,0.55563
870,398.5,429.75,13.5,27.25,0.55274
870,421,366.75,14.25,28.25,0.54838
870,192,195,15.75,31.5,0.54829
870,267.5,55.25,13.25,26.5,0.54785
870,220,337,16.5,32.5,0.54626
870,376,336.5,12.25,24.75,0.54485
870,611.75,278,30.75,61.5,0.54455
870,324.75,378.75,15.25,30.5,0.54417
870,11,349.75,17.5,35,0.54337
870,260.75,343.75,13.5,27,0.54293
870,438.25,399,14,28.25,0.54214
870,212,415.5,15.75,31.25,0.54159
870,197,402.75,15.5,30.75,0.54108
870,92.75,386.75,14.75,29.25,0.54038
870,236.75,348,13.25,26.75,0.53879
870,285,320.25,14.25,28.25,0.53859
870,380.5,301.25,12.75,25.25,0.53839
870,565.25,410.5,13,26.25,0.53802
870,43.5,428.75,12.5,25.25,0.53776
870,501,361.5,14.25,28.5,0.53703
870,212.25,82,13.5,27,0.53674
870,164,44.5,12.5,25,0.53563
870,418.25,412.25,19,38,0.53536
870,491.75,406.5,15.75,31.75,0.53534
870,348,329.75,14.5,28.75,0.53528
870,252,52,13.5,27,0.53522
870,263.5,54.75,13.75,27.25,0.53449
870,435,325,17.75,35.75,0.5335
870,341.25,309,13.5,26.75,0.53275
870,578.25,277,12.25,24.5,0.5327
870,300.25,63.25,12.5,24.75,0.5326
870,541.75,199.5,14.75,29.5,0.53246
870,99.5,403.25,16.5,33,0.53241
870,349,99.5,13.5,27,0.53184
870,28.75,355,15,30.25,0.53162
870,299.5,273.75,16.25,32.5,0.53139
870,469,426.5,14.25,28.75,0.53119
870,403.75,370.25,15.5,30.5,0.53118
870,373.5,301.25,13.25,26.25,0.53096
870,222.25,74.5,14.25,28.75,0.53095
870,439.25,411,12.5,25,0.53092
870,467.25,393.75,17.25,34.25,0.53086
870,389.25,370.25,14.25,28.5,0.5307
870,228.5,387.5,15.75,31.5,0.53053
870,75,388.5,13,26,0.53029
870,356.25,367,15,30,0.53023
870,484.5,379.75,13.75,27.5,0.53012
900,357.75,388.75,12.5,25.25,0.56122
900,52,427.75,14,27.75,0.55253
900,476.5,452,13,25.75,0.54822
900,548.25,436,15,30.5,0.54776
900,172.25,415,16,32,0.54615
900,149,205.25,13.5,26.75,0.54602
900,356,338.5,15.5,31,0.54591
900,397.25,424.25,13.5,27,0.54507
900,474.25,120,13,26.25,0.54505
900,536,416.75,12.5,24.75,0.54477
900,154,424.75,24,48.5,0.54097
900,216.25,367.75,12.5,24.75,0.54089
900,556.75,415.75,15,30,0.54042
900,253.75,69.75,13.75,27.5,0.53957
900,388.25,432.25,12.5,24.75,0.53913
900,24,342.25,12.75,25.5,0.53877
900,52,319.5,12.25,24.75,0.53829
900,369.75,315.25,18,35.75,0.53827
900,324.75,378.75,14.75,30,0.53778
900,324.25,331.75,16.75,33.5,0.53759
900,253.75,414,14,28.5,0.53757
900,60.75,328.25,12.5,25.25,0.53753
900,284.75,290.25,14.25,28.5,0.53747
900,268.75,57,13.25,26.5,0.53746
900,324.25,349.25,16.75,33.25,0.53717
900,422.25,448.25,12.5,25,0.53708
900,88.5,263,13,26.25,0.53688
900,395.5,350,12.5,24.75,0.53658
900,334,331.5,12.75,25.75,0.53641
900,279.25,46.5,13.25,26.5,0.53629
900,300.25,287.75,13,26.5,0.53622
900,569.5,60.75,14.75,29.25,0.5347
900,572.5,414.25,14.25,28.25,0.5335
900,563.75,408.75,16.25,32.25,0.53324
900,263.5,415.75,12.5,25.5,0.53312
900,548.75,416.25,13.25,26,0.53288
900,467.25,355.75,17.25,34.5,0.53255
900,427.75,46,14.5,29,0.53089
900,380.75,448.25,12,24,0.53061
900,355.75,351.5,16.5,33,0.53059
900,445.5,433,14.25,28.5,0.53044
900,232,90.5,12.75,25.5,0.53034
930,278,355.25,13.75,27.25,0.56904
930,197,429.25,13.75,27.5,0.56795
930,204.25,430,13.5,27,0.56121
930,574,374.25,13.75,27.5,0.55671
930,532.5,412.25,14.25,28.5,0.55596
930,380.25,409.5,16,32.25,0.5522
930,196.75,356.5,15.5,31,0.55143
930,220,353,16.25,32.25,0.55
930,243.25,371.5,15.5,31,0.55
930,291.25,27,14.5,29,0.5496
930,565.5,374.25,13.5,27.5,0.54777
930,595.75,415.75,15.25,30.25,0.54698
930,252,417.75,13,26,0.54631
930,492,414,13.5,27.25,0.54577
930,427.75,334,16,32.25,0.54569
930,276.75,379,15,29.75,0.54549
930,260.75,328.25,15,29.75,0.54529
930,260.5,352.75,15.5,31.5,0.54406
930,278.5,417.5,12.5,25,0.54304
930,212.5,78.75,15.5,31.25,0.54266
930,459.75,352,15.25,30.5,0.54265
930,420.25,321,12,24,0.54219
930,172.5,424.5,12.25,24.5,0.54185
930,93.5,197.75,22,44,0.54115
930,389,368.5,13.25,26.25,0.54099
930,133.5,364,12.25,24.75,0.5409
930,324.25,287.25,15.75,31.25,0.54019
930,373.25,339,14.25,28.5,0.54002
930,341,347,15,30,0.53995
930,333.5,285.75,14.25,28.5,0.53892
930,274.75,28,15.75,31.75,0.53882
930,277.25,312,15,30,0.538
930,292,386.25,15.5,30.5,0.5379
930,412.75,414.75,14,28,0.53782
930,508,408.25,14,28,0.53778
930,260.75,55.25,14,28,0.53771
930,506.75,101,16.75,33.75,0.53757
930,350,277.5,14,28.25,0.5374
930,372.25,433,12.75,25.75,0.53708
930,576.5,355.75,12.5,25.5,0.53692
930,333.5,326.25,13.5,27,0.53644
930,386.5,390,13.25,26.5,0.5363
930,447.5,116,18,36.25,0.53625
930,354.5,336,18,35.75,0.5362
930,408.25,426.25,12,23.5,0.53616
930,406.25,411.5,12.75,25.25,0.53616
930,131.5,412.75,17.75,35.75,0.53607
930,556.5,386,12.5,25,0.53563
930,491.5,339.5,14.25,28.5,0.5355
930,316.75,425.5,15.5,30.75,0.53524
930,437,341.25,15,30,0.53497
930,247.75,59.75,17.25,34.75,0.53477
930,252,407.25,12.75,25.5,0.53424
930,284.5,353,15,30.25,0.53395
930,235,48,16.5,33.25,0.53374
930,285.75,430.25,12.75,25.75,0.53369
930,445.75,380.5,13,26.25,0.53341
930,235.25,384,17.5,34.75,0.53327
930,477.25,430.5,13.5,26.75,0.53314
930,444.75,348,14.25,28,0.53292
930,372.5,410.5,14.25,28.5,0.53259
930,311.5,8.5,12.5,25.25,0.53237
930,420.25,356,14.75,29.5,0.5323
930,464.75,112.75,11.5,23.25,0.53204
930,349,446.25,11.75,23.75,0.53192
930,229.75,36.75,14.25,28.25,0.5319
930,308.75,336.25,16,32,0.53173
930,258.25,415.25,13.25,26.5,0.53165
930,446.25,100.75,12.75,25.75,0.53163
930,348.5,332.5,13.5,27.25,0.53155
930,599.25,390,12.75,25.75,0.53123
930,212.25,365.25,15.5,31,0.53116
930,340.25,285.75,16.25,32.25,0.53109
930,404.25,50.75,13.75,27.75,0.53109
930,280.25,260.75,12,24,0.5306
930,503.75,340.75,12.75,25,0.53037
930,196.25,296.75,12.5,25,0.53036
930,116.25,414.25,15.75,32,0.53029
930,460.5,373.75,13.5,27.25,0.53026
960,29.25,201.25,25.75,51.75,0.57354
960,364,403.5,12.5,25.25,0.55874
960,550,189.5,12.75,25.5,0.55647
960,172.25,324.75,13,26,0.55529
960,149.5,330,13.25,27,0.55494
960,492.25,321.5,14.25,28.25,0.55415
960,515.25,320.5,17.25,34.25,0.55407
960,212,334.25,16.25,32.25,0.55331
960,424,362.75,12.5,25.25,0.54965
960,108.5,410.5,15,30.5,0.54834
960,306,384.5,13.5,26.75,0.54806
960,404,415.25,12.25,24.75,0.54795
960,181,406.5,13.75,27.25,0.54706
960,359.5,294,12.75,25.75,0.54529
960,133.5,347,15,30.25,0.54506
960,395.75,95.75,12.5,25,0.54311
960,252,382,16.5,32.75,0.5422
960,164.5,425.75,15,30,0.54201
960,417,317.25,21.75,43.25,0.54185
960,571.75,420.75,12.5,24.75,0.54018
960,456.25,423.5,12.75,25.25,0.53929
960,622.25,204,12,24,0.5387
960,492.5,68,15.75,31.5,0.53826
960,294,383.75,13,26,0.53823
960,507.75,320.75,14.75,29.75,0.53789
960,193.75,398.75,17,33.75,0.53709
960,396.25,435.25,14.5,29.25,0.53588
960,196.25,415.75,12.5,25.5,0.53549
960,37.25,333.5,14,27.75,0.53545
960,302.5,349.5,52.5,105.25,0.53529
960,219.75,405.75,13,25.75,0.53512
960,391,402,12.5,24.5,0.53512
960,348.5,377.5,13.5,26.5,0.53504
960,187,413.25,17.75,35.5,0.53467
960,536.5,194.75,11.75,23.5,0.53466
960,252,5.25,13,26,0.53451
960,476,322,14.25,28.75,0.53449
960,214.25,426.75,12.75,25.25,0.53442
960,93,296.25,12,23.75,0.5343
960,317.5,398.25,15.5,31,0.5343
960,195.25,38.25,13,26,0.53412
960,300.25,343.5,12.75,25.25,0.53333
960,213.75,332.25,13.5,27.25,0.53328
960,261.25,356.25,14,28.5,0.53303
960,313.5,385,12.5,24.75,0.53288
960,433.5,429.25,13.75,27.25,0.53227
960,332,21.5,12.75,25.5,0.53206
960,228.25,398.5,16.25,32.75,0.53188
960,500.5,328.75,13.25,26.5,0.53186
960,92.25,404,15.5,30.5,0.53181
960,155.25,35.75,13,26.5,0.53167
960,468.25,322,13,25.75,0.53153
960,364.75,322.5,14.5,29.25,0.53096
960,300.75,393,11.5,23,0.53094
960,219.25,316.75,17,34,0.53069
960,542,328,14.25,28.5,0.53066
960,412.25,437.25,14.25,28.5,0.53056
960,135.25,423.75,13,25.75,0.53043
960,468.25,333,15.25,30.5,0.53022
990,292.25,329.5,14,27.75,0.58081
990,12.75,348,15,30,0.57185
990,260.25,423,13,25.75,0.55737
990,324.75,358.25,14,28,0.55212
990,165.5,416,13.75,28,0.54913
990,409.25,417.75,15.25,30.75,0.547
990,435.5,349,16.25,32.5,0.54618
990,524,369.25,12.75,25.75,0.54359
990,381,400,11.75,23.75,0.54155
990,129,205.5,16.25,32.75,0.54082
990,452,337.5,14.5,29.5,0.54059
990,341.5,332,13.75,27.5,0.53984
990,252.5,16.25,17,34,0.53973
990,186.75,47.75,16,32,0.53969
990,300.75,411.25,20.5,41,0.53798
990,407.5,71.75,20,39.75,0.53769
990,613.25,386.75,14.75,29.5,0.53767
990,149,59.25,13.75,27.5,0.53551
990,324,332.75,14.25,28.75,0.53488
990,383.25,279.75,12.25,24.5,0.53451
990,189.25,335.25,13,26,0.53419
990,156.5,57,13,26.25,0.53346
990,93.25,384.75,24,48,0.53335
990,438.75,422.75,13.5,27,0.53332
990,213.5,276,14.25,28.5,0.53301
990,236.25,320,14.25,28.25,0.53272
990,212.75,423.75,13,25.75,0.53265
990,165.75,382.25,12.75,25.75,0.53265
990,317.5,333.25,13.75,27.75,0.53235
990,573.5,395.5,13,26.25,0.53223
990,179.25,53.75,13.25,26.5,0.53219
990,10.25,97,15.5,31.25,0.53211
990,411.25,333.5,18,36.25,0.53187
990,91.5,32.5,12.25,24.5,0.5317
990,572.25,192.75,20,40.5,0.53158
990,156.5,368.75,11.75,23.75,0.53156
990,396.75,442,14,28,0.53153
990,348,331.5,15.75,31.5,0.5313
990,157.5,79.75,13,26,0.53088
990,365.75,297.5,14.25,28.75,0.53055
990,278,347.5,14,28.5,0.53039
990,229.25,47.75,14.25,28.5,0.53015
990,357,369.25,14.25,28.5,0.53013
1020,181.25,424.75,13.75,27.5,0.57499
1020,315.75,371.75,13,26.25,0.5634
1020,588.5,418.75,14,28.25,0.55945
1020,381,408.5,14.75,29.25,0.55402
1020,259.75,408,16.5,33,0.55333
1020,248.5,269.75,36.5,72.5,0.55221
1020,611.5,342.75,13.5,27,0.55144
1020,287.75,368.5,12.25,24.5,0.54896
1020,151.5,52,14,28,0.54861
1020,274.25,274,34.75,69.25,0.54647
1020,612.5,409.25,13.75,27.5,0.5456
1020,252.5,356.5,14.75,29.25,0.54504
1020,277,415.25,14.25,28.5,0.54429
1020,220.5,386.75,14.25,28,0.54412
1020,396.75,405.25,16,31.75,0.54356
1020,445,404.25,15,29.5,0.54323
1020,147.75,212.25,12.75,25.5,0.54245
1020,278.5,360.75,12.25,24.5,0.54183
1020,625.5,166.5,14.75,29.75,0.53962
1020,452.5,403.75,14.5,29,0.53937
1020,625,155,15.75,31.25,0.53919
1020,396.5,378.25,14.75,29.5,0.53871
1020,474.25,44.25,14.5,29.25,0.53822
1020,555,83,18.5,37.5,0.53804
1020,330,273.25,33,65.75,0.53779
1020,604.5,421.5,15.25,30.5,0.5377
1020,438,83.75,14.25,28.5,0.53763
1020,412,387,15,29.75,0.53744
1020,491.25,385.25,15.25,31,0.53682
1020,-2.5,133.5,25.5,51,0.5357
1020,313.5,273,34.75,69.25,0.53562
1020,156,425.75,15.75,31.25,0.53561
1020,581.25,369.5,14.5,29,0.53521
1020,270.25,70.75,14,28.25,0.53476
1020,516.75,422.25,13.5,27.25,0.53448
1020,172.25,53.5,14.75,29.75,0.5339
1020,204,399.5,16.25,33,0.53355
1020,115.75,422.25,13.25,27,0.53348
1020,244,414.75,16,32.5,0.5331
1020,254.75,31,12.75,25.25,0.53292
1020,437.75,49.75,14,27.75,0.5329
1020,576.75,16.75,46,92.25,0.53237
1020,434.75,131.25,28.25,56.25,0.53221
1020,296.25,271.75,33.5,67,0.53205
1020,419.75,334,13.5,26.75,0.53205
1020,438.75,70.25,12.75,26,0.53175
1020,278,64.75,13.75,27.5,0.5317
1020,156.25,137.5,12.25,24,0.53163
1020,407.75,375.25,13,26.5,0.53144
1020,300.5,359,12.25,24.75,0.53138
1020,252.75,400.75,12.75,25.5,0.53121
1020,269,361.75,15.5,31.25,0.53109
1020,597.5,331.5,13,26.25,0.531
1020,332.75,394.5,14.25,28.5,0.53084
1020,152.25,341,11.75,23.5,0.53079
1020,236.5,82.25,13.5,27,0.53072
1020,133.25,426.5,14.5,28.75,0.53057
1050,470.5,389.5,13.25,26.5,0.57395
1050,220.5,378.5,14.5,29,0.56036
1050,103.25,385,13.25,26.75,0.56027
1050,189.5,400.25,13.25,26.5,0.55731
1050,236.25,365.25,14,28.5,0.55346
1050,197.5,401.5,14.5,29,0.55294
1050,412.75,393.25,14,28,0.55045
1050,585,213.75,23,45.75,0.54924
1050,437.5,377,14.5,29,0.54641
1050,359.75,403,12.75,25.5,0.54485
1050,172.5,44.5,16,32.25,0.54475
1050,149.75,54.5,13.25,26.5,0.54464
1050,294.5,64.75,12.5,25.25,0.54311
1050,200.25,169.75,96.75,193.5,0.54226
1050,404.25,374.25,13.75,27.75,0.54223
1050,627,231,12.75,25.5,0.54211
1050,458.75,379.5,12.75,25.5,0.54121
1050,252.75,410,14.75,29.75,0.54111
1050,458,55.75,12.5,24.75,0.54009
1050,412.25,374,13,25.75,0.5385
1050,396,373.25,14.75,29.25,0.53822
1050,604,367,15.5,30.75,0.53819
1050,49,72.75,15.75,31.5,0.53772
1050,424,382.5,12.5,25.25,0.53704
1050,166.25,364.25,12.5,24.75,0.53703
1050,420.25,395.25,15,30.25,0.53678
1050,430.25,380.25,12.75,25.5,0.53665
1050,284.5,360.75,21.25,42.25,0.53663
1050,379.5,317.25,17.75,35.5,0.53599
1050,325,383.75,13.75,27.25,0.5359
1050,214,413.25,12.75,25.25,0.53582
1050,170.5,201.5,19.25,38.5,0.53546
1050,302.25,372.5,14,28,0.53493
1050,503.25,376,12.5,25.5,0.53441
1050,620,392,12.5,25,0.53422
1050,196.25,375.75,15.75,32,0.5342
1050,461,388,14.25,28.5,0.53411
1050,397,313.75,19.5,39,0.53395
1050,412.25,364.25,13.25,26.5,0.53329
1050,316.25,44.75,12.75,25.25,0.53329
1050,226.75,369,17.5,34.75,0.5332
1050,229.75,382.25,13.5,27,0.53306
1050,236,391.5,15,30,0.53233
1050,311,372.25,13.25,26.5,0.53228
1050,456.75,37,12.5,24.75,0.53196
1050,620,399.25,12.5,24.75,0.5319
1050,164.5,49.25,15,30,0.53179
1050,124.5,410.25,12.5,25.25,0.53177
1050,180.5,44.25,14.5,29,0.53172
1050,156.25,52.5,12.5,25,0.53145
1050,540.25,340.25,13.75,27.25,0.5309
1050,180.5,402,15,29.75,0.53066
1050,276,59.75,12.75,25.25,0.5306
1050,604.25,297.75,15,30.25,0.53029
1050,196.5,410.25,15.5,31,0.53014
1080,268.75,45.5,14.25,28.75,0.553
1080,156.25,36.25,14.75,29.25,0.55177
1080,300,16.25,15.5,31.25,0.55007
1080,296,394.25,12.5,25.5,0.5499
1080,248.75,43.5,29.25,58.5,0.54914
1080,244.5,43,14.75,29.25,0.54878
1080,164.25,42,15.5,31,0.54844
1080,184.75,32.5,31.5,63.25,0.54586
1080,212.25,56.5,16,32,0.54305
1080,509.5,434.75,18.25,36.25,0.543
1080,307.75,41.25,16.75,33.25,0.54286
1080,512.5,9.75,17,33.75,0.542
1080,235.5,44.5,15.75,31.25,0.54077
1080,22,376,26.75,53.25,0.53962
1080,201,25,12.5,25,0.5395
1080,252.25,43.75,13.25,26.75,0.53925
1080,12.5,397.25,13.25,26.5,0.53721
1080,229.5,379.25,14,28,0.53701
1080,244.75,368.25,14.75,29.5,0.53667
1080,224.25,173.75,32.25,64.5,0.53661
1080,197.5,74.5,14.25,28.75,0.53654
1080,260,304.75,13.5,27.25,0.53519
1080,498.5,35.25,12.75,25.25,0.53464
1080,449.75,33.25,19.25,38.75,0.53456
1080,155.25,48.75,16.75,33.5,0.53453
1080,477,364.25,13,26,0.53418
1080,43.5,74.25,15.75,31.75,0.53405
1080,56.5,124.25,12.5,25,0.53397
1080,149,383.25,11.75,23.5,0.53369
1080,305.75,16,16.25,32.5,0.53365
1080,210.75,317,11.5,23,0.53337
1080,366,379.75,14,28.25,0.53334
1080,388.25,367.5,13,26,0.53288
1080,355.25,387.25,12,24,0.5327
1080,176.75,21.25,13,26,0.5326
1080,137.25,417,12,23.5,0.53139
1080,275.75,47.75,17,34.25,0.53128
1080,205,60.75,14.25,28.75,0.5312
1080,262,379,13.5,26.75,0.53052
1080,435.75,386,16.5,33,0.53013
1080,433,360.5,11.75,23.75,0.53004
1110,467.75,415.75,15.75,31.75,0.57276
1110,134.5,406.5,12.5,25,0.55795
1110,266.75,57.5,15.5,30.75,0.55057
1110,215.75,43.5,14,27.75,0.54653
1110,203.25,30.5,13.25,26.5,0.54538
1110,141.5,46.5,12,24.25,0.54485
1110,212,56.5,13.25,26.25,0.54458
1110,322,24.75,13,26,0.54457
1110,190.75,391,13.75,27.5,0.54324
1110,276,189.25,24,48.25,0.54298
1110,292,355.5,15,30,0.54245
1110,564.5,64.5,13.25,26.75,0.54131
1110,67.75,124.75,12.25,24,0.53948
1110,357.5,431,12.5,25.5,0.53932
1110,348.25,363.75,14.5,29.25,0.53926
1110,137,349.25,13.75,27.5,0.53907
1110,376,342,12.5,25.25,0.53904
1110,231.5,32.5,12,24.25,0.53904
1110,624.5,56,16.75,33.5,0.53887
1110,461.25,216.25,11.75,23.75,0.53839
1110,243.75,350.5,44.25,88.5,0.53704
1110,439,365.75,13,26,0.53665
1110,268.75,419.75,14.75,29.25,0.53653
1110,569.5,395.75,12.5,25.5,0.53642
1110,277.25,175.75,42.75,85.5,0.53635
1110,323.75,367.75,18,36,0.53579
1110,238,415.75,12.5,25,0.53545
1110,29,66.75,16.25,32.25,0.5352
1110,255,334,47,94,0.53456
1110,567.5,415.75,12.25,24.75,0.53424
1110,231.75,44,13.25,26.25,0.53376
1110,333.25,362.75,13,25.75,0.53327
1110,386.5,174,15.5,31.25,0.53317
1110,248.75,231,11.5,23,0.5331
1110,567.75,373,21.75,43.5,0.53256
1110,149,22,15.75,31.75,0.53179
1110,308.25,417,13,26.25,0.53133
1110,425,347,19.25,38,0.53078
1110,498.5,386,13,25.75,0.53058
1110,431,366.25,11.75,23.75,0.53034
1140,157.25,35.5,13.75,27.75,0.55974
1140,205.75,76.75,13.25,26.5,0.55066
1140,215,37.5,13.5,27.5,0.54382
1140,583.25,61.25,13,26,0.54162
1140,88.75,61,11.5,23,0.53957
1140,391.75,193,13.75,27.75,0.53859
1140,315.75,10,12.75,25.25,0.53763
1140,376.5,231.5,16,32,0.53577
1140,470.5,221,12.75,25.5,0.5357
1140,157.25,76.5,12.25,24.25,0.53448
1140,309.25,368,15,29.75,0.53375
1140,377.5,413.5,13.25,26.5,0.53329
1140,467.5,44,14.75,29.75,0.53316
1140,180,63.25,16,32.25,0.53312
1140,296.5,8.25,12,24,0.53308
1140,300.25,375.75,14.25,28.25,0.53307
1140,345,170.5,49.5,99.25,0.53287
1140,232,75.25,12.25,24.5,0.53229
1140,508.75,436.75,12.25,24.25,0.53197
1140,119.25,33.5,12.75,25.5,0.5316
1140,151,24.25,12.75,25.5,0.53158
1140,325.5,443,15,30.25,0.53076
1140,164.25,30.75,14,27.75,0.53074
1140,-4.25,79.75,33.25,66.25,0.53072
1140,313.75,185.25,12.75,25.5,0.53032
1170,246.25,79.25,13,26.25,0.55074
1170,332.5,5.25,12,24,0.54711
1170,213.25,424.75,14,28,0.54306
1170,596,120.25,14.25,28.25,0.54133
1170,309,370.75,15.5,30.75,0.54112
1170,597.25,60.25,13,26.25,0.53903
1170,319.5,235,13,25.75,0.53832
1170,46.75,127,14.25,28.75,0.53793
1170,196.25,47.5,14,28,0.53743
1170,396.25,379.75,12.5,24.75,0.53378
1170,239,7.5,13.5,26.75,0.53369
1170,315.25,231.25,14.75,29.25,0.53356
1170,116.5,33.75,12,23.75,0.53215
1170,313.75,361.5,53.75,107.5,0.53183
1170,468.25,44.25,16,31.75,0.53175
1170,102.75,193.75,15.75,32,0.53162
1170,351.25,22,14.5,29,0.53158
1170,80.5,36.75,12,23.75,0.53144
1170,113.5,161.25,151.25,302.25,0.53144
1170,313.25,29.5,12.75,25.75,0.53098
1170,150.25,171.5,16.75,33.75,0.53094
1170,325.75,190.75,12.5,24.5,0.53085
1170,285,411.75,28.25,56.75,0.53056
1200,275.75,62,13.5,26.75,0.57048
1200,155.75,340.75,15,29.75,0.56089
1200,92.5,49.5,13.25,26.5,0.54578
1200,246.25,64.25,14,28.25,0.54493
1200,172.5,49.25,12.25,24.5,0.5427
1200,533,430.25,13.25,26.5,0.54197
1200,75.5,261.5,13.75,27.25,0.54006
1200,381.75,428.5,14.5,29,0.53963
1200,292.25,148,12,24,0.53961
1200,192,338.5,11.75,24,0.53902
1200,299.5,254,16.25,32.5,0.53568
1200,436.25,425.75,12,23.75,0.53372
1200,580.25,311,12.5,24.75,0.53314
1200,465.5,176.25,52.5,105,0.5327
1200,36.25,353.75,12,24.5,0.53134
1200,253.75,57,14,28.5,0.53122
1200,140.75,253,11.5,23,0.5307
1200,615.75,59.25,12.75,25.5,0.53052
1200,187.75,49.75,13.5,26.75,0.53047
1200,550.25,433.75,13,25.75,0.53043
1200,186.25,325,18,36.25,0.53003
1230,227.5,91.75,12.75,26,0.55311
1230,183.5,393.25,12.75,25.5,0.55177
1230,115.5,417.25,16.75,33.5,0.5513
1230,334.25,295.5,12.75,26,0.54973
1230,396.25,22.75,12.25,24.25,0.54885
1230,513.25,351.25,60.75,121.25,0.54867
1230,195.5,85.75,13.25,26,0.54801
1230,309.75,423.25,13,26,0.54773
1230,562.25,253,18.25,36.75,0.54436
1230,251.5,78.75,17.5,35.25,0.54421
1230,546.25,188,52.5,105,0.54301
1230,157.25,376,13.25,26.5,0.54214
1230,324.5,279,13,26,0.54178
1230,541.5,348.25,63,125.75,0.54173
1230,277,387.5,15,30,0.54083
1230,133.5,57.5,14.75,29.75,0.54037
1230,189.5,55.5,25.75,51.25,0.53978
1230,197.25,317.25,14.25,28.75,0.53939
1230,290.5,32.25,12.25,24.5,0.53913
1230,172.5,86.5,12.5,25.25,0.5391
1230,68,282.5,14.25,28.25,0.53829
1230,310.25,391,13.5,27.25,0.53787
1230,74.5,111.25,13.5,26.75,0.53637
1230,568.75,413.75,30.5,60.75,0.53516
1230,334,276.5,13.75,27.25,0.53396
1230,136.75,29,11.5,23,0.53378
1230,380.5,376,12.25,24.25,0.53366
1230,406,443.5,14.25,28.5,0.53363
1230,508.75,369,11.5,23,0.5336
1230,595.75,432.25,14.25,28.25,0.53348
1230,394.75,310.75,12.75,25.75,0.53317
1230,313.25,17.75,15,30.5,0.53313
1230,182.75,86.75,13.25,27,0.5329
1230,144.5,414.75,11.75,23.5,0.53264
1230,179.25,391.25,14,28.5,0.53252
1230,359.5,151.25,12.75,25.75,0.53214
1230,124.25,403.5,12.5,25,0.53194
1230,327.5,288.5,13,25.75,0.53187
1230,380.5,25.25,15.5,31,0.53137
1230,598.5,312.75,12.25,24.5,0.53122
1230,620.5,324.75,11.75,23.5,0.53116
1230,228.25,280.5,12.25,24.5,0.53014
1230,124.5,59.5,14.5,29.5,0.53006
1260,293.25,348.5,13.75,27.75,0.56612
1260,461.5,435.5,13.25,26.5,0.55699
1260,262,73,13.75,27.5,0.55665
1260,183.5,64.25,13.25,26.25,0.5559
1260,236.25,90.5,11.75,23.5,0.55355
1260,218.5,65.75,26.75,53.5,0.55336
1260,91.25,205.5,13.25,26.5,0.55032
1260,196.75,389,14.5,29,0.54857
1260,613.25,367.5,13.25,26.5,0.54722
1260,69.75,412,13.5,26.75,0.54717
1260,167.5,418.5,13.75,27.25,0.5471
1260,235.5,68.75,13.5,27,0.54653
1260,598.25,361.5,13,26,0.54511
1260,284.5,332,15.5,31,0.54495
1260,156.75,387.5,14,28,0.54392
1260,253.25,355.5,13.75,27,0.54385
1260,564.75,354.5,15,29.5,0.54266
1260,468,329.25,13,26.25,0.54264
1260,165.25,374.75,13.25,26.75,0.54144
1260,363.5,319.75,17.75,35.75,0.5402
1260,550.25,414.5,13.5,26.75,0.54
1260,140.5,6.5,23.25,46.5,0.53898
1260,116.75,425.5,14.25,28.75,0.53877
1260,180.75,43.5,17.25,34.5,0.53819
1260,-3.75,98,31.25,62.5,0.53816
1260,333,269.75,19,37.75,0.53754
1260,616.25,321.5,12.25,24.5,0.53663
1260,588,364.25,15.75,31,0.53656
1260,340.75,393.5,15,30,0.53632
1260,285,348.25,14,28.25,0.536
1260,376.5,110.75,12,23.5,0.53562
1260,332.75,330.75,15.75,31.25,0.53545
1260,316,32.5,13.75,27.25,0.5352
1260,620.75,380,12,24,0.53474
1260,69.25,59.25,15.25,30.5,0.53465
1260,205.25,308.75,14,27.75,0.53409
1260,189.25,290.25,13,25.75,0.53408
1260,116.75,46.25,11.75,23.5,0.53397
1260,619,320.5,14,28,0.53392
1260,183.5,391.25,12.75,25.25,0.53372
1260,443,385,16.25,32.5,0.53343
1260,140.5,368.5,14.75,29.5,0.53313
1260,459,349.5,16.5,32.5,0.5325
1260,388,417.5,16,32,0.53248
1260,428.75,168,17.25,34.25,0.53245
1260,3.75,78.25,17,34,0.5321
1260,211.25,344.25,17.75,35.5,0.53201
1260,300.5,356.25,13,26,0.53126
1260,140.5,62.25,12.25,24.25,0.53119
1260,413.5,317.75,13.75,27.5,0.53103
1260,348,316.5,16.25,32.5,0.53096
1260,150.75,30,15,30.25,0.5309
1260,327.5,28,12.5,24.5,0.53076
1260,156.75,83.5,14.75,29.25,0.53029
1260,304.75,334,18.25,36.25,0.53016
1290,212.5,72.75,15,30,0.57059
1290,372.75,338.5,15,30.25,0.55907
1290,597,391.5,13,26.25,0.55739
1290,231.5,75.5,12.5,25.5,0.5568
1290,325,396,15.5,31,0.55467
1290,181.25,331.5,13.25,26.25,0.55222
1290,220.75,386.75,14.75,29.5,0.54937
1290,613,411.5,14.25,28.75,0.54703
1290,133.75,9.75,19.5,39,0.54694
1290,103.5,20.25,13,26.5,0.54659
1290,165.5,354.75,13.75,27.5,0.54564
1290,357.5,362.75,15,30.25,0.54558
1290,340.5,351.75,15,30,0.5453
1290,325,348.5,15,30,0.54478
1290,603.5,413.75,16.25,33,0.54461
1290,396.75,380.5,14.75,29.5,0.54461
1290,410.25,171.5,36.75,73.25,0.54419
1290,229.5,352,12.5,25,0.5431
1290,516,371.5,15.25,30.5,0.54269
1290,76.5,44,12.75,25.5,0.5423
1290,227.75,66.5,14,27.75,0.54126
1290,115.75,365.75,17.25,34.5,0.54111
1290,446.25,360.5,12,24.25,0.5411
1290,188.25,91.5,13.25,26.75,0.54069
1290,260.75,378.5,15.25,30.5,0.54064
1290,164.25,395.5,16,32,0.53978
1290,39.75,97,13.5,27,0.53974
1290,149.5,425,14,28,0.53971
1290,220.25,65,16,32,0.53934
1290,235.75,288.25,13.75,27.5,0.53933
1290,15.25,72.75,11.75,23.5,0.53872
1290,196.75,411.25,15,29.75,0.53852
1290,460.5,428.75,14.75,29.5,0.53852
1290,373.25,389.25,13.5,27,0.53815
1290,247.75,33.5,12.5,25.25,0.53792
1290,524.75,367.5,13.5,27,0.53783
1290,138.75,402.5,14.75,29.5,0.5378
1290,564.5,355.25,15,30,0.53778
1290,196.25,328.25,15.75,31.75,0.5376
1290,116.5,396.75,16.5,33,0.53716
1290,172.75,330.5,15.5,31.25,0.53708
1290,324.75,363.25,15.75,31.5,0.53636
1290,132.5,42.5,15.25,30.5,0.53634
1290,493,357.75,14.5,28.75,0.53614
1290,309,387.25,15.25,30.5,0.53602
1290,236.75,428.5,14.5,29,0.53544
1290,102.5,369.75,15,30,0.5351
1290,108.75,382.5,14.25,28.25,0.53507
1290,401.5,343.5,21.25,42.75,0.53505
1290,486,356.5,15,30,0.53497
1290,412.5,362,12.75,25.75,0.53454
1290,492,150.25,12.5,25,0.53444
1290,124.75,400.25,16,32,0.53406
1290,388,343.75,18.25,36.5,0.53404
1290,332.75,334.5,15.5,30.75,0.53396
1290,269.5,415.25,13,26,0.53378
1290,452.5,422.75,13,26.25,0.53377
1290,356.5,410.5,14.75,29.5,0.53359
1290,64.25,362.5,11.75,23.75,0.53338
1290,549,423.25,13,26,0.53315
1290,89.75,19.75,13,26.25,0.53283
1290,500.5,374.25,13.75,27.25,0.53272
1290,254,304.5,13,26,0.53262
1290,220.5,275.75,13.75,27.5,0.53248
1290,299.75,346.75,15.5,31,0.53246
1290,156.5,412,15,30,0.53246
1290,348.25,364.25,14.75,29.25,0.53212
1290,84.5,410,15.5,31,0.53192
1290,309,341.25,15.5,30.75,0.53189
1290,300.75,400.5,16,32.25,0.53158
1290,299.5,360,16,32,0.53153
1290,411.5,382.25,17.25,34.5,0.53088
1290,396.5,366.25,14,28,0.5308
1290,133.5,390.5,13.5,26.75,0.53077
1290,285.25,362.5,13.75,27.5,0.53067
1290,489.5,156.25,12.5,25,0.53065
1290,461,372,14.25,28.75,0.53063
1290,310,316.75,14,28.5,0.5302
1320,501.75,440,13,25.75,0.58708
1320,125.25,414.75,14,28.25,0.55889
1320,604.5,419.25,14.75,29.5,0.55812
1320,540,431.75,14.5,29,0.5581
1320,237,386,13.75,27.75,0.55707
1320,524.5,407.5,14.75,29.5,0.55569
1320,524.75,435.25,15,29.75,0.55472
1320,133,362.5,15.25,30.5,0.55441
1320,124.25,384.75,15,29.75,0.55302
1320,44.5,418.5,14.25,28.75,0.55273
1320,468.75,385.5,14.75,29.5,0.55256
1320,581.25,280,13.25,26,0.55229
1320,68.5,375.25,14.75,29.5,0.54907
1320,269,318.5,13.5,27.5,0.54754
1320,452,357.75,12.75,25.75,0.5467
1320,149,358.25,13.5,27,0.54663
1320,397.25,416.75,13.25,26.75,0.54637
1320,260,398,14.75,29.5,0.54595
1320,147,340.25,17.75,35.5,0.5458
1320,83.5,38.25,14.5,29.25,0.54461
1320,101.75,405.5,13,26,0.54435
1320,245.25,299,13.75,27.5,0.54362
1320,253.75,266,13.75,27.5,0.54321
1320,172.25,346.5,16.25,32.75,0.54319
1320,365.25,406.75,14.5,29,0.54251
1320,284.5,332.25,14,28.25,0.54231
1320,332.75,314.75,15.5,30.75,0.54205
1320,21.25,396,15,29.75,0.54197
1320,245.75,53.5,14.25,28.5,0.54183
1320,394.75,394.25,18.5,37,0.54175
1320,364.25,415,16.25,32.5,0.54171
1320,476.75,145.25,67.5,135,0.54068
1320,75.75,372.75,14.5,28.75,0.54063
1320,237.25,318.5,13.25,26.25,0.5405
1320,268.75,306,11.5,23.25,0.53882
1320,180.75,349,15,30,0.53858
1320,430,363.5,13.75,27.5,0.53843
1320,37.5,408.25,13.5,27,0.53841
1320,262,415,13.25,26.25,0.53829
1320,212.25,298.25,15.5,30.75,0.53826
1320,164.5,363.25,15,30,0.53787
1320,148.5,368,12.5,25,0.53746
1320,212.25,315.25,15.25,30.5,0.53679
1320,252.5,376,15.75,31.5,0.53632
1320,364.25,353.75,12.5,25,0.53628
1320,483.75,230.25,24.5,49,0.53612
1320,268.75,414,13.5,27,0.53592
1320,428.5,431.25,12.75,25.25,0.5354
1320,524.75,378.25,15,30.5,0.53531
1320,437.25,362.25,15,30.25,0.53497
1320,278.25,287.75,13.5,27,0.53497
1320,99.75,370.5,15.75,31.25,0.53441
1320,179.5,361.25,15.75,31.25,0.5341
1320,589.5,279.5,12.75,25.5,0.53402
1320,261,373,14.75,29.75,0.53385
1320,196.75,411.75,14.25,29,0.53336
1320,357,375.25,14,28.5,0.53293
1320,197.25,333.5,14.25,28.25,0.53291
1320,174.75,52,13,26,0.53286
1320,221,301.25,13.75,27.25,0.53276
1320,253.25,403,14.75,29.25,0.53274
1320,116.75,404,14.5,28.75,0.53255
1320,388,423.25,15.5,30.5,0.53199
1320,220.25,360,15.75,31.5,0.53196
1320,428.5,309.75,13.25,26.5,0.53183
1320,373.5,358.25,13.25,26.5,0.53169
1320,613.25,242,13,26.25,0.53155
1320,406.75,379.5,16,32,0.5315
1320,522.75,147,60,120,0.53142
1320,508.75,378.5,14.5,29.25,0.53134
1320,300,353.5,15.75,31.25,0.53124
1320,414.5,450.5,11.75,23.75,0.53114
1320,541.75,407.25,14,27.75,0.53098
1320,69.5,381.5,13.75,27.5,0.53091
1320,594.75,414.75,17,34,0.53069
1320,561.5,20,19,38.25,0.53013
1320,309.5,418.25,14.25,28.5,0.53006
1350,539.75,385,15,30.25,0.5742
1350,269,395.5,15,30,0.57157
1350,494.25,343.75,12.5,25,0.5633
1350,539.75,428.75,13.5,26.75,0.56151
1350,252.25,324.75,13.75,27.5,0.55763
1350,476.75,371.25,15.25,30.75,0.55598
1350,219.75,47,13,26,0.5535
1350,588.5,391,12.75,25.75,0.55313
1350,260,400.75,15.75,31.5,0.55295
1350,173.25,307.5,14.5,29.25,0.55159
1350,325,415.5,12.75,25.25,0.55121
1350,148.75,358.75,14.75,29.75,0.55054
1350,332.25,360.5,12.5,25.25,0.55044
1350,525,366.25,13.5,27,0.54997
1350,445.25,386,13.25,26.75,0.54967
1350,612.5,400.75,15.25,30.25,0.54899
1350,350,295,16.5,32.75,0.54847
1350,348.75,376.5,12.5,25.25,0.54813
1350,403.25,432.5,15.75,31.75,0.54753
1350,364.75,390.75,13,26.25,0.54723
1350,508.75,361,14.5,29,0.54689
1350,427.75,310.25,13,26.25,0.54686
1350,236.5,395.25,14.25,28.25,0.54629
1350,373.5,426.25,15,30.25,0.54604
1350,180.75,339.75,14,28,0.54478
1350,276,49,13.25,26.25,0.54447
1350,150.75,50.75,14.5,28.75,0.5432
1350,116,39.25,12.5,25,0.54306
1350,492.25,343.5,12.5,25.25,0.54305
1350,155.75,368.5,16.25,32.25,0.54238
1350,220.5,368.5,16.25,32.5,0.54211
1350,62.25,312,11.75,24,0.54197
1350,268,316.5,17.25,34.75,0.54186
1350,132,47.75,13,25.75,0.54108
1350,246.75,55.25,13,25.75,0.54081
1350,245.25,330.25,15,30,0.5407
1350,22.5,328.25,12.5,25,0.54061
1350,381.75,399,13.5,26.75,0.54035
1350,139.75,366.5,16.75,33.25,0.54018
1350,372.75,408.75,15.5,31,0.54017
1350,252.5,391.25,13,26.25,0.54016
1350,236.75,78,11.5,23,0.53964
1350,396.5,428.25,14.25,28.25,0.53944
1350,213.75,405.25,13.5,27.25,0.53814
1350,580.75,395.25,15,30.5,0.53792
1350,123.75,46.25,13.5,26.5,0.53756
1350,303.75,401.25,12.5,25,0.53694
1350,317.5,380.25,14,28.25,0.53679
1350,220.25,305.5,14.25,28.25,0.53669
1350,212.5,416.75,15.5,30.75,0.53658
1350,278,72.75,13,26,0.53653
1350,371.75,385.25,13,26.25,0.53594
1350,13,339.25,15,29.75,0.53584
1350,454,400.75,12.75,25.25,0.5356
1350,427.25,302,12.75,25.75,0.53535
1350,260.5,309.75,14.25,28.75,0.53525
1350,278,198.25,12,24.25,0.53524
1350,264,47.25,14,27.75,0.5351
1350,402.75,121.25,16.75,33.5,0.535
1350,196.75,341.25,14.5,29.25,0.53498
1350,108,344.25,12.25,24.25,0.53476
1350,164,56.5,15.5,31,0.53475
1350,508,426,15.25,30.75,0.53471
1350,604.5,420,14.5,29,0.53433
1350,102.75,35,14,28.25,0.53421
1350,197.5,40.25,13.25,26.5,0.53382
1350,211.25,298.75,17.25,34.75,0.53372
1350,421.25,389.25,14,27.75,0.53353
1350,134,327.25,12.5,25,0.53333
1350,-6.5,124.5,52.75,105.5,0.53329
1350,259.75,27,19.5,39,0.53326
1350,59.75,395,16,32.25,0.5332
1350,311.75,328,12,24.5,0.53307
1350,212.5,426,15.25,30.5,0.53301
1350,397.75,351,13,26,0.5329
1350,238,36.5,14.25,28.25,0.53288
1350,275.75,344,17.5,34.75,0.53287
1350,84.5,419.75,15.5,31.5,0.53274
1350,461.5,109.75,14.5,29.25,0.53273
1350,206,414.75,13.25,26.5,0.53269
1350,389,388.75,14,27.75,0.53258
1350,412.25,432,14.25,28.25,0.53251
1350,379.5,166,148.25,296.5,0.53226
1350,196.25,320.5,16.25,32.5,0.53216
1350,421.5,424.25,14.25,28.5,0.53183
1350,20,296.25,12.5,25,0.53139
1350,564.5,398,15,29.75,0.53121
1350,212.25,320.25,16,32.25,0.53103
1350,406.75,316.75,13.5,26.75,0.531
1350,581,376.25,12.5,25.25,0.53089
1350,63.75,310.75,12.5,25,0.5308
1350,196.25,80.5,12.25,24.5,0.53033
1350,229.5,310.75,13.5,27,0.53014
1350,187.75,297.25,14.25,28.25,0.53008
1350,285,337.5,15,30.25,0.53003
1380,116,364.5,13.25,26.5,0.55715
1380,53,389.25,13.75,27.5,0.55417
1380,516.25,423.75,14.25,28.25,0.55339
1380,60.25,397,15.5,31,0.55287
1380,261.5,318.5,12.75,25.5,0.54458
1380,131.5,62,17.25,34.5,0.54438
1380,256.5,396.25,12,24,0.54412
1380,109,33.25,12.75,25.5,0.5438
1380,75.75,401.25,16,32.25,0.54296
1380,380.5,425.25,15.75,31.75,0.5425
1380,567,395.75,13.25,26.25,0.54242
1380,116.5,399,15.75,31.75,0.54234
1380,500.75,416.25,15.75,31.75,0.54169
1380,381.5,401.5,15,30,0.54075
1380,196.75,388,14.75,29.5,0.53839
1380,108.75,369.5,13.5,27,0.53836
1380,60.25,31,13,26.25,0.53836
1380,124.75,67.75,14.5,29,0.53806
1380,124.5,362.75,14.75,29.5,0.53794
1380,155.75,411.25,16.25,32.75,0.53788
1380,84.5,416.75,11.75,23.75,0.53706
1380,188.25,58.25,12.75,25.75,0.53613
1380,323.5,161.75,42,83.5,0.5358
1380,390,415.5,13.25,26.75,0.53579
1380,364,307.75,12.75,25.25,0.53528
1380,38.25,45.75,12.75,25.25,0.53501
1380,572,414.75,15,30,0.53428
1380,288.5,13.25,11.75,23.75,0.53412
1380,61,20.5,16.25,32.5,0.53405
1380,116.25,382.25,16.25,32.25,0.53396
1380,99.5,41.25,14,27.75,0.53349
1380,100.5,408.25,12.25,24.5,0.53327
1380,375,412,14,27.75,0.53322
1380,227.75,391,13.5,27,0.53305
1380,172.5,43.25,14,28.25,0.53257
1380,180.75,10.25,17.5,35,0.5325
1380,212.5,410.75,15,30,0.53242
1380,150,76.25,12.25,24.75,0.53203
1380,279,23.25,13.5,27,0.53191
1380,510,125,12.75,25,0.53187
1380,163.5,416.25,17.25,34.5,0.53177
1380,294.25,403.5,14,28,0.53149
1380,59.75,376,12.25,24.75,0.53114
1380,626,27.75,15,30,0.53101
1380,524.5,429.75,12.5,24.75,0.53086
1380,436.5,368.75,12,23.5,0.53054
1380,140,366,15,29.75,0.53044
1380,252.5,17.5,12.5,25.25,0.53025
1380,153.25,76.25,12.25,24.5,0.53016
1380,168.5,76,12.25,24.25,0.53001
1410,445.25,356.25,14,28.25,0.55715
1410,211.25,45,17.25,34.5,0.55617
1410,472.5,403.5,12.25,24.75,0.55188
1410,107.75,35.5,13.75,27.5,0.54968
1410,220.25,44,15.25,30.5,0.54906
1410,156.25,25.25,15.25,30.5,0.54889
1410,555.75,429.75,13.75,27.25,0.54531
1410,579,6,23.5,47.25,0.54336
1410,228.75,42.25,15.5,31,0.54324
1410,280.5,24.75,12.25,24.5,0.54226
1410,460.25,396,12.25,24.25,0.54184
1410,436,363.5,14.5,29,0.54108
1410,124.25,43.25,12.75,25.25,0.54079
1410,285,349,15,30,0.5406
1410,446,70,26.25,52.75,0.54016
1410,78.75,369.75,14,28,0.54004
1410,388.5,347.25,13,26,0.53906
1410,493.5,246.5,20.75,41.5,0.53775
1410,149,40.25,14.5,28.75,0.53732
1410,23.75,394.5,12.25,24.75,0.53709
1410,171.75,18,16.5,33,0.53702
1410,70.25,369.25,13.5,26.75,0.5368
1410,92.5,36.25,14.5,29,0.53663
1410,459.5,360,12.25,24.5,0.53614
1410,204.75,58.25,14.5,29.25,0.53603
1410,144.25,367.75,12.5,24.75,0.53548
1410,612,38.5,30.5,61,0.53538
1410,100.5,30.25,15.25,30.25,0.535
1410,152.25,300.5,12.25,24.5,0.53476
1410,397,431.25,13.5,27,0.53465
1410,435,51.75,14.75,29.75,0.53458
1410,564.5,412.5,14.75,29.75,0.53392
1410,37.25,393.75,13.75,27.25,0.53342
1410,35.25,183.75,137.75,275.5,0.53332
1410,118.75,347.75,13.25,26,0.53297
1410,588.25,27.25,46,91.75,0.53273
1410,540.5,431,12.75,25.25,0.53227
1410,17.5,397,11.5,23,0.53139
1410,547.25,389.25,16.5,33,0.53135
1410,476.75,364,12.25,24.25,0.53129
1410,411.75,336.5,14.75,29.5,0.53102
1410,44.25,400.25,14.5,29,0.53069
1410,301,350.5,15.25,30,0.53004
1410,76.5,12,12.75,25.5,0.53003
1440,269.25,56,13.75,27.5,0.55873
1440,376,209.75,13,26.25,0.55763
1440,249.5,21.5,27.25,54.75,0.55597
1440,277.25,401.75,14.75,29.5,0.55559
1440,247.5,55,13.5,26.75,0.55433
1440,173,382.25,14,27.75,0.55374
1440,598,422.25,13.25,26.25,0.55358
1440,125.25,401.75,14.25,29,0.55297
1440,277.5,55.25,13.5,27,0.55274
1440,373,430.25,14,28,0.55264
1440,187.75,334,13.75,27,0.55024
1440,-1.75,216.75,14.5,28.75,0.54974
1440,316.5,402,15.5,30.75,0.54968
1440,356.75,405.25,14.25,28.25,0.54944
1440,152.25,344.25,12.25,24.5,0.54912
1440,612.25,425.75,15.25,30.25,0.54807
1440,301.25,413.25,13.75,27.25,0.54649
1440,269,297.75,12.5,25,0.54614
1440,120,200.5,12.25,24.5,0.54561
1440,262.75,65.75,12.5,25,0.54423
1440,381.25,424.75,14.75,29.5,0.54415
1440,527.5,193.25,12.25,24.5,0.54394
1440,420.75,42.25,42.25,84.5,0.54311
1440,36.5,411,15,29.5,0.54285
1440,589,429.75,13.25,26.5,0.54257
1440,332.5,415.75,12.5,25,0.54245
1440,149.25,427,14,27.75,0.54233
1440,223.5,296,12.5,25,0.54105
1440,215,400.25,12.25,24.5,0.54053
1440,435.75,414.25,13.25,26.75,0.53919
1440,299.25,387,16.75,33.25,0.53847
1440,217.75,404,19.25,38.75,0.53824
1440,340.5,410.5,14.5,29,0.53761
1440,14.5,296.5,12.25,24.5,0.53746
1440,44.25,19,12.5,25,0.53697
1440,487.5,386.5,13,26.25,0.53652
1440,580.25,433.75,15.25,30.5,0.53623
1440,332.5,398,12.5,24.5,0.53611
1440,260.75,299.75,14,28.25,0.53588
1440,399,52.5,14.5,29.25,0.5358
1440,426.25,213,13,26,0.53522
1440,437.25,358.25,12.5,25.5,0.53457
1440,397,437.5,14.75,29.5,0.53456
1440,382,358.25,14.75,29.25,0.53455
1440,140,416.5,12.5,25,0.53389
1440,505,5.5,13.25,26.5,0.5334
1440,616.75,89.5,24.5,49,0.53338
1440,572.25,438.5,14,28,0.53278
1440,236.25,348.5,15,30,0.53242
1440,420,395.75,13.75,27.5,0.53241
1440,63.25,22.75,13,25.75,0.53209
1440,316.75,150.75,27.5,55.25,0.53203
1440,158.25,348.5,14,28,0.53195
1440,347.25,398,15,30,0.53184
1440,214.75,363.25,14,28,0.53179
1440,428,398,13,25.75,0.53141
1440,620.75,287.75,13.75,27.5,0.53121
1440,259.5,47.75,16.75,33.75,0.53105
1440,323,366.25,18,36,0.53095
1440,535.5,404,12.5,25,0.53047
1440,121.75,379.75,18.25,36.75,0.53038
1440,0,209.25,13,25.75,0.53014
1470,229.75,415,13.5,27,0.58287
1470,244.25,406,15.25,30.5,0.5534
1470,300.5,381.5,13.75,27.5,0.55141
1470,235.5,42.75,12.75,25.25,0.55097
1470,365,409,15.5,31,0.54861
1470,397,419.5,13.75,27.25,0.54194
1470,419.75,403.5,16.25,32.5,0.54157
1470,196.75,352,12.5,24.75,0.54139
1470,435.25,429.75,13.25,26.25,0.54081
1470,373.25,410.75,13.75,27.25,0.54052
1470,346.25,414.5,17.5,35.25,0.54042
1470,179,189.25,30.25,60.5,0.53986
1470,44.5,407,13.5,27.25,0.53965
1470,389.25,420.5,12.75,25.5,0.53903
1470,396.25,345.5,20.75,41.25,0.53898
1470,251.5,354.5,16.75,33.75,0.53846
1470,124,33.25,12.25,24.5,0.53769
1470,321.75,34.5,19.5,39,0.53763
1470,196,362.25,17.75,35.75,0.5376
1470,245.25,344.5,14,28,0.53697
1470,443.5,428.25,13.5,27,0.53682
1470,237,360.5,12.5,25.25,0.53408
1470,284.75,290.5,14.75,29.5,0.5336
1470,89,201,16,32,0.53305
1470,486.75,3,32,64,0.53303
1470,331.5,52.5,13,26.25,0.53183
1470,404.75,419.5,14.25,28.5,0.53176
1470,316.75,363,13,25.75,0.53172
1470,116.5,45.25,12.25,24.5,0.53169
1470,142.75,201,13.25,26.5,0.53134
1470,404.5,145.75,14.75,29.25,0.53087
1470,590.75,149.75,25,50,0.53084
1470,341.25,377.75,14.25,28.75,0.53079
1470,553.5,139,19.75,39.75,0.53032
1470,444.25,388.25,11.75,23.5,0.53032
1470,134.25,389.75,14,27.75,0.5301
1500,187.25,323.5,15.5,31.25,0.56808
1500,373,361.75,14.5,29.25,0.5567
1500,108.25,351,13,25.75,0.55065
1500,477.25,212.25,25.75,51.5,0.54836
1500,44.5,412.5,14.25,28.75,0.54781
1500,350,44,18.75,37.5,0.54642
1500,269.5,407.75,13,26,0.54236
1500,33.5,204.25,18.75,37.5,0.54196
1500,245.5,336.25,12.75,25.5,0.54182
1500,602.25,388.25,11.75,23.5,0.54103
1500,252.25,360.75,16.5,33.25,0.54098
1500,102.25,199.25,13.25,26.5,0.54091
1500,149.75,343.5,13,25.75,0.54079
1500,315.75,318,16,32.25,0.54065
1500,75.75,20.5,12.5,25,0.54002
1500,332.75,377.25,15.25,30.5,0.53867
1500,555.25,356.25,56,112,0.5384
1500,116.25,365.5,13.5,27.25,0.53777
1500,204,368,12.75,25.5,0.53765
1500,120.25,198,13.75,27.5,0.5373
1500,251.25,329.5,15.25,30.75,0.5369
1500,172.25,341.25,16,32,0.53548
1500,86.25,407.75,13,26.25,0.53532
1500,488.75,343,14.5,28.75,0.53481
1500,397.25,406,14.5,29,0.53481
1500,196,304.25,15.25,30.5,0.53474
1500,299.25,337.25,16.5,33.25,0.53472
1500,29.5,395,13,25.75,0.53471
1500,616,300.75,12.25,24.5,0.53395
1500,164.25,347.25,14.25,28.25,0.53355
1500,360.25,362.75,12,24.25,0.53297
1500,60.75,97.25,14,27.75,0.53257
1500,302.75,303,13.5,26.75,0.53249
1500,202.75,319.75,32.25,64.5,0.53209
1500,138.5,148.5,12,24,0.53199
1500,284.5,365,15.5,30.75,0.53145
1500,225.5,296,19,37.75,0.53141
1500,93,6.5,12.5,25.25,0.53091
1500,242.5,347.75,18.25,37,0.5308
1500,588.75,398.25,13.5,26.75,0.53036
1500,19,278.5,17.5,34.75,0.53035
1500,324,323.25,14.75,29,0.53032
1500,263.75,307.75,12.25,24.5,0.53009
1530,373.75,405,13,26,0.55748
1530,620,54.25,12.5,24.75,0.55675
1530,157,380.5,14.25,28.25,0.55339
1530,195.25,319.5,13,25.75,0.55294
1530,261,361.75,14.75,29.5,0.55282
1530,333.5,300.75,13.5,27,0.55166
1530,99.75,397.25,15.75,31,0.55059
1530,300.5,397.75,12.5,25.5,0.5477
1530,150.5,318.5,12.25,24.75,0.54746
1530,134.25,200.25,14.25,28.25,0.5465
1530,428.25,389.75,13.5,27,0.54616
1530,92.25,369.25,15.5,30.75,0.54526
1530,317.75,40.75,13,26,0.54523
1530,603.5,385.25,16.75,33.25,0.54522
1530,363.75,317.5,14,28,0.54446
1530,182,380,13,26,0.54429
1530,341,301,14.25,28.5,0.54421
1530,364,396.25,13.5,27,0.54371
1530,147.25,59.75,13,25.5,0.54319
1530,183,322.5,13,26,0.54279
1530,340.5,325,16.5,33,0.54276
1530,392,329.25,11.75,23.75,0.54227
1530,384,122.5,14.75,29.5,0.54189
1530,542.25,327.25,12.75,25.25,0.54137
1530,344,391.75,12.5,24.75,0.54136
1530,325.75,34.75,15,30,0.54093
1530,224.25,386,19.25,38.25,0.54031
1530,101.75,334.75,13.5,26.75,0.54029
1530,202.75,44,12.5,25.25,0.53988
1530,24.25,26.5,12.5,24.5,0.53964
1530,579.25,139.75,13.5,27,0.53933
1530,411.5,382.75,17.25,34.5,0.5384
1530,135,59.75,12.75,25.25,0.53811
1530,598.25,362.25,13.25,26.5,0.53807
1530,358.25,432.5,12.25,24.25,0.53747
1530,125.25,415.5,13.5,27,0.5373
1530,332.5,402,25.5,51,0.53696
1530,108,386.75,13.75,27.25,0.53658
1530,331,16.25,16,32.25,0.53644
1530,69,202,14,28.25,0.53517
1530,604.5,383.75,14.5,29,0.53489
1530,164.25,327.5,15.5,31,0.5347
1530,598.25,376.5,13.25,26,0.53419
1530,260.75,17.75,15.5,31,0.53405
1530,237.25,388.25,14.75,30,0.53388
1530,347,320.5,12.25,24.75,0.53384
1530,229,410.25,15,30,0.53366
1530,302.5,13.5,22.25,44.5,0.53363
1530,21,406.75,13,25.75,0.53314
1530,138.75,54.75,14.25,28.25,0.53314
1530,341.75,28.5,12.25,24.25,0.53296
1530,209.5,35.5,13.5,27,0.53247
1530,128,407.5,24.25,48.5,0.53242
1530,374.5,28.75,12,24,0.53235
1530,457.25,382.25,12,24.25,0.53232
1530,356.5,387.75,15.25,30.75,0.5322
1530,243.75,392.25,16.75,33,0.5322
1530,53.25,3.5,14,28,0.53219
1530,76,19.25,12.75,25.5,0.53201
1530,516.5,411,12.75,25.5,0.53199
1530,416.75,33,11.5,23,0.53156
1530,60.25,82,71,142,0.5313
1530,151.5,369.25,13.25,26.5,0.53123
1530,291.75,197.5,17.25,34.25,0.53119
1530,620,23.75,12.25,24.75,0.53088
1530,205,381,12,24.25,0.53075
1530,612.75,396,15,30.25,0.53069
1530,234.75,384.75,16.25,32.25,0.53068
1530,361.5,22.5,13.25,26.5,0.53063
1530,484.5,431.75,13.25,26.5,0.53062
1530,220,357,16.75,33.5,0.53048
1530,173.25,307.75,14.5,29.25,0.53047
1530,165,368.5,14,27.75,0.53047
1530,410.5,374.5,19.5,39,0.53029
1530,375.75,41.25,13,25.75,0.53025
1530,606.25,359.25,13.75,27.5,0.53015
1560,82,183.5,136.25,272.5,0.55346
1560,444,400.25,12.25,24.25,0.54661
1560,347.25,201,19.5,39,0.53524
1560,71,109,12,24,0.53422
1560,257,77.5,178,356.25,0.53391
1560,301,411.5,14.5,29.25,0.53282
1560,135,17.5,15.5,31,0.53247
1560,25,69,22.5,44.75,0.53217
1560,607.5,381.5,17.75,35.5,0.53177
1560,24.75,215,12,24,0.53138
1560,148.25,352.25,12,24,0.5306
1560,503.25,298.5,25.75,51.5,0.53049
1560,367.75,201.75,13,26.25,0.53023
1590,416,112.25,73.25,146.5,0.54939
1590,-21,97.5,180.75,361.25,0.5488
1590,212,25.75,12.75,25.25,0.54502
1590,181.75,196.25,21.75,43.75,0.54464
1590,330.5,113.5,14.5,28.75,0.54088
1590,478.25,143.5,13,26.25,0.53899
1590,288.5,182.5,11.75,23.5,0.53743
1590,439.75,3,12.5,24.5,0.53736
1590,363,4.5,14.75,29.25,0.53711
1590,305,32.25,12.25,24.75,0.53693
1590,381.5,8.75,14.5,29,0.53683
1590,428,6.75,26.75,53.5,0.53542
1590,133,359.5,12.75,25.75,0.53465
1590,204.5,358,13.5,27,0.53461
1590,316,355.75,12.5,25,0.53443
1590,422.25,201.75,26.75,53.5,0.53427
1590,453.75,205.25,33,66.25,0.53303
1590,212.25,356.5,13.5,27.25,0.53254
1590,602.75,62.75,12.75,25.25,0.53252
1590,389.25,5.25,14.5,29,0.53229
1590,244.75,119.75,16.25,32.5,0.53136
1590,485.25,357.5,13.5,27.25,0.53126
1590,156.5,29,14,28,0.53103
1590,605,408.25,12.75,25.25,0.53047
1590,284,352.75,16.5,33.25,0.53046
1590,302,363.5,13.5,27.25,0.53018
1590,570.5,405.5,13.75,27.75,0.53007
1620,99.75,16.25,15.75,31,0.55961
1620,332,117.5,12.5,25,0.55658
1620,390.75,4,12.5,25.25,0.55125
1620,116.5,16.5,16.25,32.25,0.54898
1620,151.25,27.5,12.75,25.75,0.547
1620,487.5,410.75,13,26,0.54678
1620,136.25,198.75,22.25,44.25,0.54557
1620,190.25,15.25,13,26.25,0.54493
1620,223.75,430.25,21.5,43.25,0.54307
1620,333.25,36,14.25,28.25,0.54274
1620,130.25,10.75,20,40.25,0.54045
1620,236.25,8.25,12.75,25.25,0.54011
1620,93.25,7,14,28.5,0.53885
1620,172.5,403.5,12.5,24.75,0.5382
1620,152.5,22,18.75,37.75,0.53681
1620,176,15,12.75,25.5,0.53567
1620,139.5,20,15.75,31.5,0.53457
1620,482.5,33,17,34,0.53432
1620,596,72.25,12.5,25,0.53319
1620,532.25,31.75,16.25,32.5,0.53311
1620,-1.75,164.25,13,26,0.53255
1620,366.75,100.5,18.25,36.5,0.5321
1620,500.75,29.5,14.75,29.75,0.53201
1620,182.75,12.25,14.25,28.25,0.53173
1620,81.25,198,13,26,0.53134
1620,90.5,156.75,14.5,28.75,0.53117
1620,480,413.75,13,26.5,0.53075
1620,550.75,206,34,68,0.53045
1620,304.5,191,13.25,26.25,0.53036
1650,325.25,30.5,13.25,26.25,0.55713
1650,478.5,1,13.75,27,0.548
1650,216.5,210,21.5,43.25,0.54697
1650,521.25,209.5,12,24.25,0.54667
1650,37,237.75,14.25,28.5,0.54601
1650,542.25,10.25,15,29.5,0.54456
1650,130.75,206.5,19.5,39.25,0.53724
1650,333.75,123.5,12.75,25.5,0.5366
1650,492.5,411.5,11.75,23.5,0.53607
1650,261.25,49.75,14.5,29.25,0.53576
1650,220.75,77.75,91.25,182.5,0.53526
1650,293.75,430.75,13.5,26.75,0.53515
1650,157.25,45.5,12.75,25.75,0.53502
1650,132.5,13.5,14.25,28.5,0.53405
1650,236.5,119.5,17.75,35.5,0.53377
1650,541.75,44.75,14.25,28.5,0.53348
1650,35.75,223.5,12.5,25.25,0.5306
1650,443,446.5,14.5,29.25,0.53056
1680,612,305.5,12.75,25.5,0.54669
1680,335,103.5,20.5,41,0.54197
1680,220.5,296,12.25,24.25,0.54167
1680,595.25,324.75,14.5,28.5,0.53847
1680,121.25,427.25,19,38.25,0.53833
1680,433,188,21.25,42.5,0.53742
1680,433,319,17,34.25,0.53666
1680,192.25,68,81.25,162.75,0.53624
1680,174.25,415,13.25,26.25,0.53501
1680,207,40.25,23.25,46,0.53493
1680,308.25,89.75,13,26,0.53463
1680,115.25,202.5,17.75,35.25,0.53345
1680,599.5,256,12.5,25.5,0.5327
1680,591,65.25,14,27.75,0.5326
1680,3.25,170,12.75,25.75,0.53239
1680,278.5,207.75,19,37.75,0.53208
1680,620.25,322,12.25,24.5,0.532
1680,516.75,16,12.5,24.75,0.5316
1680,162.5,45.25,12,23.75,0.53146
1680,248,141.75,19.25,38.25,0.53093
1680,604.5,184.25,13,25.5,0.53073
1710,86,284,13.5,27,0.58001
1710,28.25,353.5,16.25,32.5,0.56177
1710,164.5,428.25,15,29.75,0.55829
1710,292.25,401.25,16.5,33,0.54981
1710,611.25,353,16.5,32.75,0.54897
1710,533,284.25,14.25,28.75,0.54879
1710,148.5,302.25,15,30,0.54863
1710,166.25,296.5,12.75,25.5,0.54856
1710,476.75,427.75,13.75,27.25,0.54656
1710,116,282.25,16.25,32.5,0.54458
1710,605.25,343.5,13.25,26.5,0.54449
1710,36.5,354,15,30.25,0.54386
1710,332.75,393.25,16,31.75,0.54327
1710,348.75,195,13,25.75,0.54316
1710,389,414.25,15.25,30.5,0.54134
1710,453.5,280.25,13.25,26.75,0.5406
1710,501,415.75,15.5,31,0.53938
1710,534.5,176.5,14,27.75,0.53886
1710,334,362.25,12.75,25.5,0.53869
1710,148.75,316,13.5,26.5,0.53862
1710,181.25,429,14,28,0.53806
1710,569.5,312,28,55.75,0.53719
1710,316.75,183.5,23.5,46.75,0.53693
1710,172,440,17,34,0.53688
1710,556.75,360.5,13,25.75,0.53673
1710,381,404.25,14.5,29,0.5367
1710,316.25,12.25,12.75,25.5,0.53588
1710,133.25,331.5,14.5,28.5,0.53436
1710,-4.25,205,32.25,64.75,0.53264
1710,364.75,56.25,12.5,25,0.5323
1710,356.25,288.5,12.75,25.75,0.53191
1710,165.5,310.5,13.75,27.75,0.53046
1710,186.75,201.25,23,46,0.53043
1710,100.75,279.5,12.5,25,0.53007
