30,-1.5,52.5,12.5,25,0.54931
30,218.75,188.5,13.5,26.5,0.54461
30,333.75,405.25,13.5,26.75,0.54149
30,-1.5,37,12.75,25.5,0.54007
30,293.75,69,22.75,45.75,0.53921
30,301.25,206.5,15.75,31.25,0.53882
30,528.25,413,11.5,23,0.53842
30,465.75,185,13.25,26.5,0.53305
30,260.5,187,16.75,33.25,0.53251
30,109.5,175.25,18,36,0.53232
30,210.75,170.75,23,46,0.53077
30,219.25,162,27,54.25,0.53048
60,283.25,203.75,18.25,36.5,0.55203
60,504.25,122.5,14,27.75,0.53921
60,206.25,256.25,14.5,29,0.53804
60,130,32,13.5,27.5,0.5365
60,75,118.75,16.25,32.5,0.53621
60,453,166.5,33.25,67,0.53592
60,251.25,433.25,15.25,30.25,0.53307
60,574,162.5,15,30,0.5327
60,134.5,131.75,12.25,24.5,0.53229
60,291.5,208.5,15,30,0.53073
60,164.75,178.5,13.5,27,0.5305
90,572.25,65.5,12.5,24.75,0.55516
90,219.75,189,12.75,25.5,0.54343
90,130.75,191.75,17.5,34.75,0.53916
90,564,80.25,16,32.5,0.53859
90,293.25,68.25,23.75,47.5,0.53777
90,96.5,39.75,28.5,57,0.53582
90,208,170.25,24.25,48.25,0.53517
90,481.75,116.5,17,34,0.53487
90,171.25,53.25,13.75,27.75,0.53448
90,204.25,55.75,12,23.75,0.53347
90,262,203.25,22.5,45.25,0.53263
90,218.5,36.5,21.75,43.75,0.53261
90,212.75,393.5,15.25,30.75,0.53228
90,15,98.5,17.25,34.5,0.53224
90,340.5,264.75,15.75,31.75,0.53189
90,249.5,176.25,26.25,52.25,0.53146
90,517.25,95.5,13.25,26.5,0.53082
120,523,169,27.25,54.5,0.5465
120,219,188.75,13.25,26.5,0.54629
120,238,169,23.75,47.25,0.54312
120,210.75,173,22,44.25,0.54251
120,186.5,46,17.25,34.25,0.54056
120,215.5,35.75,22.25,44.5,0.53994
120,504.25,125.25,12.75,25.5,0.53819
120,291.25,256.75,15.25,30.75,0.53814
120,482,116.75,17,33.75,0.53662
120,5.25,67.25,15.25,30.5,0.53583
120,557.75,259,13.75,27.5,0.53579
120,43.75,64.25,34.75,69.5,0.53532
120,385.75,170.75,69.75,139.75,0.53334
120,220.25,165,27.25,54.5,0.53323
120,250.75,176.25,19.75,39.75,0.53186
120,418.25,101.75,16.25,32.25,0.53172
120,578.5,183,19.5,39.5,0.53153
120,134.5,133,12.5,24.75,0.53047
150,219.5,188.75,13.25,26.5,0.54403
150,-1.75,102,14,27.75,0.54064
150,574.75,164.75,14,28.25,0.53966
150,-4.75,3,38.75,78,0.53955
150,57.25,256.25,17.75,35.25,0.5364
150,582.75,40.75,58.25,116.5,0.53619
150,172.5,32,16.5,33,0.53584
150,504.75,124,13.75,27.75,0.53539
150,211.5,180.75,18,36,0.53435
150,419.75,259,14.5,29.5,0.53331
150,252,435,13,25.75,0.53328
150,185.5,3.25,12.5,24.75,0.53271
150,211.75,172.75,22.25,44.5,0.53196
150,565.75,321.5,13.25,26.25,0.5304
180,448.75,94.25,121.5,243,0.55368
180,332.75,19,11.5,23,0.53784
180,164,323.75,14.25,28.5,0.53762
180,130,153.5,19.25,38.25,0.53705
180,338.25,11.5,43,86,0.53653
180,14.25,98,17,34.25,0.53644
180,586.5,42.5,14.5,28.75,0.53621
180,350.5,9,13.5,27.25,0.53598
180,166.25,383,12.25,24.5,0.53579
180,22.75,417,12.25,24.75,0.53545
180,502.5,288,12.25,24.5,0.53524
180,100.25,17.75,14,28.25,0.53461
180,137.25,168,76.5,152.75,0.53358
180,220.25,225.5,44.25,88.5,0.5324
180,295.25,137,11.5,23,0.53062
180,163.75,436.5,16.25,32.25,0.53005
210,585.5,42.25,15.5,31,0.54772
210,14.25,97,17.75,35.25,0.54697
210,92.75,124.75,54,107.75,0.542
210,256.5,171.75,12.5,25,0.53995
210,486.25,328.75,11.75,23.75,0.53962
210,134.5,124.75,12.75,25.5,0.53904
210,23.25,417,12.5,25,0.53747
210,167.5,206.75,12.75,25.75,0.53711
210,575,166.5,13.75,27.5,0.53693
210,332.5,18.25,12,23.5,0.53674
210,245,178.25,13.75,27.5,0.5366
210,338.25,11.5,43,86,0.53486
210,218.75,188.25,12.25,24.5,0.53315
210,121.25,134.5,46.75,93.25,0.53219
210,508.75,98,28,55.75,0.53155
210,260.75,187.5,12.5,24.75,0.53138
210,133,171.25,27.5,55.25,0.53085
210,56.25,2.25,27,53.75,0.53047
210,163.75,167.75,13.25,26.5,0.53041
240,344.75,12.25,30,60.25,0.54292
240,14,95,18.5,36.75,0.54185
240,326.5,194,12.75,25.5,0.54094
240,137,45.5,16.25,32.5,0.54061
240,185.75,160.5,17.25,34.5,0.54042
240,347.5,187.75,15.75,31.75,0.53835
240,538.25,184.75,18.25,36,0.53825
240,550.5,188.5,13.25,26.75,0.53817
240,521.25,136.5,12.5,25,0.53622
240,110.5,24.5,21.5,43.5,0.53513
240,164,437.75,15.25,30.75,0.53488
240,528,143,37.5,74.75,0.53473
240,601,196.5,14.75,29.75,0.53428
240,519.5,38,13,26,0.53199
240,35.25,397.5,17.75,35.5,0.53198
240,87,37.5,30.5,61.5,0.53163
240,134.75,133,12.5,25,0.53145
240,39.25,69.75,31.25,62.75,0.53108
240,510.75,113,11.5,23,0.53093
240,130.25,428.5,18.25,36,0.53041
240,238.75,171,22.75,45.25,0.5301
270,45.5,384.5,12.5,25,0.54014
270,133.5,37.75,20.5,40.75,0.53797
270,293.5,68.75,22.5,45.25,0.53747
270,427.25,100,15.75,31.75,0.53735
270,288.25,176.25,39.75,79.75,0.53566
270,14.5,94.5,18.75,37.75,0.5356
270,63.75,22,12.75,25.5,0.53469
270,611.5,126.5,31.25,62.25,0.53458
270,119,251.25,14.25,28.5,0.53415
270,29.25,123.5,16,31.75,0.53374
270,123.75,135.75,13.5,27,0.53353
270,185.75,1.25,13.75,27.25,0.53258
270,341.75,260.25,13.5,26.5,0.53171
270,214,55.5,13,26,0.53126
300,14.5,97.25,16.75,33.75,0.54901
300,376.25,256.75,12.25,24.75,0.54742
300,77.25,97.75,15.75,31.5,0.54684
300,565.75,261.25,13.5,27.25,0.53789
300,43.5,67,26.75,53.25,0.537
300,216.25,174.75,13.5,26.75,0.5364
300,251.75,316,13,26,0.53596
300,293.25,68.25,22.75,46,0.53558
300,376.5,196.5,18.5,37,0.53544
300,211,188.25,14.5,28.75,0.53531
300,56.75,3.5,22.25,44.5,0.53464
300,163,156.25,24.25,48.25,0.53378
300,580,39.25,61.75,123.5,0.53326
300,123.25,30,20.25,40,0.53178
300,134.75,134.25,12.25,24.25,0.53147
300,504.5,124.75,13.25,26.25,0.53039
300,203.25,53,13.25,26.75,0.5303
330,219.75,190.5,13,25.75,0.55205
330,91.25,113.25,14.5,29,0.54561
330,133.5,252,14.5,28.5,0.54319
330,220,164,29.5,58.75,0.54226
330,91.5,121.5,54.5,109.25,0.5421
330,293.5,69,23,46.25,0.53876
330,340.25,265.75,16.25,32.5,0.53821
330,582.25,42.75,58.25,116.5,0.53749
330,61.5,11,28.5,57,0.53651
330,169.25,187,18.75,37.75,0.53643
330,374,407.75,13.5,27.25,0.53455
330,28,426.75,15.75,31.5,0.5331
330,211.5,183.25,17.5,35.25,0.53257
330,237,248.25,13.5,26.5,0.53236
330,222,166.25,12.75,25,0.53212
330,336,263,12.5,24.75,0.53109
330,93,70.25,13.75,27.5,0.53072
330,43.25,2,25.25,50.25,0.53068
360,293.5,69,23,46.25,0.54992
360,219,188.75,13.25,26.75,0.54881
360,133.5,33.75,15.25,30.5,0.54375
360,228.75,282.25,16.25,32.5,0.54162
360,140.5,420.75,14.5,29.25,0.54136
360,213,186,15.25,30.75,0.54068
360,515.75,263.5,16.75,33.5,0.53988
360,188.75,56.75,12.25,24.5,0.53914
360,580.5,37.25,61.75,123.5,0.53602
360,52.5,197.75,26.75,54,0.53599
360,220.5,165,27,53.75,0.53587
360,117.75,255.25,12.5,24.75,0.5339
360,256.25,171.5,13.25,26.25,0.53357
360,288.5,399.25,13.25,26.5,0.53333
360,134.75,134,12,24,0.53297
360,237.25,169,24.75,49.5,0.53216
360,90.25,10,17.75,35.25,0.53181
360,24.5,120.75,19.75,39.5,0.53134
360,38.5,64.5,33.75,67.75,0.53074
360,180,416.25,12.25,24.75,0.53053
360,583.5,44.5,20.25,40.5,0.53015
390,202,56.75,12,24.25,0.5507
390,309.25,229.75,14,28.25,0.54032
390,294.5,70.25,21.5,43,0.53788
390,431,447.75,12.5,25,0.53664
390,333.75,418.75,14.5,28.75,0.53586
390,22.25,122.25,18.75,37.75,0.53563
390,219.75,189.25,13,26,0.53538
390,581.5,40.5,59.5,118.5,0.53443
390,609.5,127.25,34.5,68.75,0.53313
390,184.5,58.25,12,24,0.5325
390,-1.75,32.75,15,30,0.53213
390,212,182.75,16.75,33.5,0.53201
390,386,17.25,17,34.25,0.53184
390,338.5,173.25,19.5,38.75,0.53142
390,250.75,181.25,18.25,36.25,0.53126
390,108.5,187.5,30.25,60.25,0.531
390,133.5,51.5,13,26,0.53073
390,284.25,133.25,12,24,0.53072
390,210.5,170.5,23.5,46.75,0.53034
420,203.25,165.25,27.75,55.25,0.54506
420,190.5,22.25,28,56,0.5431
420,237.25,167.75,24.5,49,0.54307
420,158,205.75,18.75,37.75,0.54019
420,309,188,12.75,25.5,0.53616
420,14,97.5,17,34,0.53478
420,344.75,12.25,30,60,0.53375
420,337.75,174.5,19.75,39.25,0.53361
420,504.5,123,14.25,28.75,0.53259
420,92.5,111,14.25,28.5,0.53258
420,475,260.75,12.75,25.75,0.53198
420,170.5,187,29.75,59.5,0.53195
420,92.5,123.75,52.5,105.25,0.53186
450,36.5,444.5,11.75,23.75,0.54947
450,28.25,181.5,33,66.25,0.54364
450,120,254,13.25,26.25,0.54269
450,219,210.25,18.25,36.25,0.54238
450,13.25,99.5,17,34,0.5418
450,581.5,43.25,58,116,0.53997
450,435.75,448,13.75,27.5,0.53865
450,607.75,56.5,12.25,24.75,0.53669
450,518.5,96.5,11.5,23.25,0.53488
450,40,67.25,33.5,67,0.53447
450,74.5,36.25,12,24.25,0.53412
450,397.25,199.5,16.5,33,0.53359
450,217.5,408.75,25,50.25,0.53317
450,186.75,33.75,13.5,26.5,0.53294
450,238.5,194.75,15,30,0.5325
450,339.75,11,34.75,69.25,0.53184
450,189,256.5,11.75,23.5,0.53173
450,534,63,87.75,175.25,0.53158
450,468.75,259,11.5,23,0.53081
450,24.5,122,18.75,37.75,0.53048
450,573.5,162.5,16.25,32.5,0.53017
480,119.25,253.75,13.25,26.5,0.55039
480,338.5,174,20.75,41.5,0.54169
480,256.25,172.5,12.75,25.5,0.54
480,178.5,181,13,26.25,0.53998
480,397.5,199.75,16.25,32.25,0.53808
480,24.5,122.75,18.75,37,0.53735
480,87.25,38,30.75,61.25,0.53699
480,481,118.5,18.25,36.5,0.53529
480,-2,35.5,16.25,32.5,0.53525
480,192.5,13.75,19.75,39.5,0.53428
480,82,179,34,68,0.53371
480,194.5,183,12,24.25,0.53351
480,137.25,54.75,12.75,25.5,0.53177
480,200.75,27.5,12.5,24.75,0.53049
480,565.75,78.75,17.25,34.5,0.53032
510,333.25,187.25,30,60,0.57327
510,220.5,190.75,13.25,26.25,0.54097
510,24.5,121,19.25,38.25,0.5399
510,50,191.5,19,38,0.53551
510,459.75,170.5,24.75,49.5,0.53472
510,398.25,201,15.5,30.75,0.53397
510,92.5,122,55.75,111.5,0.53338
510,473.25,313.75,19,38.25,0.53248
510,584.25,43,17,34,0.53208
510,544.25,65.5,21.5,43.25,0.53194
510,369.5,202,23,46,0.5308
510,220.25,161.75,29,58,0.53054
510,256,171.25,13,26.25,0.53036
540,220,190,13.25,26.25,0.54544
540,390,446,13.5,27,0.54431
540,466.25,187,13,25.75,0.53561
540,240.5,172.75,21.75,43.5,0.53465
540,327,116.5,14.75,29.75,0.53446
540,367.5,192.75,13,26.25,0.53445
540,516.75,94.5,13.5,27,0.53404
540,309,187,13.5,27,0.53315
540,117.5,253.25,13.5,27.5,0.53251
540,341,172.75,21.25,42.5,0.53152
540,193.75,195,12.75,25.75,0.53087
570,492,324.5,12.75,25.25,0.55043
570,567.25,79.5,13.5,26.75,0.54992
570,213,173,21.5,43.25,0.54187
570,141.25,285.25,21.25,42.25,0.538
570,219.75,188.75,13,26.25,0.53715
570,194.75,21.75,15,29.75,0.53667
570,39.25,274.25,26.5,53,0.53584
570,503.25,123.5,14.5,28.75,0.53556
570,70.5,15,12.25,24.5,0.53393
570,354.75,390,13.5,26.5,0.53273
570,324,260.75,38,75.75,0.53262
570,381.25,268,13.75,27.5,0.53214
570,380.25,259,13,26,0.5317
570,133.75,410.5,14.5,28.75,0.53133
570,225.25,190.25,12.5,24.75,0.53127
570,76.75,315.25,14.25,28.75,0.53104
570,382.25,256.75,13.75,27.5,0.53104
570,-1.75,32.75,15.75,31.25,0.53092
570,452,68,13.5,26.75,0.53067
570,121,136.25,44,88.25,0.53058
570,75.5,116.75,16,32.25,0.53057
570,584.25,41.25,16.25,32.75,0.53054
570,307.75,320.5,17,34.25,0.53045
600,314.25,214.75,15.75,31.5,0.54415
600,252.5,321.75,12.25,25,0.54127
600,397.25,255,13.25,26.5,0.54032
600,26.75,120.5,19.25,38.75,0.53958
600,197.25,395.25,14,28,0.53864
600,178.75,4.75,37.25,74.5,0.53781
600,574.25,163.75,14.5,29,0.53677
600,582.5,43,21.25,42.75,0.53675
600,234.5,171.75,22.25,44.25,0.536
600,10.75,25,11.5,23,0.53565
600,179.75,416,12.5,25,0.53557
600,564,80.25,16,32.5,0.53485
600,77.5,319.25,13,26,0.53449
600,517.75,192.25,22.5,45,0.53429
600,460,172.75,22.25,44.25,0.53421
600,218.5,188.5,13.5,27.25,0.5342
600,517.25,95.25,13.5,27,0.53399
600,238.25,26.25,12,24,0.53395
600,344.75,129,11.5,23,0.53372
600,213.5,174.25,21,42.25,0.53314
600,22,169.75,12.25,24.75,0.53311
600,516.75,208.5,14.5,28.75,0.5329
600,475.5,315,18,35.5,0.53285
600,305.75,176.75,34.5,68.75,0.53279
600,43.75,269.5,15.5,31,0.5321
600,469.75,143.5,34,67.5,0.53185
600,572.75,75.75,13.5,27.5,0.53051
600,573.75,408.75,12.25,24.75,0.53039
600,488.5,51.75,11.5,23.5,0.53031
630,370,214.25,15.75,31.5,0.56629
630,234.25,163.25,25,50,0.55489
630,213.25,28.25,26,51.5,0.54391
630,220.25,164,28.5,57,0.54292
630,16.75,103.25,14.5,28.75,0.54143
630,197.75,180.25,13.25,26.5,0.54074
630,460.5,171.5,23,45.75,0.5384
630,349.75,9.25,13.5,27.25,0.53706
630,87.5,228.5,29.25,58.25,0.5367
630,489.25,91.5,73,146,0.53456
630,84,320.5,13.75,27.5,0.53456
630,340.5,266.25,13.75,28,0.5341
630,34.25,183,20,40.25,0.53389
630,519,38.75,12.75,26,0.53362
630,379.5,260.5,13.5,27,0.53334
630,392.75,257,11.5,23,0.53321
630,565.5,75,16.75,33.5,0.53193
630,125.75,32,17.5,35,0.53168
630,554.5,185.25,28.75,57.25,0.53163
630,52.25,197,15.5,31,0.5316
630,474.75,314.75,18.25,36.5,0.53144
630,231.25,287.25,13,26,0.5314
630,210.25,170.25,24,47.75,0.53116
630,247.5,168,22.5,45,0.53094
630,188,55.25,13.25,26.25,0.53088
630,101.25,228.25,30,60.25,0.53067
660,91.75,121.25,54,108.25,0.54697
660,317.25,263.25,14,27.75,0.54697
660,425.75,216.75,15.25,30.5,0.5402
660,218.25,252.75,17.75,35.5,0.53971
660,425.25,203.25,17,33.75,0.53784
660,180.5,398.25,17.5,35.25,0.53676
660,278,40.5,13,25.75,0.53636
660,338.25,171.5,21.25,42.75,0.53628
660,133.75,40.25,19.75,39,0.53544
660,233.25,164.5,25.5,51,0.53518
660,164,181,12.75,25.5,0.5345
660,518.75,38.5,12.5,25.25,0.53421
660,219.25,189.25,13.25,26.25,0.53379
660,460,171.5,24,47.75,0.53364
660,190.25,56.25,12.25,24.5,0.53364
660,366.25,190.25,13.5,27,0.53269
660,199,15.5,16.25,32.75,0.53245
660,343.25,12.75,30.5,60.75,0.53208
660,598.25,96.5,26.75,53.75,0.53191
660,197.25,179,14.25,28.25,0.53181
660,100,16.5,14.75,29.25,0.5316
660,122.5,249.5,15.25,30.5,0.53119
660,585,43,15.5,31,0.53075
690,218.5,187,13.75,27.5,0.54872
690,585.5,41,16,32.25,0.54
690,126.25,183.5,12.5,24.75,0.53958
690,452,65.25,15,29.75,0.53924
690,539.5,223,15,29.75,0.5388
690,234,161.75,25.25,50.5,0.53807
690,147.25,209.25,13.5,27,0.53777
690,266.5,260.25,14.25,28,0.53665
690,180.25,414.75,14.25,28.5,0.53494
690,19.25,8.5,16.25,32.25,0.53428
690,40.75,64.75,34.25,68.75,0.5339
690,106.75,210.25,15.5,31,0.53384
690,242.25,34.25,18.5,37.5,0.53263
690,506,200.5,25.75,51.75,0.53174
690,220.75,163,27,54.25,0.53089
720,496,186,31.5,62.75,0.55232
720,183,209.25,11.75,24,0.55042
720,219.75,188.5,13.5,26.75,0.54197
720,541.5,266,16,32,0.54186
720,44.75,311,11.5,23,0.54151
720,13.5,96.5,18.25,36.5,0.53951
720,475.75,179.75,34.75,69.5,0.53879
720,189,55.25,12.25,25,0.53774
720,229,286.25,13.75,27.25,0.53688
720,500.75,263.5,12.5,25.25,0.53473
720,47.25,66.25,27.75,55.75,0.53426
720,339.75,172.75,18.5,37.5,0.53404
720,430.75,65.25,12.5,25.25,0.53403
720,60,402.75,14.75,29.75,0.53281
720,236,171,20.75,41.25,0.53208
720,590.75,414.75,14.5,29.5,0.532
720,116.75,202.5,12.25,24.75,0.53186
720,193,13,18.5,37.25,0.53123
720,204.75,254.25,13.25,26.25,0.53077
750,253.25,285.25,14.5,29.25,0.55621
750,556.25,179.5,36.75,73.5,0.55486
750,517.5,94,12.75,25.75,0.5448
750,180.75,31.75,23,46,0.53401
750,269,282,14.5,29.5,0.53183
750,52.25,319.75,15,30.25,0.53102
780,338.5,173,21,42.25,0.55745
780,92.25,121,54.25,108.25,0.55334
780,241.5,175.25,19.75,39.5,0.54426
780,25.25,121.25,19,38,0.54233
780,373.75,265.25,12.5,24.75,0.54203
780,517,96.5,12.75,25.5,0.54174
780,428.25,423.25,26,52,0.54106
780,12.5,111.25,21.5,43.5,0.53962
780,591.25,181.25,33.25,66.5,0.53917
780,45.5,4.5,24.5,49,0.53763
780,168.5,150.75,12,24,0.53026
810,179,182,50.25,100.5,0.57132
810,307.5,187,18,36.25,0.53767
810,184.5,442.25,12,24,0.53749
810,77.75,96,17,34,0.53681
810,172.75,175.75,16.5,33,0.536
810,164,442,12.75,25.5,0.53489
810,574.5,165.75,14.5,29,0.53458
810,91.5,112,15,29.75,0.5345
810,485.75,103,21.75,43.5,0.5331
810,205.25,186.25,51.5,103,0.53296
810,17,167,19.5,39,0.53253
810,116,304,16.75,33.75,0.53218
810,350.5,179.75,13.75,27.25,0.53188
810,71.75,15,12.25,24.75,0.53166
810,517,95.5,12.75,25.75,0.53085
810,51,311.75,12,24,0.53039
840,377.5,183.25,12.75,25.5,0.55451
840,528.75,176.5,13.25,26.75,0.53921
840,334.5,265,12.75,25.75,0.53883
840,92.5,114.5,12.5,25,0.53744
840,93,323.75,13.75,28,0.53665
840,542.5,454.75,12,23.75,0.53642
840,339.25,191.25,34,67.75,0.53583
840,92.25,122,53.5,107,0.53527
840,399.25,179.25,13.5,27,0.53519
840,348,264.25,14.5,29,0.53482
840,599.75,186,27,53.75,0.53476
840,131,172.25,28.25,56.5,0.53433
840,253.25,196.5,13.75,27.5,0.53405
840,331.5,181.5,13.25,26.5,0.53362
840,405,178.25,14.25,28.5,0.5335
840,437.5,446.75,14.5,29,0.53251
840,36.5,425,12.25,24.25,0.53222
840,575.75,169.5,12.75,25.75,0.53208
840,215.5,26.25,26,52.25,0.53187
840,353.75,189.5,32,64.5,0.53152
840,310.5,420.5,21.5,43.5,0.53087
870,27.75,123.75,18.25,36.25,0.56212
870,296,216.25,12.5,25,0.56045
870,86,318,13.5,27.25,0.55761
870,595.5,181.75,32.75,65.25,0.5494
870,276,66,13,25.75,0.54054
870,236.5,161.5,11.5,23.5,0.53868
870,170,226.5,28.75,57.25,0.53832
870,258,82.25,54.75,109.75,0.53827
870,565.75,102.5,13.25,26.5,0.53737
870,222.75,218.75,35.25,70.5,0.53715
870,138,52,12.5,25,0.53678
870,78,264,12.5,24.75,0.53502
870,5,25,12.75,25.75,0.53445
870,544.75,67,20.25,40.5,0.53358
870,294.25,69.5,22.25,44.75,0.53308
870,76.5,180.5,14.75,29.25,0.5329
870,99.75,68.25,15.75,31.5,0.5329
870,311.5,221.5,12,24,0.53275
870,83.25,178.75,15.75,31.5,0.53189
870,28.75,201.25,28.5,57,0.53149
870,216,180.25,54.25,108.25,0.53126
870,484,202.75,41.5,83,0.53083
870,454.75,173,12.75,25.75,0.53068
870,132.75,287,13.25,26.75,0.53065
870,13,95.75,19,37.75,0.5306
900,308.5,189.25,14.5,28.75,0.5592
900,220,190.75,13,26,0.55366
900,597.75,185.5,28.75,57.25,0.54747
900,94.25,125.75,52.25,104.5,0.54613
900,532.25,428.5,12.5,24.5,0.54214
900,210.75,174.75,22,44.25,0.53978
900,575.25,35.5,67.5,135.25,0.53689
900,363.75,264.25,25,50,0.53507
900,444,441,16.75,33.25,0.53467
900,271,184.75,16,31.75,0.53167
900,138.5,44.5,16,32,0.53148
900,189.75,34.75,13,26.25,0.53116
900,504.25,125,13.75,27.5,0.53056
900,263,168.25,12.5,25,0.5305
900,221.5,165.75,13.5,26.5,0.53008
930,310.5,188.5,13.75,27.75,0.55212
930,550,168.5,12.5,25.25,0.55119
930,351.25,177.5,13,26,0.54534
930,596.5,181.25,32.25,64.75,0.54421
930,460,170.25,23.75,47.25,0.54342
930,132.25,169.75,28.25,56.25,0.53913
930,348,259.5,15,29.75,0.53893
930,563.75,81.25,15.75,31.5,0.5382
930,76.5,276.5,14,28,0.53803
930,219,189.25,13.25,26.5,0.53511
930,119.75,250.25,14.25,28.5,0.53462
930,175.75,421.5,21.75,43.25,0.53289
930,408.5,432,12.25,24.5,0.53222
930,92.75,123.25,53,106.25,0.53214
930,542.75,282.75,12.25,24.25,0.53173
930,462.25,84.75,12.25,24.75,0.53118
930,330.5,262.5,16.75,34,0.53118
930,337.25,11.25,42,83.5,0.53083
930,340.75,267.5,15.25,30.5,0.5308
930,388.5,197.75,12.75,26,0.53072
930,209.75,171,23.25,46.75,0.53051
960,540,218,19,38.25,0.55354
960,598.5,201.75,26.75,53.5,0.54192
960,550.75,196.25,29.75,59.75,0.5413
960,332.25,25,12,24,0.53806
960,174.5,205.5,28.25,56.5,0.53715
960,315.25,430.25,13.25,26.5,0.53616
960,522,149.25,14.5,28.75,0.53607
960,25.25,37.5,15.25,30.25,0.53578
960,411.25,223.5,14.75,29.75,0.5342
960,233.25,164.5,25.5,51,0.53404
960,43.75,269.5,15.25,30.25,0.53397
960,294,68.75,23.25,46.5,0.5327
960,478.5,326.75,13.5,26.5,0.53171
960,351.5,178,13,26,0.53159
960,28.25,144.25,12.25,24.25,0.53121
960,506.75,137,11.5,23,0.53119
960,341,13,31.75,63.5,0.53072
960,420,227.25,13,25.75,0.53047
990,601,185,28.75,57.75,0.55978
990,351,178.5,12.75,25.25,0.54676
990,219.5,189.5,13.25,26.25,0.54634
990,183,189.75,13,25.75,0.54431
990,238.75,171.25,22.5,45,0.5405
990,301.5,334.5,15,30.25,0.53944
990,25.75,121,19.25,39,0.5385
990,38.25,231.25,12.25,25,0.53809
990,180.25,416.25,12.25,24.75,0.53444
990,452.75,166.25,35,70,0.53387
990,237.75,177.75,16.5,32.75,0.5327
990,315.75,263,17,34.25,0.53143
990,63,315.25,17,33.75,0.53142
990,136,218,17.75,35.5,0.53134
990,29.5,225.75,15.25,30.5,0.53076
1020,597.75,185.5,32.5,64.75,0.55557
1020,351.25,178.75,13,26,0.55205
1020,219.75,190,12.75,25.75,0.53963
1020,211.5,172.25,22.25,44.5,0.53877
1020,240.5,172.75,21,42,0.53601
1020,388.5,198.25,12.75,25.75,0.53587
1020,96.75,128,50.5,101.25,0.53572
1020,452.25,166.75,33.75,67.75,0.53559
1020,374,196,20.5,41.25,0.53354
1020,148.75,417.25,14.5,29,0.53297
1020,119.5,252.25,13.25,26.5,0.5311
1020,110.75,445,11.5,23,0.53066
1020,132.75,168.75,28.25,56.5,0.53023
1020,-1.75,4,12.75,25.5,0.53018
1050,299.75,331.75,15.5,31.25,0.56312
1050,140.75,298.75,15.25,30.5,0.55512
1050,325,321.75,15.25,30.75,0.55322
1050,138.75,424,17.5,35.25,0.55173
1050,108.5,324.25,14.5,29,0.55018
1050,124,431.25,15.5,31,0.5491
1050,65.75,22.5,12.5,25.25,0.54389
1050,237.25,425.5,15,30.25,0.54388
1050,85.5,317.75,14,28.25,0.54238
1050,210.5,255.75,12.75,25.25,0.54163
1050,276.25,301,14,27.75,0.54092
1050,327.5,187.75,34.25,68.5,0.54074
1050,256.5,171.75,12.5,25,0.54057
1050,208.5,170.75,23.5,47,0.53973
1050,228.25,251.25,14.75,29.25,0.53842
1050,123.75,248,14.5,29,0.53791
1050,-1.5,96.25,12,24,0.53756
1050,585.5,42.5,15,30.25,0.53639
1050,187.25,252.5,16.75,33.5,0.53593
1050,533.25,279.75,13.5,27.5,0.53565
1050,240,173,21.5,43,0.53556
1050,-1.5,115.5,13.5,27,0.53486
1050,99.75,67.75,15.5,31,0.53433
1050,167,426.75,13.25,26.5,0.53431
1050,17.75,69.75,20.5,40.75,0.53423
1050,46,271.75,13,26,0.53414
1050,113,422.75,21.75,43.75,0.5336
1050,93.5,126.5,51.25,102.5,0.53346
1050,300.5,320.75,15.75,31.75,0.53329
1050,136.75,38.75,18.5,37,0.53286
1050,219,189.5,13.25,26.25,0.53283
1050,285.5,307,13.5,27,0.53227
1050,172.75,58.75,11.5,23.25,0.53223
1050,-1.5,35.5,13.5,27.5,0.532
1050,618,144.75,23.75,48,0.5319
1050,294.75,138,11.5,23,0.53178
1050,620,201,12.5,24.75,0.53147
1050,348.75,219.5,17.25,34.5,0.53134
1050,62,255.25,12.5,24.75,0.53129
1050,189,176.5,22.75,45.5,0.53088
1050,396.25,445.25,13.5,27,0.53085
1050,339,176.75,13.5,26.75,0.5306
1050,26.5,123.5,18,36.25,0.53052
1050,373,349,14.25,28.5,0.53019
1080,93.5,123.25,52.5,105,0.55795
1080,599,204,25.75,51.25,0.5544
1080,188.25,56.75,12.75,25.5,0.54807
1080,503.25,124.25,15.5,31,0.54707
1080,108.75,254,14,28,0.5469
1080,218.75,189.75,13.25,26.5,0.54568
1080,209,169.25,25,50,0.54327
1080,132,251,14.5,29,0.54314
1080,119.75,53.25,12.75,25.75,0.54048
1080,65.75,24.75,12.25,24.25,0.53617
1080,536.5,356.5,11.75,23.5,0.53569
1080,83,38.75,15.25,30.25,0.53513
1080,219,168.75,26,51.75,0.5349
1080,91.5,113.75,13.5,27.25,0.53339
1080,246.5,284.5,13.5,26.75,0.53306
1080,588.75,452.5,13.25,26.5,0.53266
1080,598.75,191.75,12.5,25.25,0.53176
1080,-2.25,1.5,18.75,37.5,0.53163
1080,36.5,226.5,15.25,30.25,0.53037
1110,208.25,170.5,23.5,47.5,0.5431
1110,600.75,183,29.75,59.5,0.54162
1110,93.25,124.5,53.5,106.75,0.53941
1110,599.25,205,25.5,51.25,0.53799
1110,522,150.5,13.75,27.75,0.53639
1110,174.5,421.5,21.75,43.5,0.53622
1110,443.75,412.75,12.75,25.25,0.53613
1110,240.75,174.5,20.75,41.5,0.53542
1110,25.5,120.75,20,39.75,0.53241
1110,219,189.25,13.25,26.25,0.53191
1110,585.5,43,15,30.25,0.53177
1110,132,170.5,28.25,56.25,0.53173
1110,220.5,164.5,27,54.25,0.53139
1110,121.25,136.5,45,90,0.53108
1110,517.5,94.75,12.75,25.25,0.53069
1140,122.75,252,14.75,29.25,0.54344
1140,160.25,165.5,20.25,40.75,0.54194
1140,177.75,426.5,18,36,0.54067
1140,600.25,206.5,23.75,47.75,0.54014
1140,218.75,189,13.5,26.75,0.53887
1140,132.75,170.25,27.75,55.5,0.53869
1140,599,182,32.5,65.25,0.53843
1140,517.25,95.25,12.75,25.5,0.5375
1140,392,446.75,12,24,0.53621
1140,586.25,42.25,14.75,29.5,0.53472
1140,221,432,13.75,27.5,0.53435
1140,188,55.75,12.75,25.25,0.53417
1140,101.75,19.5,12.75,25.5,0.53351
1140,460.75,171.75,22.75,45.25,0.5333
1140,350.75,179,14,28.25,0.53291
1140,14.25,100.75,16,32.25,0.53233
1140,211,171.75,23,46,0.53219
1140,15.5,18.25,14.25,28.5,0.53179
1140,342.5,12.25,31.75,63.25,0.5314
1140,292.25,417.75,14.75,29.25,0.5308
1140,239.25,171,22.75,45.5,0.53062
1170,340.5,176,12.25,24.5,0.55451
1170,400.5,212,21,41.75,0.54863
1170,118.25,254,13.75,27,0.54633
1170,191.5,6.75,22,44.5,0.54507
1170,62,23,12,24.25,0.54161
1170,603.25,226.75,15.5,31.5,0.53825
1170,391.5,196.75,28.25,56.75,0.53746
1170,209.5,169.5,24.5,48.75,0.53714
1170,220,165,27,53.75,0.53691
1170,245,184.5,14.75,29.75,0.53649
1170,139.25,46,14,28,0.53534
1170,544,65.75,21.5,43.25,0.53375
1170,94.25,124.5,53,106,0.53287
1170,398.5,200,15.5,31.25,0.53253
1170,219,189,13.25,26.5,0.53245
1170,384.25,438.75,13,26.25,0.53238
1170,605,391.5,12.5,24.75,0.53219
1170,540.5,417,14,28,0.53164
1170,134.75,133.75,12.25,24.5,0.53053
1200,600.75,181.25,30.75,61.25,0.54386
1200,376.25,257,12,24,0.54034
1200,451,167,35,70,0.5359
1200,218.75,189.5,13.25,26.25,0.5357
1200,543.75,65.5,22.25,44.25,0.53509
1200,240.75,173.75,20,40,0.53459
1200,40.5,68,32.25,64.5,0.53391
1200,134.75,133.75,12.25,24.5,0.53318
1200,417.5,28.5,14.75,29.75,0.53291
1200,126.5,249.75,12.25,24.5,0.53235
1200,19.75,234.25,12.75,25.5,0.53224
1200,342,9.75,38.75,77.25,0.53154
1200,351.75,178.5,12.75,25.75,0.53151
1200,11,94,19.5,39,0.5315
1200,388.75,198.25,13,25.75,0.53118
1200,24.25,229,16.25,33,0.53108
1200,584,43.25,21.5,43.25,0.53103
1200,150.5,65.25,12,24,0.53077
1200,15.75,12,12.5,25,0.53026
1230,219,188.75,13.5,27,0.54655
1230,118.75,250.5,13.75,27.25,0.54336
1230,601.5,181.5,29.25,58.5,0.54161
1230,140.75,284.75,21.5,43.25,0.53758
1230,226.25,430,17.75,35.75,0.53633
1230,294,69,23,46.25,0.53624
1230,530.75,140.25,11.75,23.75,0.53433
1230,209.75,171.25,23.5,46.75,0.53426
1230,220,163.25,28.5,57,0.53386
1230,452.25,166,34.75,69.75,0.53346
1230,238,167.5,24.25,49,0.53323
1230,261,64,12,24,0.5319
1230,204,53.5,12.5,24.75,0.53163
1230,324.75,189,11.5,23,0.53123
1230,138,176.75,20,39.75,0.53113
1230,382.25,438.75,13.75,27,0.53011
1260,219,189.75,13.5,27.25,0.55568
1260,63.75,22.75,12.5,24.75,0.5547
1260,-1.75,91.25,13.25,26.75,0.54789
1260,209.75,172,23.75,47.25,0.54227
1260,92.75,124.75,52.75,105.25,0.54225
1260,123.5,441.5,12.25,24.75,0.5388
1260,600.75,184.25,31.25,62.5,0.53863
1260,503.75,126,13.75,27.5,0.53741
1260,132.25,168.75,29,57.75,0.53651
1260,565.5,443.5,17.25,34,0.53629
1260,135,40,18.25,36.5,0.53525
1260,221.5,170.5,24.75,49.25,0.53466
1260,518,40,13.75,27.25,0.53416
1260,500.75,320.75,13,26,0.53393
1260,234,163.75,25.5,51.25,0.53366
1260,204,51.5,12.75,25.5,0.53346
1260,408.25,196,20,40,0.53234
1260,85.5,319.75,14.75,29.25,0.5322
1260,587,103,47.5,94.75,0.53063
1290,599.75,183,32,63.75,0.56219
1290,207.5,170.25,24,48,0.54752
1290,332.5,17.5,11.75,23.75,0.54744
1290,380.75,257.5,12.25,24.5,0.54592
1290,516,263.75,15.5,31.5,0.54467
1290,460.25,256.75,12.25,24.75,0.54409
1290,23.25,404.75,13.25,26.5,0.54159
1290,181.5,255.75,13,26.25,0.54052
1290,139.5,257.75,16.75,33.25,0.53912
1290,189.75,57,12.5,24.75,0.53884
1290,245.25,279.25,14.25,28.75,0.53752
1290,91,39.25,29.75,59.75,0.53733
1290,100.25,68.5,15.25,30.5,0.5369
1290,505.25,265,11.5,23,0.53682
1290,240,172.25,22,43.75,0.53665
1290,182.25,436.75,14,28,0.5362
1290,277.25,258.5,14.25,28.25,0.53491
1290,234,425.75,20,40.25,0.53393
1290,348.5,219.25,14,28,0.53358
1290,92.5,317.25,14.75,29,0.53351
1290,14.25,104.75,13.25,26.25,0.53308
1290,215.25,35.75,22.25,44.5,0.53263
1290,163.5,434.25,15.25,30.75,0.53256
1290,366,190,13.5,26.75,0.53249
1290,27.75,224.5,16.25,32.5,0.53244
1290,112.5,48.75,12,24,0.53215
1290,460.5,171.25,22.75,45.25,0.5308
1290,545,66,20.25,40.25,0.53069
1320,599,180,33.75,67,0.57148
1320,107.25,254.75,13.25,26.5,0.55213
1320,16,105.25,13,25.75,0.54525
1320,397.75,265.25,13,26,0.53964
1320,219.25,189.25,13,26,0.53867
1320,294,69,23,46,0.53833
1320,381.75,268,14.25,28.75,0.53806
1320,295,135.75,12,24.25,0.53776
1320,118.5,182.5,31,62,0.53743
1320,388.5,198.25,13,25.75,0.53486
1320,26.75,123,16.75,33.25,0.53479
1320,404.25,278.75,13.25,26.75,0.53472
1320,91.75,40.5,28.75,57.5,0.53466
1320,389.75,445.5,13.75,27,0.53458
1320,452.25,167,33.5,67.25,0.53431
1320,100,16.5,15.25,30.75,0.53307
1320,164,434.75,13.75,27.75,0.53262
1320,44,66.75,34,67.75,0.53202
1320,602.25,206.75,24.75,49.75,0.53194
1320,375.25,195.5,20,40.25,0.53121
1320,239.25,170,23.25,46.75,0.5312
1320,486.25,328.75,11.75,23.5,0.53061
1350,600.5,185.25,30.25,60.5,0.5692
1350,252.5,440,12.5,25.25,0.54892
1350,460.75,171.75,22.75,45.25,0.53874
1350,134.75,133.75,12.25,24.75,0.53796
1350,212.75,173.75,21.5,43,0.53604
1350,239,170.75,23,46,0.5353
1350,242.75,431.5,16.25,33,0.53488
1350,27,124,17.5,35,0.53406
1350,489.25,90.25,74.25,148.25,0.53366
1350,220.25,164,27.5,55,0.5336
1350,234.5,249,15.75,31,0.53329
1350,48.75,313.5,11.75,23.5,0.53292
1350,294.5,69.25,22.5,45,0.53247
1350,181,255.75,12.75,25.5,0.53222
1350,517,39.5,13.75,27.25,0.53191
1350,346.5,406.25,13,26,0.53133
1350,263.25,167,12,24,0.53075
1350,338.25,11.5,43,86,0.53052
1350,219.5,189,13.25,26.25,0.53015
1380,118.25,252,13.75,27.25,0.54657
1380,602,205.75,24.75,50,0.54566
1380,219,189.25,13,26,0.54226
1380,209.25,171.75,23,45.75,0.54197
1380,459.75,174.75,21,42,0.53828
1380,239.5,172,22,44.25,0.53802
1380,26.25,124.25,18,36,0.53673
1380,183.25,33.5,13.25,26.5,0.53517
1380,14.25,97.75,17.25,34.75,0.53504
1380,124.5,285.5,16,32.25,0.5345
1380,36.75,146.5,12.5,25.25,0.53199
1380,92,41.5,29,57.75,0.53158
1380,349.25,9.75,14,27.5,0.53084
1380,350.75,178.25,13.5,27,0.53037
1380,334.25,261.75,13.75,27.5,0.53008
1410,601.25,203.5,26.5,53,0.55493
1410,404.75,257,11.5,23,0.55092
1410,239,171,22.5,45,0.54224
1410,486.25,328.25,12,24.25,0.53979
1410,460,170.25,23.75,47.75,0.53811
1410,101.25,15.5,13.75,27.5,0.53792
1410,267,264.75,13.25,26,0.53628
1410,573.75,163.5,15.25,30.25,0.53619
1410,351,178.25,13.5,27.25,0.53546
1410,98,134.5,47.75,95.75,0.5346
1410,117.25,249.5,14.75,29.5,0.534
1410,586.75,42,14,28.25,0.53372
1410,189,23.75,27.25,54.5,0.53372
1410,134.75,135.25,11.75,23.5,0.53363
1410,284.75,63,20.25,40.5,0.53124
1410,330.5,126.5,11.75,23.75,0.53106
1410,218.5,189.25,13.25,26.5,0.53011
1440,239.5,170,22.5,45.25,0.54872
1440,133,172,26.25,52.75,0.54298
1440,204.25,164.75,28,55.75,0.54121
1440,348,176.5,15.75,31.5,0.53956
1440,202.25,55.25,12,24,0.53539
1440,379.75,270.25,12.5,25.5,0.53504
1440,517.25,94.75,12.75,25.75,0.53474
1440,93.5,120.5,55.25,110.5,0.53401
1440,425.25,107.5,19.5,39,0.53381
1440,586,42.75,14.25,28.5,0.53371
1470,422.25,192.25,28.75,57.5,0.54556
1470,93.5,124,52.25,105,0.53576
1470,253.25,436.75,14.25,28.75,0.53331
1470,108,248.5,15.75,31.5,0.53292
1470,608,182.5,34.5,69,0.53283
1470,19,159,37.5,75.25,0.53222
1470,293.5,69.5,22.5,45.25,0.53054
1500,573.5,162.25,15.75,31.5,0.54543
1500,93.5,126.5,52.5,105,0.53982
1500,134,434.75,14.25,28.5,0.53844
1500,614.75,211,23.25,46.25,0.53803
1500,132.5,168.5,29.25,58.75,0.53617
1500,452.25,167,33.5,67.25,0.53508
1500,397.75,199.5,16,32.25,0.53481
1500,540,264.75,17.25,34.75,0.53432
1500,99.25,259.25,12,24,0.53314
1500,207.5,169.5,19.75,39,0.53115
1500,293.5,69,23,46.25,0.53071
1530,134.5,137.25,11.75,23.5,0.54537
1530,397.25,200.75,16.25,32.5,0.54537
1530,307.75,313.75,16,32.5,0.54053
1530,540,270.25,14.25,28.5,0.54024
1530,11.5,93.75,19.75,39.5,0.53992
1530,294.5,70.25,22,44,0.53839
1530,130.25,168.25,29.75,59.25,0.53838
1530,36.5,440.25,12,24.25,0.5379
1530,323.5,208.5,14.5,28.5,0.5379
1530,137.25,46,15.25,30.75,0.53434
1530,345.5,271,12.5,25,0.53356
1530,93.25,126,53.75,107.5,0.53089
1560,21.5,379.75,14,28,0.57135
1560,85.5,114.25,14.25,28.5,0.55051
1560,229,427.25,15.25,30.25,0.54625
1560,59.5,370.25,15,30,0.54462
1560,326.5,244.25,13.5,27,0.54285
1560,149,394.75,13.5,26.75,0.5424
1560,402,204.75,17,34.5,0.54187
1560,375.25,375.75,13.5,26.5,0.54116
1560,575.5,356,13,26.25,0.53975
1560,435.75,23.5,14,28.25,0.53845
1560,102,280.25,12.75,25.25,0.53724
1560,-2.5,96.25,19.25,38.5,0.53723
1560,249.5,185.75,18.25,36.75,0.5358
1560,124.75,41,17,33.75,0.53438
1560,430.75,24.75,21.5,43.25,0.53435
1560,219.25,166.5,30.25,61,0.53382
1560,281.5,70.75,37.25,74.25,0.53378
1560,567.75,306,12,24.25,0.53305
1560,464.75,66.75,11.75,23.5,0.53291
1560,497.75,89.75,83.25,166.75,0.53273
1560,278,183.25,14,28,0.53237
1560,208,178,23,45.75,0.5323
1560,519.5,367.25,18,35.5,0.53199
1560,-2.25,56.5,18.25,36.75,0.53107
1560,588.5,99.75,12.75,25.25,0.53029
1590,356,432.25,13.5,27,0.5724
1590,470.5,200.75,12.5,24.75,0.54907
1590,163.75,428,16,32,0.5487
1590,103.5,132.25,13.25,26.25,0.54627
1590,58.25,106.75,15.5,31,0.54393
1590,533.5,445.75,13.25,26.25,0.5434
1590,246.5,188.75,17,34.25,0.54283
1590,29,412.25,14.5,29,0.54267
1590,367.75,424,13.5,26.75,0.54163
1590,496.75,90,27.75,55.5,0.53843
1590,156.75,421.25,14.25,28,0.53782
1590,157.25,432.75,13.75,27.5,0.5374
1590,130.75,409.25,11.5,23.5,0.53738
1590,431.25,431.5,12.75,25.5,0.53611
1590,394.5,209.25,15.75,31.75,0.53611
1590,397.75,442.75,13.75,27.5,0.53574
1590,579.75,371.25,16,31.75,0.5357
1590,243.25,173.25,14.5,28.75,0.53513
1590,516.5,437,13.75,27.75,0.53449
1590,69,418.25,15.25,30.25,0.53356
1590,340.5,426.25,12.25,24.5,0.53254
1590,193.5,175.75,23.25,46.75,0.53137
1590,410.25,325.25,13.5,26.5,0.53088
1590,203.25,193.75,13.25,26.5,0.53074
1590,519.25,147.25,16.25,32.5,0.5307
1590,616,402.25,14.5,28.5,0.53069
1590,100.5,362.5,14.25,28.5,0.53036
1590,93,409.5,12.75,25.25,0.53013
1590,197.25,452.75,13.5,26.5,0.53012
1620,28.25,416,16,32,0.56224
1620,70,113.5,13.75,27.25,0.55276
1620,509.75,399.5,13.25,26.5,0.54787
1620,28.5,406,14.75,29.25,0.54424
1620,168.5,184.75,19.25,38.75,0.54166
1620,75.75,112.25,12.75,25.5,0.54147
1620,92.25,379.5,15.5,31,0.53963
1620,516.5,386.75,14.75,29.75,0.539
1620,612,382.75,12.5,25.25,0.53795
1620,157.5,382,13.25,26.5,0.53768
1620,332.75,407.25,16.25,32.5,0.53746
1620,124.5,391.5,12.75,25.75,0.53731
1620,141,362.75,14.5,28.75,0.53713
1620,60.25,384.25,14.75,29.75,0.53668
1620,70.25,123.25,13,26.25,0.53559
1620,59,124.5,12.5,25,0.53481
1620,259.25,176.25,17.75,35.75,0.53478
1620,12.75,362.75,15,30.25,0.53454
1620,148.25,355.75,15.25,30.5,0.53384
1620,134.25,155,26,51.75,0.53379
1620,85.75,381.75,13.75,27.5,0.53363
1620,167,166.75,20,40.25,0.53339
1620,223.25,433,15.5,31.25,0.53226
1620,179.25,168.5,26,52.25,0.53187
1620,223,294.25,12.75,25.25,0.53179
1620,69.75,404.75,13.75,27.75,0.53176
1620,402.25,207.25,18.5,37.25,0.53128
1620,203.25,43.5,14.75,29.25,0.53072
1620,143,427.5,15.5,31,0.53034
1650,125,399.5,13.75,27.25,0.55635
1650,229.25,403,14.75,29.5,0.54791
1650,267.5,29.75,13.25,26.75,0.54719
1650,276.75,397.5,15.5,30.75,0.54706
1650,468.25,425.75,15.25,30.25,0.54677
1650,108,393.5,15.5,31,0.54635
1650,557.25,408.75,14.25,28.5,0.54614
1650,-2,111.75,25.5,51,0.54593
1650,477.25,408,14.25,28.5,0.54225
1650,380.5,430.75,14,28,0.54204
1650,525,424.25,13.75,27.75,0.54172
1650,164,384.5,16,32,0.54137
1650,252.25,17.75,13.25,26.5,0.53984
1650,444,383.75,12.75,26,0.53898
1650,412.75,387.5,14.5,29,0.53842
1650,60.5,416.25,12.5,25,0.53753
1650,613.25,372,14.5,29,0.53619
1650,261.25,411.25,14.5,29,0.53538
1650,514.75,165.75,13.5,26.75,0.5352
1650,373.5,411.5,13.5,27.5,0.53506
1650,285.25,398.75,13.25,26.25,0.53477
1650,444.75,397,11.5,23.25,0.53451
1650,571,62,39.25,78.25,0.53397
1650,240,171,22.5,45,0.5337
1650,243,412.75,17.5,34.5,0.53367
1650,204.5,430.75,15.25,30.75,0.53356
1650,524.25,188,22,44,0.53351
1650,502.5,120.5,12,24.25,0.53275
1650,149.5,394.75,13,26,0.53254
1650,212.5,413.5,14.75,29.25,0.53233
1650,220.5,415.25,13.75,27,0.53224
1650,299,415.75,17,34,0.53177
1650,228.5,156,16,32.25,0.53076
1650,296.25,190,13.75,27.5,0.53071
1650,524.5,111,35.75,71.25,0.53055
1650,157.5,149.25,13.25,26.5,0.53049
1650,151.25,166.25,15.25,30.75,0.53016
1650,268.75,410.25,15.25,30.75,0.53016
1650,156.25,430.5,15,30.25,0.53004
1650,509.5,170.75,13.5,27,0.53003
1680,524.5,445.25,16.25,32,0.54668
1680,246,292.75,12,24.25,0.54551
1680,309,301.75,13.5,27,0.5454
1680,580,146.5,12.75,25.25,0.5448
1680,164.25,419.25,14.5,29,0.54423
1680,172.25,142.5,17.25,34.5,0.54371
1680,620.5,148.5,15.75,31.5,0.54324
1680,259.25,304,15,30,0.5427
1680,357.25,230.5,13.25,26.75,0.5419
1680,145.25,81.5,16.25,32.25,0.54
1680,527.5,440,12.5,25.25,0.53977
1680,325,275.75,14.5,29,0.53929
1680,594.5,440.25,12.25,24.25,0.53894
1680,117.75,395.25,13.25,26.75,0.53799
1680,333.75,390,15.25,30.25,0.53799
1680,526.25,402.75,12,24,0.53652
1680,324.75,290.75,14,28.25,0.5363
1680,306.75,167.75,21.5,43.5,0.53495
1680,170.75,182.75,15.75,31.5,0.53458
1680,552.5,142,20.75,41.75,0.53421
1680,8.5,321,12.75,25.25,0.53389
1680,325,314.75,15.25,30.75,0.53377
1680,3,156.5,20,40.5,0.53335
1680,468.25,447.5,13.25,26.75,0.5331
1680,491.75,399.75,13.5,26.5,0.53287
1680,269.25,272.25,13,25.75,0.53268
1680,122.25,133.5,16.5,33,0.53261
1680,325,220.5,13.5,26.75,0.53243
1680,593,15,13,26,0.5323
1680,300,224.25,13,26,0.53227
1680,339.25,159.5,15.5,30.75,0.53192
1680,420.75,443.5,15.5,31,0.53168
1680,172.25,419.25,13.75,27.5,0.53069
1680,588.25,438.5,14.5,28.75,0.53039
1680,72.75,199.75,20.25,40.25,0.53035
1680,319.75,74.5,13.5,27.5,0.53015
1710,172.5,352.5,12.5,25.25,0.5715
1710,412.25,350.75,12.5,25,0.56065
1710,80.25,406.5,12.25,24.25,0.54894
1710,266,99,15,29.75,0.54558
1710,291.75,320.5,13.75,27.75,0.54527
1710,276.5,445.5,16,32,0.54078
1710,200.25,342.5,17,33.75,0.53964
1710,444.75,402,14.75,29.75,0.53963
1710,145.5,143.75,35.5,71,0.53933
1710,501.25,105.75,14.5,29.5,0.53702
1710,82.25,139,12.5,24.75,0.53475
1710,250.75,393.5,23.25,46.75,0.53397
1710,197,419,14,28.25,0.53359
1710,44.75,353,11.5,23,0.53346
1710,515.25,428.5,17.25,34.75,0.5325
1710,229.25,447.75,14.5,28.75,0.53217
1710,28,287.25,12.75,25.5,0.53195
1710,309,380.75,13.75,27.5,0.5314
1710,358,305,12.5,25.25,0.53123
1710,315.75,185.5,12.75,25.5,0.53112
1710,183.75,402,12.25,24,0.53053
1710,516.5,371.25,13.75,27.25,0.53038
1710,437.75,416.75,14.5,29.25,0.53005
1740,331.5,412.5,11.75,24,0.55919
1740,300.5,257,15.25,30.5,0.55792
1740,604.25,398.25,12.25,24.5,0.55698
1740,342,317.5,13.25,26,0.55675
1740,460.25,369.5,14.25,28.25,0.55658
1740,506,305,12.25,24.5,0.55161
1740,331.5,316.75,12.5,25,0.55029
1740,268.25,274.25,16,32,0.54798
1740,148.5,394.25,14.75,29.5,0.54718
1740,468,386.5,15.25,30.5,0.54538
1740,510,328.75,12.75,25.25,0.5451
1740,213,381.25,15,30.25,0.54399
1740,428.75,412,13.25,26.75,0.54304
1740,187,364.5,17.5,35.25,0.54297
1740,251,341.5,18,36.5,0.54244
1740,524.25,384.25,14,28,0.5423
1740,-2.5,48.5,20.75,41.5,0.54084
1740,570,278.5,15.5,31.25,0.54037
1740,486.25,433.5,14,28.25,0.5401
1740,373,364.5,14,28,0.53975
1740,504,318.75,13,25.75,0.53973
1740,548.75,404.5,15.25,30.5,0.53863
1740,141,401.5,15,30,0.53821
1740,117.5,448.75,14.75,29.75,0.53747
1740,160.25,58.75,11.75,24,0.5372
1740,26,120.5,12.25,24.75,0.53713
1740,444.5,377.5,15.75,31.25,0.53663
1740,197.25,359.5,13,26,0.53606
1740,318.25,376.5,14.5,28.75,0.53557
1740,231.75,373.5,12.75,25.5,0.53545
1740,493.25,434,14.5,28.5,0.53496
1740,95.75,294.75,13.25,26.5,0.53485
1740,260.75,381,11.5,23,0.53438
1740,268.75,423.25,15,29.75,0.53416
1740,332.25,369.25,17,33.75,0.53337
1740,181.25,376,13.25,26.25,0.53327
1740,75.5,189,12.75,25.25,0.53295
1740,613.25,241.25,29.25,59,0.53252
1740,380,364.25,13,26,0.53222
1740,147.5,373.75,16.75,33.25,0.53202
1740,100.25,395,15,30,0.53201
1740,626.75,184.25,12.5,25.5,0.53199
1740,305,417.5,17.25,34.75,0.53163
1740,534.25,404,12.25,24.25,0.53135
1740,445.5,335.25,13.25,26.5,0.53115
1740,91.5,214,13,26.25,0.53078
1740,229,387.25,13.75,27.5,0.53041
1740,199,136.25,16.25,32.5,0.53031
1770,28.75,325,14,28,0.57808
1770,548.75,448.75,14.25,28.5,0.56524
1770,77.25,428.75,13.75,27.5,0.56222
1770,252.5,340.5,12.25,25,0.55202
1770,532.75,413.25,14.75,29.25,0.55036
1770,260.25,336,12.75,26,0.55031
1770,96,271.75,12.75,25.75,0.55008
1770,200.75,117.75,35,70.25,0.54928
1770,268.75,380.5,14.75,29.5,0.54825
1770,28.5,415,13.5,27,0.54755
1770,52.25,364.75,12,24,0.54727
1770,340.75,413.5,14,27.75,0.54715
1770,580,409,14.75,29.25,0.5461
1770,132.25,350,14,28.5,0.54532
1770,61,415,13.5,27,0.54423
1770,151.75,368.25,12.5,25,0.54351
1770,364.75,445,16,31.75,0.54323
1770,117,396.5,14,28,0.54275
1770,355,346.25,17.25,34.5,0.5424
1770,157,422.5,14.25,28.25,0.54098
1770,140.75,184.75,15,29.5,0.54082
1770,628.5,1,12,24,0.54046
1770,492.75,390,15.25,30.25,0.54025
1770,332.5,352,16,32.25,0.54009
1770,260.75,384.75,15,30.25,0.5397
1770,422.25,347,13.5,27.25,0.53958
1770,151.75,356.75,13,26,0.53902
1770,235.75,366.5,14.25,28.25,0.5387
1770,461.25,135.5,13,25.75,0.53832
1770,564.5,444.25,14.75,29.5,0.53814
1770,67.25,216,14.25,28.25,0.53758
1770,195.75,249,13,26,0.5375
1770,316.25,330.75,16,31.75,0.5374
1770,280.25,336.5,12,23.5,0.53678
1770,603.75,388,17.75,35.25,0.53642
1770,86.75,137,11.5,23,0.53529
1770,293.25,340,15.75,31.25,0.53525
1770,412,364,14.5,29,0.53461
1770,555.5,346.25,15,30.25,0.53446
1770,572.25,411.5,12.25,24.75,0.53397
1770,205,382.25,12.75,25.5,0.53389
1770,348.75,413.75,13.5,27,0.53382
1770,108.75,340.25,14,28,0.53373
1770,-3,97.75,23,46.25,0.53359
1770,482.5,315.75,16.25,32.5,0.53344
1770,588.5,449.75,11.75,23.5,0.53273
1770,174,126.25,19.75,39.75,0.53269
1770,320,114.25,12.25,24.25,0.53226
1770,429.5,185.75,18,36.25,0.53221
1770,176.5,404,12,23.75,0.53176
1770,6.75,404.25,12.5,25.25,0.53128
1770,244.75,302.75,15.75,31.5,0.53124
1770,197.5,314.5,13.75,27.5,0.53109
1770,347.75,351.75,16.5,33,0.53092
1770,335,149,21,41.5,0.53084
1770,132.5,363.75,13.5,27,0.53061
1770,326.75,247,14,28.25,0.53051
1770,139.5,387.25,13.75,27.5,0.53015
1770,356.25,434.5,15,30,0.53011
1800,212.25,385.5,16,31.75,0.56699
1800,588.25,414,13.5,27,0.55375
1800,31,355.5,15,30.25,0.5518
1800,604.75,306,13.25,27,0.5494
1800,246.5,416,12.5,25,0.54812
1800,619.75,310.25,12.5,25,0.54698
1800,254.25,361.75,12.75,25.25,0.54691
1800,511.75,229.25,13.75,27.5,0.54519
1800,172.75,328.75,11.75,23.75,0.54319
1800,132.25,387.5,15.5,31,0.54193
1800,243.5,432.25,16.5,33.25,0.5416
1800,180.25,382.25,12.5,25.25,0.54115
1800,475.75,388.75,15.5,31,0.54055
1800,92.25,398.5,15.25,30.25,0.54054
1800,196.5,362.5,15.25,31,0.54046
1800,220.25,405.5,14,28,0.54042
1800,317.25,361.25,14.5,29.25,0.53917
1800,420.25,353.25,12.25,24.25,0.53861
1800,134.25,363.75,14,28.25,0.53823
1800,364,403.25,14.25,28.75,0.53813
1800,180,263.75,12.75,25.5,0.53747
1800,181.5,331.75,13,26.5,0.53714
1800,210.5,398.75,18,36.25,0.53557
1800,172.75,391.5,16.5,32.5,0.53486
1800,330.75,285.25,12.75,25,0.5348
1800,42.75,19.75,11.75,23.75,0.53472
1800,413,427.5,13,26.25,0.53467
1800,60.25,422.5,14.25,28.5,0.53465
1800,165.5,374.75,13.25,26.25,0.53444
1800,577.5,6.5,40.75,81.75,0.53379
1800,340.5,327.5,12.75,25.75,0.53351
1800,477.5,339,13.5,27.5,0.53345
1800,378,290.75,17.75,35.5,0.53328
1800,456,116.25,13.25,26.25,0.53278
1800,460.25,398,14.5,29.25,0.53249
1800,467.75,387,15,29.75,0.53225
1800,25,185.5,14.25,28.5,0.53183
1800,308.75,411.75,16,31.75,0.53178
1800,304.75,317.75,12.25,24.5,0.53142
1800,154.5,348.75,24,48,0.53123
1800,412,403.25,13.5,27.25,0.53112
1800,396.5,155.5,14,27.75,0.53097
1800,452.25,115.25,23.75,47.5,0.53096
1830,588.75,415.5,11.75,23.75,0.55911
1830,204.75,430,15,29.75,0.55685
1830,357,402.25,14.25,28.5,0.55622
1830,197.5,421.75,13.75,27.25,0.55477
1830,213.25,418.25,14.25,28.5,0.55123
1830,119.25,385.25,13.5,27,0.54842
1830,524,411.75,12.5,25,0.54624
1830,356.5,351.25,12.75,25.75,0.54582
1830,589,375,13.25,26.25,0.5456
1830,525.75,356,14.75,29.75,0.54457
1830,152,408,12.5,24.75,0.54402
1830,483.25,424.5,13,25.75,0.54367
1830,405.25,424.75,16.75,33.25,0.54365
1830,135.25,376.75,16,32,0.54356
1830,296.75,321,11.5,23,0.54355
1830,306,419.75,13.5,27.5,0.54329
1830,366.25,406.5,13.25,26.5,0.5432
1830,61,312,13.5,27,0.54237
1830,332,242.25,12.5,25,0.54213
1830,83.5,367.25,15.5,31.25,0.54156
1830,470,424.5,13.25,26.75,0.54056
1830,221.25,424,13.5,26.75,0.54046
1830,238.75,341,14.75,29.75,0.54017
1830,494.5,341.75,30.75,61.5,0.54012
1830,122,144.25,27.25,54.25,0.53985
1830,501.25,442.75,14.5,29.5,0.53936
1830,181.25,158.5,13,26.25,0.53919
1830,151,335.5,12.5,25,0.53873
1830,220.75,444.75,15.5,31.25,0.53837
1830,69,414.25,17,33.75,0.53805
1830,343.75,380.25,13.25,26.25,0.5378
1830,376.25,209.25,12.25,24.25,0.53742
1830,477.25,95.75,27.75,55.75,0.53642
1830,180.5,261,13,25.75,0.53637
1830,459.5,412,16.5,33,0.53612
1830,373.5,404,13.75,27.75,0.53607
1830,172.75,337.25,12.25,24.25,0.53603
1830,365.25,362,15.5,31.5,0.53571
1830,188.5,414,12.5,25.5,0.53519
1830,603.25,378,15.5,30.75,0.53475
1830,604.25,15.25,13,25.75,0.53457
1830,582.25,99.5,14.75,29.5,0.53437
1830,443.75,119.25,12.75,25.75,0.53428
1830,-2.75,127.5,23.25,46.5,0.53363
1830,374.25,147.5,12.25,24.5,0.53346
1830,206.5,3.5,13.5,26.5,0.53345
1830,388.5,408.25,12.75,25,0.53278
1830,564.25,335.5,15.25,30.5,0.53273
1830,134.75,271.5,12.5,25,0.5327
1830,156.5,340.25,14.75,29.75,0.53245
1830,572,409.5,16.5,33.25,0.53224
1830,124.25,270.25,12.25,24.75,0.53217
1830,340.75,409,15.5,30.75,0.53211
1830,196.75,441.75,14.75,29.5,0.53196
1830,484,339.25,14.25,28.75,0.53191
1830,581,108.25,14.5,28.75,0.53191
1830,628.25,75,11.5,23,0.53163
1830,179.5,411.75,16.25,32.5,0.53155
1830,15.25,218,16.5,33.25,0.53144
1830,51.25,299.5,16.5,33,0.53142
1830,349.25,180,12.5,25.25,0.53128
1830,622.25,4,19.5,39.25,0.53121
1830,104.25,176.25,12.25,24.25,0.53056
1830,508.25,427.5,12.75,25.5,0.53049
1830,119,372.5,11.75,23.75,0.5303
1830,40.25,350.25,12.5,24.5,0.53026
1830,59.25,316.5,18.5,37.25,0.53018
1830,507.5,94,13.75,27.75,0.53005
