30,549.25,274.75,14.75,29.5,0.57229
30,626.25,87,14.25,28.5,0.54642
30,386.25,194.75,23.25,46.5,0.54169
30,229.75,196.5,13.75,27.25,0.54147
30,341.75,198.75,20.5,41.5,0.5408
30,545.5,166.25,19.25,38.25,0.54007
30,108.5,143.5,21.5,43.25,0.53885
30,303.5,182.25,22.25,44.5,0.53692
30,372.5,446,16.25,32.5,0.53683
30,114.75,49.75,129.75,259.5,0.53624
30,42.5,136.25,12.25,24.25,0.53512
30,309.75,1.5,15.25,30,0.53437
30,307,197.25,14.75,29.25,0.53373
30,131,324.25,18,35.5,0.53361
30,59,130,17,34,0.53294
30,93,328.5,14.25,28.75,0.53171
30,21.25,113.5,13.75,27.25,0.53118
60,92.75,124.25,14.5,29.5,0.55477
60,76.5,385.5,15,30.5,0.55408
60,92.75,348.25,14,28.25,0.55228
60,93.5,383.5,13.25,26.5,0.54826
60,28.75,22.75,13,26,0.54588
60,120,67.75,12.25,24.5,0.53965
60,92,304.75,15.25,30.5,0.53948
60,243.25,277,16.75,33.5,0.53947
60,94,360.25,12.75,25.25,0.53849
60,627.5,118.75,13.75,27.25,0.5367
60,243.25,330,15.5,30.75,0.53561
60,389.5,259.5,14,28,0.5356
60,236.25,346.25,15,30.5,0.53521
60,573.25,367,13,26.5,0.53483
60,458.75,161.25,17,33.75,0.53478
60,598.25,325.5,13.25,26.25,0.53388
60,359,188,13,25.75,0.53375
60,230,350.75,13,25.75,0.5328
60,185,298.5,33,65.5,0.53275
60,489,164.75,13.5,27,0.53251
60,118.25,412.75,12,24,0.53213
60,452.5,11.25,11.75,23.5,0.5321
60,261.25,274,14,27.75,0.53187
60,212.75,396.5,12,23.75,0.5318
60,108.25,327.25,13,25.75,0.53147
60,108.25,378.75,20.25,40.5,0.53124
60,76.5,338,14.5,29.25,0.53058
60,586.5,89,12.75,25.75,0.53038
60,132,337,15.5,30.75,0.53033
60,29.25,390.75,13.25,27,0.53031
60,84.25,32.25,12.75,25.5,0.53029
60,361.75,190.75,17.25,34.5,0.53023
60,421.5,234,14.75,29.75,0.53023
60,334.5,298.5,23.25,46.5,0.5301
90,84.75,178.25,11.75,23.25,0.55907
90,603.75,272.75,16.25,32.5,0.5545
90,394.75,188.75,26.75,53.5,0.55267
90,296.75,195.75,14.5,28.5,0.54901
90,180.75,366.25,14.25,28.75,0.54843
90,93.25,160,13.75,27.25,0.54424
90,229.5,183.75,13.75,27.75,0.5442
90,324.5,288.75,16.25,32.5,0.54384
90,387.25,328.25,12.25,24.75,0.54323
90,72.25,96.5,16.75,33.25,0.54169
90,189,182.75,15.5,30.75,0.5416
90,61,347.75,14.5,29.25,0.54023
90,203.75,14.5,17.25,34.5,0.53943
90,521.25,167.75,12.5,24.75,0.53923
90,308.25,303.25,13.75,27.25,0.53912
90,221,327.25,13,26.25,0.53856
90,237.25,236.75,14,27.75,0.53845
90,343.75,216.75,13.25,26.25,0.53843
90,439.5,166.5,38.25,76.5,0.53785
90,85.75,126,14,27.5,0.53781
90,484.75,293.75,13.75,27.5,0.53765
90,460.25,171,14.5,29,0.53757
90,348.75,204.25,19.25,38.25,0.53756
90,156.5,431.5,14,28.25,0.53724
90,525.25,168,12.75,25.5,0.53668
90,625.5,128.75,16,32,0.5365
90,379.5,193,13.5,26.75,0.53584
90,98.25,33,119.75,239.25,0.53572
90,229.5,239,13.5,27,0.53541
90,480.25,163.75,37.5,75,0.53425
90,256.5,195,12.25,24.5,0.53418
90,196.5,36.75,15.75,32,0.53413
90,162,55.75,20.5,40.75,0.53397
90,77.5,401,13.5,27,0.53385
90,259.75,431.5,16.5,33,0.53332
90,115.5,71.5,13,26.25,0.533
90,29.75,131.25,12.5,25,0.53299
90,299.25,125.25,16,32,0.53296
90,282.25,179,15.25,30.25,0.53257
90,441.5,31.25,16.75,33.75,0.53251
90,588,71.5,13,26,0.53107
90,468,296.5,13.75,27.25,0.53057
90,114.25,418.5,18.75,37.5,0.53049
90,570.75,63,11.5,23,0.53037
90,159,46.5,13.25,26.5,0.53034
120,319.5,205.5,21.25,42.75,0.56129
120,398,171.75,13,25.5,0.55087
120,51,349.75,17.25,34.75,0.54429
120,-2,17,16,31.75,0.54175
120,170.25,195,14,27.5,0.54158
120,624.5,124.25,17.25,34.25,0.5403
120,173,331,14.75,29,0.53934
120,339,440.5,11.75,23.5,0.53818
120,35,348.75,18,36,0.53762
120,37.25,405.25,14,27.75,0.53653
120,37.25,380.25,14,28,0.53641
120,188.25,333.5,14.5,29,0.53634
120,36.75,368.25,12.75,25.5,0.53613
120,28.25,355.5,14.5,28.75,0.53525
120,364.25,183,33.25,66,0.53427
120,628.75,29,11.5,23,0.53375
120,493.75,165.5,13.75,27.75,0.5326
120,30,137.5,12,24,0.53248
120,189.75,418.5,18.5,37.25,0.53234
120,374.25,407.5,15.25,30.75,0.53174
120,90.75,406.25,13.5,26.5,0.53158
120,174.75,25,11.5,23.25,0.53079
120,540.5,62,18,35.75,0.5302
150,60.5,207.75,16.75,33.5,0.56155
150,620.5,78.25,12.25,24.25,0.54211
150,63.75,389,15.75,31.5,0.54143
150,602.75,60.75,17.5,34.75,0.53955
150,354,56.75,18,36,0.53732
150,228.25,444.25,17,34,0.53484
150,573.75,42.75,28,56.25,0.53445
150,361.5,47,23,46.25,0.53419
150,411.75,62.75,14.5,29,0.53384
150,142.25,50.5,13.5,27.25,0.53293
150,170.75,175.5,15,29.5,0.53228
150,30.5,405.25,14,27.75,0.532
150,505.25,59.25,12.75,25.25,0.53157
150,463.75,127.5,12.75,25.25,0.53136
150,293.75,48,12.75,25.5,0.53127
150,561.25,4.25,48,96.25,0.53104
150,610,61.75,18.75,37.25,0.53001
180,242,197.25,13.25,27,0.55289
180,277.25,203,14.25,28.5,0.54619
180,611.75,310,14.5,29.25,0.53867
180,376.25,246.75,30.5,60.75,0.53473
180,589.75,437.25,13.25,26.5,0.53389
180,228,199.5,12.5,24.75,0.53368
180,607.25,408,12.25,24.5,0.53203
180,144.5,382.75,13,26.25,0.53123
180,49.75,10,48,96.25,0.53109
180,95,11.5,65,130.25,0.53021
210,220.75,352.75,13.5,27.5,0.55477
210,68.5,370.25,15.25,30.75,0.5475
210,482,328.25,12,23.75,0.54735
210,278.25,186.25,21,41.75,0.54412
210,75.5,14.25,18,36,0.54405
210,252.25,342.5,13.25,26.5,0.54331
210,219.5,414.75,18,35.75,0.5426
210,214,367.75,13,25.75,0.54205
210,140.5,360.5,13,26,0.54042
210,256.5,250.5,14.5,29.25,0.54005
210,427.75,403.75,14,28.25,0.53925
210,422.75,34.75,11.5,23.25,0.53776
210,237,348.75,14,28.5,0.53676
210,414.25,141.25,14,27.5,0.53627
210,344,57.75,65.75,131.25,0.53597
210,332.25,341,12,24,0.53538
210,122,74,16.25,32.5,0.53418
210,125,365.25,14.5,29.5,0.5321
210,220.5,125,12,24.25,0.53163
210,557,186.75,17,34.25,0.53157
210,230.75,342,13.5,27.25,0.53101
210,228.5,411.25,16,31.75,0.53082
210,348.75,338.5,12.75,25.5,0.53042
240,132.25,373.75,14.25,28.5,0.57713
240,123.75,322.25,16,31.75,0.57112
240,131.75,346.25,15.5,31,0.56971
240,181.25,334.75,13.5,27,0.56577
240,116,379,16.25,32.25,0.56531
240,69.75,349.75,13.5,27.5,0.56483
240,92.75,347,13.75,27.5,0.56359
240,293.5,267.5,14,28.25,0.56078
240,172.5,392.5,16,31.75,0.55971
240,44,367.5,15,30,0.55615
240,28.5,354.25,15.5,30.5,0.55431
240,21.25,326.5,14,28.25,0.55367
240,116.5,363.25,15.25,30.5,0.55323
240,123.75,362.25,16,32.5,0.5531
240,205,368.25,15,29.75,0.55307
240,29,380.75,14,28,0.55086
240,84.5,348,13.75,27.5,0.54993
240,382.5,223,13,26.25,0.54882
240,107.75,333.25,16,32,0.54848
240,237.5,189.25,12.75,25.5,0.54847
240,317.25,265,13.75,27.75,0.54784
240,275.5,367.75,18,36.25,0.54747
240,324.25,341,13.5,27,0.54742
240,381.25,347.5,13.25,26.25,0.54739
240,156.25,354.5,15,30,0.54685
240,253.75,244.75,13,26.25,0.54664
240,141.5,366.25,13.75,27.75,0.54569
240,308.5,360.75,16,32.25,0.54505
240,21.25,332.75,14.75,29.5,0.54424
240,148.5,361.75,15.25,30.75,0.54268
240,220.75,348.75,13.75,27.5,0.54229
240,76.75,348.5,14.75,29.5,0.54218
240,188.75,387,15.25,30.25,0.54179
240,379.75,367,14.25,28.75,0.54128
240,100.75,347.75,14.5,28.75,0.54079
240,236.75,367.25,13.25,26.25,0.53884
240,99.75,383.75,16,32,0.5388
240,380.25,242.25,16.5,32.75,0.53872
240,438.25,327.25,13.75,27.25,0.53831
240,172.5,344.5,16,32.25,0.53785
240,412,432,16,32.5,0.53776
240,77.75,143,12.75,25.5,0.53773
240,358,234.25,12.75,25.5,0.53752
240,100.5,313.5,14.5,29,0.53696
240,316.75,377.5,16,32,0.53692
240,397,345.5,14,28,0.53683
240,292,413,14.75,29.25,0.5367
240,470,369.75,14.75,29.5,0.5364
240,350.75,374.75,13.25,26.5,0.53616
240,-2,173.5,16.25,32.25,0.53603
240,196.5,366,15.5,31,0.53582
240,29,332,14,28,0.53569
240,36.5,369.75,15.25,30.5,0.53554
240,453.5,363.75,14.25,28.5,0.53554
240,188,328.75,12.75,25.5,0.53541
240,264.5,408.5,12.5,25,0.53484
240,212.25,369,16,31.75,0.53469
240,373.75,224,13,26.25,0.53454
240,204.75,351.75,14.25,28.5,0.53405
240,325,363.5,15,29.75,0.53386
240,72.25,332.75,12,24,0.53367
240,76.25,340.75,15,29.75,0.5336
240,291.75,346.75,16,31.75,0.53288
240,-1.75,149,14.5,29.25,0.53276
240,108,362,15.75,31.5,0.53258
240,220,367,16.5,33,0.53253
240,363.5,22.25,13.75,27.75,0.5321
240,141.75,346,17.75,35.25,0.53197
240,53.5,301,11.5,23.5,0.53173
240,68.25,372.5,14.75,29,0.5315
240,134.25,310.75,13.5,27,0.53128
240,180.75,148,13.5,26.75,0.53124
240,84.25,334,15.5,31,0.53114
240,21.25,358.5,13.25,26.5,0.53066
240,44,320.75,14.25,29,0.53059
240,36.75,328,15,30.25,0.5305
240,371.25,352.25,16,32,0.53041
240,99.75,400.5,15.75,31.25,0.53029
240,332,335.25,12.75,25.5,0.53024
270,108.75,366,13.5,27,0.56363
270,336.5,56,12.5,25,0.55473
270,100.5,375.5,14.25,28.75,0.55319
270,399.25,293,12.75,25.5,0.55122
270,365,421.75,15.75,31.5,0.55098
270,212,368.25,15.75,31.75,0.54987
270,29.5,352.75,15.25,30.75,0.54565
270,100.5,262.25,14,27.75,0.54178
270,365,241.5,16.25,32.5,0.54132
270,299,250.25,16.75,33.25,0.5409
270,66.75,356.5,14,27.75,0.5407
270,84,362,17,34,0.53978
270,195,366,17,34.5,0.53971
270,21,358.5,14.75,29.75,0.53951
270,29.5,301,14.75,29.75,0.53933
270,220.25,384.75,16,31.75,0.53908
270,276.75,231.5,13.25,26.75,0.53879
270,292.25,322.25,12.25,24,0.53743
270,151.75,297.25,12.25,24.5,0.53729
270,246.5,401.25,11.75,23.75,0.53632
270,236.5,369.25,16,31.5,0.53553
270,143,394.5,23.25,46.75,0.53346
270,39.5,358.75,13,26,0.53314
270,328.75,56,12.5,25,0.53311
270,322.5,254,19.25,38.25,0.5324
270,149.5,336.5,15,30,0.53214
270,316,325.5,12.25,24.75,0.53206
270,597.75,30.5,14,28,0.53186
270,554.5,114.25,12.5,25.25,0.53163
270,46.5,357.25,13.5,26.75,0.53153
270,592.75,188,12,24,0.53134
270,332.25,334.25,12.25,24.5,0.5311
270,68.5,380.75,14.75,29.5,0.53071
270,141.75,341.75,14.25,28.25,0.53059
270,137.25,302.5,13,25.75,0.53058
270,54,317.5,12.75,25.75,0.53058
270,84.25,352.5,15.5,31,0.53029
300,278.75,263.25,13,26.25,0.56268
300,292.25,7.75,14.75,29.75,0.55572
300,168,267.5,12.75,25,0.55563
300,260.75,403,14.75,29.25,0.55406
300,245.5,396,13.75,27.75,0.55258
300,340.5,267.5,12.75,25.25,0.5517
300,37.25,378.75,14,28,0.55082
300,84.75,299.75,15.25,31,0.54873
300,85.25,329,14.75,29.5,0.54483
300,44.5,359.75,13.25,26.25,0.54428
300,116.5,409,15.75,31.5,0.54381
300,317.25,284,14.5,29,0.54064
300,60.25,307.5,14.25,28.5,0.54038
300,262,388,14,27.5,0.54023
300,141.75,271.5,12.75,25.5,0.53976
300,92,180.75,38.75,77.5,0.53954
300,20.5,366.75,15.75,31.5,0.53842
300,116,272.75,15.25,30.75,0.53758
300,436,359.5,14,28,0.53608
300,292.5,426.25,13.75,27,0.53582
300,205.25,336.75,12.75,25.5,0.53495
300,341.5,259.75,14,27.75,0.53489
300,196.25,336,16.5,32.75,0.53455
300,227.5,301,17.75,35.5,0.53454
300,223,263.5,12.75,25.5,0.53454
300,93,395.5,13.5,27,0.53374
300,181.5,368,12.5,25.25,0.53354
300,37,316.25,14.25,28.75,0.53349
300,149.5,167,14,28.25,0.5333
300,389,428,14.75,29.25,0.53298
300,275.75,240.5,16.5,33,0.53239
300,164.25,288,15.75,31.5,0.53234
300,491,339.5,15.25,30.5,0.53228
300,51.5,287.25,13,25.75,0.53206
300,306.75,268,13.5,27,0.53191
300,623.75,10.5,15.25,30.25,0.53172
300,37.5,294.5,13,26,0.53171
300,220.25,308,16,31.75,0.53167
300,582.5,176.5,14.75,29.5,0.53102
300,266.75,242,15.75,31.25,0.53095
300,213.75,258,13.75,27.5,0.53085
300,189.25,333.75,14.25,29,0.53027
300,328.75,265,12,24,0.53016
330,246,406.75,12,24.25,0.5628
330,84.25,315.25,13.25,26.25,0.56157
330,59.75,384.25,13.25,26.5,0.55992
330,69,318.75,14.75,29.75,0.55023
330,44.5,334.25,13.25,26.75,0.55
330,468,409.5,14,28,0.54847
330,148.25,332.25,15.75,31.5,0.54456
330,60.25,395.75,13.75,27.5,0.54408
330,301,276.25,15.25,30.25,0.54388
330,365,364.25,15.25,30.75,0.5438
330,357,332,14.5,28.5,0.54354
330,84.75,338,16,31.75,0.54322
330,74.25,386.5,12.25,24.75,0.54245
330,436.75,191.25,12.75,25.5,0.54188
330,263.75,309.25,12,24,0.54099
330,580.25,380.75,13.5,26.75,0.54061
330,-3,188,24.75,49.25,0.54034
330,212.5,347,14.75,29.75,0.53952
330,187.75,327.25,16.75,33.5,0.53898
330,323.75,359,15.25,30.5,0.53809
330,490.5,373.75,15.75,31.5,0.53788
330,120.5,314,11.75,23.5,0.53774
330,242.5,374.25,17.25,35,0.53756
330,189.25,358.5,15.25,30.25,0.53683
330,414.25,365,16,32,0.53647
330,403.5,105,13,26.5,0.53647
330,559,422.5,12.75,25.25,0.53597
330,283,408.25,13,26,0.53549
330,499.25,393,14,28,0.53468
330,166.5,335.5,13.25,26.75,0.53436
330,151.5,375,13.5,27.25,0.53412
330,290.5,330.75,16,31.75,0.53371
330,68.5,385,14.75,29.25,0.53297
330,157,312.25,12.25,24.5,0.5328
330,220.75,277.75,15.75,31.75,0.53273
330,239.25,331.25,13.25,26.75,0.53261
330,302.75,376.75,11.5,23.5,0.53235
330,70.5,343,12.75,25.5,0.53224
330,440.75,362,15.5,31.5,0.5319
330,7.5,339.5,12.25,24.25,0.53172
330,389,363,15,29.75,0.53116
330,246,324.25,12.5,24.75,0.53109
330,364.25,392.25,16.25,32.5,0.53108
330,525.25,442.25,15,30.25,0.53074
330,196.75,326.5,15.25,30.5,0.5305
330,556.75,377.25,14.25,28.5,0.53029
330,449.25,422.75,14.75,29.25,0.53011
360,365,365.75,13.5,27.25,0.56975
360,348.75,363.5,13.75,27.5,0.55799
360,236.25,269.25,15.5,30.75,0.55274
360,60.25,370.5,15,30,0.55265
360,356,415.5,16,31.75,0.55183
360,413,293.75,14,27.75,0.5497
360,404.75,432.75,14.25,28.75,0.54968
360,165,364,14.25,28.25,0.54774
360,37.5,325.75,13.5,27.25,0.54761
360,180.75,271.75,13.75,27.25,0.54627
360,564.5,415.5,14.25,28.25,0.54617
360,261,326.5,14,28.25,0.54535
360,493.5,413.25,13.25,26.75,0.54501
360,516.5,428.25,14,28.25,0.54426
360,405.25,395,38.5,76.75,0.54383
360,486,377.25,14.25,28.5,0.54299
360,291,301.75,16.75,34,0.54268
360,267.75,297.25,17.5,35,0.54181
360,373.5,365.75,13.25,26.5,0.54116
360,520.5,146.75,12.25,24.75,0.54102
360,349,400.5,12.5,24.75,0.54076
360,269,325.5,14,28,0.54047
360,275.75,233.5,13.25,26.75,0.54033
360,532.25,329.75,24,47.75,0.54029
360,77.75,375,13.25,26.5,0.5401
360,284.25,321.25,16.25,32.25,0.53918
360,36.5,136.25,12.75,25,0.53801
360,173,357.25,15,29.5,0.53799
360,403,367.5,16.75,33.75,0.5375
360,28.25,439.5,16.5,33.25,0.53733
360,324.25,287.5,12,23.75,0.53655
360,412.25,352,15,30,0.53649
360,261.25,390.25,14.25,28.5,0.53643
360,286.25,281.5,12,24.25,0.53639
360,611.75,19.75,14,28,0.53627
360,278,99.5,13.75,27.25,0.53626
360,532.75,400.25,16.75,33.25,0.53587
360,108.75,336.25,13.5,26.75,0.53579
360,373.25,175.5,13.5,27,0.53563
360,317,383.25,15,30,0.53543
360,222.75,264.5,13.25,26.5,0.53516
360,541.25,415.25,13.5,27,0.53488
360,67,384,17,34.25,0.53476
360,131,273.75,12,23.75,0.53473
360,500.25,408.25,14.5,28.75,0.53464
360,380.25,398,16.5,33,0.53463
360,119.25,391.25,12.75,25,0.53426
360,51.75,374.75,15.75,32,0.53402
360,459.5,336,16,32,0.53397
360,52.25,370.75,14.5,29.25,0.5336
360,296.75,217,11.5,23,0.53357
360,357,281.5,14,27.75,0.53356
360,197.5,274.5,38.75,77.25,0.5335
360,92.5,412,12.5,25,0.53343
360,454.5,399,11.75,23.75,0.53335
360,182,343.75,12.75,25.25,0.53334
360,263.75,278.5,12.25,25,0.53331
360,444,189.25,17.5,34.75,0.53324
360,419.75,390.75,12.75,25.5,0.53312
360,249.75,281,25,50.25,0.53298
360,67.25,309.5,15.75,31.25,0.53293
360,548,426.75,15.25,30,0.53287
360,111.25,386,15,30.5,0.53283
360,397.25,398.75,13.25,26.5,0.53277
360,403.75,397.75,16.5,32.75,0.53254
360,44.25,373.5,14.5,29,0.53207
360,611.5,180.75,18,36,0.53205
360,540.25,379,12.75,25.75,0.53184
360,499,418.5,17.5,34.5,0.53181
360,253.25,329,14.75,29.25,0.53155
360,213.5,272,13,26.5,0.53155
360,308.25,274,16,32.25,0.53144
360,436.75,415.75,12.75,25.5,0.53128
360,404.5,389.25,14.5,29,0.53111
360,189.25,418,11.75,23.5,0.53104
360,417.25,163.75,23.5,46.75,0.53099
360,60,383.5,13.5,27.25,0.5308
360,470.5,383.5,12.75,25.5,0.5308
360,92.25,372.5,15.25,30.75,0.53057
360,387.5,387.75,14.5,29,0.53054
360,626.5,372.5,13.25,26.25,0.5304
360,105,367.5,14.5,28.75,0.53012
390,180.5,325,14,28.25,0.56658
390,260.25,350,16,32,0.56094
390,468.25,408,12.75,25.5,0.55363
390,84.75,327,13.75,27.5,0.55315
390,133,289,13,26,0.55203
390,204,314,15.75,31.5,0.5507
390,100.75,315.5,14,28.5,0.54926
390,51.5,334.25,16,32.25,0.54919
390,28.75,394.75,14.75,29.5,0.54897
390,124.25,381,13.75,27,0.54883
390,180.75,347.25,14.5,29.25,0.54803
390,397.25,392.5,12.25,24.25,0.54796
390,428,403.5,14.5,28.75,0.54747
390,141.25,317.5,14,28.25,0.54746
390,260.75,284.25,13,25.75,0.54745
390,172.25,326,13.75,27.5,0.54735
390,60.25,368.25,16,31.75,0.54629
390,363.5,355.5,14.25,28.75,0.54577
390,124,371.25,14.75,29.5,0.54569
390,292,275.75,14.5,28.75,0.54524
390,116.5,374.75,15,30,0.54479
390,149,249.25,12,24.25,0.54309
390,103.5,295.25,12.75,25.75,0.54295
390,172.25,369,15.5,31,0.54278
390,12,130.75,12.5,25.25,0.5424
390,379.25,364,17.5,35,0.54228
390,156,265.25,14.5,29,0.54181
390,199.25,311.25,13.5,26.75,0.54173
390,108.25,314.25,14.75,29.75,0.54171
390,84.25,368,16,32.25,0.54152
390,301.25,323.75,14.75,29.25,0.54117
390,446.25,370.75,47.75,96,0.54107
390,401.75,170.75,14.75,29.5,0.54055
390,37,403,14.25,29,0.54022
390,324.5,411.75,15.75,31,0.54016
390,196.25,294.5,17,34.25,0.53998
390,60.25,400,16.25,32.75,0.53957
390,484.5,86,14.25,28.75,0.53948
390,92.75,316,14.75,29.25,0.5392
390,324.5,351.5,16.5,33,0.53874
390,108,372.5,16,31.75,0.53862
390,182,369,14.75,29.5,0.53851
390,51.5,392.25,16,31.75,0.53836
390,116.75,314.5,15,30,0.53807
390,468.25,393.75,13.25,26.25,0.53786
390,156.25,288.5,15.25,30.5,0.53779
390,268.5,355,14.75,29.75,0.53753
390,252.5,287.25,12.25,24.75,0.5375
390,77.25,368,14.5,29,0.53741
390,207.25,289.5,16,32.25,0.53673
390,217.5,282,19.75,39.25,0.53661
390,308.5,349,15.75,31.75,0.5366
390,340.5,337.5,12.25,24.75,0.53649
390,308,394,15.25,30.5,0.53645
390,375.25,72.25,39.25,78.25,0.5362
390,56,325,12.5,25.25,0.5361
390,288.5,346.25,21,42,0.53576
390,268.75,314.75,14.75,29.5,0.53556
390,581,433,17.5,35,0.53535
390,51.75,400.5,15.75,31.5,0.53519
390,391.75,166.25,16,31.75,0.53492
390,78,323,14.75,29.5,0.5349
390,37,381,14.5,29,0.53474
390,356.5,411.5,14.75,29.25,0.53464
390,236.25,320.5,15,30,0.53443
390,317,276,15.5,30.75,0.53441
390,159.75,255.25,13,26,0.53428
390,148.5,266,13.75,27.5,0.53421
390,388.25,351.25,12.75,25.5,0.5342
390,572,385,15.75,31.25,0.53411
390,300.25,289.75,13,26,0.53385
390,140.75,373,15.25,30.25,0.53375
390,108.25,291.5,14.5,29,0.53371
390,344.25,367.75,12.5,25.25,0.53366
390,84.5,396,17.75,36,0.53363
390,192.25,276.25,12,23.75,0.53353
390,214,311.5,13,26.25,0.53312
390,466,375.5,20.25,40.5,0.5328
390,253.25,404.5,14,28.25,0.53214
390,590.25,71.5,12.25,24.75,0.53208
390,148.5,339.25,14.5,28.75,0.53203
390,268.75,338.75,15,30,0.53196
390,285.25,351,13.25,26.5,0.53193
390,85.25,375.5,14.75,29.75,0.53187
390,60.25,324,14.75,29.5,0.53153
390,227,43.5,14.75,29.25,0.53121
390,348,385.5,15.75,31.75,0.53076
390,536.5,421.75,21.25,42.25,0.53062
390,190.25,304,12.5,25,0.53046
390,-1.75,62.5,14,28,0.53045
390,330,263.5,21,41.75,0.53031
390,212.75,392.25,15,30,0.53001
420,476.5,381,17.75,35.25,0.57617
420,328,370,12.5,25,0.56921
420,20.5,335.75,14,27.5,0.56649
420,172,397,13,26.25,0.55887
420,350,386.5,14,28,0.55528
420,436.25,365,13,26.25,0.55437
420,374.75,406.25,13.25,26.75,0.55142
420,29.5,342.5,13.5,27.25,0.55017
420,326.5,306.5,12.5,25,0.54805
420,196.5,409.75,15.5,31,0.54787
420,213.5,331.75,13.75,27.25,0.54769
420,122.25,185.25,25,50.25,0.54585
420,389.25,398.5,14.75,29.75,0.5453
420,141.5,316.25,12.5,25,0.54502
420,606.25,413.25,13.75,27.75,0.54499
420,625,125,16.5,33,0.5449
420,324.25,401,16.5,32.75,0.54393
420,229.5,405.75,13.75,27.25,0.54382
420,553.75,105.75,13,26,0.54365
420,476.75,413.5,14.25,28.75,0.54288
420,190,330.5,13,25.75,0.54269
420,68.25,314.5,13.5,27.5,0.54259
420,356.5,393,15.75,31.25,0.54198
420,326.5,316.25,13.25,26.5,0.54146
420,237.25,399.25,16.25,32.75,0.54083
420,121.75,400.5,16.25,33,0.54073
420,37.25,406.75,13.25,26.5,0.54054
420,139.75,382.75,16.75,33.5,0.54018
420,340.5,382.75,15.25,30.5,0.54002
420,364.5,335.25,14.75,29.5,0.53993
420,80.5,357.75,13.5,26.75,0.53926
420,44.25,413.25,14.5,29.25,0.53879
420,299.5,336.5,16.75,34,0.53865
420,386.75,161.75,12,24,0.53816
420,449,229.5,21.75,43.75,0.5379
420,37.25,283.75,13.5,26.75,0.53781
420,588.5,124.25,13,25.75,0.53752
420,580.5,411.25,15.25,30.75,0.53739
420,572,398,15.75,31.5,0.53735
420,524.5,380,14.25,28.5,0.53671
420,229.5,302.75,13.5,26.75,0.53641
420,22,283.75,12.75,25.75,0.53635
420,444.25,71.25,14.5,28.75,0.53631
420,165.25,408.75,13.5,26.75,0.53606
420,187.5,395.5,15,30.5,0.53596
420,20.25,401.25,15.25,30.75,0.53586
420,58.75,321.25,14.5,29.25,0.5357
420,596.25,28.75,12.75,25.75,0.53545
420,156,255.75,15.5,31,0.53538
420,85,394,15.25,30.25,0.53524
420,432.75,392.75,12.25,24.5,0.53493
420,183.75,407.75,12.75,25.75,0.53484
420,196,333.5,16.75,33.5,0.53482
420,411.5,380.25,16,32,0.53474
420,237,377.5,15.5,31.25,0.5347
420,388.75,326,14.25,28.5,0.53436
420,348.5,392.25,13.75,27.5,0.53426
420,461.25,410.5,13.5,27,0.53416
420,260.5,334.25,15.75,31.25,0.53402
420,189.75,404.5,14.25,28.25,0.53379
420,75.25,335.75,13.25,26.75,0.53376
420,204,318,16.75,33.25,0.53374
420,500,370.25,15.5,30.75,0.53369
420,309,422,14.25,28.75,0.5336
420,524.5,357,13.25,26.75,0.53354
420,269,318.75,14,27.5,0.53339
420,260.75,246.5,15,30,0.53336
420,168.5,391.75,12.25,24.25,0.53322
420,604.25,394.5,13.25,26.5,0.53322
420,492.25,353,12.25,24.5,0.53309
420,500.5,398.25,14.5,29,0.5326
420,299.5,401.5,16.25,32,0.53259
420,316.25,348.75,12.25,24.75,0.53228
420,308.75,395.5,16.5,32.75,0.53227
420,421.5,386.75,14.5,29,0.53215
420,12,342.75,29.5,59.25,0.53143
420,458,168,13,25.75,0.53139
420,85.25,378.5,15,29.75,0.53123
420,346,161.25,13.75,27.5,0.53098
420,609.75,307,35.25,70.5,0.53096
420,52,403.75,14.75,29.25,0.5306
420,582.75,95.5,27,53.75,0.53059
420,564.5,432.5,12.5,24.75,0.53056
420,380.75,309,11.5,23,0.53038
450,132.5,380.75,15.25,30.25,0.57017
450,95.5,327.5,13,26,0.56091
450,92.25,337.25,16.25,32.5,0.55712
450,220.75,368.75,15,30.5,0.5549
450,340.75,371.75,14,28,0.55438
450,317,331,15,29.75,0.55289
450,228.5,271.25,15.5,30.75,0.55181
450,355.5,363.25,15.25,30.5,0.55132
450,179.5,290.25,15.5,31,0.55127
450,348.5,366.5,13.5,27.25,0.55006
450,356,411,15.75,31.5,0.54897
450,36.25,300.25,12.25,24.75,0.5489
450,204.5,256.75,15,29.75,0.54851
450,333,257.5,15.5,31.25,0.54819
450,379.75,343,13.75,27.25,0.54731
450,141.5,356.25,14.5,28.75,0.54663
450,373.25,375,13.75,27.25,0.54644
450,292,328.25,15,30.5,0.54621
450,212.25,275.25,15.75,31.5,0.54563
450,117.25,417.75,14.5,28.75,0.54503
450,84.5,271.25,12.5,25.25,0.54404
450,617.75,195,23.25,46.75,0.54393
450,276,270,13.25,26.5,0.54294
450,148.75,256.25,15,30,0.5428
450,156.5,259.5,15,29.75,0.54261
450,187.5,354.75,14.25,28.75,0.54255
450,76,352.5,16.5,33,0.54253
450,156.75,347.75,14,28,0.54218
450,109.5,328,12.75,26,0.54156
450,487.5,359.5,13,25.75,0.54091
450,407.5,339.5,13,26,0.54013
450,165.25,269.5,13.75,27.25,0.54004
450,108,310,15,30,0.53987
450,148.75,354.75,14.5,29,0.53977
450,172.5,328.25,15.25,30.75,0.53892
450,22.25,282.75,12.75,25.75,0.53809
450,220.5,274.25,14,28.5,0.53799
450,206.75,98,16,32.25,0.53769
450,552,124,13,26,0.53681
450,212.75,375.25,15,30,0.53634
450,397,373.25,14,27.75,0.5361
450,324.5,330.75,15.25,30.25,0.5352
450,188.5,325.75,13.5,26.75,0.53504
450,23.75,341.25,12.5,24.75,0.53493
450,141,363.75,14.75,29.25,0.53451
450,212.5,263,15,29.75,0.53451
450,100.75,327.75,13.25,26.5,0.5345
450,395.75,427.5,18,35.75,0.53394
450,61.25,350.75,13.25,26.25,0.53373
450,116.5,315.5,14.5,29.25,0.53346
450,347.75,354.5,15.5,31,0.53343
450,394.75,159.75,13.25,26.75,0.53337
450,300.25,323.75,16,32,0.53328
450,295.5,246.75,13,25.75,0.53323
450,203.5,266.25,16.75,33.5,0.53311
450,426.25,164.5,16.25,32.5,0.53296
450,470.75,248.75,30,59.75,0.53296
450,213,392,14.75,29.5,0.53247
450,308.75,329.5,14.75,29.5,0.53241
450,162,383.5,12.5,25.5,0.53227
450,309.25,246.25,14.25,28.5,0.53225
450,500.75,368.25,15,30,0.53207
450,99.25,335.75,17.25,34.75,0.53199
450,325.25,248.5,12.25,24.75,0.53194
450,253.75,325,14.5,29,0.5317
450,43.75,351,15.25,30.25,0.53138
450,503.5,6.75,14,28,0.53133
450,292.75,254.75,15,29.75,0.53125
450,316,39.75,12.75,25.25,0.53119
450,290.5,249,16,32,0.53094
450,576.25,60.5,12,24,0.53064
450,198.75,248.5,12,24.25,0.53059
450,428.75,370.25,14.25,28.5,0.53058
450,187.25,379.5,16,32,0.53045
450,15,25.75,12.75,25.5,0.5303
450,36.5,364.25,14.75,29.5,0.5302
450,220.5,256.75,13.75,27.5,0.53004
480,390,325.5,13.25,26.75,0.55583
480,4.5,228.25,13.75,27,0.55353
480,389.5,335.25,14.5,29.25,0.55065
480,243.75,380.5,14.5,28.5,0.54564
480,196.5,398,16,32,0.5445
480,188.25,371.5,15.5,30.75,0.54449
480,454,383.25,14.75,29.5,0.54357
480,396.25,412,14.75,29.5,0.54216
480,441.5,24.5,12,24.25,0.54194
480,443.5,324.5,13,26,0.54161
480,51.75,369.25,13.75,27.75,0.54108
480,626,6,13.75,27.5,0.54017
480,161.5,337,20.5,41.25,0.53994
480,55.75,412.25,12.25,24.75,0.53945
480,252,358.5,13,26,0.53841
480,164.25,268.5,13.5,27.25,0.53817
480,364.75,313,12,24.5,0.53804
480,46.25,413.5,12.5,25,0.53776
480,204.25,276.5,12,23.75,0.53767
480,405.25,400.75,13.25,26.25,0.53749
480,276.5,392.75,15.5,31,0.53695
480,379.5,349.5,17.5,35,0.53683
480,276.75,107,11.5,23,0.53668
480,72.25,212.25,15.75,31.5,0.53568
480,404.75,343.5,14.25,28.5,0.53563
480,373.25,333,14.5,29.25,0.5356
480,524.75,364.25,13.75,27.75,0.53477
480,-2.25,56.5,22.75,45.5,0.53443
480,44.5,364.25,12.75,26,0.5343
480,348.5,291,13,26.25,0.53415
480,103.25,308,13.25,26.25,0.53402
480,133.25,272,12.25,24.5,0.53351
480,139,335.5,13,26.25,0.53334
480,195.25,374.75,13.25,26.5,0.53302
480,264,368.75,12,24.25,0.53209
480,283.25,263.5,13,26,0.53207
480,613.5,112.5,12.5,25.5,0.53189
480,68.75,356.75,14,27.75,0.53175
480,373,359.5,14.25,28.25,0.5315
480,499,335.25,13.5,27.25,0.53144
480,85.75,380,14,28,0.53139
480,39.25,396,14,27.75,0.53073
480,130.5,251.25,19.75,39.5,0.53058
480,519,417.5,12.5,25,0.53047
480,75.75,368,12.25,24.5,0.53021
480,550.5,420.25,12.75,25.5,0.53021
480,155.25,8,22,43.75,0.53007
510,292.25,347.25,15.25,30.5,0.56059
510,61,401.75,15,30.5,0.55884
510,356.75,354.75,14,27.75,0.55529
510,532.25,359.75,12.75,25.75,0.5459
510,312,370.25,12.25,24.75,0.54485
510,243.5,409.25,16,32,0.54458
510,500.75,415,16,32,0.5423
510,549.75,367.75,12.75,25.25,0.54029
510,503,161.75,25.5,51.25,0.54004
510,28.5,363.25,15,30,0.54001
510,139.75,385.5,12.75,25.75,0.53948
510,171.75,387.25,17.25,34.5,0.53887
510,382.25,375.5,13,25.75,0.53876
510,285,300.25,13.5,27.25,0.53872
510,506.75,179.5,17,34.5,0.53866
510,626.5,5.5,14.25,28.25,0.53844
510,92.25,370.25,15.25,30.75,0.53834
510,365.5,377.25,12.25,24.75,0.5381
510,454.75,435,11.5,23,0.53794
510,613.75,359,12.75,25.5,0.53793
510,20,83,15.75,31.25,0.53694
510,584.25,324.25,12.25,24.5,0.53687
510,318.25,347.75,27.25,54.75,0.5356
510,336.5,354.5,12.5,25,0.53469
510,428.25,333,14.25,28.5,0.53362
510,28,321.75,15.75,31.25,0.53321
510,474.75,372.5,12,24,0.53321
510,74.75,371.75,17.5,34.75,0.53309
510,125.5,316.25,13.5,27,0.53217
510,115.75,366,16.75,33.5,0.5317
510,403.5,269.5,12.75,25.5,0.53137
510,124.75,420.25,15.25,30.25,0.53105
510,123,369,14.75,29.25,0.53104
510,520.5,378.75,11.75,23.75,0.53086
510,363.25,283.75,16,32,0.53076
510,93,408.5,12.25,24.5,0.53069
510,299,342.25,21.5,43.25,0.53067
510,398.75,49.75,14.75,29.75,0.53043
510,116,373.75,15,29.75,0.53009
510,580.25,6,69.5,138.75,0.53005
540,50,325,13.75,27.5,0.55221
540,316.5,299.75,11.75,23.75,0.5498
540,421.5,387.5,15,29.75,0.54866
540,71,313.5,12.75,25.5,0.54598
540,285.75,319.25,13,26,0.54511
540,85.25,315.75,14.5,29.25,0.54422
540,283,353.5,12.5,25.25,0.54344
540,156.75,395.75,12.75,25.25,0.54206
540,80.25,376.5,12.5,25,0.54183
540,55,60.5,14,28,0.54105
540,359.25,327.75,13,25.75,0.5393
540,566.25,413.25,13.75,27.5,0.53929
540,372.5,34,17.25,34.75,0.53861
540,403.75,155.5,13,25.5,0.53768
540,498.25,326.25,13,26.5,0.53759
540,44.75,320,12.25,24.75,0.53728
540,164.75,393.25,14.25,28.25,0.53688
540,102.5,355.25,14.75,29.25,0.53674
540,24.25,370.5,12,24.25,0.53657
540,453,405.75,14,28,0.53558
540,475,128,12.25,24.5,0.53534
540,316,281.75,82.25,164.5,0.53521
540,503.75,357.5,20,40,0.53466
540,172,406.5,16.75,33.75,0.53301
540,71.25,63.75,15.75,31.5,0.53285
540,489,367.5,14.25,28.25,0.53273
540,29,315.25,14.75,29.5,0.53253
540,444,405.5,12.5,24.75,0.5322
540,142.25,415,13.75,27.75,0.53128
540,298.75,286,28.25,56.75,0.53126
540,520.75,398,13,26,0.53125
540,617.75,92.5,15.5,30.75,0.53125
540,94.25,446.75,12,24,0.53079
540,92.5,297.25,13.75,27.5,0.53048
540,215.25,411.5,14.5,29.5,0.53018
540,276,321,12.75,25.25,0.53017
570,46.75,248.5,12.25,24.5,0.5501
570,355.75,422,13,26,0.54818
570,-0.75,65.25,13.75,27.25,0.54737
570,324.5,428.75,15.5,31.25,0.54669
570,157,412,14.5,29,0.54602
570,172.25,416,14,28,0.54346
570,250.25,170.75,12.5,25,0.5396
570,381.25,146.25,115.25,230.75,0.53861
570,380.25,414.25,12.25,24.5,0.5385
570,76.5,412.5,12,24.25,0.53822
570,628,108,13,25.5,0.53816
570,100,304,14.75,29.5,0.5379
570,262.25,301.25,13.25,26.25,0.53715
570,25,74,18.25,36.5,0.53678
570,429.5,153.25,14.75,29.5,0.5362
570,395,374.5,14.25,28.5,0.53606
570,166.5,432.25,12.5,25.25,0.53594
570,397.5,420.25,14.5,29.25,0.53546
570,571.75,421,14.5,29,0.53488
570,604.75,107,14.75,29.75,0.53433
570,95.75,294.5,13.25,26.5,0.53325
570,243.75,418.25,15.75,31.75,0.53306
570,58.5,41.75,22,43.75,0.53268
570,260.5,416,12.5,25,0.53209
570,423.5,154.5,13.75,27.75,0.53198
570,511.75,416.5,27.5,55.5,0.53193
570,-3.25,133,27.75,55.75,0.53189
570,187.5,389,17,34,0.53188
570,309,184,15,30.25,0.53142
570,101.5,412.75,12,24,0.53133
570,417,200.5,13.5,26.75,0.53129
570,300.25,261,15.75,31.75,0.53113
570,468,425.75,14.25,28.75,0.53097
570,580.5,89.75,15.5,31.25,0.53018
570,252,405,18,35.5,0.53011
600,4,71.25,16.75,33.25,0.55371
600,328.75,2.25,12.25,24.5,0.54982
600,-5,31.75,39.5,79,0.53987
600,246.25,171.25,14.25,28.5,0.53965
600,549.5,62.75,13.25,26.5,0.53834
600,44.75,407.75,12.5,25.5,0.53694
600,232.25,319.75,25.75,51.5,0.5328
600,541.75,35.5,27.75,55.75,0.53262
600,603,425,12.75,25.5,0.53022
630,85.25,384.75,14.5,28.75,0.58979
630,628.25,103.75,12.25,24.75,0.55295
630,419,158.5,12.5,25.25,0.55137
630,65.25,2.25,19.5,38.75,0.54811
630,353,162,13.5,27,0.54611
630,555,60.25,13.75,27,0.54166
630,267,377,12.5,25,0.53954
630,341.25,300.75,13.25,26.25,0.53806
630,164.25,412.25,12.5,25,0.5371
630,253.5,406.75,13.75,27.75,0.53665
630,355,390.25,11.75,23.5,0.536
630,-2,91.75,17.5,34.75,0.53588
630,148.25,401.25,15.75,31.5,0.53576
630,14.5,3.75,21.5,42.75,0.53535
630,312.75,179,11.5,23,0.53431
630,75.75,385,15.5,31,0.53404
630,421.75,371.5,14,27.75,0.53389
630,341.25,251.75,13.5,27.25,0.53327
630,413.75,370,15.5,30.75,0.53295
630,571.75,412.25,21,42,0.53219
630,406.25,343.5,28,56.25,0.53215
630,335.25,152.25,20.5,41,0.53101
660,-2.5,36.25,23.5,47.25,0.545
660,48.75,383.75,16,31.75,0.54114
660,417.75,155,13,26.25,0.54018
660,348.25,158.75,13.75,27.75,0.53885
660,336,163.75,12.75,25,0.5387
660,471.25,135.25,14,28,0.53574
660,332,104,26.75,53.25,0.5349
660,447.5,153,18.25,36.5,0.53277
660,244.25,244.5,12.25,24.5,0.53139
660,10.25,376.5,12,24.25,0.53131
690,327.5,118.75,27,54,0.54989
690,418.25,177.75,12.75,25.25,0.54627
690,350.25,380.5,13.25,26.75,0.54508
690,220.25,197.5,14,28,0.53972
690,316.5,294.75,12.25,24.75,0.53919
690,285.25,290,13.25,26.5,0.53868
690,124.5,298.25,14,28.25,0.53674
690,624.25,1.5,18,36,0.53612
690,458.5,49.25,12,24,0.53588
690,565.5,44.5,12.75,25.75,0.53533
690,117,302.25,14.25,28.25,0.53447
690,380.75,66.5,11.75,23.75,0.53271
690,200.5,286.75,11.75,23.75,0.53057
690,342,413.5,13.25,27,0.53051
720,373.5,330.25,13.5,27,0.55217
720,511.25,338.25,12.5,25,0.54442
720,11.25,66.75,14.5,29,0.54381
720,210,343.75,14.25,28.5,0.54263
720,324.25,346,12.75,25.5,0.54181
720,414.25,324.75,14.75,29.5,0.54165
720,203.25,198.75,15,29.75,0.54083
720,138.75,188.75,26,51.75,0.53951
720,355.75,373.75,15.25,30.25,0.5394
720,44.5,449.75,13.5,27,0.53804
720,345.5,8,14.25,28.5,0.53778
720,384.25,175.5,13,26.25,0.5364
720,57.5,339,16,32,0.53288
720,168.75,354.25,11.75,23.75,0.53244
720,509.75,132.75,13.5,27.25,0.53216
720,389,331,16.75,33.75,0.53215
720,214.25,201.75,12.5,25.5,0.53213
720,44.75,303,11.5,23,0.5319
720,506,355.75,12.25,24.5,0.53147
720,130.5,69,20.5,41.25,0.53144
720,15,23.75,13,26,0.53138
720,276.25,292,12.75,25.5,0.53126
720,459.5,177.75,19.75,39.5,0.53087
720,268,433.5,15.5,30.75,0.53068
720,278.25,233,11.75,23.75,0.53031
720,254.5,334.5,19,38,0.53008
750,205.25,365.5,13.75,27.75,0.5791
750,261,344,13,26.25,0.56114
750,348.75,404,13.5,27.25,0.5593
750,192,400,15.25,30.75,0.55748
750,365.75,422.5,13.5,27.25,0.55607
750,340.25,410.5,15.5,31,0.55567
750,68.5,406.5,13.25,26.75,0.55435
750,21.25,351,13.5,27.25,0.54906
750,372.25,412,14,28.25,0.54787
750,572.5,419,14.5,29,0.54769
750,-1.5,28.5,15.75,31.5,0.54748
750,197,364.75,15,29.75,0.54606
750,380.25,407.25,12.75,25.75,0.54582
750,428.5,368.25,12.75,25,0.54578
750,596,433,15,29.75,0.54566
750,268.5,353.75,15.5,31,0.54529
750,364,335.75,12.25,24.25,0.54504
750,346.75,414.75,19.5,39.25,0.54412
750,278.25,357.25,13,26.25,0.54371
750,475.75,424.25,13.75,28,0.54339
750,29,346.25,13.5,26.5,0.54321
750,21.5,407.5,13.75,27.25,0.54216
750,564.5,419.5,14.75,29.5,0.54117
750,163.75,379.25,15.25,30.5,0.54076
750,396.75,367.5,14,28,0.54061
750,588,434,16,32,0.53977
750,259.75,363.25,14,27.75,0.5397
750,371.75,425,16.25,32.5,0.5385
750,427.75,417.75,15.25,30.25,0.53731
750,261.5,187.25,19.5,39,0.53718
750,453.25,362,13.5,27,0.53704
750,323.5,363.5,13,25.5,0.53699
750,332.25,398.25,13.25,26.75,0.53651
750,504,367.75,14.5,29,0.5356
750,340.5,397.5,14,27.5,0.53551
750,86.75,221,19.25,38.75,0.53543
750,232.25,396,12.25,24.5,0.53525
750,99.5,388.25,16.5,33,0.53521
750,303.5,336.25,12.5,24.5,0.53512
750,212.75,364.25,14.75,30,0.53494
750,412.5,384.5,12.75,25.25,0.53491
750,26.25,77,17,34,0.53446
750,569.25,141.5,17,34.25,0.53375
750,479.25,352.75,14.5,29.25,0.53353
750,231.5,248,14.25,28.5,0.53334
750,292.5,335.75,15.5,31,0.53315
750,258.5,384.5,12.75,26,0.53304
750,143.75,395.75,12.5,25,0.53299
750,610,320,34.25,68.5,0.53294
750,397,347.25,13.5,27,0.53294
750,174,414.25,13.5,26.75,0.53223
750,93,394.25,12,24,0.53218
750,60.5,416.75,15.5,31,0.53204
750,365,410.75,15.25,30.5,0.53191
750,626.25,1.5,13,26,0.53188
750,43.75,419,15.5,31,0.53143
750,444.75,439.75,12.5,25.25,0.53097
750,611.5,356.5,31,62.25,0.5308
750,86.5,176.75,12.5,25.5,0.53005
780,148.75,361.25,14.75,29.5,0.55781
780,100,368.5,15.5,30.75,0.55481
780,499.5,357.75,14,28.25,0.55453
780,96,359,13,26,0.55362
780,299.75,336.5,16,32.25,0.5487
780,170.25,222.25,13,25.75,0.54632
780,229.5,321,14.25,28.5,0.54429
780,442.5,153.25,26.75,53.75,0.54203
780,357.25,356.25,15.25,30.25,0.54078
780,382,143.25,160,319.75,0.54031
780,116,334,14.5,29,0.53925
780,429.5,160.75,24.25,48.25,0.53916
780,454.5,342.25,13.25,26.75,0.53899
780,52.5,321.5,13.5,27,0.53887
780,399.5,333.75,12.75,25,0.53852
780,494.75,159.75,28.75,57.75,0.53797
780,131,36.5,20,40,0.53646
780,613.25,61,13,26.25,0.53527
780,23.5,156.75,21.5,43,0.53493
780,35.25,310.25,13.75,27.5,0.53457
780,445.75,363.25,12.75,25.5,0.53455
780,151.75,327,12.75,25.5,0.53439
780,179.75,27.5,14.25,28.5,0.53438
780,164.5,330.75,12,23.75,0.53426
780,164,343.25,15.75,31.75,0.53331
780,422.5,342,12.5,24.75,0.53263
780,140.25,337,15.75,31.5,0.53253
780,82.25,345.75,12.5,25,0.53233
780,83.75,364.75,17,34.25,0.53175
780,187,323.5,24,48,0.53168
780,444.5,351,17.5,35,0.53167
780,174.75,68.5,16.5,33.5,0.53155
780,44.5,331.5,13.5,27,0.5315
780,285.75,364.75,12.75,25.75,0.5309
780,19.25,356.75,16.5,33,0.53082
780,276,253,13.5,27.5,0.53032
780,625.75,360,13.5,26.5,0.53005
810,237,412,13,26,0.56224
810,204.75,360.5,14.75,29.75,0.56199
810,36.25,206,12,23.75,0.55086
810,405.5,414.25,13.75,27.25,0.55002
810,153.5,386.25,14.75,29.25,0.54997
810,237,236,14.75,29,0.5493
810,154.25,396.75,12,24,0.54858
810,20.25,396,14.75,29.75,0.5485
810,276,352.5,13,25.75,0.54723
810,260.5,290,15.5,31,0.54675
810,332.5,282.75,12,23.5,0.54609
810,8,359.5,12.5,25.25,0.54442
810,78.5,393.75,15.75,31.25,0.54353
810,71.25,357.25,13.25,26.5,0.54257
810,44.5,394.25,14.25,28.5,0.54108
810,221.75,415,13,26.25,0.54084
810,173.5,410,14,28.25,0.54052
810,212,352,12.5,25.5,0.54009
810,34.75,365,17.5,35.25,0.53936
810,252.25,229,16.75,33.25,0.53843
810,180.75,399,13,25.75,0.53811
810,435.5,157,20.5,40.5,0.53799
810,208,233.75,12.25,24.5,0.53783
810,-2.75,192.75,21.75,43.5,0.5378
810,373.5,272.25,15,30,0.53758
810,404.25,149.5,15,30,0.53743
810,99.5,386,12.5,25,0.53739
810,420.25,410.25,17.25,34.75,0.53737
810,260.25,273.5,13.5,27,0.53691
810,460.25,427.5,15,29.5,0.53571
810,225.25,225,11.75,23,0.53535
810,44.25,229.25,13.5,27,0.53518
810,191.5,236.5,12.25,25,0.53504
810,284.75,292.25,14,28,0.53466
810,94,104,16.25,32.5,0.53461
810,59.25,374.25,25.5,50.75,0.53434
810,445.25,418.75,15.25,30.75,0.53411
810,269.75,296.5,13,26.25,0.53383
810,158.25,299,33.5,67,0.53347
810,242.25,337.75,18,35.75,0.53335
810,492,422,13,26,0.53334
810,242.25,216.75,12.25,24.5,0.53331
810,556.5,57.25,14,28,0.53258
810,-1.75,252.5,13.5,27,0.53255
810,269.25,351.75,13.25,26.25,0.53221
810,300,213.5,13.5,27.25,0.53199
810,568.75,136.75,11.5,23.25,0.53189
810,228.75,348,15,29.5,0.53187
810,300.75,58,11.5,23,0.53181
810,524.75,418,15,30.25,0.53176
810,52.5,298.25,15,30.25,0.53169
810,541.75,429,12.75,25.25,0.53138
810,548.25,308,74,147.75,0.53109
810,292.25,309.5,14,28.25,0.5308
810,42.5,363.25,18,36,0.53076
810,462.75,151.25,29.75,59.25,0.53074
810,113.25,210.75,13.25,26.75,0.53064
810,40.5,218.5,18,36.25,0.53053
810,28.5,409.25,15.25,30,0.53045
810,268.75,226.75,17.5,35.25,0.53044
810,188,404.75,12.25,24,0.53011
840,268.5,303.75,13.25,26.75,0.58336
840,439,300.25,12.75,25.75,0.55739
840,28,323.25,14.5,28.75,0.55435
840,279,231.5,12.75,25.5,0.54978
840,181.25,315.75,12.75,25.5,0.54741
840,242.75,232,12.5,25.5,0.54739
840,420.25,320.5,14.5,29.25,0.547
840,284.75,286.5,13.5,27,0.54671
840,540.25,395.25,12.75,25.25,0.54589
840,246.75,112.5,13.25,26.75,0.54574
840,324.5,364.75,16,31.75,0.5436
840,165.25,432.5,14.75,29.5,0.54251
840,235.5,240.25,12.5,25.25,0.54068
840,49.5,230,13.75,27.75,0.54051
840,22.5,186.75,13,26.25,0.54002
840,60,295,13,26,0.53933
840,243.75,289.75,16.25,32.5,0.53926
840,581.75,140,13.5,27,0.53886
840,141.5,378.5,14.5,28.75,0.53829
840,224.25,233.25,12,23.5,0.53721
840,172,305.75,16.5,32.75,0.53689
840,79,302.75,13.75,27,0.53675
840,159.25,391.75,13.25,26.25,0.53648
840,558.75,390.25,12.75,25.75,0.53631
840,365.75,141.5,13.25,26.75,0.5353
840,628.5,78.5,12,24,0.53498
840,44.75,429.5,13,26.25,0.53481
840,373.5,334,14.75,29.25,0.5347
840,445,380,14.5,28.75,0.53467
840,28.5,366.25,13.75,27.5,0.53466
840,173.75,4.5,20,40,0.53432
840,116.25,420.25,16,32.25,0.53426
840,3.75,245,12.5,25.25,0.53359
840,376.75,242.75,13.25,27,0.53358
840,473.5,143,37.25,74.75,0.53336
840,-1.75,223,20.5,41.25,0.53313
840,453.75,349.5,12.5,25.25,0.53212
840,20.75,416.25,12.5,25,0.53209
840,108.25,417.25,14.75,29.5,0.53098
840,460.75,131,11.5,23,0.53089
840,201.75,239,12.75,25.5,0.53065
840,411.75,322,16.25,32.25,0.53035
870,36.75,389.25,12.5,24.75,0.55095
870,21.75,434.25,12.5,25,0.54672
870,628,220.25,12.75,26,0.54499
870,627.25,115,13.25,26.25,0.54098
870,326.75,270.75,13,26.25,0.54083
870,512.25,285.75,25,50.5,0.54058
870,172.5,344.5,13,26,0.54056
870,619.75,72.25,13.25,26.75,0.54033
870,272.5,301.75,11.75,23.75,0.53972
870,248.5,40.25,12,24.25,0.53848
870,92.75,421,11.5,23,0.53784
870,394.5,191.75,13.5,27,0.53763
870,168,448.25,13.25,26.25,0.5375
870,196.75,324.5,15,29.75,0.53687
870,60.25,246.25,18,36,0.53467
870,492.25,353.25,12.25,24.25,0.53425
870,52.5,393.25,14,27.75,0.53386
870,29.5,397.25,14.25,28.5,0.53372
870,220.75,305.25,14.25,28.25,0.53363
870,475.25,137.75,16,31.75,0.53356
870,366,171.25,27.25,54.5,0.53345
870,8.25,263.25,14.5,28.75,0.53331
870,307.75,270.25,12.25,24.5,0.53288
870,90.25,327,14.75,29.25,0.53245
870,299.25,264.5,15.25,30.75,0.53217
870,60.75,380.5,13,26,0.53192
870,263.5,281.75,15,30,0.53179
870,86.25,312,12.25,24.5,0.53167
870,184.75,325,11.5,23,0.53161
870,276,288.25,13.5,26.5,0.53138
870,617.25,44,24,48.5,0.53106
870,7.5,251.25,13.75,27.5,0.53091
870,552.25,444.5,12.5,25.25,0.53073
870,216.75,384.75,11.5,23.25,0.53057
900,276.75,353.75,15.25,30.5,0.56893
900,557.25,427.25,15,30,0.56537
900,164.25,387.25,15.75,31.25,0.56183
900,125.5,301.5,17.75,35.5,0.55919
900,430.5,336.5,13.25,26.5,0.55773
900,567.25,424.25,12.5,25,0.55467
900,204.25,389,16,32,0.55422
900,130.5,415.75,12.5,25,0.55419
900,412,321.5,15.25,30.5,0.5535
900,128.75,282.5,13,26,0.55295
900,277.75,296,13.5,27,0.55156
900,115.75,333.25,17.25,34.5,0.55153
900,108.25,424.5,12.25,24.5,0.54929
900,549,428.75,14,28.25,0.54886
900,213.5,336.5,13,26.25,0.54822
900,304.25,284.75,18.75,37.5,0.54552
900,268.5,352.75,15.5,31.25,0.54546
900,237.75,368.25,12.75,25.25,0.5453
900,539.25,419.75,15.75,31.25,0.54521
900,148.75,353.25,15,30.25,0.54493
900,44.5,397.5,13.75,27.5,0.54435
900,124,284,12.5,25,0.54418
900,516.25,447.75,14.25,28.75,0.54412
900,229.25,350.75,14.25,28.5,0.54365
900,180,365.5,18,35.75,0.54334
900,460,412,12.5,25.25,0.54323
900,28.75,340,13.75,27.5,0.54288
900,83.75,383,16.75,33.25,0.54266
900,508.5,446.25,14.75,29.5,0.54255
900,212.75,355,14.75,29.25,0.54201
900,421.75,302.25,13.75,27,0.5412
900,564.75,444.25,12.5,25,0.54107
900,234.75,395.75,19.75,39.5,0.54104
900,365.25,364.25,12.5,25.25,0.54055
900,202.75,355.25,18.5,37.25,0.54031
900,445,329.25,14.5,29.25,0.54022
900,299.5,286,16,32.25,0.53986
900,293.5,376.5,12.25,24.75,0.53986
900,502,186.25,13,26,0.5393
900,93,316.25,14.25,28.25,0.53893
900,124,399.25,15.5,31,0.5387
900,36,384.25,12.5,25,0.53846
900,547.25,417.5,16.75,33.25,0.53827
900,310,404.75,14,28.25,0.53708
900,-4.5,49.75,41.5,83.25,0.53626
900,267.75,317.5,16,32,0.53622
900,102.5,384.25,12.25,24.75,0.53619
900,139,284.5,12,24,0.53575
900,363.75,352,13.75,27.5,0.53529
900,405.5,231,13,25.75,0.535
900,236,326,14.5,28.75,0.53478
900,189.75,364.75,14,28,0.53447
900,65.5,394.25,20,40,0.53419
900,175,280,36.25,72.25,0.5338
900,38,395.25,12.75,25.75,0.53375
900,248.25,40,12,24,0.53375
900,220.5,388.75,13.25,26.75,0.53374
900,199.5,341.25,14,28,0.53347
900,508.75,366.75,11.75,23.5,0.53337
900,109,331.5,14,28.25,0.53306
900,180.75,379,12,24.5,0.53303
900,282.5,335.5,16.75,33.75,0.53257
900,357.5,365,13.75,27.5,0.53222
900,139.25,310.25,13.5,26.75,0.53219
900,166.75,277.75,13,26.25,0.53211
900,60.75,369.25,16.5,33,0.53203
900,231.75,324,12.75,25.5,0.53196
900,11,86.75,12.5,25.25,0.53127
900,300.75,395.75,12.25,24.75,0.53122
900,580.5,442.25,15.25,30.5,0.53109
900,349,362.5,13,26,0.53109
900,50.75,7.5,22.75,45.5,0.53098
900,397,321.25,15.5,31.25,0.53072
900,107.5,387.25,16.5,33,0.53066
900,348,350,13.75,27.25,0.53063
900,303,212,14.75,29.25,0.53058
900,366.75,164.5,29,57.75,0.53044
930,283,416.5,16.5,33,0.56271
930,317.25,417.25,14.5,29,0.55972
930,262.5,363.25,13.75,27.25,0.55755
930,356.5,372.25,14.75,30,0.55668
930,339.5,383,16.25,32.25,0.55569
930,19.75,338,13.5,27,0.5539
930,293.5,328,13.25,26.5,0.55372
930,60.25,370.25,15.5,31,0.5523
930,435.75,185.5,12.75,25.5,0.55227
930,204,397.25,16.25,32.75,0.5517
930,564.5,433.25,11.75,23.5,0.55013
930,188.25,408.5,12.5,24.75,0.54994
930,293.5,348.25,13,26,0.54926
930,389,408.75,12.75,25.75,0.54823
930,295.5,423,13,26.25,0.54776
930,196.25,410.25,15,30,0.54733
930,292.25,310.75,13.25,26.25,0.54665
930,44.5,348.25,14.5,29,0.54593
930,524,373,13.75,27.75,0.54453
930,113,350.5,20.75,41.5,0.5439
930,188.25,381.25,13.25,26,0.54374
930,373.5,430.75,13,25.75,0.54374
930,187.75,323.25,13.5,26.75,0.54119
930,49.5,394.25,22.25,44.25,0.54067
930,429.75,183.75,14.5,28.75,0.54038
930,174.75,392.25,13.25,26.25,0.54027
930,92.75,369,15.25,30.75,0.54018
930,134.5,315.5,13,26.25,0.5399
930,149.25,319.5,13.25,26,0.53958
930,539.75,385.5,14.75,29.5,0.53922
930,53.25,372,14.5,29.25,0.53836
930,75.75,292,15.25,30.5,0.53826
930,163.75,312.5,12.25,24.5,0.53826
930,556,414.75,16,31.5,0.53819
930,301.75,206.75,18,36,0.53749
930,244,319.25,13.75,27.5,0.53748
930,51.75,354.25,15.5,31.25,0.53724
930,411.5,364.5,14.75,29.5,0.53626
930,348.75,374.75,12.75,25.5,0.53621
930,90,319.75,12,24,0.53611
930,68.75,363.75,14,28,0.53586
930,317.75,343,13,26,0.53578
930,202.25,322.25,18.75,37,0.53572
930,275.75,313.5,14.5,29,0.53565
930,278.25,294,13.5,27,0.53427
930,540,401.25,13.25,26.5,0.53393
930,276.25,420.75,14.5,29,0.53392
930,300.25,339.5,14.75,29.5,0.53382
930,370.5,39.75,18.75,37.25,0.53361
930,364.25,366.25,12.5,25,0.53328
930,409.5,173.5,13.75,27.75,0.53257
930,455.75,262.75,14.25,28.5,0.53252
930,262.25,312,13.5,27,0.53222
930,173.5,369.25,14.5,28.75,0.53217
930,551.5,408,12.5,24.75,0.53204
930,338.5,43,24,47.75,0.53161
930,504.5,404.25,12,24,0.53155
930,490.25,374.75,13,26.5,0.53144
930,164.5,382,13.75,27.25,0.53141
930,414.5,183.5,15,30,0.53077
930,470.5,14,13.5,27.25,0.53047
930,185.5,33,14,28.25,0.53045
930,196.25,332,12.5,24.75,0.53034
930,66,4.75,18.5,37,0.53022
930,623.25,1.5,18.75,37.25,0.53005
960,28.5,416.5,15,29.75,0.55273
960,298.75,23.25,29.5,59,0.5527
960,301.25,7.75,24.25,48.5,0.54979
960,85.5,312.25,14.5,29.25,0.54694
960,165,382.75,13.75,27.75,0.54688
960,115.75,371.5,12.5,25.25,0.54658
960,156.25,404.5,15.5,31,0.54651
960,171.75,281,16.25,32.5,0.54524
960,139.25,385.25,14.25,28.25,0.54496
960,189,409.25,14.5,29.25,0.54383
960,216.75,416.5,12,24,0.54243
960,149.25,374.5,13.5,27.25,0.54205
960,196.75,368.5,15,29.5,0.54191
960,197,259.25,16,32.25,0.54132
960,317,319,15.25,30.25,0.54023
960,220.75,283,13.5,27,0.54021
960,341,365.25,14.5,29,0.5394
960,428.75,263.75,13.25,26.5,0.53881
960,564.25,398.5,14.75,29.75,0.5386
960,191,201,13,25.75,0.53824
960,620.25,311.5,12.25,24.5,0.53801
960,279.75,415,12.75,25.75,0.53801
960,420.25,162.5,17.5,35,0.5378
960,267.75,276.5,17,34.25,0.53725
960,180,280.5,18.5,37.25,0.53666
960,83.75,300.5,15.75,31,0.53651
960,386.75,398,16.75,33.25,0.53592
960,348.5,418.25,13.25,26.75,0.53584
960,422,305.75,13,26,0.53555
960,416.25,378.75,12.25,24.5,0.53412
960,159.75,340.75,12.75,25.75,0.53377
960,317.5,399.75,13.5,26.75,0.53366
960,374.5,274,12.5,24.75,0.53365
960,197.5,410.25,14.25,28.25,0.53337
960,250.25,374.5,13,26.25,0.53307
960,332.75,93.25,12.25,24.5,0.53306
960,625.75,136.25,14.5,29.25,0.53299
960,263.25,238.5,31,62,0.53287
960,367.75,226,15,30,0.53194
960,243.75,242,15.5,30.75,0.53193
960,429,305.75,17,33.75,0.53189
960,264,347,12.5,24.75,0.53183
960,458.5,180.25,14,28,0.53179
960,253,316.25,13,26,0.53171
960,229.5,239.5,12.75,25.75,0.53132
960,149.25,301.75,13.5,26.75,0.5312
960,64.75,367.25,14,28,0.53118
960,156.25,382.25,15.25,30.5,0.53103
960,100.5,335.25,14.25,28.25,0.53086
960,130,216.25,13.75,27.5,0.53067
960,350,206.25,12.75,25.25,0.53066
960,133.5,305.25,15,29.75,0.53062
960,408,275.5,13.75,27.5,0.53059
960,7.25,295,12.5,24.75,0.5304
960,124.75,367.75,15.25,30,0.53033
990,133,397,13.5,26.75,0.582
990,252.25,264.5,12.75,25.25,0.56597
990,324.25,370,15.5,30.75,0.56566
990,301.25,7.75,24.25,48.25,0.5588
990,204.75,340.25,14.75,29.5,0.55851
990,564.25,382.25,15.5,31.5,0.55588
990,540,381.75,14.25,28.25,0.55518
990,172.75,282.75,16,32,0.55423
990,84.25,327.5,12.75,25.5,0.55012
990,438.25,359.75,13.75,27.25,0.54898
990,224.75,191.5,13.25,26,0.54891
990,532.75,393.75,14,28.25,0.54875
990,372,306.5,16,32.25,0.5482
990,515.25,364,18,36,0.54807
990,578.25,12.25,38.75,77.5,0.54677
990,460.5,362.25,13.75,27.25,0.54626
990,148,309.5,15.75,31.25,0.54618
990,152.25,272.5,11.75,24,0.54434
990,388.5,305.25,15.75,31.75,0.54403
990,220.5,414.75,14.75,30,0.54385
990,187.75,416,16.25,32.5,0.54359
990,348.25,304.75,12.75,25.25,0.5432
990,313.25,25.5,24.5,49,0.54099
990,68.75,292.5,14.5,29,0.54034
990,530.5,337.75,14.25,28.5,0.54033
990,229.25,330.25,14.5,28.75,0.54026
990,316.75,370.25,14.5,29.25,0.54022
990,548.75,373,14.25,28.5,0.54004
990,253.5,366.5,13.5,27,0.53999
990,124.25,394.25,15.25,30.25,0.53988
990,172.75,347.25,15.25,30.25,0.53979
990,28.25,305.75,15.25,30.75,0.53933
990,78,346.25,22.25,44.25,0.53898
990,116,404,16.75,33.25,0.53882
990,555,128,15,30,0.53877
990,236.75,400.75,15.25,30.75,0.53857
990,596.5,385.75,14.5,29,0.53854
990,284.25,336.5,15.75,31,0.53849
990,71.5,343.25,12.75,25.25,0.53846
990,451.75,363.25,15.75,31.5,0.53724
990,36,362,15.5,31.25,0.53716
990,197,385.25,15.5,30.75,0.53709
990,299,351.75,17,33.75,0.53648
990,116.25,303.5,16.75,33.75,0.53638
990,296.25,400,12.25,24.25,0.53615
990,381.25,243.25,14.75,29.5,0.53588
990,229,302.5,15,30,0.53578
990,23.75,176,17.75,35.5,0.53576
990,35,343.25,16.25,32.5,0.53549
990,37.75,410.75,13,25.75,0.53544
990,101.25,306.25,13.75,27.75,0.53521
990,20.25,319.5,15.5,30.75,0.53504
990,60,303.5,16.75,33.5,0.53493
990,397.25,357.75,12.75,25.5,0.53464
990,61.75,338.25,16,31.75,0.53457
990,364.25,264.75,12.25,24.25,0.5345
990,589.25,430.5,13.25,26.75,0.5345
990,44.25,403.25,14,28,0.53404
990,316,353.25,16.5,33,0.5339
990,243.5,341,14,27.75,0.53376
990,471.75,180.75,46.25,92,0.53349
990,196.25,349.25,16.25,32.75,0.53304
990,412.25,361,12.25,24.25,0.53271
990,188.75,338.25,15.25,30.5,0.53256
990,212.5,296.75,15.5,31,0.53235
990,188.5,344,14.75,29.5,0.53233
990,54,294.25,13.25,27,0.5318
990,548.25,241,14.5,29.25,0.5315
990,402,267.75,14.75,29.25,0.53126
990,365,378.25,15,30,0.53117
990,592.25,168,12,24,0.53112
990,108.5,382.75,15,30.5,0.53107
990,364.25,301.75,14,28,0.53096
990,20,229,22,43.75,0.53083
990,523.25,104.25,12.5,24.75,0.53069
990,253,336.75,14.25,28,0.53058
990,380.5,368.75,11.75,23.5,0.53043
990,51.75,406.75,16,31.75,0.53041
990,91.5,328.75,17,34,0.53029
990,364.25,249.5,12,24,0.53022
990,204,407.25,16.25,32.5,0.53006
1020,252.25,250,15.75,31.5,0.57907
1020,372.5,246.25,13.5,27.25,0.57235
1020,284.75,231,13.75,27.25,0.56606
1020,405.25,379.5,13.75,28,0.56198
1020,27.75,312.25,12.75,25.25,0.56097
1020,308,230,13.25,26.75,0.56049
1020,301.25,7.75,24.25,48.25,0.5588
1020,327,307.75,12.75,25.75,0.55856
1020,204.75,358.75,15,30,0.55688
1020,396.25,392,15.75,31.75,0.55527
1020,516.5,428.25,14.5,28.75,0.55458
1020,352.75,325,14.5,28.75,0.55447
1020,243.75,249.75,15.5,31,0.55417
1020,60.75,333,14.75,29.5,0.55318
1020,365.25,253,15,30,0.5531
1020,76.5,309.5,15,30.25,0.5523
1020,205,327.5,13.5,26.75,0.55185
1020,311.5,376,12.75,25.75,0.55093
1020,356,237.25,14.75,29.25,0.55074
1020,244,354.75,15.25,30.5,0.55056
1020,301.75,317,13,26,0.55003
1020,373.25,404.25,14.75,29.25,0.54922
1020,180.5,368.75,14.5,29,0.54904
1020,51,218.25,16,31.75,0.54902
1020,100,331.25,15.5,31,0.54863
1020,32.25,311,14.75,29.25,0.54722
1020,461.5,367.5,12.75,25.5,0.54714
1020,133,379.75,14,28,0.54693
1020,405,283.75,13.75,27.75,0.54682
1020,266.5,232.5,12.25,24.5,0.54673
1020,124,317.75,20.25,40.25,0.54667
1020,485,330.75,14,28,0.54544
1020,120,281,12.25,24.75,0.54462
1020,259.25,327.75,16.75,33.25,0.54367
1020,364.75,351.75,16.25,32.5,0.54351
1020,20.25,337.75,15.5,31,0.54298
1020,108.25,317.75,15,30.25,0.54278
1020,212.75,385.5,15,30,0.54268
1020,470,335,13,25.75,0.54268
1020,379.75,239,17.25,34.5,0.54198
1020,313.25,25.25,24.75,49.75,0.54099
1020,389.5,390.25,13.5,27,0.54098
1020,397.5,328.75,11.75,23.75,0.54088
1020,92.75,332.75,14.5,29.25,0.54082
1020,477,413.25,14,27.75,0.54037
1020,140.25,283,14.25,28.25,0.54026
1020,260.75,232.5,12.75,25.5,0.54009
1020,317.75,235.5,14,27.75,0.54001
1020,420.75,345,15.25,30.25,0.53998
1020,115.25,320.75,18,35.5,0.53965
1020,517,335,12.5,25.5,0.53963
1020,333.5,247.5,13.5,26.5,0.53942
1020,211.5,339.5,16.25,32.25,0.53932
1020,277,377.75,15.25,30.5,0.53923
1020,117.25,357.25,14.25,28.75,0.53918
1020,52.25,315,15.25,30.5,0.53913
1020,556,161.5,54.25,108.75,0.53904
1020,204.75,385.25,15,30,0.53899
1020,134.5,351.75,13.5,27.25,0.53878
1020,542.25,427.75,15,30,0.53873
1020,92.25,346.25,15.75,31.25,0.53864
1020,153,320,16.5,33,0.53846
1020,229.25,331.5,14.5,29,0.53836
1020,271.5,232.75,13,25.5,0.53811
1020,108.5,314.75,13.5,27.25,0.53793
1020,364,240,15.25,30.25,0.53775
1020,307.75,254.5,17.25,34.25,0.53755
1020,379.25,267.5,16.5,33,0.53723
1020,467.5,251.25,14,28,0.53707
1020,260.25,250.25,15.75,31.5,0.53686
1020,146.75,309.5,13.75,27,0.53684
1020,220.75,269,11.5,23.25,0.53674
1020,220.5,228,13.25,26.5,0.53672
1020,220.5,333.5,13.75,27.5,0.53625
1020,20.5,317,14.75,29.25,0.53625
1020,124.5,403.5,15,30,0.53617
1020,316.75,266.5,15.25,30,0.53615
1020,134.5,319.75,17.5,35,0.53609
1020,460,328.75,15.75,31.5,0.53596
1020,157.75,49.75,13,26,0.53588
1020,292.25,325.5,13.75,27.25,0.53585
1020,204.5,335,14.75,30,0.5357
1020,268.75,332.25,12.75,25.25,0.53555
1020,365.25,266.5,14.5,29,0.53543
1020,290,240.75,17.75,35.5,0.53531
1020,204.5,423,15.5,31.25,0.53521
1020,322.75,238.25,19,38.25,0.53516
1020,203.5,242.5,15.25,30.25,0.53444
1020,402,306.75,18.75,37.5,0.53436
1020,145,310.5,13.25,26.5,0.53397
1020,291.25,416.75,15.75,31.75,0.53361
1020,343.75,325,14,28,0.53356
1020,395,250.75,16,31.75,0.53355
1020,587.75,384.75,15.5,31,0.53351
1020,6.5,375.25,13.25,26.25,0.53338
1020,365,380.5,15.25,30.5,0.53328
1020,157.25,368.75,26.75,53.75,0.53319
1020,528.25,261,18.5,37.25,0.53298
1020,299.25,225.25,15,30.25,0.5327
1020,123.75,337.25,13.5,26.75,0.53258
1020,310,327.25,13,25.75,0.53248
1020,187.5,314.25,15.25,30.5,0.53238
1020,452.5,334.5,13.25,26.5,0.53238
1020,139,62.75,13.5,26.75,0.53216
1020,445.75,335.75,13,25.75,0.53152
1020,348.5,247.75,13.5,26.75,0.53148
1020,254.5,268.25,12.25,24,0.5314
1020,131.75,282.75,14.25,28.5,0.53131
1020,490.75,332.25,18.5,36.75,0.53126
1020,379.5,251.5,14.5,29,0.53121
1020,324.25,217,11.5,23,0.53116
1020,454,283.75,13.25,26.5,0.53089
1020,500,353,15.75,31.75,0.53055
1020,245.75,266.75,13.75,27.25,0.53053
1020,501,333.5,13.75,27.75,0.53029
1050,164.25,271.5,15.75,31.5,0.58636
1050,340.75,342.25,15.5,31,0.57928
1050,391.25,412,12.75,25.5,0.57047
1050,501.5,375,13.25,26.5,0.56799
1050,468,385.25,16.25,32.75,0.56554
1050,148.75,411,14.25,28.75,0.5649
1050,132.5,267.75,14.75,30,0.56475
1050,405.25,345.75,14.25,28.5,0.5604
1050,604.25,425.75,15.25,30.75,0.55958
1050,556.5,367.5,16,32.25,0.55955
1050,277.25,341,14.25,28.75,0.5589
1050,301.25,7.75,24.25,48.5,0.5588
1050,36,409,16.25,32.25,0.55849
1050,372.75,49.75,24.25,48.5,0.5563
1050,77.75,334.5,14.5,29.25,0.55391
1050,86.25,401,13,26.5,0.55247
1050,573.75,423.25,13,26,0.5518
1050,411.75,366,14.5,28.75,0.55147
1050,412.25,16.75,13.75,27.5,0.55042
1050,205,365.75,14.5,28.5,0.54961
1050,333,332.5,15.25,30.5,0.54885
1050,183,320.75,12.25,24.75,0.54865
1050,116.5,364.5,14.5,29,0.54695
1050,85,210,16.25,32.5,0.54661
1050,598.75,68,13,26.25,0.54596
1050,565.75,364,16.5,33,0.54558
1050,93,399.25,14,28,0.54551
1050,477.25,398,13,26.5,0.54543
1050,236.25,399.25,14.5,28.75,0.54538
1050,580.25,417.75,15.5,31,0.54524
1050,444.25,386.5,16.5,33.25,0.54488
1050,411.5,317.25,17.75,35.25,0.54474
1050,540.25,311.75,12.75,25.5,0.54446
1050,172.75,416,12.75,25.5,0.54441
1050,37.25,350.5,14,27.75,0.54402
1050,451.25,383,16,32,0.54372
1050,398.25,337.5,14.5,29,0.54355
1050,258.5,278.75,13,26.25,0.54344
1050,196.75,306.5,14.5,28.75,0.5434
1050,187,358.5,29.75,59.25,0.54333
1050,164.5,328.5,15,30,0.54329
1050,460.5,404.5,14.25,28.5,0.54293
1050,309.5,244.75,14.5,28.75,0.54277
1050,420.75,390.5,13,26,0.54261
1050,141.5,351.25,12.75,25.5,0.54258
1050,452.25,303.25,13,26,0.54248
1050,317.25,333.75,15.25,30.5,0.5424
1050,149.75,265.5,15.75,31,0.54233
1050,269,327.25,14.25,28.5,0.54192
1050,197,238,12.5,25,0.54139
1050,556.5,353,15.75,31.75,0.54117
1050,68.25,344.5,13.75,28,0.54099
1050,313,25.25,24.5,49.25,0.54099
1050,348.25,291.75,14.75,29.25,0.54093
1050,348.25,267,14,28.25,0.54091
1050,414.25,386.25,14.75,30,0.54073
1050,68,390,16.5,33,0.54063
1050,487.25,353.75,13.25,26.75,0.54057
1050,84.25,303.75,16,31.75,0.54024
1050,406.75,410.5,12.5,24.75,0.54023
1050,373.75,406.5,13.5,27.5,0.53975
1050,472.75,347.25,12.25,24.5,0.53959
1050,492.25,392.5,15.75,31.75,0.53953
1050,501,313.25,13.25,26.5,0.53934
1050,18,190.5,12,23.75,0.53907
1050,598.75,412.5,13.25,26.25,0.53893
1050,157,309.25,14,27.75,0.53892
1050,381.75,415,16,32.25,0.53872
1050,6.5,383.75,13.25,26.75,0.53864
1050,196.25,267.25,15.25,30.25,0.53861
1050,172.5,341.25,15,30,0.53846
1050,324.5,304,16,32,0.53836
1050,43.5,313.25,16,31.75,0.53828
1050,333.25,296,14.25,28.25,0.53821
1050,60.75,400,14,28,0.5382
1050,274.75,308.5,18.75,38,0.53817
1050,299.5,258,16.75,33.5,0.53803
1050,492,314.25,16,31.75,0.53739
1050,165.25,416.5,13.75,27.75,0.53733
1050,203.5,246.5,13.25,26.5,0.53686
1050,105.75,313.5,20.25,40.5,0.53665
1050,164,337.75,17,33.75,0.53628
1050,51.25,387,16.5,32.75,0.53612
1050,76,381.75,20,40.25,0.53548
1050,274.25,275,17.75,36,0.53547
1050,115.25,310.75,18.75,38,0.53516
1050,40.5,233.5,12,24.5,0.53477
1050,212.75,351,15,30.25,0.53474
1050,292,293,14.75,29.75,0.53471
1050,476.25,293.25,13.5,27,0.53411
1050,223.75,416.5,12,24.25,0.53403
1050,317.5,286.25,13.75,27.25,0.53398
1050,104.25,297.5,11.5,23.5,0.53389
1050,108.5,340.75,13.75,27.5,0.53386
1050,116.5,270,12.25,24.25,0.53378
1050,572.5,415.75,13.25,26.25,0.53357
1050,252.5,376.25,12.5,25.25,0.53346
1050,340.5,403.25,13.25,26.5,0.53336
1050,180.5,328.5,17.5,34.75,0.53331
1050,360,51.25,12.5,25,0.53315
1050,218.5,115.5,13,26.25,0.53297
1050,356.75,342.75,14.5,28.75,0.53285
1050,141.25,410,14.5,29,0.53255
1050,299.75,27.75,27.25,54.75,0.5323
1050,477.25,357,13.5,26.5,0.5323
1050,499.25,392.75,16,31.5,0.53225
1050,230,336.25,13.75,27.75,0.53223
1050,309,346.75,15,30,0.53223
1050,390.25,421,13.5,27.25,0.53186
1050,365,283.75,15.25,30.25,0.53169
1050,316,306.25,16,32,0.53168
1050,620.5,395.25,11.75,23.5,0.53166
1050,428.5,367,16.5,33.25,0.53165
1050,113.5,164.75,43.75,87.5,0.53161
1050,333.25,401,13.75,27.25,0.53161
1050,277.75,237.75,12.25,24.5,0.53147
1050,505.75,145.75,35.5,71,0.53134
1050,102,339.75,16,32,0.53115
1050,106.75,399,17.75,35,0.53114
1050,133,248.5,12.5,24.75,0.53112
1050,67,380.75,18.5,37,0.53105
1050,27.75,337,14.75,29.5,0.53087
1050,324,254.5,15.5,31,0.5308
1050,229.25,395,14.5,29,0.53067
1050,268.75,352.75,15.5,31,0.53065
1050,572,355.25,12.25,24.25,0.53047
1050,416.5,314.5,12,24,0.53042
1050,36.25,376.75,15,30,0.53039
1050,571.25,375.25,23.75,47.5,0.53027
1050,426.5,378,17.5,35.25,0.53005
1080,75.75,396,15.5,30.75,0.576
1080,489,352,12.25,24.75,0.5629
1080,391,375.25,12.75,25.5,0.56093
1080,301.25,7.75,24.25,48.25,0.5588
1080,164,255.75,12.5,25.25,0.55872
1080,476,415.5,13.25,26.5,0.55519
1080,455.25,360,12.75,25.25,0.5537
1080,75.75,367.5,16.25,32.25,0.55149
1080,308.25,221.25,14.25,28.25,0.55068
1080,595.25,401.5,15.75,31.75,0.55031
1080,251.75,305,15.5,31,0.54945
1080,308.75,385.5,13.5,27,0.54922
1080,501,399.25,12.5,25.25,0.54898
1080,380.5,236.75,12.75,25.75,0.54854
1080,156,254.75,13.5,26.75,0.548
1080,620.25,388.75,12.25,24.5,0.54754
1080,214.5,408,12.25,25,0.54595
1080,426,405.5,13.5,26.75,0.54538
1080,452.5,300.25,15,30,0.54431
1080,438.5,356,14.75,30,0.54428
1080,552,128.75,12.5,25.25,0.54416
1080,500.5,288.75,12,24,0.54402
1080,117.75,251.75,13.5,27.25,0.54335
1080,557.5,428,14.75,29.5,0.54304
1080,359.75,372.5,12.75,25.25,0.54236
1080,289.5,346.25,19,38,0.54154
1080,414.25,270.75,13.5,27,0.54097
1080,52,404.5,15.25,30,0.53991
1080,450,278,13.25,26.5,0.53946
1080,84,406.75,13.5,26.5,0.53934
1080,438,380.75,14.25,28.25,0.53929
1080,313.5,27.5,23.25,46.5,0.53914
1080,131.75,372.75,15,30,0.53878
1080,114.5,289.25,18.75,37.25,0.53857
1080,159.5,335.25,12.5,24.75,0.53784
1080,478.75,396.5,24,48,0.53748
1080,387.5,255.75,13.25,26.5,0.53747
1080,405.5,366.25,13.75,27.25,0.53706
1080,244.5,372.75,11.75,23.75,0.53669
1080,28.5,392.25,12.75,25.5,0.53664
1080,208.5,408.5,12,24.25,0.53664
1080,245,294,13.5,27,0.53636
1080,91,295.25,17.75,35.75,0.53602
1080,43.5,383.25,16.5,33,0.53577
1080,132.25,387.5,14.75,29.75,0.5357
1080,61,412.75,13.5,27.25,0.53566
1080,107.5,292.5,14,27.75,0.53562
1080,488,416.5,12.25,24.25,0.53476
1080,213.75,427.5,13.25,26,0.53472
1080,148,353,15.75,31.5,0.53452
1080,460.25,264.75,12.25,24.75,0.53434
1080,6.75,343.5,13.5,27,0.53397
1080,64.5,276,12,24,0.53392
1080,452.25,379.5,14.5,29,0.53298
1080,160.25,391.75,12,24,0.5329
1080,61,43.25,13,26,0.53269
1080,527.5,394.5,23.75,47.25,0.53245
1080,365,39.5,15.75,31.5,0.53207
1080,93,411.25,14,28,0.53201
1080,565.5,418.5,13.75,27.75,0.53198
1080,332.25,224.25,13,26.25,0.53177
1080,307.5,318.25,16.5,33.25,0.53159
1080,431.25,370.75,14.75,29.5,0.53145
1080,342.5,411,15,29.75,0.53134
1080,482.75,389,11.75,24,0.53118
1080,456,146.25,162.75,325.5,0.53117
1080,251,412.5,14,28,0.53109
1080,90.25,78.5,13.5,27,0.53091
1080,99.5,390.5,16.25,32.75,0.53041
1080,357,198,13.5,26.5,0.5303
1080,587.25,29,19,37.75,0.53029
1080,181,366.25,13.75,27.75,0.53023
1110,101.25,416.5,12.5,25.5,0.58477
1110,532.5,416.75,15.75,31.25,0.57081
1110,331.5,403,14.75,29.25,0.56856
1110,373.5,278.5,13.5,27.5,0.56737
1110,299.5,270,17,34,0.56705
1110,428.5,269,14.5,28.75,0.56454
1110,28.5,322.5,14.25,28.75,0.56394
1110,380.5,279.25,13.25,26.5,0.56138
1110,205.25,277.75,14,28,0.56126
1110,428.5,327.25,13,26,0.56042
1110,476,385.75,15,30,0.5604
1110,365.5,278.25,14.25,28.75,0.56014
1110,301.25,7.75,24.25,48.25,0.5588
1110,269,348.25,14.25,28.75,0.55718
1110,556,322.25,15.75,31,0.55557
1110,573,406.25,13.75,27.75,0.5518
1110,445.25,270,13.5,27.25,0.55141
1110,309.5,395.25,14.75,29.5,0.55012
1110,421,287.75,15,29.75,0.54976
1110,213,263.75,14.25,28,0.54967
1110,388.5,263.5,12.25,25,0.54964
1110,172.25,267.5,13.5,26.75,0.54912
1110,28.5,326.75,15.5,31,0.54834
1110,236.5,286,14,27.75,0.54805
1110,380.25,431.75,12,24.25,0.5477
1110,461.5,320.25,13.5,26.75,0.54753
1110,525.5,312.25,13,25.75,0.54729
1110,172.75,320.25,15,30.25,0.54729
1110,437.25,322,15.5,30.75,0.54719
1110,371.75,258,16.75,33.25,0.54711
1110,150.75,392,12.25,24,0.54685
1110,299.5,320.5,16.75,33.25,0.54674
1110,445.25,323,14.75,29.5,0.5461
1110,470.25,428.25,13.75,27.25,0.54567
1110,342,408,12.5,24.75,0.54563
1110,539.25,362.75,15.75,31.25,0.54542
1110,293.75,400.25,13,26.25,0.54538
1110,403.5,296.75,16,32,0.54537
1110,299.75,255,14.75,29.75,0.54527
1110,284.5,377,11.75,23.5,0.54483
1110,188,301.25,16,32,0.54439
1110,460.75,264,13.25,26.5,0.54439
1110,28.5,354.75,15.75,31.5,0.54416
1110,348,296.5,16.25,32.25,0.54402
1110,244.5,276.5,15,30,0.54375
1110,187.5,275.75,14.75,29.25,0.54372
1110,124,359.75,16,31.75,0.54304
1110,483.5,417.25,16,32,0.54275
1110,108.5,270,14.25,28.75,0.54237
1110,252,264.5,13.5,26.75,0.54231
1110,427.5,334.75,14.25,28.75,0.54221
1110,204.5,334.25,15.25,30.5,0.54205
1110,380.75,349,16,32,0.54204
1110,165,299.75,14.75,29.25,0.54178
1110,212.75,334,13.75,27.5,0.54158
1110,342.75,304.25,12.5,25,0.54127
1110,164.75,270,15,29.75,0.54121
1110,205,350.5,13,26.5,0.54116
1110,411.5,36.75,108.25,216.75,0.54106
1110,412,275.5,16.5,33.25,0.54079
1110,132.5,257,12.5,25,0.54068
1110,37,326.5,14.5,29.5,0.54049
1110,277.75,279.5,13,25.75,0.54036
1110,324.75,304,16.25,32.75,0.54012
1110,605.25,402.75,15,30,0.53959
1110,266,336.75,12.25,24.25,0.53959
1110,261.25,284.75,14.25,28.25,0.53948
1110,196.5,276.5,14.5,28.5,0.53939
1110,313.75,27.25,23.5,47,0.53914
1110,581.5,347.25,13.5,27.25,0.53815
1110,467.5,321.25,16.25,32.25,0.53781
1110,452.25,301.75,14,28,0.53739
1110,172.25,277,15.75,31.75,0.53733
1110,44.25,317.75,14.25,28.75,0.5368
1110,436,395,15.5,31,0.53663
1110,292.25,270,14.25,28.75,0.53657
1110,350.75,5,61.5,123,0.53629
1110,196.75,299,14.5,28.75,0.53625
1110,44.5,327.75,13.25,26.5,0.5361
1110,53.5,286,12.5,25.25,0.53608
1110,356,284.5,15,29.75,0.53593
1110,476.75,318.25,13.5,26.75,0.53592
1110,428.75,385.5,15.5,31,0.53574
1110,372.5,414,12.5,25.25,0.53517
1110,98.75,353,11.5,23,0.53499
1110,180,270,13.75,27.25,0.53495
1110,419.5,255.5,17.25,34.5,0.53449
1110,276.25,337.5,15.75,31.5,0.53423
1110,151.75,224.25,13.75,27.5,0.53399
1110,355.25,295.75,17,34,0.53397
1110,284,268,15.75,31.75,0.53387
1110,395.5,339.5,16.75,33.25,0.53352
1110,196.5,76,13.5,26.75,0.5335
1110,342.75,345.75,12.5,25.25,0.53346
1110,262.75,56.5,16.25,32.25,0.53345
1110,181.25,295.25,13.75,27.25,0.53333
1110,156.5,268.5,15.25,30.5,0.5333
1110,100,384.75,13.25,26,0.53323
1110,357.75,424.75,13,26,0.53317
1110,604.25,358.75,14.5,29,0.53301
1110,316.75,300.5,15.25,30.5,0.53295
1110,91.5,385.25,16.75,33.5,0.53293
1110,331.75,370,12.5,24.75,0.53277
1110,351.5,246.5,13.75,28,0.53273
1110,268.5,341,14.75,29.25,0.53269
1110,266.25,385.75,12.25,24,0.53221
1110,240.25,267.5,12.25,24.75,0.5322
1110,470.75,304.5,12.5,25.25,0.53203
1110,86,278.75,13.5,27,0.53203
1110,401,262,14.75,29.25,0.53188
1110,316.25,367.75,16.75,33.75,0.53122
1110,332.5,269.75,16,31.75,0.53114
1110,499.5,399,16.25,32.75,0.53105
1110,340.75,291.75,15.25,30.75,0.5309
1110,57.5,21.25,26.5,53.25,0.53079
1110,252,383,16,32,0.53054
1110,236.5,363,14,28.25,0.53028
1140,244,402,16.5,33,0.56254
1140,301.25,7.75,24.25,48.25,0.5588
1140,119,355.5,13.5,27.5,0.55642
1140,540.25,322.5,13.75,27.5,0.55361
1140,324.75,358.25,13,26,0.55216
1140,506,283,11.75,23.25,0.55097
1140,429.5,280.25,14.75,29.5,0.55078
1140,116.25,331.25,15.5,30.75,0.55018
1140,196,385,16.25,32.25,0.54693
1140,164.5,392.75,15.25,30.25,0.54651
1140,172.75,380.75,15.5,31,0.54644
1140,372.75,386.25,13.25,26.5,0.54643
1140,579.25,422.25,16.5,33,0.54621
1140,164,399.25,16.25,32.75,0.54616
1140,200.5,316.5,11.75,23.5,0.5458
1140,188,374.25,14.75,29.75,0.54572
1140,141,413.25,14.25,28.75,0.54406
1140,261,371.25,15,29.75,0.54405
1140,324.25,306.25,13.75,27.5,0.54389
1140,596.5,424.75,14.5,28.75,0.54374
1140,310.75,356.75,13.5,27.25,0.5435
1140,131.5,415.75,16.75,33,0.54299
1140,492.25,416.5,15.25,30.25,0.54258
1140,324,350,16,32,0.5424
1140,245,331,14.75,29.5,0.54225
1140,156.25,337.75,13.75,27.5,0.54168
1140,156.25,385.5,15.5,30.75,0.54151
1140,159.75,319.5,12.5,24.75,0.54143
1140,365.5,289.25,14.5,29.25,0.54136
1140,101.75,336.25,13.25,26.5,0.54107
1140,262,288.75,13.75,27.5,0.54072
1140,24.5,342.25,11.75,23.75,0.54056
1140,524.75,383,13.25,26.5,0.54022
1140,228.25,329.25,16.25,32.75,0.54015
1140,140.75,363.5,15.25,30.25,0.53993
1140,468.75,329.25,15.75,31.75,0.53965
1140,212.5,321.25,15.25,30.5,0.53963
1140,194.25,232,12,24,0.53954
1140,603.5,352.25,16.5,33.25,0.53946
1140,325.25,273,12.5,24.75,0.5392
1140,313.5,27,24,47.5,0.53914
1140,317.75,358.5,13.5,27.25,0.53892
1140,530.75,416.5,12.25,24.25,0.53855
1140,394.75,412.25,29,58.25,0.53848
1140,100.5,321.5,15,30.5,0.53834
1140,466.25,227,16.25,32.5,0.53823
1140,236.25,320,12.75,25.25,0.53768
1140,481.75,292.75,15.25,30.25,0.53748
1140,253.5,349.25,13.75,27.5,0.53742
1140,404,392.25,14.75,29.25,0.53735
1140,397,406,14.25,28,0.53663
1140,132,351.5,16,32,0.53659
1140,615.25,109.75,21.5,42.75,0.53654
1140,451.75,298.25,15.5,31,0.53651
1140,438.75,291.75,13.25,26.5,0.53631
1140,475.75,291,14.25,28.25,0.5362
1140,99.5,365,18,36.25,0.53534
1140,429,384.5,16.5,32.75,0.53529
1140,364.75,272.25,15.75,31.75,0.53513
1140,76.25,248.75,12,24,0.5351
1140,356.5,377.5,14.75,29.5,0.53494
1140,509.25,387.5,13.75,27.25,0.53461
1140,86.25,328.75,13.5,27,0.53442
1140,215.75,277.25,13.5,27.25,0.53434
1140,172.25,318,12.5,25.25,0.5343
1140,356,360.75,13,26.25,0.53384
1140,372.75,410.75,14,27.75,0.53377
1140,348.75,45.25,11.75,23.5,0.53372
1140,626,123,13.25,26.75,0.53335
1140,428.5,281.25,13.25,26.75,0.53326
1140,214.25,382.75,13.25,26.25,0.5331
1140,610.25,279.5,33.75,67.5,0.53301
1140,389,410.5,14.25,28.5,0.5329
1140,148.25,415,15.75,31.25,0.53286
1140,39.75,366.25,13.25,26.5,0.53284
1140,373,338.75,18.25,36.5,0.53275
1140,86.5,349.75,12.25,24.75,0.53275
1140,592.25,212.5,53,106.25,0.53269
1140,357.5,329.5,13,26,0.53262
1140,88.5,279.75,12.5,25.25,0.53258
1140,349,311.5,78,156.25,0.53254
1140,547.75,313.5,15.25,30.25,0.53224
1140,299.75,344.25,20.25,40.5,0.53195
1140,141.25,350.5,14.75,29.5,0.53185
1140,460.75,373.75,14,28,0.53183
1140,103.25,335.75,27,53.75,0.53177
1140,308.5,324.75,15.75,31.75,0.53156
1140,164.5,279.5,12.25,25,0.53147
1140,357.75,288,13.75,27.5,0.53141
1140,391.25,345.5,12.5,25.25,0.5314
1140,406.75,383.75,27.75,55.75,0.53112
1140,149.75,41.75,12.75,25.5,0.53108
1140,581.75,362.75,13.75,27.5,0.53089
1140,158.5,290.25,25,50.5,0.5308
1140,340.75,351,14.5,29,0.53069
1140,46.75,267.25,12.75,25.5,0.53063
1140,348.75,39.75,11.75,23.5,0.53042
1140,397,236,13.25,26.5,0.53037
1140,203.5,335.75,17.25,34.75,0.53034
1140,83.75,279.75,13,26.25,0.53025
1140,91,366.5,17.5,34.75,0.5302
1170,294,349.25,13,26.25,0.56455
1170,604,381.25,16,32.25,0.56223
1170,580.25,398.5,15.75,31.5,0.56191
1170,188.5,416.75,12,24.25,0.55964
1170,301.25,7.75,24.25,48.25,0.5588
1170,428,411.25,16.5,33,0.55756
1170,124.5,306.5,15,30.25,0.55685
1170,133.25,285.25,13.75,27.75,0.55631
1170,204.25,406,15.5,30.75,0.55476
1170,403.75,301.75,13.5,27.25,0.55266
1170,348.25,386,14.25,28.75,0.55256
1170,52.5,283.25,14.75,29.5,0.55155
1170,445.25,428,14.25,28.25,0.55146
1170,85,340.25,14.75,29.5,0.55142
1170,109,302,13.25,26.5,0.55089
1170,292.5,368.25,12.25,24.5,0.5508
1170,172.75,352.5,15.5,31.25,0.5505
1170,101,296.5,14.25,28.25,0.55005
1170,365,336.5,15.25,30.5,0.54985
1170,437,324.5,14.5,29,0.54769
1170,36.75,403,14.75,30,0.54616
1170,149.5,347.75,13.25,26.75,0.54609
1170,148.25,300.25,15.75,32,0.54587
1170,220.25,302.25,14.25,29,0.54582
1170,451.75,315.25,15.25,30.25,0.54547
1170,268.75,339.5,14.5,29.25,0.54517
1170,317.25,380.25,14.25,28.5,0.54464
1170,492.25,299.75,14.5,29,0.54384
1170,587,411,18.5,37.25,0.54335
1170,157,299.5,14,27.75,0.54332
1170,572.25,410,15,29.75,0.54312
1170,102,319.5,13,25.75,0.54297
1170,581.5,426.75,13.75,27,0.54205
1170,597.25,423.75,13,26.25,0.54177
1170,77.5,297.75,15.25,30.5,0.54154
1170,204.5,377.75,15.25,30.25,0.54134
1170,269.25,376.75,12.5,25,0.54116
1170,258.75,382,17.25,35,0.54115
1170,141,299.25,15,30,0.54088
1170,233.25,23.75,19.5,39,0.54076
1170,60.5,379,14.5,29,0.54053
1170,509,407.25,13.5,27,0.54036
1170,364.75,376.75,12,24,0.53998
1170,499.25,401,16.75,33.5,0.5396
1170,515.75,417.75,15.75,31.25,0.53916
1170,93.25,301.25,14,28.5,0.53875
1170,364.75,276,15.5,31,0.53872
1170,388.75,395.5,14.25,28.25,0.5387
1170,463.25,325.5,13.5,27,0.53858
1170,340.25,289,15.25,30.5,0.53836
1170,99.25,349.5,16.75,33.75,0.53801
1170,85.75,293.25,13.75,27.25,0.53776
1170,355.25,287.25,17,34,0.53772
1170,20.75,385,12.25,24.75,0.53761
1170,53.5,398.5,15,30,0.53758
1170,212.5,364.25,15,30,0.53758
1170,428,298.75,13.75,27.5,0.53734
1170,139.5,385,14.5,29,0.53721
1170,523.75,416.75,16,32,0.53717
1170,589,385.5,13.5,27,0.53696
1170,253.5,399.25,13.5,27,0.53682
1170,443.75,406.75,12.5,24.75,0.53676
1170,60.25,355.75,14.25,29,0.53667
1170,60.5,291.75,15.75,31.5,0.53649
1170,534.75,359.5,12.5,25,0.53614
1170,148.25,293,15.5,31,0.53612
1170,348.25,279.5,12.5,25.25,0.53612
1170,572,332.25,15,30,0.53585
1170,509,298,14.5,28.75,0.53556
1170,307.5,382.75,17.25,34.25,0.53535
1170,471.5,41.75,13,26,0.53522
1170,597,396.75,14.75,30,0.53511
1170,76,361.25,15,29.75,0.53507
1170,429.25,422.75,13,26.25,0.53507
1170,367.75,137.25,16.25,32.25,0.53507
1170,604.25,412.25,14.75,29.75,0.53497
1170,116,287,16.5,33,0.53481
1170,356.5,277.75,14.5,29,0.53473
1170,204.5,362.75,15.25,30.25,0.53458
1170,236.25,432.25,12,24.25,0.5345
1170,412,299.25,16.75,33.75,0.53436
1170,356.5,385,15.5,31.25,0.53429
1170,492.25,400,16.25,32.25,0.53412
1170,450.25,384,18.75,37.25,0.53381
1170,38,287,13,26.5,0.53369
1170,516.25,300.5,15,30,0.53354
1170,364.75,304.5,16,32.25,0.53349
1170,487.75,345,12,24,0.5334
1170,277.5,282.75,14.5,29.25,0.53329
1170,373.5,287.5,13,25.5,0.53325
1170,527.75,298.25,12.75,25.5,0.53302
1170,537.75,276,13,25.75,0.53269
1170,332.75,319.5,15.5,31,0.53255
1170,548.25,360.75,13.5,27,0.53235
1170,300,415.5,16.5,32.5,0.53222
1170,324.75,400.5,14.75,29.75,0.53211
1170,491.5,358.5,15.5,31.25,0.53204
1170,131,443.5,15.75,31.75,0.53179
1170,412.25,277.25,13.5,27,0.53169
1170,408.25,386.5,30.5,61,0.53167
1170,476.75,398.5,13.75,27.5,0.53166
1170,300.5,293.25,13.75,27.5,0.5314
1170,184.5,171.5,22.25,44.75,0.53138
1170,572.75,235,11.5,23,0.53136
1170,277,393.25,15.25,30.75,0.5313
1170,412.25,387.75,14,28,0.53129
1170,502.25,294.75,13.25,26.25,0.53122
1170,538.75,412.25,16.75,33.75,0.53119
1170,299.25,349.5,17,34,0.53104
1170,340.75,406.75,13.5,26.5,0.53071
1170,313.25,27,23.75,47.5,0.53061
1170,325,367.25,15,29.75,0.5305
1170,258.75,347.75,17.75,35.75,0.53029
1170,113.5,52,13.25,26.75,0.53025
1170,276.75,377,15.25,30.75,0.53023
1170,324.5,287,14.25,28.25,0.53012
1200,108.5,366.75,13,26.25,0.55899
1200,301.25,7.75,24.25,48.25,0.5588
1200,38.25,415.75,12.75,25.75,0.55715
1200,36.75,269.75,15.75,31.5,0.55704
1200,53.25,406.25,13.75,27.5,0.55616
1200,581.25,411.75,13.75,27.75,0.55437
1200,202.25,364.5,20,39.75,0.55422
1200,20.5,285.5,14.75,29.75,0.55405
1200,228.5,366.5,15.75,31.75,0.55256
1200,445.5,423,13.25,26.5,0.55233
1200,83.75,383.75,17,34,0.5507
1200,412,424.25,15,30,0.54798
1200,564.25,384,15.5,31.25,0.54779
1200,21.25,414.5,14.25,28.5,0.54663
1200,588,271.5,15.25,30.5,0.54619
1200,308.5,424.75,13,26,0.5459
1200,405,388.25,14.25,28.75,0.54519
1200,605,355.5,15,29.75,0.54484
1200,228.5,438.75,15.75,31.25,0.54471
1200,245.5,322.5,13.75,27.75,0.54393
1200,588.75,419.75,14,28.25,0.54385
1200,389.25,408.75,14.25,28.75,0.54236
1200,77.25,389.5,13.5,27.25,0.54208
1200,134.25,386.25,14,28,0.54195
1200,12,167,12.75,25.25,0.5416
1200,368.25,328.25,12.25,24.75,0.5414
1200,524.75,437.5,14.5,28.75,0.54021
1200,324.75,370.5,15.5,31.25,0.53982
1200,555.5,384.5,16.25,32.75,0.53966
1200,524,344.5,12.5,24.75,0.53912
1200,197.75,340,14,28.25,0.53904
1200,460.75,318.5,14.75,29.75,0.53782
1200,164.25,426.25,15.5,31.25,0.53736
1200,156.25,169,12.25,24.5,0.53699
1200,341.25,405.75,13.75,27.25,0.53683
1200,-1.5,109.25,12.5,24.75,0.53666
1200,117,442.25,14.5,29.25,0.53644
1200,508.75,345.25,14.5,28.75,0.53594
1200,556.5,410.25,15.25,30.75,0.53582
1200,180.5,383.25,13.75,27.25,0.53581
1200,471,295.5,14.75,29.5,0.53565
1200,254,301.25,13,26.25,0.53543
1200,616,24.25,25.75,51.5,0.53529
1200,558,357,13.5,27.25,0.53522
1200,459.25,383,15.25,30.75,0.53517
1200,600.5,344.5,12.25,24.75,0.53482
1200,556.25,436.25,14.75,29.25,0.53477
1200,108,376.25,20,39.5,0.53469
1200,44.25,302.25,14,28,0.5342
1200,6.5,420,13.5,26.5,0.53418
1200,44.5,416,12.75,25.75,0.53396
1200,156.25,311,12.75,25.5,0.53386
1200,139.25,398.25,16.75,33.5,0.53352
1200,252.5,376.5,12.5,24.75,0.53322
1200,149,325.75,14,28,0.53321
1200,412.25,386.75,14.5,29,0.53318
1200,496.5,300.5,14,28,0.53298
1200,485.75,360.5,12.25,24.5,0.53285
1200,235.75,432.25,12,24.25,0.5328
1200,625.25,125.25,14.75,29.5,0.53276
1200,477.5,353,12.75,25.5,0.53271
1200,12.75,382.75,17,34,0.53229
1200,76,361.75,15.75,31.5,0.53207
1200,566,14.75,14,28,0.53173
1200,201.75,418.5,27.5,54.75,0.53161
1200,294.25,138.5,12.75,25,0.5316
1200,254.5,427,13.75,27.5,0.53126
1200,63.5,374.75,12,24,0.53111
1200,52,278,13.75,27.25,0.53074
1200,515.5,349.75,16.25,32.25,0.5307
1200,70.75,292,13.5,26.75,0.53069
1200,36,385.25,12.5,25,0.53058
1200,580,381.5,15.75,31.5,0.53055
1200,486,302.75,12.25,24.75,0.53043
1200,444,362.5,16,32,0.53037
1230,351.5,294,12.25,24.75,0.54809
1230,625.5,51.25,15,29.75,0.54077
1230,598.25,423.25,13.5,26.5,0.53821
1230,612.5,337,16.25,32.5,0.53745
1230,481,87.5,12.5,24.5,0.53732
1230,181.5,124.5,12.5,25,0.53665
1230,215.25,399,15.25,30.75,0.53623
1230,575.25,136.25,27.5,55.25,0.5351
1230,590,377.75,14.75,29.5,0.53445
1230,557.25,384.75,14.25,28.75,0.53395
1230,20.5,336.25,16.5,33,0.53292
1230,124.25,11,18.75,37.5,0.53255
1230,426,266.25,99.75,199.75,0.53234
1230,149.5,449,13,26,0.53163
1230,166.5,271.5,96.75,193.5,0.53159
1230,48.75,101,11.5,23,0.53058
1230,335,72.5,12.5,24.75,0.53049
1230,311.5,343,12.25,24.75,0.53036
1260,107.25,110.5,16.75,33.5,0.53808
1260,278.5,444.75,11.75,23.5,0.5379
1260,294.25,373.75,38.25,76.5,0.53654
1260,67.5,47,18,36,0.53634
1260,514.75,425,11.5,23,0.53452
1260,180.5,431.75,18.25,36.5,0.53295
1290,86.75,364.25,12,24,0.54238
1290,486.5,215.25,42,83.75,0.53849
1290,80.25,443.75,12.25,24.25,0.5374
1290,414.75,198,13.5,27.25,0.53704
1290,564.25,113,88.25,176.5,0.53644
1290,374.5,431.75,12.25,24.5,0.53409
1290,134.5,172,13.25,26.5,0.53297
1290,382.5,58,12.25,24.25,0.53277
1290,547.75,148,23.25,46.5,0.53135
1290,147.5,395.75,19,37.75,0.53132
1320,237.25,92.75,26,52,0.54329
1320,-2.5,198.25,23.25,46.25,0.53854
1320,187.5,444.25,15,30,0.53624
1320,37.5,49.5,13,26,0.53556
1320,174,442.75,13.5,27,0.53289
1320,199.75,439,13.25,26.5,0.53251
1320,27.75,50,15.5,31,0.53194
1320,430,455,11.5,23,0.53158
1320,402,391.5,12.5,25.5,0.53101
1320,97.75,382.25,27.5,54.75,0.53077
1320,182.75,100,14.25,28,0.53037
1320,15.5,34,15,30,0.53022
1350,184,202.25,12.5,24.75,0.54561
1350,230,443.5,13,26.5,0.53996
1350,422,137.25,13.25,26.75,0.53577
1350,370,12.5,48,95.75,0.53479
1350,369.75,14.25,18.25,36.5,0.53162
1350,12.5,153.25,12.75,25.75,0.53156
1350,96,128,12.25,24.25,0.53016
1380,427.25,15.5,12.25,24.25,0.56371
1380,624.25,143,17,34,0.54941
1380,23.25,104,12,24,0.54685
1380,370.25,18.5,13,26.5,0.54289
1380,28,439.5,15.5,30.75,0.54279
1380,568.25,343,18.5,37,0.53845
1380,560.5,9,16.25,32.75,0.53807
1380,421.5,129.75,14.5,29,0.53751
1380,143,206,12.75,25.5,0.53748
1380,568.75,433,11.5,23,0.53319
1380,37,443,14.5,29,0.53308
1380,454,435.25,13.25,26.75,0.53293
1380,342.25,92.5,12.75,25.75,0.53153
1380,625.5,132,14.75,29.5,0.5308
1380,590.75,409.5,12,24,0.53045
1380,395.75,432.75,16.5,32.75,0.53014
1410,402.75,57,11.5,23,0.55331
1410,256.25,393.5,12.75,25.75,0.54748
1410,505,73,15,30,0.5471
1410,205.25,429,13.75,27.25,0.54676
1410,443.5,113.5,18.75,37.75,0.54376
1410,348.25,53.5,13.75,27.5,0.54329
1410,246,431.25,12.75,25.5,0.53982
1410,606.25,130.75,15.25,30.5,0.53775
1410,429.25,234.75,17.5,34.75,0.53651
1410,300.75,427,15.5,31.25,0.53537
1410,518.75,65.25,19.5,39.5,0.53514
1410,114.5,126.75,15.25,30.25,0.53481
1410,483.75,392,12.5,24.5,0.53445
1410,190,378,12.5,24.5,0.53443
1410,373.25,45.25,13.25,26.5,0.53431
1410,340.5,267.75,12.75,25.25,0.53172
1410,77.5,169.25,29,58,0.53097
1410,538.25,342.25,13.25,26.5,0.53047
1440,256.75,384.75,13.25,26.75,0.55252
1440,348.25,54,13.5,27,0.54692
1440,158,311.25,15.5,30.75,0.54377
1440,292.25,314,14.25,28.25,0.54292
1440,-1.75,37.75,13.25,26.25,0.54235
1440,435.5,183.75,14.25,28.5,0.53546
1440,47,346,13.25,26.5,0.53524
1440,14.25,326.25,12,24,0.53506
1440,-0.5,7.5,14,27.75,0.53445
1440,492,302.75,15,30,0.53363
1440,244.75,448,12.5,25.25,0.53346
1440,24.75,206.75,12.25,24.5,0.5331
1440,563,24.25,13.25,26.5,0.53136
1470,107.75,418,12.5,25.25,0.55774
1470,474.25,286.5,12.5,24.5,0.54304
1470,12.25,202,18.5,37,0.53799
1470,348,53.5,13.5,26.75,0.53732
1470,503.25,32.75,13,25.75,0.53591
1470,373.75,70.25,12.5,25.25,0.53575
1470,284,426.75,12.75,25.75,0.53464
1470,317.5,388,12.75,25.75,0.53458
1470,436.5,393.75,13,26,0.53441
1470,269,363,13.5,26.75,0.53156
1470,120.5,411,11.75,23.75,0.53139
1470,510,173,13,25.5,0.53117
1470,137,45.25,13.5,27,0.53095
1470,18.75,213.25,14.25,28.5,0.53093
1470,284.5,367.25,15.75,31.75,0.53013
1500,624.5,137,17.25,34.5,0.54994
1500,521.75,381.25,12.75,25.5,0.5482
1500,57.5,82.5,13.25,26.75,0.5476
1500,99.25,438.75,18.75,37.25,0.54377
1500,220.5,175.75,14,28.25,0.53916
1500,235.75,55.75,12,24,0.53766
1500,166,39,114.25,228.5,0.53707
1500,232.75,408.75,11.5,23.25,0.53675
1500,156.25,417.5,12,24,0.53543
1500,107.75,299.75,14,28.25,0.5351
1500,625.5,129,14.25,28.5,0.5347
1500,146.25,360.5,11.75,23.5,0.53465
1500,108,440.5,12.25,24.75,0.53434
1500,93,438.5,14.25,28.75,0.53382
1500,223,310,12.25,24.75,0.5334
1500,131.75,25,15,30.25,0.53244
1500,372.5,62,12.5,25.25,0.53178
1500,554,388.5,11.75,23.25,0.53176
1500,223.25,323.75,12.25,24.75,0.53163
1500,81.75,424.25,13.25,26.75,0.53092
1500,454,97.25,16,32.5,0.53086
1500,148.25,422,15.25,30.75,0.53084
1500,262.75,337,11.5,23,0.53034
1530,253,289,15.25,30,0.54838
1530,204.25,434,15.75,31.5,0.54541
1530,366.25,207.75,12.75,25.5,0.53607
1530,196,287.5,13,26.25,0.53543
1530,420.5,438.25,16.5,32.75,0.53475
1530,620.25,138.75,12.5,24.5,0.53419
1530,262,293.5,13.75,27.25,0.53264
1530,204.5,58.5,13.25,26.25,0.532
1530,487.5,312,13.25,26.5,0.53097
1530,-3.5,125.5,29.25,58.5,0.53043
1530,203.75,289.75,13,25.75,0.53037
1530,278.5,442.75,12,24,0.5301
1560,163.75,392,16.25,32.25,0.56895
1560,340.75,406.75,16.5,33,0.5675
1560,437,430.75,13,26,0.55745
1560,28.75,388.75,14.25,28.5,0.55284
1560,44.25,392.5,14.25,28.25,0.55224
1560,157,382,14.25,28.25,0.55105
1560,19.75,372.5,13.5,27,0.55086
1560,626.5,109.5,14,27.75,0.55014
1560,371.5,405,14.25,28.25,0.54541
1560,134,16.25,13.5,27.25,0.54534
1560,613.75,167.75,28.75,57.5,0.54448
1560,60,399.5,16.75,33.5,0.5436
1560,262.75,320,13,26.25,0.54356
1560,102,345.5,13.25,26.5,0.54302
1560,116.5,412.5,15.75,31.75,0.54146
1560,397.5,196.5,20.5,41,0.53919
1560,60.75,95.5,13.5,27,0.53907
1560,373,191.25,13,25.75,0.53851
1560,84.25,338.5,15.25,30.5,0.53812
1560,180.5,351.5,13.25,26.75,0.53745
1560,300.75,412.75,11.75,23.75,0.537
1560,100.25,392,15,30.25,0.53629
1560,189.5,409.75,13.5,27,0.53605
1560,252,413.5,17.25,34.5,0.53511
1560,19.75,393.5,16.5,33.25,0.53464
1560,116.25,351.25,16.5,33,0.53437
1560,236.75,351.75,12.5,25,0.53387
1560,100.25,367,15,30,0.53341
1560,396.75,397,14.5,28.75,0.53333
1560,166.25,446,14,28,0.53304
1560,314.75,231.5,12.25,24.75,0.53302
1560,372.5,416.25,15.5,30.75,0.53284
1560,374.5,344.25,12.25,24.5,0.5327
1560,552,8.25,12.5,25,0.53254
1560,483.5,140,12.75,25.75,0.53242
1560,475,54.5,14.5,29.25,0.53232
1560,279.5,407.25,12.75,25.5,0.53148
1560,395,378.75,18.75,38,0.53138
1560,204.25,401,12,23.75,0.53086
1560,583.75,21.25,13.75,27.75,0.53064
1560,51.75,352.75,15.5,31,0.53028
1560,524.75,409.5,22.25,44.5,0.53018
1560,220.25,411,15.25,30.25,0.53007
1590,200.25,271.75,12.25,24.5,0.55127
1590,588.5,419.25,13.25,26.5,0.54599
1590,109.25,426,13.5,26.75,0.54581
1590,31.25,423.5,13,26.25,0.54496
1590,52.75,425,11.5,23,0.54463
1590,597.5,447.25,14.25,28.25,0.54338
1590,516.75,390.25,13.25,26.75,0.54184
1590,550.25,421.25,27.5,55.5,0.54156
1590,340.5,392.5,15.75,31.5,0.54007
1590,622.5,177.25,15.75,31.5,0.54003
1590,123.25,411,16.25,32.75,0.53684
1590,484.25,100.5,11.75,23.5,0.53674
1590,508.25,158,12.5,25.25,0.53574
1590,138,250,18,36,0.53483
1590,540,403.25,14.25,28.75,0.53242
1590,524.5,403.75,14,28,0.53186
1590,44.5,428,13,25.75,0.53158
1590,151.75,87.75,13.75,27.25,0.53153
1590,326.75,380.5,14,28,0.53109
1590,460.25,343.25,12.25,24.5,0.53104
1590,509.5,352.75,16.5,33.25,0.53078
1590,100.25,366.5,14.75,29.25,0.53063
1590,372.75,81,11.5,23,0.53001
1620,140,432.5,16.25,32.5,0.56914
1620,373.25,415.75,13.75,27.5,0.56583
1620,156.5,372.25,13.25,26.5,0.56361
1620,204.5,395.5,15.25,30.25,0.56152
1620,348.25,416.5,13,25.75,0.55507
1620,204.75,363.5,15,30,0.55426
1620,487.5,88.75,13,25.5,0.55325
1620,324.5,433.25,16.25,32.75,0.55258
1620,613,445,14,28,0.5509
1620,353.25,416.25,12.75,25.25,0.54932
1620,236.5,387,14.25,28.25,0.54848
1620,293.25,415.75,15,29.75,0.54711
1620,75.5,377,16.5,33,0.54689
1620,29.5,385.5,15.25,30.75,0.54554
1620,141,366.25,14.75,29.5,0.54539
1620,156.25,393.25,15,29.75,0.5449
1620,268.25,413.5,17.25,34.25,0.54352
1620,44.25,390.25,14,28.25,0.54302
1620,68.5,425.75,14.75,29.5,0.54283
1620,252.5,376.75,13,26.25,0.5426
1620,396,373.5,13.75,27.75,0.54235
1620,220.25,382.75,13.75,27.25,0.54123
1620,484.25,389.75,12.75,25.75,0.54082
1620,525,382.75,13.75,27.75,0.54048
1620,421.75,448.75,12.75,25.5,0.54042
1620,125,392,14.25,29,0.54017
1620,212,399.5,16.25,32.5,0.53966
1620,187.25,398,17.5,34.75,0.53963
1620,459.25,59.75,18,35.75,0.53898
1620,473,89.75,19.25,38.5,0.53894
1620,237,17.75,15.75,31.5,0.53892
1620,172.5,315.75,13.5,26.75,0.53837
1620,21.75,402.25,15.25,31,0.538
1620,254,394,13.25,26.5,0.53769
1620,289,380,23,45.5,0.53756
1620,164.5,304.25,15.25,30.25,0.53683
1620,172.25,361.5,12.5,25.25,0.53648
1620,212.75,366.5,14.75,29.5,0.53607
1620,220.25,353.75,16.25,32.25,0.53592
1620,359.5,376,12.75,25.5,0.53561
1620,85.75,387.25,13.5,27,0.53558
1620,131.5,387.25,17,34.25,0.53549
1620,37,378.25,14,28.25,0.53456
1620,179.5,384.25,12.25,24.25,0.53449
1620,92.25,386.5,17.75,35.25,0.53387
1620,268,409.5,17.25,34.25,0.53349
1620,407.75,390.5,13,26,0.53332
1620,339.75,268.25,16.5,33,0.53275
1620,6.25,409,13.25,26.5,0.53253
1620,602.25,324,12.75,25.5,0.53239
1620,342.25,391.75,24.75,49.25,0.53226
1620,23.75,370.25,13,26,0.53217
1620,166,393.5,12.5,25.25,0.53178
1620,93,413.75,12,24,0.53153
1620,356.75,420,14.25,28.5,0.53136
1620,147,402.5,17.5,35.25,0.53113
1620,389.5,378.75,14.5,29,0.5307
1620,373.75,403,15,30.25,0.53035
1650,141.5,365.5,13.75,28,0.57178
1650,142,382.25,13.5,27,0.56545
1650,299.5,431.75,16.25,32.5,0.5559
1650,203.25,422.75,17.75,35.25,0.55585
1650,342.75,376.25,12.5,24.75,0.55211
1650,68.5,374.75,15.5,31,0.54833
1650,37,379.75,14.25,28.5,0.54811
1650,44,377.5,15.75,31.5,0.54743
1650,14.25,141.5,12.5,25,0.5454
1650,52,379.25,15,30.25,0.54486
1650,165,355,14.5,28.75,0.54416
1650,476.25,428,14,28,0.544
1650,68.25,355.5,15,30,0.54352
1650,276.5,400,12.5,25,0.54283
1650,92.25,366.25,15,30,0.5426
1650,524,365.25,16.5,33,0.54171
1650,229,380,15.25,30.25,0.54156
1650,508.75,384,14.5,28.75,0.54128
1650,291.5,348.75,15.5,31,0.54096
1650,84.5,375.5,12.75,25.75,0.53995
1650,220.25,424.5,16,32,0.53814
1650,586.25,248,22.75,45.5,0.53736
1650,253.5,430,13.5,27,0.53736
1650,398.5,408.75,11.75,23.5,0.53708
1650,125.5,381.5,14,28,0.53679
1650,108.75,392.25,15,30.25,0.53672
1650,188.25,358.5,13.5,27,0.53665
1650,172.5,345.25,12.25,24.25,0.5364
1650,116.5,332.75,15,29.75,0.53639
1650,324.75,373.5,14.25,28.5,0.53619
1650,373.75,392.25,13,26.25,0.53611
1650,243.75,445.25,15.75,31.5,0.53599
1650,83.5,366.25,14.75,29.5,0.53596
1650,611.25,408,17.5,34.75,0.53509
1650,564.75,206.5,14,27.75,0.53507
1650,171.5,384.25,17.25,34,0.535
1650,476.75,78.25,12.75,25.75,0.53499
1650,571.75,401.5,16.25,32.25,0.53411
1650,356.25,353.25,16,32,0.534
1650,580.5,398.5,12.75,25.75,0.53375
1650,237.25,402,13.5,26.75,0.53353
1650,172.75,308.75,15.25,30.25,0.53348
1650,480,199.75,14,28.25,0.53263
1650,91.75,392.5,16,32,0.53258
1650,550.25,51.25,12,24,0.53243
1650,300.5,350.75,13,26,0.53194
1650,454.75,344.75,12.25,24.75,0.53155
1650,187.75,433.25,14,28,0.53134
1650,402.25,345,11.75,23.75,0.53124
1650,164.75,385.5,15,30.5,0.5311
1650,108.75,343.5,14.25,29,0.53092
1650,91.75,416.25,16,31.5,0.53047
1650,535.5,380.5,13.75,27.25,0.53034
1650,382.5,114,12,24,0.53017
1680,220.25,323.75,15,29.75,0.55658
1680,225.25,85.5,13.25,26.25,0.54763
1680,390.25,30.75,13.75,27.5,0.54353
1680,164.5,324,14,28,0.54235
1680,140.5,320,13.75,27.5,0.53904
1680,467.5,416.75,15.25,30.25,0.53852
1680,181.75,364.25,13.25,26.25,0.53841
1680,477.25,414.5,13.5,27,0.53735
1680,195.75,321.25,13.75,27.75,0.53699
1680,487.75,195.25,18.5,37.25,0.536
1680,524.5,163.5,14,28,0.53579
1680,38,327,13,26,0.53556
1680,449.75,385.5,20,40,0.53547
1680,28.75,361.5,15,30,0.53516
1680,139.5,326.75,17,34,0.53499
1680,518.75,41,11.5,23,0.53493
1680,178.75,332.25,16,31.75,0.53412
1680,100.5,400.5,14.75,29.5,0.53399
1680,36.25,377.25,15,30.25,0.53379
1680,613.25,23.75,13,25.75,0.53372
1680,522.5,26.75,13.5,27.25,0.53358
1680,150.25,192,12.25,24.75,0.53258
1680,172.25,389.75,13.25,26.5,0.53236
1680,225.5,124.5,12.25,24.5,0.53236
1680,109.5,331.25,13.5,27.25,0.53202
1680,295.75,247.75,12.5,24.75,0.53201
1680,29.25,388.5,13.25,26.5,0.53178
1680,299.25,397.5,14.25,28.75,0.5317
1680,611,24,14,28.25,0.53141
1680,116.5,301,11.75,23,0.53138
1680,410.5,342,12.75,25.5,0.5313
1680,524.75,444.75,13.75,27.5,0.53119
1680,11.75,367,16.5,33,0.53116
1680,131.75,328.75,15.75,31.25,0.53086
1680,390.5,22.25,12.5,25,0.53071
1680,68.5,333,15.25,30.75,0.53057
1680,246,402.25,13.75,28,0.5303
1710,260.25,301.5,14.5,29,0.57248
1710,156.5,388,13.25,26.25,0.55857
1710,136.25,263.75,12,23.75,0.55654
1710,108.25,313.25,15.25,30.25,0.55152
1710,268.75,293.25,15.25,30.25,0.55104
1710,117,380.75,14.5,29.25,0.54754
1710,500.25,334.75,12.25,24.5,0.54618
1710,21,306.75,15,29.75,0.54603
1710,292.75,383.5,16.5,33,0.54569
1710,548.25,362.75,13.25,26.75,0.54524
1710,68.75,367,14,27.75,0.5442
1710,173.5,268.5,13.5,26.75,0.54397
1710,477,74.5,15.75,31,0.54299
1710,165.5,316.75,14.25,28.75,0.54291
1710,582,382.5,12,24,0.54131
1710,572.5,193.75,29.25,58.25,0.54078
1710,584.5,386,41.25,82.75,0.53966
1710,60,354.5,14.25,28.5,0.53885
1710,204.5,398.25,15.5,31.25,0.53747
1710,100.5,319,14.5,29,0.53566
1710,102.25,381.25,12.5,24.75,0.53491
1710,22.25,336.5,12.5,25,0.53489
1710,564.5,378.75,14.5,29,0.53443
1710,276,296,16.5,32.75,0.53423
1710,12.25,61,12,23.75,0.53345
1710,573.75,306.75,12.5,25.25,0.53312
1710,125.25,373.5,13.75,28,0.53298
1710,388.75,308.25,12.25,24,0.53288
1710,31.25,14.25,13,25.75,0.53285
1710,482.25,54.5,14,28.5,0.53275
1710,460.25,355,15,30,0.53273
1710,187.75,420.25,15.25,30.25,0.53265
1710,163.75,131.5,24,47.75,0.53257
1710,198.25,314.75,12.75,25.5,0.5323
1710,572.25,418.5,12,24.5,0.53219
1710,222.5,409.75,13.25,26.75,0.53181
1710,515.25,416.25,16.25,32.25,0.53165
1710,516,434.75,13.75,27.75,0.53064
1710,577.5,16,14.5,29,0.53022
1740,134.75,391.75,13,26,0.55255
1740,586.75,373,15.75,31,0.55034
1740,588,443.5,15.75,31.5,0.54542
1740,11.25,184,18.75,37.5,0.54536
1740,156,335,12,24.25,0.54421
1740,371,383.25,17,34.25,0.54236
1740,280.25,370.5,18,36,0.54185
1740,246,395,13.25,27,0.54011
1740,494,426.25,13,26,0.5398
1740,365.25,339.75,14.5,28.75,0.53916
1740,532.75,417,15,30.25,0.53905
1740,44.5,397.25,14.25,28.5,0.53772
1740,-1.75,115,16,32,0.5377
1740,12.25,121.75,14.75,29.25,0.53688
1740,340.5,384,13.75,28,0.53553
1740,126,331,13,26,0.53539
1740,334,346.75,12.75,26,0.53517
1740,421,416.5,15.5,31.25,0.53488
1740,119.5,399.5,13.5,27,0.53455
1740,517.5,429,13.5,26.75,0.53428
1740,332.25,407.5,13.25,26.5,0.53424
1740,248,339,15.75,31.5,0.53361
1740,20.25,344.75,15,29.75,0.53324
1740,483.5,374.5,12.25,24,0.53298
1740,380.25,419.75,13.5,27.25,0.53289
1740,444.75,29,11.5,23,0.53228
1740,423.25,3.75,17.25,34.5,0.53224
1740,157,403.5,14.25,28.25,0.53161
1740,181.5,427.5,13.25,26.5,0.53152
1740,135.5,303.25,15.75,31.5,0.53146
1740,28,331.75,12,24,0.53137
1740,51.75,376.75,15.5,31,0.53032
1770,36.75,308,14.25,28.5,0.55665
1770,610.75,32.25,32.5,65.25,0.5471
1770,189.25,317.5,13.5,27,0.54576
1770,131.75,313.75,16,32,0.54541
1770,203,52.5,20.5,41.25,0.54536
1770,239.75,422.5,13,25.75,0.54318
1770,626.75,13.5,13.5,27,0.54141
1770,604.5,46,13.25,26.5,0.54013
1770,7.5,392.75,13,25.75,0.53981
1770,617,138,24.25,48.5,0.53892
1770,116.25,332.5,15.75,31.5,0.53769
1770,293,415,14,28.25,0.53609
1770,276.25,298.5,12.5,25.25,0.53608
1770,117.75,383.75,14,27.75,0.53579
1770,60.25,347.75,15.5,30.5,0.53534
1770,501,415,15.5,31,0.53484
1770,204,67.75,12.5,24.75,0.53432
1770,584.5,34.75,12,23.75,0.53317
1770,142.25,50.25,19,38,0.53301
1770,53,386.5,14,28.25,0.53295
1770,420,353.25,59.5,119,0.53193
1770,84,347.25,14.25,28.25,0.53172
1770,325,415.75,15.5,31.25,0.53149
1770,246.5,298.75,14.25,28.25,0.53146
1770,6.75,348.5,12.5,25.25,0.5313
1770,166.75,106.5,17.5,35,0.53076
1770,275.5,180.5,13.25,26.5,0.53074
1770,252.75,284,15.5,31.25,0.53061
1770,597.25,403.75,13.25,26.5,0.53037
1770,494,166.75,13.25,26,0.53028
1770,374.25,308,13.5,26.75,0.53025
1770,77.5,395.5,13.75,27.75,0.53017
1800,83.5,260,14.5,29.25,0.54989
1800,8.75,396.5,11.75,23.5,0.54672
1800,252,386.5,18.5,36.5,0.54384
1800,562,44.5,14.25,28.75,0.54205
1800,76.25,387.5,12.25,24.5,0.54158
1800,390.75,179.75,12.25,24.5,0.5406
1800,205.5,69.5,14.25,28.75,0.5388
1800,363.5,378.25,17.75,35.25,0.53878
1800,580.75,410.5,14.75,29.5,0.53859
1800,164.75,100.25,22.25,44.75,0.53709
1800,202.75,18,93,186,0.53701
1800,132,368.5,15,30,0.53697
1800,299.75,387.75,15.5,31.25,0.535
1800,412.5,441.5,16.5,33.5,0.53454
1800,267.5,182.75,16.75,33.5,0.53427
1800,198.5,426,12,24,0.53317
1800,137.25,152.25,12,24,0.53129
1800,502.5,416.75,14.75,29.25,0.5306
1830,56.25,412.75,12.5,24.75,0.56496
1830,156,383.75,16,31.75,0.55961
1830,149.25,396.5,13.75,27.5,0.55334
1830,564,39.75,13.75,27.5,0.55259
1830,188,382,16.5,33,0.55173
1830,421.75,437,13.25,26.5,0.5484
1830,301.75,413,13.5,26.75,0.54657
1830,485,377.25,11.5,23,0.54614
1830,20.75,346,16.25,32.5,0.54101
1830,132.5,91.75,12.25,24.5,0.538
1830,613.25,172.5,19.5,39.5,0.53751
1830,536,173,12.5,24.5,0.53749
1830,99.5,391.5,12.75,25.5,0.53745
1830,233.5,183,24.25,48.75,0.53695
1830,284.75,427.5,14.75,29.25,0.53651
1830,-1.75,78.25,12.75,25.25,0.53613
1830,163.75,394.5,16.5,33.25,0.53569
1830,191,92.5,15.75,31.75,0.53562
1830,117.5,310,14,28,0.53535
1830,530.75,9.5,13.75,27.5,0.53503
1830,64.5,393.75,22.75,45.5,0.53456
1830,183.25,63.75,29.25,58.5,0.53396
1830,116.5,407,14.5,28.75,0.5337
1830,365.25,285.75,13.25,26.5,0.533
1830,132.75,403,15.25,30.75,0.53231
1830,163,351.5,57.25,114.25,0.53202
1830,77,420.75,13.75,27,0.53188
1830,260.75,92.5,15,30.25,0.53177
1830,120.25,389.25,12,24.5,0.53029
