30,189.25,349.25,14.5,29,0.58774
30,491,75.5,16.5,32.5,0.55249
30,211.75,369.5,14.25,28.5,0.55129
30,577.5,243,14,28,0.55104
30,134.25,358.75,13,26,0.54966
30,277,386.25,15,30.5,0.54188
30,565.5,413.25,12.5,25.25,0.54167
30,580.75,403.25,14,27.75,0.54
30,225.5,365.25,19,38,0.5392
30,492.5,36.5,15.75,31.75,0.53868
30,58.5,272.75,12,24.25,0.53851
30,348.25,290.5,13,26.25,0.53614
30,556.25,274,95.75,191.5,0.53534
30,28,57,14.25,28.25,0.53514
30,268.25,371,14.5,28.5,0.53476
30,116.25,322.25,12.5,24.5,0.53432
30,523.75,408.75,13.5,26.5,0.53367
30,491.75,254.25,13,25.5,0.53295
30,418.75,314.5,15.5,30.75,0.53272
30,572,400.5,16,32,0.53225
30,540.25,399,13,26,0.53208
30,355.5,389.25,16.25,32.5,0.53099
30,583.25,27,11.5,23,0.53052
30,624.5,71,17.5,35.25,0.53048
30,124.75,292.5,14.75,29.75,0.53024
60,275,362.75,17.25,35,0.56885
60,293,392.25,15,30,0.56817
60,557.5,400.75,13.5,27.25,0.56287
60,604.5,421.25,14.25,28.75,0.56111
60,285.25,266.25,13.75,27.75,0.55934
60,198.25,369.5,14,27.75,0.55745
60,301.5,269.75,13.75,28,0.55384
60,293,267,13.5,27.25,0.55278
60,508.75,45.5,14.75,29.5,0.55273
60,237.75,367.75,13,25.5,0.55206
60,460.75,366,14.5,29.25,0.55127
60,597,407,12.75,25.5,0.54902
60,392.25,15.5,12.75,25.5,0.54835
60,282.5,362.75,18.75,37.75,0.54759
60,354,353.75,53.75,107.5,0.54688
60,317.5,349.25,13.5,27.25,0.54535
60,192,382.5,13.25,26.5,0.54435
60,28.75,372.5,14.5,29.25,0.5438
60,239.25,352.75,50.25,100.25,0.54346
60,258.75,264,17.5,34.75,0.54346
60,63.25,111.5,14.25,28.25,0.54305
60,179.75,380.5,17.75,35.75,0.54287
60,500.25,10.5,12.75,25.75,0.54275
60,53,366.25,13.5,27.25,0.54261
60,188.75,386.25,12,24,0.54206
60,140,362.25,14,28,0.54187
60,462,156.75,12.75,25.25,0.54178
60,542,367.25,13,26,0.54097
60,332.75,361.75,15.5,30.75,0.54068
60,412,362.5,16.75,33.25,0.54047
60,581,372.5,14.5,29.25,0.53982
60,51,382,17.25,34.5,0.5396
60,491.5,11.75,15.5,31,0.53945
60,221.5,397.75,14.5,28.75,0.53916
60,527.25,406.5,13,26.25,0.539
60,56,339.5,63.25,126.75,0.53869
60,571.75,80.5,15.25,30.75,0.53828
60,21,372,14.5,28.75,0.53796
60,412.25,397,14.25,28.25,0.53793
60,445.5,308.5,13.5,27,0.53778
60,372.75,375.5,15.5,30.5,0.53741
60,359.25,282,13.25,27,0.53703
60,525.25,367.75,13.25,26.5,0.53693
60,22.75,334,14,28,0.53686
60,516,402.5,15.5,31,0.53684
60,468.25,29.5,15.25,30.5,0.53666
60,389.25,398,13.75,27,0.53636
60,572,88.75,16,31.75,0.53574
60,539.5,409.5,15.5,30.75,0.53572
60,308.5,394,16.5,32.75,0.53537
60,588.5,413.5,14.5,29.25,0.53535
60,317.5,272,13.5,27.25,0.53509
60,499.75,363,14.75,29.5,0.535
60,534,332,12.5,25.25,0.53497
60,301.5,351.75,12.5,25.25,0.5349
60,119.75,399,31.5,62.75,0.53481
60,107.75,325,14.25,28.5,0.5345
60,469.75,410.5,14.5,29.5,0.53435
60,422,351.75,13,26,0.53422
60,531.5,367.25,13,25.75,0.53418
60,380.75,386.25,15.25,30.75,0.53418
60,477.5,274,13.5,27,0.53396
60,212.5,369.25,14.75,29.5,0.5339
60,484,81.25,15,29.75,0.53373
60,564.25,402.25,15.5,30.75,0.53366
60,252,370.25,16.5,32.5,0.5332
60,468,3.25,14.75,29.5,0.53314
60,156.5,387.5,14,28,0.53279
60,229,288.75,15,29.5,0.53265
60,587,284.75,17.75,35.5,0.53204
60,492.5,21,14.75,29.75,0.53195
60,564,374,15.5,31.25,0.53183
60,482.5,391.25,17,34.5,0.53151
60,270.5,232.5,13.5,26.75,0.53146
60,541.5,375,13,26,0.53125
60,324.5,272.5,11.75,23.5,0.5311
60,116.5,394.25,15.5,31,0.53096
60,213.75,276.25,13.75,27.5,0.53089
60,379.25,143,12.25,24.75,0.53088
60,136.75,14,13.25,26.5,0.53031
60,412.5,306.25,11.75,23.5,0.53019
60,77.5,339.5,58.25,116.25,0.53014
60,29.25,398.75,13,26.25,0.53012
60,91.75,257.25,14,28,0.53002
60,573.25,415,13,26.25,0.53001
90,166.25,385,12.75,25,0.55733
90,411.75,353.75,15,30.25,0.55014
90,309,384.75,15.25,30.75,0.54586
90,140.75,379.5,15,29.75,0.53991
90,348.5,381,13.75,27.75,0.53915
90,374.75,5,13.75,27.75,0.53801
90,316,294.5,12.5,25,0.53764
90,314.25,263.5,98.75,197.75,0.53741
90,309,127,16,32,0.53704
90,172.5,384.25,12.5,24.75,0.53605
90,347.25,352.5,16.25,32.75,0.5357
90,531.25,397,14,27.75,0.53449
90,380,335.5,13.25,26.5,0.53448
90,566,412,13,26.25,0.53414
90,463,353.25,12.75,25.5,0.53381
90,356,318.75,16.75,34,0.53379
90,204.5,372,14.75,29.75,0.53353
90,523.25,301,12.5,24.75,0.53319
90,349.5,41,12.25,24,0.53312
90,125.75,426.75,12.75,25.5,0.53238
90,307.75,199.25,13.75,27.25,0.53221
90,549,382,13.5,27,0.53205
90,51.5,352,12.5,24.75,0.53204
90,291.75,67.25,12.5,25.5,0.53109
90,300.25,126.5,16.5,32.75,0.53082
90,459.25,388.25,16,31.75,0.53041
90,243.75,394.5,15.75,31.25,0.5301
120,470.5,376,12.75,25,0.55852
120,533,320.5,13.75,27.25,0.54865
120,228.25,303.25,70.5,141.25,0.54787
120,522.75,398.5,18.25,36.5,0.54649
120,365.75,224.75,14.5,29,0.54446
120,268.25,300.75,14.75,29.5,0.54334
120,619.75,67,20.75,41.75,0.54287
120,26.75,134.25,27.5,54.75,0.54243
120,460,394.75,15.75,31.5,0.54215
120,476.25,323.75,12.75,25.75,0.54125
120,598.25,147.5,44.25,88.5,0.5409
120,28.75,334.75,14,28.25,0.5404
120,451.75,388,14.25,28.5,0.54033
120,453.25,409.75,14,28,0.53894
120,168,375.75,12.75,25.5,0.53867
120,579.75,145,18.25,36.5,0.53821
120,374.75,5,13.75,27.75,0.53801
120,200,368.25,12.25,24.25,0.53682
120,596.25,394.5,13,25.75,0.53559
120,445.25,312.75,13.25,26.25,0.53514
120,349.25,40.25,12.75,25.25,0.53508
120,405.25,392,13.25,26.5,0.53452
120,411.25,316.5,17.75,36,0.53438
120,308,395.75,17,34,0.53414
120,502.5,43,12,23.5,0.53383
120,396.75,394.25,13.75,27.75,0.53368
120,277,320.75,15.25,30.75,0.53366
120,507.25,321,16.75,33.5,0.53261
120,445,395.25,14.5,29,0.53237
120,317.75,378.5,13,26,0.53237
120,489.5,199,16.25,32.25,0.53205
120,494.25,406.75,12.25,24.5,0.53175
120,284.75,233.25,14.75,29.5,0.53158
120,204,27.75,13,26,0.53146
120,519,315,12.75,25.5,0.5314
120,594.5,46,17.25,34.25,0.53118
120,610.75,202.25,32.75,65.5,0.53115
120,362.75,16.5,12,24.25,0.53095
120,173.25,366.25,14.5,28.75,0.53093
120,482.25,40.5,12.75,25.5,0.53078
120,300,398,15.5,31.25,0.53073
120,60.75,291.25,13.5,27,0.53072
120,166.5,438,12,23.75,0.53055
120,170.5,294.75,12.25,24.75,0.53055
120,389.75,375.75,13,26.25,0.53031
120,347.25,380.25,17.5,35.25,0.53026
120,237.75,327.25,13.25,26.5,0.53014
150,300,313,15.5,31.25,0.60205
150,548.75,345.75,14.5,29,0.57846
150,173.25,313.75,14.75,29.75,0.56846
150,156,395.5,16,31.75,0.56695
150,165.25,358.25,13.75,27.25,0.56673
150,188.5,378.5,15.25,30.5,0.5656
150,220.75,325.25,14.5,29,0.56353
150,85.5,382.25,14,27.75,0.56079
150,76.5,388.25,14.75,29.25,0.55959
150,470,302.5,13.25,26,0.55872
150,156.5,355.75,14.75,29.5,0.55783
150,344.25,311.25,21.75,43.75,0.55764
150,461.75,407.25,12.75,25.5,0.55739
150,245.25,301.25,14,28.25,0.55731
150,197.25,302,14,28.25,0.5569
150,300.25,288.5,14.5,29,0.55635
150,196.75,380,14.75,29.25,0.55382
150,421.25,303.5,13.75,27.75,0.55334
150,203.5,317,17.5,35,0.55329
150,412.25,311.5,15.75,31.25,0.55298
150,452.5,366.5,14.75,29.5,0.55287
150,516.75,358,14,27.75,0.55183
150,276.75,348.25,14,28,0.55171
150,524.5,376.5,16,32,0.55122
150,557,344.5,15,29.75,0.55117
150,308.5,391.5,16.5,33,0.55099
150,92.5,384.25,14.75,29.5,0.55058
150,323.75,315,15.75,31.25,0.54992
150,100.5,297,14.5,28.75,0.54952
150,333.25,319.5,13.5,27,0.54951
150,556,226.75,27,54.5,0.54945
150,180.75,356,14.5,28.75,0.54905
150,84.25,312.25,15.25,30.5,0.549
150,260.25,269.75,14.5,28.75,0.54844
150,141.25,267.75,14.5,29,0.54821
150,100.75,373.5,14.25,28.75,0.54758
150,308.5,312.25,16.5,32.5,0.54654
150,68,302.25,16,31.75,0.54575
150,317.25,303.75,12.5,25,0.54529
150,604,330.75,16,31.5,0.54494
150,580.25,359.5,15.75,31.5,0.54426
150,236.5,300.5,14.5,29,0.54383
150,51.75,326.5,15.75,32,0.54373
150,421.25,324,14.25,28.75,0.54369
150,253.25,340.25,14.5,29.25,0.54366
150,595.25,360.75,16,31.5,0.54365
150,309.25,378.75,14.75,30,0.54361
150,116.5,275.75,12.75,25.5,0.54329
150,148.5,355,15,29.75,0.54321
150,588.25,380,15.75,31.25,0.54313
150,277,282.75,15.25,30.75,0.54284
150,180.75,336.5,15.25,30.75,0.54283
150,362.5,316.25,19,38,0.54257
150,436.75,368.25,14.75,29,0.54251
150,333,251.5,15,30.25,0.54237
150,317.5,353,12.25,24.75,0.54232
150,164,392,16.5,33.25,0.54201
150,445.75,301.75,13.25,26.5,0.54201
150,396.75,337,16.5,33,0.54183
150,396.25,385.25,15.5,31,0.54169
150,268.25,274.25,16,32,0.54161
150,452.5,298.5,14.75,29.5,0.54152
150,544.75,327.75,20.75,41.25,0.54127
150,212.5,354.75,15.25,30.25,0.54103
150,553.25,68.25,12,23.75,0.54097
150,588.75,406.75,13,26,0.54079
150,461,295.5,13.5,26.75,0.54068
150,20.75,302.5,15.25,30.5,0.53976
150,333,360.75,12,23.75,0.53947
150,237.5,294.75,13.75,27.5,0.53927
150,308.75,276.75,13.75,27.5,0.53895
150,478.75,282,13.25,27,0.53865
150,147.25,255.5,13.25,26.5,0.53824
150,374.75,5,13.75,27.75,0.53801
150,364.25,281.75,15,30,0.53789
150,341,399.25,16.25,32.5,0.53783
150,237.25,380,14,28.25,0.53768
150,132.5,367.75,14,27.75,0.53766
150,501,369.75,15,30.25,0.53758
150,28,319.75,16.25,32.25,0.53756
150,439,57,12.75,25.25,0.53755
150,428.75,378.25,14.5,29.25,0.53748
150,197.5,348.25,13.75,27.5,0.53732
150,50.75,400,12.5,25.25,0.53645
150,164.25,294.5,13.5,26.75,0.53634
150,532.75,381,14,27.75,0.53625
150,317.25,313.75,15,30.25,0.53624
150,60.75,282.25,15.75,31.75,0.53619
150,588.5,329.5,12,24,0.53612
150,420.5,335,15.75,31.75,0.53611
150,93.25,303,13.5,27.25,0.53555
150,340,239.5,12.75,25.5,0.53554
150,519,335,13.25,26.5,0.53537
150,372.75,345.5,16,31.5,0.53534
150,620,346.25,12.5,25.25,0.53533
150,123.75,262,13.25,26.75,0.53514
150,268.5,336.75,15.25,30.5,0.53509
150,310,337,12.5,25,0.535
150,268.75,285.25,14.5,29.25,0.53487
150,301,357.25,14,28.25,0.5345
150,221,278,13,26.25,0.53447
150,571.5,359.5,17,33.75,0.53442
150,156.25,298.5,15,30.25,0.53439
150,126,318.5,12.75,26,0.5343
150,320,23.25,12.5,25.25,0.53413
150,532.5,329.75,14.75,29.5,0.53369
150,116.75,303.25,15,29.75,0.53346
150,353.75,344.25,19.75,39.5,0.53346
150,182,296.75,13.25,26.5,0.53339
150,435.75,283.25,12.75,25.25,0.5331
150,330.75,303.5,11.75,23.5,0.53302
150,564,311.5,15.5,31,0.5329
150,212,336.5,16.25,32.25,0.53288
150,284.75,364,14.75,29.25,0.53287
150,124,285.75,13.75,27.5,0.53283
150,40.25,400.25,12.5,25,0.53268
150,460.5,372.25,14.5,29,0.53265
150,444.75,63.5,16.75,33.5,0.53259
150,563.75,359.75,15.75,31.25,0.53257
150,405.25,356,14,28.25,0.53256
150,179.5,370,16,32,0.53246
150,229.25,308.5,14.25,28.5,0.53239
150,108,301,15.5,31.25,0.53222
150,55.75,399.75,12.25,24.75,0.53216
150,421.25,364.25,14.5,28.75,0.53203
150,263,40.25,13,26.5,0.53182
150,369.75,145.75,12.25,24.5,0.53146
150,305.75,359.75,21,42,0.53116
150,564.5,403.5,15.25,30.5,0.53097
150,362.75,16.5,12,24.25,0.53095
150,165,300.75,15.5,30.75,0.53088
150,261.75,131,13.5,26.75,0.53079
150,572.25,377,15,30.5,0.53074
150,268.75,347,15.5,31,0.53054
150,445,290.5,15.5,31,0.53047
150,516,348.5,15.5,31,0.53043
150,173.5,8.5,93.5,187,0.53021
150,389.25,286,14.75,29.5,0.53014
150,452.5,405.75,13.5,27.25,0.53009
150,228.25,207.25,16.25,32.75,0.53002
180,404.75,10.75,18.25,37,0.56132
180,411.75,13.25,18,35.75,0.56005
180,177.25,254,12.5,25,0.55987
180,364.75,267.75,14.5,28.75,0.55588
180,245.25,253.75,14,28,0.55569
180,556.25,264,13.5,27,0.55476
180,148.5,341,14.75,29.5,0.55348
180,613.5,129.75,15,30.5,0.55328
180,516.75,356,13.75,27.75,0.55249
180,156,268,15.75,31.75,0.55006
180,212.5,282.25,14.5,29,0.54798
180,188.75,364.25,12.25,24.25,0.54565
180,156,249,12.25,24.75,0.54516
180,69,279.25,14.5,29,0.54486
180,76.5,370.75,11.75,23.75,0.5438
180,518.5,256,14.5,28.75,0.54346
180,324.25,323.25,16,32,0.54265
180,357,269.5,14,28,0.54238
180,455,65,14.25,28.5,0.54206
180,478.25,26,12.25,24.5,0.542
180,309,370.25,14.5,29.25,0.5417
180,229.25,247,14,28,0.54143
180,404.5,345.75,14.25,28.5,0.54069
180,624.25,62.75,17.5,35,0.53928
180,284.75,258.75,15.25,30.25,0.53907
180,500.75,397.75,14.75,29.5,0.5385
180,365.75,255.75,13.75,27.5,0.53837
180,229,269,14,28,0.53805
180,188,226.25,12.25,24.25,0.53804
180,20.75,37.75,13.75,28,0.53803
180,374.75,5,13.75,27.75,0.53801
180,172.5,393.25,12.25,24.75,0.53779
180,315.75,125.25,27.25,54.25,0.5377
180,293,270.5,13.5,27.25,0.53713
180,172.25,254.75,12.5,25.25,0.53642
180,364.25,331.5,13.25,26.5,0.53638
180,396.75,350,14.5,28.75,0.53616
180,349.5,41,12.25,24,0.53599
180,260.5,259,15.5,31.25,0.53583
180,308.75,259,14.25,28.75,0.53516
180,36.25,280.75,15.5,31.25,0.53479
180,196.5,329.25,16,32.25,0.53369
180,372.5,267.5,14.5,29,0.53368
180,516,402,16,31.75,0.5332
180,31.25,347.75,54.25,108.75,0.53317
180,156.75,336.5,14.25,28.75,0.53294
180,195.5,371.75,13.5,26.75,0.53257
180,236.25,267.25,13.5,27.25,0.53257
180,164.25,265,16,31.75,0.53248
180,292.25,247.5,12.75,25.5,0.53225
180,437.5,396.5,14.5,29,0.53201
180,92.5,368.25,12.75,25.25,0.53187
180,108.25,347.25,14.5,29,0.53179
180,84,283.75,13.5,27,0.53163
180,488.25,355.5,12,24.25,0.53161
180,100.75,270.5,14,28.25,0.53143
180,625,57.75,17,34,0.53128
180,412.25,347,14.5,29,0.53108
180,362.75,16.5,12,24.25,0.53095
180,269.25,283,12.75,25.5,0.53093
180,396.5,21.25,14.75,29.5,0.53081
180,236.5,399.5,14,27.75,0.53064
180,293,399.25,14,27.75,0.5304
180,220.5,385.25,15.5,31.25,0.53035
180,124.5,386.25,13,26,0.53033
210,508.25,396.75,12.5,25,0.57352
210,164.25,358.25,15.25,30.5,0.56181
210,253.5,257.75,14,28,0.55836
210,493.25,403.25,14.75,29.5,0.55632
210,28.25,399.5,15,30,0.55564
210,300,373.25,13.5,26.75,0.55496
210,186.75,354,17.5,35.25,0.55495
210,244.75,404.25,15.75,31.25,0.55443
210,516,404.5,14.5,28.75,0.55372
210,539.75,107.25,13.5,26.75,0.55181
210,44.25,394,14,28,0.55144
210,253.25,396.5,14,28.25,0.5497
210,444.5,384.5,15.75,31.25,0.549
210,271.75,363,12.5,24.75,0.54668
210,598.25,417.75,13.5,27.5,0.54599
210,285.25,382.25,13.5,27.25,0.5455
210,604,384.25,15,30,0.54387
210,500.75,395.5,14,28,0.54385
210,156.25,353.75,15.25,30.75,0.54329
210,310,242,14.25,28.25,0.54307
210,573,380.5,13.5,27,0.54275
210,220.5,378.5,14.5,29,0.54153
210,184,129.25,12.5,24.75,0.54029
210,108.25,391.5,15.25,30.75,0.54024
210,428.75,387.5,14,28.25,0.54017
210,365.5,378.75,14.75,29.75,0.54001
210,37.75,365.5,13.25,26.5,0.53923
210,509,279.75,14.25,28.75,0.53923
210,340.75,387.5,14.75,29.75,0.53921
210,188,393.25,17,33.75,0.5391
210,317,396.75,14.5,28.75,0.53909
210,236.5,395,16,32,0.53902
210,236.25,383.25,13.75,27.5,0.53897
210,199.5,352,14.25,28.5,0.53878
210,396.5,397,14.5,29,0.53867
210,380.75,395.5,14.75,29.25,0.53834
210,374.75,5,13.75,27.75,0.53801
210,564.75,319,14.5,29.25,0.53786
210,421.5,387,14,28.25,0.53776
210,268.25,377.5,15.5,30.75,0.5376
210,140.75,360.5,15.5,31,0.5375
210,118.75,98.25,30,59.5,0.53741
210,60.25,379.5,14.75,29.75,0.53711
210,357.75,270.75,13.5,26.75,0.53709
210,277,305.75,15.25,30.5,0.53681
210,28.5,360.25,14.25,28.5,0.53664
210,69.75,372,13,25.75,0.53647
210,236.5,263.5,15.75,31.5,0.53617
210,612.75,382.75,14.5,29,0.53606
210,349.5,41,12.25,24,0.53599
210,172.75,364,15,29.75,0.53593
210,213.25,379.5,14.25,28.5,0.53566
210,435.25,383,16.75,33.5,0.53564
210,526,91.75,13.5,26.75,0.53551
210,617,16.75,19.25,38.25,0.53485
210,414.75,351.25,13.25,26.5,0.53479
210,440,338,12,24,0.53473
210,21.5,362.75,13.25,26.5,0.5345
210,403,159,12.25,24.25,0.53449
210,496,13,48.25,96.25,0.53422
210,244.25,253,15.75,31.25,0.53405
210,397.5,406.5,13,26,0.53405
210,66,331.75,18.75,37.25,0.53385
210,171.25,345,11.75,23,0.53377
210,277.25,379.25,14.5,28.75,0.53337
210,262.75,319.25,13.75,27.5,0.53328
210,388,386.75,14,28,0.53281
210,357.25,300.5,13.5,27,0.53272
210,347.75,395.5,15.5,30.75,0.53264
210,435.5,353.25,14.75,29.5,0.53258
210,155.75,391.5,16.75,33.25,0.53253
210,340.75,265.25,14.5,29.25,0.53234
210,131.75,364.75,16.5,33.25,0.53211
210,404.25,387.25,14.5,28.75,0.53197
210,485,48.5,14.25,28.5,0.53193
210,100,389.75,15.25,31,0.53103
210,261,242.75,15.25,30.75,0.53102
210,362.75,16.5,12,24.25,0.53095
210,60.25,351.25,13.25,26.5,0.53091
210,124.5,89,12,23.5,0.53083
210,158.5,316,14.25,28.75,0.53083
210,333.25,286,14,28,0.53072
210,262.75,332.25,12.75,25.25,0.53056
210,324.25,383.25,15.75,31.75,0.53046
210,301.75,243,14.25,28.5,0.53029
210,469.75,396.25,14,28,0.53016
210,404,402,15.25,30.75,0.53001
240,460,346.25,15.75,31.75,0.59223
240,140.5,364.5,15.25,30.25,0.58333
240,580.75,379.75,14.75,29.5,0.58013
240,389,350.5,13.75,27.25,0.579
240,468.75,348.5,14.5,29,0.57277
240,132.75,360.5,13.75,27.25,0.56822
240,196.75,409,15,29.5,0.5646
240,308.5,354.5,15.75,31.75,0.5633
240,604.25,372.25,15.25,30.25,0.55604
240,124.25,359.75,15,29.75,0.55582
240,508.25,377,15.25,30.5,0.55522
240,404,259,15,30,0.55498
240,518.25,7.5,12.75,25.75,0.55215
240,51.75,259,15.5,30.5,0.55098
240,299.25,239,16.5,33,0.5504
240,301.25,295.25,13.5,26.75,0.55014
240,149.25,314.25,13.5,27.5,0.54969
240,261.5,326,14.5,29.25,0.54884
240,20.5,372,15.25,30.5,0.54877
240,581.5,413.5,13.75,27.75,0.54797
240,20.75,346.75,15,30.25,0.54759
240,36.25,303,13.25,26.5,0.54748
240,61,268.75,15,30.25,0.54744
240,156.5,364.25,15.25,30.25,0.54728
240,347.75,273,15.25,30.5,0.54655
240,148.75,380.5,14.75,30,0.54317
240,100.5,244.75,14.5,28.75,0.54263
240,156.25,311.5,12.5,25,0.54216
240,508.5,352.5,15.5,31.25,0.54183
240,492.5,371.25,15.5,31.25,0.54156
240,404,6.25,13.5,26.75,0.5403
240,348.75,358.5,13.75,27.5,0.54028
240,317.25,371.25,14.25,28.75,0.54009
240,340.25,283,14.75,29.5,0.53993
240,500.5,327.5,13.75,27.75,0.5399
240,60,308,15.25,30.75,0.53975
240,172.25,356.75,14,28,0.53915
240,614.75,333.25,13,26.25,0.53888
240,551,340.75,14,28,0.53883
240,187.75,355,15,30,0.5386
240,516.75,333,14.25,28.25,0.53842
240,141,243.75,15.25,30.5,0.53817
240,212.25,336.5,16,31.75,0.53809
240,53,388,14.5,28.75,0.53787
240,244.75,393,15.25,30.75,0.53744
240,288.75,147.75,20,40.5,0.537
240,589.75,360.75,15.75,31.75,0.53691
240,453.5,347.25,14,28,0.53688
240,571.75,327.5,21.5,42.75,0.53686
240,508.5,329.5,15,30.25,0.53677
240,293,364.75,14,28.25,0.53656
240,476.75,223.5,16.5,33,0.53635
240,291,291,16,32,0.53628
240,204.75,391.5,14.5,29,0.53624
240,86,308.75,13.5,26.75,0.53616
240,108.5,314,14.25,28.25,0.53615
240,123.75,247.25,16.25,32.75,0.53527
240,76.25,273.25,12,24,0.53513
240,125.75,316.5,13.75,27.75,0.5351
240,75.25,254.25,17.5,35.5,0.53495
240,349.75,41,12,24,0.53471
240,132.25,241,14.5,29,0.53471
240,540.25,358.75,12.75,25.75,0.53424
240,459.5,328,16.5,32.75,0.53407
240,375,5.5,13.25,26.75,0.53385
240,276,366.75,17,34,0.53374
240,269,379.5,14,28,0.53319
240,13,388,14.75,29.75,0.53302
240,101,412.75,13.75,27.5,0.53297
240,234.5,211.25,18.5,37,0.5329
240,590.75,306.5,12,23.75,0.53278
240,317,411,14.75,29.75,0.53271
240,204.5,419,15.25,30.5,0.53265
240,476,349.75,13.75,27.75,0.53257
240,564,394.75,15.5,31,0.53256
240,60.5,337.75,14.75,29.25,0.53244
240,582.5,313,17.5,34.75,0.53231
240,341.25,332.75,66.75,133.25,0.53214
240,149,358.75,14,28,0.53205
240,325.25,369,14,28,0.53204
240,380.5,271,16.25,32.5,0.53194
240,229.25,332.25,14.25,28.75,0.53174
240,443.25,347.25,15.5,30.75,0.53167
240,556.75,395.5,14.5,29.25,0.53158
240,475.5,339.75,12.5,25,0.53147
240,396.25,237.75,14.75,29.75,0.53139
240,141.25,269,14.5,29.25,0.53136
240,568.5,305.75,13,26,0.5311
240,362.75,16.5,12,24.25,0.53095
240,161.75,312.75,12,23.75,0.53084
240,65,337.5,63.5,126.5,0.53083
240,564.5,410.5,15,30,0.53082
240,116.25,361.25,15,30,0.53078
240,324.25,303,13.25,26,0.53069
240,574.25,359,12.75,25.25,0.53049
240,316.5,304.25,12.75,26,0.53045
240,398.75,414.75,13.25,26.25,0.53029
240,236.5,238.5,13,25.75,0.53004
240,76.5,352.5,13,25.75,0.53001
270,356,353,15.5,31,0.57605
270,295.75,243.75,13,26,0.57189
270,598,372.75,13.5,27.25,0.56633
270,229.25,364.5,14.25,29,0.55789
270,156.5,357.25,14.25,28.5,0.55678
270,59.75,317.5,17,34.25,0.55225
270,172.5,353.5,15.5,31.25,0.5519
270,364.25,362.75,15.5,31,0.55172
270,460,393,15,30,0.55062
270,125,355.25,15,30,0.55048
270,389.75,341.25,13.75,27.75,0.5501
270,68.25,316.5,15.5,31.25,0.54927
270,525.25,400.75,14.5,29,0.5469
270,501,369.5,13.25,26.75,0.54538
270,429.25,402.25,14.5,29.5,0.54527
270,347.25,316.75,19.25,38.75,0.54521
270,132.75,355.75,14.5,28.75,0.54512
270,221.25,366,14.5,29.25,0.54505
270,412.25,341.25,12.75,25.5,0.5449
270,338,267.75,13.5,27,0.54488
270,430.25,323.5,14.75,29.5,0.54444
270,61.75,29,12.75,25.75,0.54409
270,284.75,313.5,14.5,29,0.54344
270,159,230,14,28.25,0.54333
270,69.25,394.5,14.25,28.5,0.54312
270,268.25,344,12.5,24.5,0.5429
270,308.5,316,16.25,32.25,0.54216
270,577.5,13,64.25,128.75,0.54209
270,260.75,386,14.75,30,0.54182
270,92.75,348.5,15,30,0.54167
270,452.75,380.5,14,28.5,0.54134
270,382.25,342,12.5,25.25,0.54134
270,484.75,207.75,13,25.75,0.54126
270,389,361.75,15.25,30.5,0.54126
270,300.25,380.5,12.5,25,0.54113
270,603.75,335.25,16.25,32.75,0.54077
270,516.5,383.25,14.75,29.75,0.54005
270,533.25,379.75,13.25,26.25,0.54004
270,424.25,335.5,12.75,25.25,0.53996
270,241.25,40.25,21,41.75,0.53982
270,491.25,377.5,15.75,31.5,0.53969
270,172.75,378.5,15.25,30.5,0.53955
270,346.25,263.25,12.75,25.75,0.53944
270,548.25,377.5,15.5,31,0.53902
270,199.25,13.75,20.25,40.75,0.53863
270,156,338,15.5,31.25,0.53853
270,572.5,350.25,14.25,28.5,0.53834
270,436.5,339,15.25,30,0.5382
270,236.25,26.25,14.5,29,0.5381
270,460,364,14.5,29,0.53795
270,280.25,243.75,14.25,28.25,0.53755
270,204,341,15.75,31.25,0.53741
270,515.75,394.25,16,32,0.53734
270,332.25,272.25,12.5,24.5,0.53707
270,173.75,368,14,28.25,0.53696
270,260.25,323,15.75,31.5,0.53695
270,252.5,386.5,15.5,31.25,0.53663
270,21.75,367.5,12.75,25.75,0.5366
270,203.75,253.5,14.75,29.5,0.53647
270,50.75,29,17.5,34.75,0.5363
270,42.5,137,17.75,35.75,0.53628
270,598.5,328,12.5,25,0.53608
270,19.75,382,17.5,34.75,0.53599
270,212.5,350,15.75,31.75,0.53597
270,372.5,257,15.75,31.75,0.53527
270,389.75,415.75,13.5,26.75,0.53519
270,44.25,332,14.75,29.25,0.53517
270,195.5,384.75,14.75,29.5,0.5349
270,173.5,335.75,13.5,27,0.5343
270,356.25,304.5,12.25,24.25,0.53411
270,28,351.25,15.75,31.5,0.53394
270,161.75,362.75,19.5,39.25,0.53382
270,363,16.25,12.25,24.5,0.53381
270,524.25,378.75,14.5,28.75,0.53347
270,477,368,14.75,29.75,0.53341
270,253,344,14.5,29,0.53301
270,116.25,400.75,15.5,31,0.53297
270,485.5,218.25,12.75,25.5,0.53296
270,373.5,354.75,14.25,28.5,0.53285
270,-5.25,152.5,42.25,84.5,0.53281
270,357.75,267.5,14.5,29,0.53278
270,492.25,217.25,13.75,27.5,0.53274
270,468,402,15.5,30.75,0.53264
270,309,344.5,14.75,30,0.53255
270,476,391.5,16.25,32.5,0.53246
270,331.75,262.25,13.75,27.5,0.53225
270,588.25,409.25,15,30,0.53198
270,470.25,11.5,18.5,37.5,0.53178
270,220.25,257,16,31.75,0.53172
270,123.75,365.75,17.25,34.75,0.53165
270,435.5,347.75,17.25,34.25,0.5316
270,452,349.25,15.5,31,0.53155
270,468.75,365,11.5,23,0.53137
270,315.25,244.25,13.75,27.25,0.53123
270,402,249.25,12.25,24.5,0.53105
270,556.5,356,14.75,29.5,0.53091
270,163.75,351,17,34,0.53084
270,125.75,341.25,13.5,27,0.53082
270,148,334,16,31.5,0.5307
270,375.75,343.25,12.75,25.5,0.53069
270,456.5,218.25,12.75,25,0.53066
270,401.5,352,19,37.5,0.53065
270,444.5,348,14.25,28.5,0.5306
270,283,58,15,30,0.53023
300,597.75,398.25,13.75,27.5,0.57324
300,102.75,368.25,12.75,25.5,0.57076
300,294.25,319.25,13.25,26.75,0.56893
300,603.75,383,16.5,33,0.56856
300,509,362.25,14,28,0.56275
300,556.5,371.75,13.5,26.75,0.55962
300,309,259.25,15.75,31.25,0.55906
300,388,397,16.5,33.25,0.5541
300,317.5,386.75,13.5,27.25,0.55376
300,487.5,3.5,13.25,26.25,0.55276
300,500.75,365.75,14.5,28.75,0.55265
300,422.25,345.75,13.25,26.5,0.55003
300,68.75,301.25,14.25,29,0.54908
300,503,3.25,13,26,0.5488
300,141.5,154.25,15.5,30.75,0.54873
300,148.75,347.5,14.5,29.5,0.54731
300,550.75,125.75,13.5,26.75,0.54698
300,167,321.25,15.5,30.75,0.54656
300,317,266.75,15,30,0.5462
300,588.5,256.5,12,24.25,0.54565
300,218.75,359.25,25,50,0.54477
300,612.75,379,14.75,29.5,0.54439
300,476.5,385.5,15.5,31.25,0.54387
300,221,340.75,14.5,29,0.54358
300,77,146,19.75,39.25,0.54357
300,349.75,41,12,24,0.54327
300,21.25,324,14,28.25,0.54326
300,362.5,16,12.25,24.75,0.54325
300,51.5,353.25,15.5,31,0.5431
300,196.5,382.25,15.75,31.5,0.54294
300,278,269.25,13.5,27.25,0.54222
300,280.25,402.75,12,24.25,0.54219
300,348.25,412.75,14.5,29.25,0.54192
300,516.25,362.25,14.75,29.5,0.54078
300,176.25,327.75,12.75,25.5,0.54065
300,133.5,404.5,14.5,28.75,0.53994
300,183.25,328,13,26,0.53969
300,157.75,348,13,26,0.53966
300,413.5,281,12.25,24,0.53942
300,254,259.5,13,26,0.53937
300,250,327.75,19.75,39.25,0.53934
300,429.5,348,12.75,25.25,0.53919
300,299.75,316.75,17,34,0.53871
300,212.75,290.25,15.5,30.75,0.53869
300,108.25,241.75,12.75,25.25,0.53849
300,-4.75,137.5,40.5,80.75,0.538
300,452.5,361.75,15,30,0.53792
300,204.25,315,15.25,30.5,0.5378
300,412.25,381.5,14,27.75,0.53775
300,615.5,49.5,12.25,24.5,0.53697
300,293,391.25,14,28.25,0.53691
300,572,111.5,14.75,30,0.53679
300,196.5,316.75,15,30.25,0.53618
300,332.75,289.75,15.25,30.25,0.53602
300,270.75,397.5,17.5,35.25,0.53578
300,172.5,376.25,12.5,25,0.53568
300,108,133.75,13.75,27.5,0.5355
300,41.25,329.25,61.75,123.5,0.53549
300,283,309.75,13.25,26.75,0.53509
300,131.25,429.25,18.25,36.5,0.53486
300,587.75,409.5,18.25,36,0.53469
300,348.75,332.25,13.25,26.5,0.53459
300,333.25,333.75,13.5,26.75,0.53459
300,97.25,293.75,21.25,42.5,0.53449
300,141.5,330.75,13.25,26.25,0.53449
300,159.75,320,12.5,25,0.53446
300,182.5,238,12,24.25,0.53441
300,549.5,379.5,14.25,28.75,0.53429
300,141.25,405.75,13.75,27.25,0.53424
300,490.75,355.25,18,35.75,0.53407
300,555.25,293.25,14.75,29.5,0.53354
300,93,295.25,13.5,27,0.53347
300,391.75,246.5,13.25,26.5,0.53334
300,100.75,401.75,14.5,29.25,0.53325
300,292.5,261.5,14.5,28.5,0.53306
300,28.5,321.75,15.5,31,0.53303
300,557.5,181.25,15.5,31,0.53301
300,563.75,375,16,32.25,0.53296
300,60.5,315.25,14.75,30,0.53281
300,76.5,299,14.75,30,0.53258
300,396.75,342.75,13,26,0.53257
300,300.75,394.75,14.5,29,0.53253
300,518.25,345.25,12,24.25,0.5325
300,507.75,2.75,13,26.25,0.53249
300,164,377.5,15.5,31.25,0.53247
300,120.5,364.5,11.75,23.75,0.53222
300,157.75,287.5,12.5,25.25,0.5322
300,332.25,384.75,15.75,31.5,0.53214
300,404,279.5,12.25,25,0.53191
300,500,378,15.25,30.25,0.53178
300,533.25,360,13,26,0.53177
300,220.5,314,16,32,0.53171
300,598,374,14.5,29,0.53168
300,371.75,384.75,16.5,33,0.53167
300,436.25,383.75,14.5,28.75,0.53162
300,292.5,89.5,13.5,27.25,0.53141
300,340.75,333.25,14.75,29.5,0.53141
300,278.25,307.75,14.25,28.5,0.53131
300,620.5,50,12,24.25,0.53126
300,298.5,249.25,12,23.75,0.53103
300,607,281.25,12.75,25.5,0.53099
300,548.25,367,14.75,29.5,0.53083
300,146,236,13,26.5,0.53078
300,266.25,375,24.75,49.5,0.53043
300,324.5,395.25,16.25,32.5,0.53003
330,430.5,394.75,13.5,26.75,0.56351
330,476.5,402,12.75,25.5,0.55161
330,237.75,42.75,16,31.75,0.5509
330,324,351,13.25,26.5,0.55039
330,61,167.75,19.25,38.25,0.5502
330,608.25,19.25,21.25,42.75,0.54966
330,60,320.25,12.5,25,0.54597
330,327.5,351.75,13,26.5,0.54595
330,276.5,415.5,12.5,25,0.54524
330,509,377.25,18.25,36.25,0.54377
330,29.5,416.25,13,26.25,0.54346
330,108,375.75,13,26.25,0.54237
330,260.25,382.5,13.5,27,0.54211
330,292.25,416.75,12.5,24.75,0.5418
330,132.5,381,12.75,25,0.54059
330,140.75,282.75,12.5,25,0.54009
330,77.5,348,15,30,0.54008
330,349.5,346.75,14,27.75,0.5396
330,55.5,250.25,13,26,0.53946
330,479,143.5,24.75,49.5,0.53946
330,342,339.25,13.25,26.5,0.53881
330,574.25,383,17.75,35.5,0.53846
330,506.25,222.5,17.5,34.5,0.53801
330,69.25,104.75,12.75,25.25,0.53776
330,244.75,71.75,14,28,0.53713
330,134.75,66.75,11.75,23.5,0.53663
330,152.5,337.75,11.75,23.5,0.53658
330,317.75,357.75,13,26.25,0.53648
330,364.25,267.25,12.25,24.75,0.53563
330,131.25,368.5,17.75,35.75,0.53554
330,472,416,12.25,25,0.53503
330,428.5,131.25,12.5,24.75,0.53491
330,124.5,338,17.5,34.75,0.53462
330,402.5,332,16.75,33.75,0.5338
330,197.75,393,13.25,26.75,0.53378
330,86,109,12.75,25.5,0.53373
330,443.75,398.5,13,26.5,0.53363
330,309.5,356.5,13.25,26.5,0.53301
330,246,305.5,82.75,166,0.533
330,542.5,419.75,25.25,50.75,0.53273
330,92.75,313.25,25.75,51.75,0.53216
330,627.5,101.75,12.5,25,0.53214
330,526.5,423,13.5,27.25,0.53204
330,53,308.5,14.5,28.75,0.53178
330,476,407,13,26.25,0.5317
330,97.25,310.25,40,80.25,0.53146
330,55.75,391.5,12.25,25,0.53115
330,133.75,376.25,29.5,58.75,0.53109
330,626.25,30.5,13.5,27,0.53094
330,488.25,396.25,12,24.25,0.53028
360,493.5,365.5,13.75,27.5,0.58201
360,61.5,324.25,13.75,27.5,0.57799
360,396.75,384.75,14,28,0.57106
360,564.25,377.5,14.75,29.5,0.56553
360,205,388.5,14.5,29,0.55576
360,516.5,392.25,14,28.25,0.55505
360,52.25,298.25,14.75,29.5,0.55504
360,533,420.25,14.75,29.5,0.55262
360,332.5,318.75,15.5,31.5,0.5522
360,460.25,407.75,12.25,24.75,0.55163
360,527,430.75,13.25,26.25,0.55055
360,209.75,166,16.75,33.5,0.55034
360,100.5,235,14.25,28.25,0.54928
360,220,390.25,15.5,31,0.54907
360,245,413,13.75,27.75,0.54887
360,68.5,293,15.75,31.25,0.54786
360,356.5,370.25,14.25,28.5,0.54744
360,120,398.5,12.25,24.25,0.54727
360,445,272.75,14.25,28.25,0.54724
360,28.25,303.5,14.5,29,0.54628
360,325.5,300.25,15.5,30.75,0.54621
360,141.25,377.5,13.75,27.75,0.54555
360,283.75,375.25,12.75,25.25,0.54489
360,509,336.25,13.75,27.5,0.5433
360,525,335.25,16.75,33.25,0.54292
360,37.25,342,13.5,27.5,0.54269
360,399.75,303.25,12.5,25.5,0.54263
360,59.5,415,18.5,36.75,0.54256
360,244,90.75,32,64,0.54218
360,412,381.75,14.25,28.5,0.54217
360,100,318.5,15.5,31.25,0.54201
360,284.5,397,12.75,25.75,0.5417
360,548.5,60.25,43,86.25,0.54142
360,317.25,385,13.75,27.75,0.54106
360,322.25,370.5,12.5,25,0.54095
360,93,316.25,13.75,27.75,0.54088
360,119.75,357.75,13.25,26.5,0.5407
360,84.5,297.25,15.5,31.25,0.5403
360,243.25,396,16,32.25,0.54017
360,486.5,288.5,14.25,28.25,0.5396
360,235.25,321.25,16,32,0.53929
360,564.5,333.75,15,30.25,0.53904
360,461,387,14.25,28.25,0.53902
360,202.75,374,14,28,0.5389
360,331.5,401,14.75,29.75,0.53804
360,155.75,369,14.75,29.75,0.53785
360,549.25,385,13.75,27.25,0.53779
360,326.75,384,13.25,26.25,0.53772
360,451.75,286.75,16,31.5,0.53733
360,76.25,296,16,32,0.53709
360,556.75,320.25,13.75,27.25,0.53703
360,384.25,368.75,12.75,26,0.53671
360,476.75,360.5,13.25,26.75,0.53629
360,21,411.25,15.5,30.75,0.53617
360,108,420.5,14.75,29.75,0.53607
360,277.5,307.5,14.25,28.75,0.53603
360,262.5,320.75,12.5,25.25,0.53533
360,52.5,267.75,15.5,31.5,0.53516
360,133,364,14.25,28.75,0.53491
360,243.5,390.75,14,28,0.5348
360,470.25,300.25,12.75,25.5,0.53458
360,603.75,326.25,14,27.75,0.53431
360,485,349.25,13.5,27,0.5342
360,515.75,387.25,15.75,31.5,0.53406
360,340,398.75,12.25,24.25,0.53399
360,116.25,422.5,15.5,30.75,0.53385
360,122.25,73.25,12,24,0.53372
360,108.25,351.75,12,24.25,0.53362
360,290.75,99.25,14.75,29.5,0.53358
360,246.75,129,13.5,27,0.53322
360,108.5,319.5,13,25.5,0.53315
360,496.25,280.5,12,23.75,0.53296
360,27.25,349.5,16.75,33.25,0.53289
360,523.75,384.5,16.5,33.25,0.53284
360,424.5,367,12.75,25.25,0.53246
360,554.25,14.5,12.75,25.25,0.53226
360,461.25,237,12.5,25.25,0.5321
360,430.25,307.5,14.5,29,0.53207
360,76.5,238.75,16,32,0.53196
360,412.75,402,11.75,23.5,0.53193
360,284.75,289.25,13.25,26,0.53182
360,468.25,336.5,13.5,27.25,0.53181
360,286.5,68,12.75,25.5,0.53167
360,193,375.75,13,26.25,0.53149
360,277,301.25,15.25,30.5,0.53148
360,428.75,317.25,14,28,0.53147
360,44.5,419.75,14.5,29.5,0.53127
360,324.5,316.5,12,24.5,0.53122
360,44,401,15.25,30.25,0.53108
360,284.25,302.5,17,33.75,0.53085
360,366,244.75,12.25,24.5,0.53085
360,317,289.5,15.75,31.25,0.53058
360,275.75,388.75,16.25,32.5,0.53027
360,52.5,323.25,14.75,29.5,0.53026
360,509,392,14,28.25,0.53026
360,452.25,408.25,14,28,0.53016
360,373.5,336.25,13,25.5,0.53003
390,317,400.5,14.25,28.5,0.56554
390,76,393.75,15.25,30.75,0.55719
390,13.25,386,15,30,0.55226
390,246.25,133,13.25,26.5,0.55091
390,54.5,311.25,24.5,49,0.54796
390,61.75,148,27.75,55.5,0.54763
390,84.5,385.25,12.5,24.5,0.54715
390,286,344.75,12.5,24.75,0.5441
390,59,119.5,37,74,0.54346
390,289.5,71.5,13,25.5,0.54225
390,202.25,166.5,20.75,41.5,0.54117
390,270.25,2,11.75,23.5,0.54111
390,236.25,416.5,12,24.25,0.5408
390,412,405.25,13.75,27.25,0.54075
390,487.75,395.75,12.5,25.5,0.53945
390,565,179.25,27.25,54.5,0.5387
390,197,404.75,14,27.75,0.53854
390,229,347.25,14.75,29.25,0.53797
390,348.75,355,11.5,23,0.53769
390,212.5,350.5,15.5,31.5,0.53713
390,214.5,344.75,12.75,25.25,0.53703
390,190.25,404.75,13.75,27.75,0.53624
390,54.75,381.5,12.5,25,0.53619
390,29.25,247,26.75,53.5,0.53566
390,541.5,235,17.25,34.75,0.53484
390,245,353.5,14.5,28.75,0.53402
390,262,344.5,13,26.25,0.53347
390,300.5,344.25,14.25,28.5,0.53306
390,342.5,420.5,12.5,24.75,0.53296
390,438,195.75,17.5,35,0.53242
390,280.5,409.5,11.75,23.5,0.53238
390,555.25,99.25,15.25,30.75,0.53228
390,92.5,373.75,24.25,48.5,0.5321
390,149,416.25,12.5,24.75,0.53172
390,597.75,424,15,30,0.53162
390,45,400.5,12.5,25.25,0.53111
390,291.5,101.75,15,30,0.53066
390,580.25,404.5,12.25,24.5,0.53039
420,516.5,362.25,14.25,28.5,0.55969
420,479,288,12.25,24.75,0.54951
420,524.5,362.25,14.25,28.75,0.54792
420,371.75,405.75,13.75,27.5,0.54706
420,235.25,183.25,15,30,0.54612
420,533.25,361.75,13.75,27.25,0.54502
420,52.5,418.75,14.5,29.25,0.54293
420,246,144.5,12.75,25.25,0.54193
420,542.75,351.75,12.5,25,0.54042
420,183.5,407.75,12.5,25.25,0.5386
420,270,399.25,13,26,0.5383
420,373,319.75,15.75,31.5,0.53801
420,263,398.25,12.75,25.25,0.53768
420,116,336.5,13,26,0.5369
420,379.25,403.25,15.75,31.25,0.5354
420,60.75,405.75,14,28,0.53539
420,372.25,415.5,12.75,25.5,0.53526
420,483.5,288.5,12,24,0.53517
420,556.75,106,15.75,31.5,0.53464
420,462.75,311.5,13.75,27.75,0.53454
420,284.25,398.75,12.75,25.25,0.53398
420,587.5,96.5,23,46,0.53368
420,609.75,12.75,17.75,35.5,0.53336
420,404,93,17.25,34.5,0.53331
420,396.5,285.75,14,27.75,0.53321
420,292,110.25,14,28,0.53312
420,118.25,400,12.75,25.25,0.53306
420,8,382.5,12.5,25,0.53282
420,588.5,438.5,13.75,27.25,0.53252
420,198.25,408.75,12,23.5,0.53222
420,209.25,387,43.25,86,0.53213
420,269.5,7,12.5,25,0.53168
420,482.25,411,17.25,34.5,0.53135
420,101,407,13,26,0.53128
420,518,418.25,14.75,29.75,0.53074
420,84.5,411.25,15.75,31.75,0.53065
420,616.5,41,11.75,23.5,0.53033
450,61,381.75,13.75,28,0.56851
450,38.25,400.75,12.25,24.75,0.56198
450,572.75,421.5,14.25,28.5,0.5539
450,581.25,423.75,14,28.5,0.54895
450,325,404,14.75,29.5,0.54833
450,45.5,132,38.5,77.25,0.54751
450,35.5,383.25,16,32.25,0.54611
450,147.5,328.25,12.25,24.5,0.54564
450,599.75,415.25,12.25,24.5,0.545
450,339.75,399.75,13.5,26.75,0.54498
450,28,379.5,15.75,31.5,0.54495
450,300.25,331.5,13.75,27,0.54133
450,116.25,400.75,16.5,33,0.54021
450,87.5,389,13,26,0.53992
450,598.75,373.5,13,26,0.53933
450,124.75,398.5,14.25,28.75,0.53824
450,350.25,254,13.75,27.25,0.53816
450,390.25,383.75,12.75,25.25,0.5381
450,501,392.5,15.5,31.25,0.53803
450,476.5,399.25,12.75,25.5,0.53731
450,49,164.5,29.25,58.5,0.5369
450,365.5,327.5,13.5,26.75,0.5369
450,132.5,395.25,12.5,25.25,0.53681
450,420.75,420.75,16.75,33.75,0.53642
450,200.25,288.5,12.5,25,0.5362
450,547.5,377.25,17.75,35.5,0.53595
450,436.25,429.75,13.75,27.5,0.53518
450,540,399.5,13,26,0.53514
450,92.75,403.5,13.5,27,0.53491
450,609,11.25,18.75,37.5,0.5346
450,126,396,12.75,26,0.53435
450,551.75,313.5,23.5,46.75,0.53427
450,625,107,16.25,32.5,0.53395
450,485,428.5,13.5,26.75,0.53387
450,339,349.25,18,35.5,0.53374
450,82.5,393.25,12,24,0.5334
450,436,239,13.25,26.5,0.53314
450,20,380.25,14.5,29,0.53302
450,516.5,394.75,14.25,28.75,0.53238
450,230,375.25,14,27.75,0.53235
450,359.25,311,13.5,26.75,0.5319
450,475,206.25,15.5,31,0.53138
450,170.25,58.25,19.5,39,0.53116
450,557.25,111.25,15,29.5,0.53068
450,192,328.5,12.25,24.25,0.5306
450,132.5,414.75,12.75,25.5,0.53037
450,80.75,339.25,14,28,0.53035
450,600.5,30.25,12.5,24.5,0.53031
450,44.25,380.75,13.5,27,0.53021
450,412,378.25,14.25,28.5,0.53007
450,49.75,372,12,24,0.53005
450,483.5,381,12.5,24.5,0.53002
480,507.25,234.25,13.25,26.5,0.56294
480,375.5,368.5,12.75,25.25,0.55368
480,401.5,151.25,15.75,31.5,0.55267
480,411.75,156.75,14,28,0.55219
480,391.5,366,12.75,25.5,0.54914
480,555.5,116.5,14.25,28.5,0.54456
480,501,421.75,14.5,28.75,0.54382
480,461.25,417.5,13.75,27.25,0.54193
480,116,367.5,12.25,24.75,0.54116
480,494,403.75,13,25.75,0.53977
480,405.25,360,13,25.75,0.53963
480,420,380.5,17.5,35,0.53941
480,270.5,193.5,21,42,0.53597
480,441.75,387.75,16.25,32.5,0.53497
480,123,130.5,14.75,29.5,0.5346
480,364,423.75,13,26,0.5343
480,78,338.25,14.75,29.5,0.53374
480,517,367.75,12.5,25.25,0.53363
480,352.25,292.25,13.25,26.5,0.53344
480,387.25,405.5,14.25,28.75,0.53327
480,476.5,390,16.75,33.75,0.53309
480,116,279.5,13.25,26.25,0.53302
480,532.5,120,12.25,24.25,0.53263
480,70.25,276,14,28,0.53246
480,19.75,396.25,12.25,24.5,0.53236
480,516,427,15.75,31.5,0.53229
480,427.75,371.25,14.25,28.75,0.5321
480,-12,146.75,102.25,204.5,0.53136
480,19.25,415,13.25,26.5,0.53122
480,284,292.5,12.25,24.5,0.53097
480,412.25,373.25,14,28,0.53095
480,498.5,178.75,37,73.75,0.53088
480,468.5,394.5,13.75,27.75,0.53079
480,446.5,397.5,23.75,47.75,0.53056
480,403.5,412,13.75,27.25,0.53047
510,404.5,379.75,18.75,37,0.57679
510,125,376.5,14,28.5,0.57029
510,451.75,408.5,15.25,30,0.56645
510,132.25,416.5,15,30,0.55896
510,220.75,381.5,12.75,25.75,0.55098
510,400.75,155.25,14.75,29.5,0.55021
510,405.25,414.25,13.75,27.25,0.54995
510,604.25,370.5,14.25,28.75,0.54874
510,338.75,420.5,12,24.25,0.54721
510,326.5,403.75,13.25,26.5,0.54691
510,436.5,405.25,16,32,0.54685
510,9.75,165.75,25,50,0.54568
510,-2.75,121.5,48.75,97.75,0.54516
510,269.5,119.5,15,30,0.54513
510,343.75,364.5,12.75,25.5,0.54479
510,389.25,149.5,16.75,33.5,0.54432
510,292.5,57,12,24,0.54227
510,135,300.25,12.75,25.5,0.54176
510,88.75,299,11.5,23,0.5415
510,557,372,14.75,29.5,0.54136
510,213.5,404.25,14.25,28.5,0.54119
510,627.25,219.25,13,25.75,0.54074
510,216.25,89.5,13,26,0.54069
510,558,390.25,13.25,26.5,0.5401
510,92.5,375.5,13.25,26.5,0.5399
510,388.75,408.5,12.75,25.75,0.53969
510,140.5,376.5,15.75,31.75,0.53948
510,364.25,414.25,13.75,27.25,0.53806
510,570.75,88.5,32.5,65.25,0.53773
510,11.5,400.25,16,32,0.53763
510,461,409.5,13.75,27.5,0.53743
510,412.25,413.5,14.25,28.5,0.53675
510,260.5,417.25,15,30,0.53528
510,108,378.5,15.75,31.25,0.53521
510,429.25,411.5,12.75,25.5,0.5351
510,299.5,248.5,14.75,29.5,0.53505
510,302.5,371.5,14.25,29,0.53484
510,30.25,381.5,13.5,26.75,0.53445
510,618.75,105.5,22.25,44.25,0.53436
510,11.5,297.5,18.25,36.75,0.53369
510,396.5,402.25,15,30,0.53307
510,548.25,400.5,16,32,0.53287
510,620.25,379.75,12.25,24.5,0.53265
510,459.5,390.25,13,26.25,0.53243
510,372.75,416.25,15,29.75,0.53205
510,589,369.5,15.75,31,0.53202
510,276,403.5,13,26,0.53199
510,149.5,275.75,22.5,45,0.53199
510,139.5,166.75,13.5,27.25,0.53172
510,613,367.25,14,28.25,0.53163
510,94.25,416.25,12.25,24.75,0.53118
510,258.75,214.75,66.5,133.25,0.53066
510,101.25,410.25,13.25,26.25,0.53063
510,546.5,114.75,15.25,30.5,0.53028
510,477.5,397,15.5,31.25,0.53006
540,60.5,404.75,15.25,30.5,0.60146
540,148.5,336.25,15,30.25,0.57135
540,377.75,143.5,17,34.25,0.56749
540,389.25,148.25,14.5,29,0.5628
540,165,347.75,13.75,27.25,0.5596
540,598,38.25,14,27.75,0.55786
540,468.5,453.25,12.5,25,0.5541
540,515.5,380,16.75,33.75,0.55355
540,292.25,426.75,13.5,27.25,0.55344
540,536,107.25,16.25,32.75,0.55122
540,526.5,389.25,13.5,27.25,0.55084
540,614,37.25,13.5,27.5,0.54958
540,596.5,400.5,12.5,25.25,0.5472
540,561.75,79.25,34.25,69,0.54704
540,137,429.75,11.5,23.5,0.54675
540,532.5,451.75,12.25,24.5,0.54583
540,537.25,86.75,36.75,73.5,0.54526
540,262.5,195.75,13.25,26.75,0.54335
540,458.5,190.75,51.25,102.75,0.54283
540,446,195.75,12.25,24.25,0.54044
540,292.5,56.25,12.25,24.25,0.54039
540,164,411.5,15.75,31.5,0.54024
540,80.25,313,12.25,24.25,0.54022
540,140.25,335.5,15.25,30.5,0.53861
540,368,121.25,150.75,301.75,0.53786
540,606.75,39.25,13.25,26.5,0.53732
540,-0.5,101.5,17.25,34.5,0.537
540,597.25,15.75,16.5,33.25,0.53684
540,37.5,399.5,13.5,26.75,0.53675
540,141.75,352.25,13,26,0.53674
540,93,328.75,14.5,29.25,0.53665
540,613.5,312,12.5,25.5,0.53626
540,-3.5,77.25,27.75,55.25,0.53621
540,148.5,319.75,15,30.25,0.53572
540,437.75,60.75,15.25,30.5,0.53532
540,101.25,294.25,13,26.25,0.53487
540,254,161,30.75,61.5,0.53424
540,356.25,412.5,14,28,0.53307
540,515.75,14,18,35.5,0.53191
540,82.75,389,11.5,23,0.53183
540,409.5,139,14.5,28.75,0.53122
540,44.5,307.5,12.75,25.75,0.53111
540,164.75,369.75,14.5,29,0.53087
540,0.25,114.5,16.5,32.75,0.53082
540,582.25,391.75,12.5,25.25,0.53066
540,584.75,185,11.5,23,0.53053
540,130.5,310.5,14,27.75,0.53042
540,85.75,322.75,14,27.75,0.53022
570,212.75,387,15,30,0.58943
570,204.25,383.5,15.5,31.25,0.57042
570,236.25,384.25,15.5,31.5,0.56463
570,220.5,386.5,14.5,29.25,0.55796
570,598,37.25,14.75,29.25,0.55786
570,333.75,388.25,14.25,28,0.55752
570,44.5,372.75,13.75,27.5,0.55583
570,552.25,74.5,34,68,0.55453
570,229,385.25,15.25,30.75,0.5535
570,614,37.25,13.5,27.5,0.54958
570,540.5,421.5,12.5,25,0.54761
570,531.5,82.5,29.75,59.5,0.54741
570,548,414.75,16.5,33.5,0.54705
570,536.25,407.75,12.5,25,0.54679
570,172,385.5,15.5,31,0.54535
570,597.25,15.75,16.5,33.25,0.54466
570,289,385.5,16.75,33.5,0.54235
570,260.25,31.75,16.75,33.5,0.5417
570,421.75,401.75,13.75,27.75,0.54092
570,28.75,381.5,13.75,28,0.54042
570,588.25,439.5,14.75,29.5,0.54014
570,119.75,385.25,13.75,27.5,0.5392
570,523.5,388.75,13.75,27.5,0.53914
570,503,295.75,12.5,24.75,0.53761
570,606.25,38.75,13.75,27.25,0.53732
570,443,287.25,14.25,28.5,0.53717
570,167.75,371,13.25,26.5,0.53682
570,30,421,12.75,25.5,0.53617
570,403.5,55,12.75,25.5,0.53545
570,308.25,379.5,12.75,25.5,0.53537
570,178,67.25,17,34,0.53507
570,172.75,369,15,30,0.53504
570,7.25,399.5,12.5,25.25,0.53437
570,539.25,285.75,15.5,30.5,0.53418
570,187.25,369.5,17.25,34,0.53407
570,405.5,360,13.75,27.25,0.53328
570,20.75,373.5,14.25,28.25,0.53306
570,490.25,336,18.75,37.5,0.53302
570,460.75,335,18.75,37.75,0.53296
570,563.75,441.75,15.25,30,0.53287
570,572.75,447,14.25,28.75,0.53259
570,200.75,49,11.5,23,0.5324
570,552.5,414.5,17.5,34.75,0.5311
570,535.75,252.25,29.25,58.75,0.53104
570,233.5,88.25,18.75,37.75,0.53062
570,432,292.25,14.5,29,0.53061
570,525.75,399.25,14.75,29.25,0.53005
570,44.5,363.25,13.25,26.25,0.53001
600,597.75,37.5,14.5,29,0.55786
600,234.25,14.75,14.25,28.75,0.55459
600,215.25,73.5,14.5,29.5,0.55108
600,540,65.75,34.5,69,0.54655
600,468.75,375,13.25,26.25,0.54279
600,512.75,55,19.5,38.75,0.54263
600,243,433,17,33.75,0.54253
600,536,371.75,13.25,26.25,0.54189
600,107.75,340.25,30.5,61,0.54174
600,582,40.75,13,26,0.54032
600,612,167,30.25,60.75,0.53838
600,279,430.5,12.75,25.5,0.53783
600,132.5,443,13.25,26.25,0.53635
600,72,409.25,12.25,24.75,0.53612
600,354.25,128.5,42,84.25,0.53552
600,469.5,72,34.25,69,0.53524
600,262.25,385.25,13.5,26.75,0.53513
600,260.75,32.5,16,32.5,0.53439
600,120.5,364.75,21,42.25,0.53394
600,485.5,110.75,17,34,0.53343
600,246,45,13,26,0.53342
600,606.5,39.5,13.25,26.25,0.53339
600,517.5,71,35.75,71.5,0.53306
600,125.75,445.25,13,26,0.53279
600,290,393.25,12.5,24.75,0.53176
600,616.5,203.75,24.5,49,0.53109
600,355.75,368.75,15,30,0.53081
600,218.25,14.75,13.25,26,0.53028
630,516.25,419,14.75,29.5,0.56109
630,530,63.25,34.25,68.5,0.56056
630,211.75,441,16.5,33,0.54953
630,533.25,397.75,13.75,27.5,0.54445
630,188.75,428.25,13.5,27,0.54327
630,396,410.75,15.75,31.5,0.54049
630,505.5,68,33.75,68,0.53911
630,493.5,401.5,14.25,28.5,0.53888
630,172.25,422.5,12.5,24.75,0.53859
630,119.75,391.75,12.75,25.75,0.538
630,381,414.75,14.75,29.5,0.53717
630,24.5,52.75,18.5,36.75,0.53698
630,428,392,12.75,25.5,0.53645
630,498.75,52.5,21,42.25,0.53527
630,205.5,116,13.5,27.25,0.53525
630,543.25,360.5,13.75,27.5,0.53514
630,485,398.75,14.75,30,0.5348
630,76,401,12.5,25.25,0.53466
630,196.25,76.5,14.5,28.75,0.53455
630,87,410,14.25,28.5,0.53446
630,504,351.25,13.75,27.75,0.53376
630,508.5,404,14.75,29.25,0.53372
630,297,416.25,20,40.25,0.53354
630,227.25,412.75,12,24.25,0.53354
630,429.75,370.25,15.25,30.5,0.53319
630,419.25,336,69.5,138.75,0.53312
630,461.25,377.5,13.75,27.5,0.53304
630,240,108.5,11.75,23.5,0.53174
630,364.75,384.5,13,26,0.53167
630,557.5,395.75,14.25,28.25,0.53161
630,328.75,115,20.25,40.25,0.53141
630,506.75,432.75,20.25,40.25,0.53135
660,524,66.25,35,69.75,0.54785
660,496.75,94.25,16.75,33.75,0.54633
660,499.75,72.5,33.75,67.5,0.54137
660,541.5,444,14,28,0.54119
660,139.75,430.5,13.25,26.5,0.54104
660,247,232.25,13.25,26.5,0.53999
660,183.25,413.5,30.25,60.25,0.53948
660,195,118.25,14.5,28.75,0.53819
660,489.75,54.5,20,40.25,0.53634
660,187.75,224,14.25,28.75,0.53495
660,258.25,66.25,80.5,161.25,0.53483
660,286.25,144.5,11.75,23.5,0.53455
660,143.75,431.25,12.75,25.75,0.5344
660,580.25,448.5,13.5,26.75,0.53431
660,-4.75,178.25,38.75,77.5,0.53342
660,363,319.5,14,28.25,0.53238
660,485.75,236.25,12,24,0.5315
660,408,205.25,17,34,0.53149
660,0.5,94,12,24,0.53124
660,259,424,16.25,32.5,0.53113
660,202.25,119.5,41.5,83.5,0.53047
660,431.75,340.75,41.75,83.25,0.53029
690,518.25,69.75,36.75,73.75,0.55489
690,-1.25,177.75,12.5,25.25,0.54568
690,573.75,440.5,16,31.75,0.54484
690,200,34,13.25,26.75,0.54001
690,490.75,395.25,39.25,78.75,0.53988
690,486.75,59.5,20.75,41.25,0.53738
690,220.25,108.75,12.75,25.75,0.53591
690,180.5,80.5,17.25,34.75,0.53555
690,208,387.75,31.75,63.5,0.53488
690,188.5,447.25,13,26.25,0.53482
690,197,122,39.25,78.5,0.53415
690,504.75,421.5,18.25,36.5,0.53253
690,402,417.5,12.75,25.25,0.53222
690,358.5,49.75,14.5,29.5,0.53116
690,514.5,406.5,33,66.25,0.53047
720,227.5,7.75,14,28,0.5578
720,260.75,11,15.25,30.25,0.55548
720,565.25,435.25,17.75,35.75,0.54554
720,497.25,73.25,37,73.75,0.53996
720,473,81.25,35.75,71.5,0.53954
720,-1.25,181.25,15.5,30.75,0.53701
720,261,3.25,14.75,29.5,0.53677
720,445.25,83.5,15,29.5,0.53529
720,507.75,439.75,17,34.25,0.53495
720,219.5,7,20.75,41.25,0.53479
720,579.25,428,14.75,29.5,0.53416
720,473,68.5,11.75,23.75,0.53355
720,515.5,438,17,34,0.5335
720,224.5,68.75,87,174,0.5333
720,403,429.25,16.75,33.75,0.53148
720,548.75,60.5,11.75,23.5,0.53129
720,35.25,139.5,14,28,0.53117
720,44.5,443.25,13.5,26.5,0.53099
720,250.5,6,17,33.5,0.53026
750,227.75,448.5,12.5,24.75,0.54561
750,439,75.75,38,75.75,0.54473
750,328,328.5,12.25,24.25,0.54444
750,105.5,16.75,14,27.75,0.54283
750,416.25,80.5,36.25,72.25,0.54254
750,137.5,441.25,18.75,37.25,0.5394
750,116.5,28.25,14.5,29.25,0.53915
750,205,8,14.25,28.25,0.53785
750,185.75,216.75,13,26.25,0.53607
750,486,196.75,15.25,30.5,0.53308
750,183.5,6,12.75,25.75,0.53295
750,625.25,114.25,15.75,31.5,0.53292
750,68.75,409,11.75,23.25,0.53266
750,592.75,131.25,12,24,0.53199
750,502.5,200.75,12,23.5,0.53117
750,160,28,12.5,24.75,0.53112
750,97,18,16,31.5,0.53111
750,199.75,4.5,12.5,24.75,0.53107
750,546.75,255,12.5,24.75,0.531
750,172.25,431.25,13.5,27,0.53087
750,324,20.25,17,33.75,0.53027
780,460.75,298.75,14.25,28.5,0.56083
780,468,297,15,30,0.55884
780,283.5,84,37.75,75.75,0.54985
780,582.25,76.25,12.5,25.25,0.54527
780,293.5,13.25,15.75,31.25,0.5442
780,284.5,12.5,17,34,0.54358
780,453.25,298,14.25,28.5,0.5427
780,238,38.25,13.5,26.75,0.5418
780,256.25,113.5,17.5,34.75,0.54064
780,429.25,285.5,14.75,29.75,0.54004
780,156.5,443.75,14.75,29.5,0.5394
780,348.25,37.5,14.5,28.5,0.53938
780,224.5,97.5,26.5,53,0.53815
780,429.5,317.25,13.25,27,0.53739
780,389.5,296.25,14.5,29,0.53705
780,348.25,17.75,15.25,30.5,0.53692
780,490.75,322.25,18.5,36.75,0.53639
780,21.5,347.5,14,28.5,0.53575
780,340.75,63,17,33.75,0.53509
780,193.5,392.75,12.25,24.75,0.53444
780,210.5,332.25,12.25,24.75,0.53419
780,140.25,442.5,12,23.75,0.53282
780,451.75,283,15.5,31.5,0.53174
780,381.25,305.75,15.25,30.5,0.53149
780,412.25,295.75,16,31.75,0.5313
780,620.5,300.75,11.75,23.75,0.53129
780,606,337.5,12.5,24.75,0.53118
780,28.5,345.25,12.25,24,0.53116
780,222.25,31.75,16.5,33,0.53108
780,259,90.75,38.5,77.25,0.53061
810,117.5,406.75,13.75,27.5,0.57049
810,60.25,394,15.25,30.25,0.56968
810,127,399,13.5,26.75,0.56639
810,20.75,373.25,14,28.25,0.56578
810,45,401,12.25,24.25,0.55656
810,417,171.75,13.25,26.25,0.55346
810,220.75,394.5,13.75,27.75,0.54769
810,204,371,13.25,27,0.54705
810,145,447.75,12.75,25.25,0.54629
810,614,407.25,12.75,25.5,0.54551
810,582,170.75,13.25,26.5,0.545
810,151,404.5,14,28.25,0.54234
810,35.75,58.25,15.5,30.75,0.542
810,157.75,448,12.75,25.5,0.54161
810,28,364.5,16,32,0.54138
810,389.25,24.75,12,24.25,0.54079
810,332.25,415.5,12.25,24.25,0.54066
810,332.5,395.75,15.75,32,0.54011
810,413.75,43,13,26,0.54005
810,291.75,399.75,13.75,27.5,0.53939
810,616.75,9,11.5,23,0.53734
810,310,388.5,14,28,0.53667
810,474.5,24.5,12.25,24.5,0.53661
810,102.5,366.5,14.5,28.75,0.53653
810,336.25,125.25,13.75,27.5,0.53599
810,252.5,399.75,16,31.5,0.53594
810,243.75,358.5,13,26.25,0.53578
810,507,24.75,12,24,0.53561
810,339.75,125,12.5,25.25,0.53522
810,76.25,413.75,12,24.25,0.53495
810,35.5,383.5,16.5,33.25,0.53441
810,444,24.75,11.75,23.5,0.53432
810,588.75,414.25,13.25,26.75,0.53429
810,405.5,179.5,16.5,33.25,0.53423
810,317.75,406.75,13.25,26,0.53417
810,211.25,372,15.5,31,0.53357
810,203.5,35,13,26.5,0.53296
810,485.75,25,12,24.25,0.53274
810,72.25,68.5,16.25,32.25,0.53265
810,35.5,32.75,13.25,26.75,0.53212
810,332.5,390.25,15,30,0.532
810,60.25,376.5,12.5,24.75,0.53187
810,272.25,396.5,11.75,23.5,0.53134
810,264.75,319.25,20,39.5,0.53123
810,522,423.5,12.75,25.25,0.53113
810,93,3.75,14.25,28.5,0.53099
810,491,424.25,15.5,30.75,0.53088
810,256.5,321.25,11.75,23.5,0.53081
810,628.75,165,11.5,23,0.53078
840,467.5,384.5,16,32.25,0.57457
840,204.5,388.75,15.25,30.5,0.57005
840,59.75,13.5,15,30,0.56672
840,580,348.25,14,28,0.56469
840,244,376.75,16.25,32.25,0.56348
840,429,413.25,14,28,0.56034
840,228,383,16.5,33,0.55617
840,546.75,396.25,17.75,35.5,0.55528
840,213.75,377.75,13.75,27.75,0.55444
840,-0.5,116.75,23.25,46.5,0.55318
840,420.75,411.25,14.75,29.5,0.55267
840,276.75,376.5,12.75,25.5,0.55187
840,139.5,395.75,16.75,33.5,0.55023
840,261.75,382.25,13.75,27.25,0.54983
840,492.75,361.75,15.25,30.75,0.54885
840,84.5,19.75,15,30,0.54801
840,478.5,365.5,14,28,0.54791
840,598,342,13.75,27.5,0.54619
840,245,393.5,15.5,31.25,0.5457
840,192,25,12.25,24.75,0.54501
840,220.25,384.25,17,34.25,0.54467
840,404.25,414.25,13.75,27.25,0.54446
840,463.25,375,13.25,26.5,0.54433
840,486.75,359.25,13,26.25,0.54414
840,175.25,382.5,14.5,29,0.5439
840,487.5,344,13,26.25,0.54366
840,348,390.25,14.25,28.25,0.54329
840,379.75,400.5,16.5,32.75,0.54325
840,348.75,371.5,13,26,0.54209
840,284.75,174,15.75,31.25,0.54171
840,365.5,410.75,14.5,28.75,0.54156
840,447.5,404.25,14.25,28.5,0.54125
840,35,12.25,18.5,37.25,0.54125
840,500.5,366.75,13.5,27.25,0.5412
840,535.75,388.75,13,25.75,0.54079
840,69.75,399.75,12.5,25,0.54049
840,364.5,381.75,16.25,32.75,0.5399
840,293.25,380,14.25,28.5,0.53964
840,401.25,23.5,36.25,72.5,0.53948
840,595.75,435,15.25,30.5,0.53877
840,397.75,404.25,13.25,26,0.53825
840,508.5,355,15,29.5,0.53772
840,560.75,383.75,12,24.25,0.53744
840,268.75,380.25,14,28.25,0.53743
840,604,342,15,30,0.53725
840,183.25,384.25,12.75,25.25,0.5369
840,307,383.75,15,30,0.53678
840,75.5,15.5,14,27.75,0.53649
840,531.75,400.25,12.25,24.5,0.53631
840,214.5,17.75,16.25,32.75,0.53593
840,174.75,17,15,30.25,0.53587
840,207,16.75,16.25,32.25,0.53572
840,446,379,15.75,31.5,0.53565
840,610.25,83,15.5,31,0.53553
840,212.25,388,15.5,30.5,0.53549
840,285.25,379.5,13.75,27.75,0.53541
840,596.25,348.25,14,28,0.53533
840,356.25,317,14,28.5,0.53505
840,46,11,17.5,35.25,0.5348
840,197,385.25,15,30,0.53469
840,564.25,393.25,15.5,30.75,0.53386
840,172.25,375.75,13.25,26.25,0.53346
840,451.25,405.75,13.5,26.75,0.5334
840,310,363.5,13.25,26.75,0.53339
840,442.75,401.5,15.25,30.75,0.53322
840,123.75,390.5,13.25,26.5,0.53279
840,420.5,381,12.75,25.25,0.53271
840,301.5,385.25,13.5,26.75,0.53244
840,221.75,17,16.5,33,0.53233
840,300.5,362.25,14,28.25,0.5315
840,214.25,355.75,13,26.25,0.53129
840,620.25,196.25,12.75,25,0.53092
840,251,377.75,23.5,47.25,0.53063
840,392,365.25,13.75,27.25,0.53003
870,610.25,418.75,15.25,30,0.55123
870,442.75,34.25,15.25,30,0.54866
870,40.25,428.5,12.25,24.5,0.54795
870,181.5,11.75,35.25,70.75,0.54717
870,448.25,408.25,12,24,0.54335
870,220.75,411.25,13.25,26.75,0.5404
870,572.25,403.75,15.25,30.5,0.54017
870,561.75,53.75,15.25,30.75,0.53916
870,238.25,440.75,12.25,24.5,0.53829
870,524.5,389,14.25,28.25,0.53788
870,205.75,41,20.75,41.25,0.53766
870,-0.75,41,14,28,0.53521
870,333,378.5,15.5,30.75,0.53516
870,28.75,291.75,12.75,25.5,0.53388
870,533.25,416.75,16,32.25,0.53358
870,612.25,437.5,13.75,27.25,0.53249
870,405.5,345.5,13.25,26.25,0.53171
870,375,259.5,52,104,0.53132
870,309.5,408.5,14,28.25,0.53132
870,515.75,392.75,16.75,33,0.53127
870,187,53,16.5,32.75,0.53117
870,164.75,388.25,14.5,29,0.53086
870,148.75,418.75,15,30,0.53053
870,172.75,387,15.5,31,0.53023
900,318.25,24.75,12,23.75,0.56283
900,140,19.75,21.75,43.5,0.55964
900,424.75,5,24.5,48.75,0.54411
900,349,45,11.75,23.5,0.54284
900,477.25,413,12.75,25.75,0.53869
900,156,20,19.25,38.5,0.53782
900,22.25,429.25,11.75,23.5,0.53732
900,557.5,412.25,13.5,27,0.53698
900,43,177.5,13.5,27,0.53599
900,427.75,282.75,47.25,94.5,0.53485
900,502.5,346.25,13,26.5,0.534
900,536,375.5,12.75,25.25,0.53308
900,603.75,340.25,13.75,27.5,0.53212
900,146.25,77.5,13.25,26.5,0.53084
900,218,360,30.5,61.25,0.53063
930,413,133.5,12.5,25.25,0.54517
930,228,387,14.25,28.25,0.54272
930,347.75,365.5,15.5,30.5,0.54196
930,284.5,292.25,14.5,28.75,0.54036
930,54,411.75,14.25,28.5,0.53888
930,403.25,122.5,16.75,33.75,0.53874
930,120.25,198.25,12,24.25,0.53807
930,217,112,12.25,24.25,0.53695
930,456.25,330.5,12,23.75,0.53603
930,336.25,400.75,12.25,24.25,0.53474
930,239.25,368,12,24.25,0.53233
930,262.75,409.25,12.25,24.5,0.53137
930,256.25,409,12.25,24.75,0.531
930,501.75,55,89.5,178.5,0.53092
930,342,386.5,12.25,24.5,0.53076
930,462.75,192,11.75,23.5,0.53045
930,604,284.75,11.75,23.5,0.5303
930,322.5,322,15.5,30.75,0.53019
960,380.25,298.25,16.5,32.75,0.55062
960,445.5,398.5,13.25,26.5,0.54497
960,591.5,66.25,13,26.25,0.54475
960,269,293.5,13.75,28,0.54467
960,226,359.5,12.75,25.5,0.5438
960,335.25,263.5,12.75,25.25,0.54319
960,333,282,14.25,28.75,0.54294
960,53.25,395.25,14.75,29.5,0.54257
960,348,292.25,14.25,28.75,0.54202
960,508,395,15.25,30.75,0.54147
960,612.5,336,14,28.5,0.54101
960,342.25,292.5,14.5,28.5,0.54039
960,468.25,338.75,12.75,25.5,0.53751
960,206.25,378.5,14,28.25,0.53706
960,106,328.25,16.25,32.5,0.53657
960,548,386.25,15.25,30.5,0.53651
960,556,316.5,14.5,29.25,0.53646
960,308.5,333.25,16,31.75,0.53614
960,333.25,404,14.5,29.5,0.53366
960,500.75,411.75,13.75,27.5,0.53345
960,571.75,379.5,16.5,33,0.53338
960,11,82.5,31,62,0.53332
960,22.25,259,13.25,26.5,0.53275
960,350.25,186.75,13,26.25,0.53272
960,86,400.5,13.75,28,0.53236
960,83.25,250.25,12.75,25.75,0.53216
960,516.5,390.25,13.5,27,0.53148
960,540.25,386.75,14.75,29.5,0.53114
960,452.75,397.5,14,28,0.53099
960,510.25,268.25,12.5,24.75,0.53056
960,125.75,135.25,24,48,0.53035
960,205.25,392,14.75,29.25,0.53032
990,476,412.25,14.25,28,0.55834
990,205,357.5,14.25,28.25,0.55464
990,300.75,408.75,12,24.25,0.55295
990,588,409,15.75,31.75,0.5526
990,572,322.75,12.75,25.5,0.55134
990,229,256,15,30.25,0.54618
990,83.75,361.75,14.75,30,0.54399
990,409.75,60.75,21.25,42.25,0.54392
990,556,321,15.75,31.25,0.54238
990,187.5,390.75,17,34,0.54232
990,220.25,27.25,13,25.75,0.54158
990,501.5,250.25,13.5,27,0.54134
990,292.25,342.75,14.25,28.75,0.54093
990,251.5,356.5,17.25,34.25,0.53971
990,158.25,168.25,12.25,24.25,0.53943
990,452.5,306.5,15.25,30.5,0.53918
990,548.25,374.5,15.5,30.75,0.5387
990,78,377,12.25,24.75,0.53869
990,148,411,15.75,31.75,0.53858
990,140,401.25,16,32.25,0.53822
990,501,382.75,13.75,27.25,0.53798
990,28.5,239.5,14.75,29.25,0.53794
990,413.75,391,15,30.25,0.53757
990,381.5,418,14,28,0.53709
990,205.75,391,13.25,26.5,0.53648
990,596,386.5,14.5,28.75,0.53601
990,300.25,70,12.75,25.5,0.5357
990,516.5,253.25,13.75,27.75,0.53569
990,566.75,83.25,42.5,85.25,0.53527
990,309,235,15.25,30.75,0.53514
990,611.75,7.75,31.25,62.5,0.53501
990,356.75,75,11.5,23,0.5349
990,131.25,390.25,17,33.75,0.53478
990,212.75,363.5,15,29.5,0.5347
990,533.75,374,13,26.5,0.53389
990,220.5,350.5,13.25,26.75,0.53374
990,406.75,405.75,13.75,27.25,0.53373
990,451.25,399.75,16.75,33.25,0.53369
990,172.5,354,15,30.25,0.53352
990,300.25,327.5,13,26,0.53348
990,603.75,370.75,15,29.75,0.53304
990,365.75,268.75,14.25,28.75,0.53289
990,307.5,352,17.25,34.25,0.53258
990,560.5,238.5,12,24.25,0.53231
990,620.25,26.5,20,40.25,0.53226
990,293.25,374.25,13.25,26.25,0.53222
990,170.5,183.5,24.75,49.75,0.53218
990,196.75,377.75,15.5,31,0.53208
990,221.5,416.75,25,50,0.53189
990,258.5,344.25,12.5,25,0.53155
990,51.5,271,16.25,33,0.5313
990,45.25,256.25,13.25,26.25,0.53101
990,244,244.5,15.75,31.5,0.531
990,245.75,175.25,12.25,24.75,0.5308
990,174.5,21.75,13,26.25,0.53075
990,53.25,408.75,13.5,27,0.53033
1020,261.25,379.25,14.25,28.5,0.56598
1020,142,400.5,13.75,27.75,0.56476
1020,204.5,293,14,27.75,0.55856
1020,243,390.25,17.5,35,0.55366
1020,44.25,259.25,14,28,0.55273
1020,368.75,11.25,60,119.75,0.55253
1020,284.5,345.75,15.5,31,0.55152
1020,197.5,391.5,13,25.5,0.55116
1020,504,31.75,41.25,82.25,0.54849
1020,435.25,337.75,16,31.75,0.54726
1020,64.5,380.75,12.5,25,0.54719
1020,532.5,430,16.5,33.25,0.54677
1020,123.25,392.5,15.5,31,0.54668
1020,51.25,33.75,14.5,28.75,0.54595
1020,324.75,361.5,15,30,0.54575
1020,277,384,12.5,25,0.54534
1020,44.5,15.5,13,26,0.54416
1020,244.75,363,15.25,30.5,0.54391
1020,212,378.75,16.5,32.75,0.54344
1020,301.5,394,15.5,31,0.54219
1020,75,33.75,15.25,30.75,0.54182
1020,516,233.25,15.25,30.5,0.54162
1020,340.5,311.75,12.25,24.75,0.54141
1020,402.5,347.25,17.5,35,0.54103
1020,61,386.5,15,30,0.54085
1020,380.5,412.5,14.5,29,0.54062
1020,292.25,49.75,15,30,0.54044
1020,411.75,367.75,15.25,30.25,0.54023
1020,293.75,415.5,12.75,25.25,0.53943
1020,434.75,38.5,15.5,30.5,0.53917
1020,117,234.5,14.5,29.25,0.5377
1020,36,238.25,16.5,33.25,0.5376
1020,300.75,411,15,30,0.53757
1020,204.5,330,15.25,30.25,0.5372
1020,135,383.5,12.5,25.25,0.53712
1020,284,338,15.75,31.5,0.53671
1020,245,251.25,14.75,29.5,0.5367
1020,218.75,305.5,12.5,24.75,0.53669
1020,60.75,396,14.5,29.25,0.53648
1020,157.25,389.25,13.75,27.25,0.53635
1020,108.25,403,14.75,29.75,0.53614
1020,0.5,359.75,12.25,24.25,0.53592
1020,171.5,148.75,18,36.25,0.5359
1020,320.25,181.25,12.25,24.5,0.53557
1020,188.75,400.5,15.5,30.75,0.53543
1020,227.5,340.25,17.25,34.5,0.53486
1020,392.75,61,11.5,23,0.53437
1020,38.25,402.25,12.5,24.75,0.53436
1020,262.5,413,13.25,26.75,0.53427
1020,620.5,272.5,12,24,0.53402
1020,111,390.25,13.75,27.5,0.53401
1020,371.75,400.75,15.25,30.75,0.534
1020,130,110.25,24,48,0.53388
1020,37,379.75,14.25,28.25,0.53387
1020,14,45.25,14.25,28.25,0.53379
1020,470.25,285.75,13.25,26.5,0.53375
1020,506.75,382.5,17.75,35,0.53347
1020,28.25,222.75,14.75,29.25,0.53307
1020,204,379.5,16.25,32.25,0.53287
1020,43.75,52.25,16,31.75,0.53265
1020,116.25,394.25,15.5,30.75,0.53255
1020,60.5,234.75,14.5,29.25,0.53246
1020,613,301.5,14,27.75,0.53236
1020,324,257.75,12,24.25,0.53232
1020,44.5,280.25,12.5,25,0.53223
1020,469.75,389.5,13.75,27.25,0.53201
1020,284.75,51.25,14.75,29.75,0.53193
1020,60.75,260.25,14.25,28.25,0.53149
1020,516.5,16.5,14.75,29.5,0.53146
1020,443.75,274.25,12.5,25.25,0.53134
1020,70.25,370.75,15,30.25,0.53131
1020,236.25,392,12.75,25.5,0.53124
1020,324.25,409.75,16.25,32.5,0.53115
1020,437.75,398.5,13,26.25,0.5311
1020,268.25,46.5,16.25,32,0.53101
1020,357.5,329.25,15,30,0.53098
1020,503.5,90.75,13,26,0.53054
1020,59.25,154.5,18.75,37.5,0.53054
1020,492,176,12.75,25.5,0.53044
1020,478.25,177.25,13.25,26.5,0.53031
1020,30.5,127.25,13.25,26.75,0.53019
1020,348.25,62.5,14.5,29.5,0.53008
1050,421,288.75,14.5,29,0.57118
1050,485.75,346.5,15.25,30.5,0.57013
1050,364.25,279.5,13.25,26.5,0.56852
1050,213.25,289.75,14.25,28.5,0.56807
1050,500.75,363.5,15,30,0.56461
1050,253.25,377.5,15,30,0.56271
1050,380.75,293,15.5,31,0.56222
1050,229.25,385.5,15,30.25,0.5596
1050,299.75,353.5,16.75,33.5,0.55865
1050,308.75,393.5,15.5,30.75,0.55865
1050,396.5,392.5,16,32,0.55847
1050,220.5,291.25,15.5,31,0.55811
1050,411.75,290,15.5,31.25,0.55615
1050,572.5,316,14.5,29.25,0.55563
1050,204.75,289.5,15,30.25,0.55535
1050,181.75,405,14.5,28.5,0.55482
1050,204.25,384.5,15.75,31.75,0.55418
1050,214,385,12.75,25.5,0.55368
1050,243.25,295.75,16.5,33.25,0.55286
1050,405.75,393.25,13.25,26.5,0.55268
1050,52,379.5,15.5,31.25,0.55244
1050,220,343,16.5,33,0.55211
1050,259.5,375.25,16.5,33,0.55192
1050,228.75,371.25,15,30,0.55117
1050,406.5,278.5,13.25,26.75,0.55104
1050,236,293,14,28,0.54971
1050,412,385,15,29.75,0.54941
1050,459.75,369.5,15.75,31.5,0.54907
1050,413.25,401.25,14.5,29.25,0.54893
1050,420.25,338,16.25,32.5,0.54883
1050,373,308.5,14.25,28.5,0.54868
1050,310.75,280.5,13,26.25,0.54792
1050,435,316,18.5,37,0.54694
1050,165.75,11.25,13,25.75,0.54687
1050,260.5,295.75,12.5,25.25,0.54679
1050,348.75,282.25,14,28.25,0.54587
1050,18.75,269.75,18.25,36.25,0.54442
1050,356.25,283,15,29.75,0.54342
1050,380.25,286,14.75,29.75,0.54297
1050,52.25,252,15,30,0.54291
1050,389,385.5,14.75,29.5,0.54287
1050,524.5,400.25,15.25,30.75,0.54287
1050,341.5,383.5,13.5,27,0.54255
1050,261,394.75,15.25,30.25,0.54244
1050,243.25,305.75,16.5,33.5,0.54141
1050,371.25,288.25,17.25,34.5,0.54076
1050,445,394.75,15,30,0.54066
1050,468,304.25,16.5,32.75,0.54064
1050,347,391.25,17.5,35,0.54001
1050,357.25,409.75,14.25,28.75,0.53978
1050,381,385.75,15.75,31,0.53945
1050,116.75,256,14.25,28.5,0.53944
1050,347.75,303,16.25,32.5,0.53904
1050,278.25,83.5,14.75,29.75,0.53888
1050,284.5,410.75,15,29.75,0.53837
1050,420.75,260,14.5,29,0.53821
1050,36.75,11.75,14.5,29.25,0.53816
1050,37,380.25,14.25,28.5,0.53809
1050,421,397.5,15.25,31,0.53795
1050,460.5,300.25,13.25,26.5,0.53769
1050,148,336.75,16.75,33.5,0.53704
1050,300.25,391.25,15.5,31,0.53686
1050,373.25,363.5,14.25,28.5,0.53685
1050,268.5,286,15,30,0.5367
1050,148.5,330.25,15.25,30.5,0.53663
1050,44.75,384.75,13.75,27,0.53643
1050,356.75,391.75,16,32,0.5364
1050,101.25,326,13.5,27.25,0.53628
1050,584.5,29.5,12.25,24.25,0.53616
1050,287.75,239.5,12.75,25.5,0.53605
1050,229,290.25,16,31.75,0.53587
1050,580.75,414,13.25,26.75,0.53554
1050,405.5,270.25,14.25,28.5,0.53521
1050,-1.5,150.75,13,26.25,0.53514
1050,388.75,284.75,15.25,30.75,0.53451
1050,196.75,322.75,15,29.75,0.53449
1050,21.25,387,14.5,28.75,0.53437
1050,611.75,302.5,16.75,33.5,0.53424
1050,284.25,282.5,14.75,29.5,0.53414
1050,308,369,17.25,34.5,0.5341
1050,379,320,16.25,32,0.53406
1050,300,272.25,13,26,0.53401
1050,61.25,248.25,13,26.25,0.53379
1050,115.75,364.25,17.5,35,0.53373
1050,253.25,291.5,14.75,29.25,0.53339
1050,220.25,425.25,15.75,31.5,0.53329
1050,573.5,414.25,13.25,26.5,0.5332
1050,540.25,267,13.75,27.5,0.53311
1050,-1.5,14.25,15.5,31,0.53302
1050,199.5,320.25,13,25.75,0.53301
1050,148.5,372,14.75,29.25,0.53299
1050,22.5,23.25,12.75,25.5,0.53296
1050,332.75,280,14.5,28.75,0.5329
1050,301,230.25,13.5,27.25,0.53285
1050,364.75,403.75,15.25,30.75,0.53275
1050,572.75,353,11.5,23,0.53272
1050,140.75,385.75,15.5,30.5,0.53253
1050,396.75,281,14.75,29.5,0.53252
1050,59.75,63.75,17,33.75,0.5324
1050,22,408.25,12.5,25,0.53233
1050,92.5,268.25,17.75,35.5,0.53221
1050,221.75,169.5,17.5,34.75,0.53205
1050,221,246.75,13.25,27,0.53181
1050,389,410.5,15,30,0.53172
1050,99.5,109.75,17,34,0.53163
1050,51.5,400.75,16.5,32.75,0.53158
1050,373,379.25,14.75,30,0.53157
1050,220.5,377,15.5,31.25,0.5314
1050,276.75,288.25,12.75,25.75,0.53116
1050,-3.5,20,27.5,55,0.53088
1050,552.75,375.25,15.5,31.25,0.53065
1050,269.25,226.25,15,29.75,0.53064
1050,340.75,322.5,14.75,30,0.5306
1050,100.25,354.75,15,30.25,0.53049
1050,253.25,303,14.5,29,0.53043
1050,198,304.25,30.25,60.5,0.53034
1080,380.25,361.5,12.5,24.75,0.57565
1080,284,296,16.5,32.75,0.57063
1080,125.5,372.75,13.75,27.25,0.55607
1080,292.75,351.25,13,25.75,0.55457
1080,253.25,387,13.75,27.25,0.55027
1080,104,377.5,12.25,24.75,0.54979
1080,269.25,384.5,13.25,26.5,0.5486
1080,597,338.5,13.75,27.75,0.54847
1080,364.25,410,16.5,32.75,0.54737
1080,301.5,230.75,13,26,0.54648
1080,84.5,272.75,15.75,31.5,0.54481
1080,445.25,404,15,30,0.54359
1080,261.25,316.75,14.25,28.25,0.54349
1080,492.25,339,12,24.25,0.54297
1080,300.75,365.75,13.25,26.75,0.54248
1080,480,375.5,12.75,25.5,0.54208
1080,325,427.5,13,25.75,0.54192
1080,616,222,12,24.25,0.54185
1080,108.5,393.75,15,30,0.54172
1080,484.25,52,12.25,24.5,0.54146
1080,460.25,377.25,16,31.75,0.54127
1080,325.25,353.5,15.25,30.5,0.54032
1080,580.25,408.25,15,30.25,0.54026
1080,420.5,337.75,15,30.5,0.53954
1080,242.5,68.75,11.75,23.5,0.53895
1080,218,96.25,11.75,23.5,0.5386
1080,501,407,15.25,30.75,0.53858
1080,512.25,351.25,13,26.5,0.53846
1080,76.5,393.25,16,31.75,0.53841
1080,228.25,385.25,15.5,31,0.53831
1080,606.5,278.5,13.5,26.75,0.5381
1080,564.5,417.75,15,30,0.53767
1080,220.75,388.75,13.5,27,0.53742
1080,435,341.5,12.25,25,0.53738
1080,587.75,417.75,16.5,32.75,0.53735
1080,165.25,30.25,14.25,28.5,0.53701
1080,220.75,431.5,12.5,25.25,0.53698
1080,172.5,399.75,12.25,24.25,0.53691
1080,221.5,367.75,13,25.75,0.53649
1080,588.75,12,12.25,24.75,0.53614
1080,604,68.5,13.75,27.5,0.5355
1080,603.75,320.5,17,34,0.53506
1080,268.5,410.75,14.5,29,0.53502
1080,52.5,425,14.5,28.75,0.53496
1080,285.25,229.5,14.5,29.25,0.53485
1080,470.25,377.25,12.5,25,0.53483
1080,428,325.75,14.25,28.5,0.534
1080,556,352.25,16,32,0.53368
1080,241.75,322.75,18.75,37.75,0.53366
1080,108.25,379.5,15.5,30.5,0.53342
1080,277.5,297,13,26,0.53286
1080,399.75,380,12.5,25.25,0.53251
1080,467,290.75,12,23.5,0.53081
1080,85,379.25,15,30,0.53065
1080,612,369.75,12,24,0.53047
1080,389.75,308.5,15.25,30.25,0.53028
1080,180.5,324.25,14,28,0.5302
1110,565.5,393.75,13.5,27,0.56374
1110,101.25,394.75,13.25,26.5,0.56287
1110,492.5,378.75,14.75,29.25,0.56284
1110,364.25,406,16.5,32.75,0.55735
1110,572.25,336,15,29.75,0.55124
1110,557.75,402.75,15,29.75,0.54999
1110,92.5,385.25,14.75,30,0.54757
1110,86.75,346.5,12.75,25.75,0.54466
1110,453.25,389.25,15.25,30.25,0.54339
1110,435.5,323,15,29.75,0.54088
1110,197.25,338,14.5,29.25,0.54038
1110,620.25,87,12.25,24.5,0.54035
1110,37.5,429.25,13.5,27,0.5399
1110,213.25,339.25,14.25,28.5,0.53983
1110,161.75,366,17,34,0.53931
1110,340.75,396.25,14.25,28,0.53931
1110,22.5,144.75,24.5,48.75,0.53836
1110,445.25,414.25,13,26,0.53811
1110,580.5,330.5,15.5,31,0.53788
1110,167.5,75.5,13.25,26.25,0.53778
1110,54,3.5,13.75,27.25,0.53744
1110,369.25,220.5,12.5,25.25,0.5374
1110,476,382,16.5,32.75,0.53713
1110,160.5,192.5,11.75,23.75,0.53685
1110,21.25,303,13.5,26.75,0.53612
1110,533.5,326.75,13,26,0.53596
1110,539,337.25,16,32,0.53527
1110,454.5,363.5,12.25,24.25,0.5346
1110,253,379.25,14.5,29.25,0.53441
1110,246.25,429.25,12.25,24.75,0.53407
1110,126,408,13.25,26.25,0.53354
1110,516.25,365.75,15.25,30.25,0.53337
1110,190,383.25,12.75,25.75,0.53331
1110,122,85.75,13.5,26.75,0.53307
1110,604.25,353.5,14,28.25,0.53304
1110,337.25,159.75,12.75,25.5,0.5329
1110,541.5,364,14.25,28.5,0.53212
1110,372.25,416.5,12.25,24.75,0.53211
1110,150.75,386,12.25,24.5,0.53167
1110,530.25,271,12,24,0.53146
1110,396.75,168.5,14.25,29,0.53133
1110,446,356,13.5,27.25,0.53107
1110,269,328.25,12.5,25.25,0.5307
1110,351,332.5,13,26.25,0.53062
1110,500.75,352.5,16.25,32.5,0.53049
1110,503.25,42.75,21.25,42.5,0.53041
1110,171.75,62.5,17.25,34.5,0.53022
1110,125.75,428.75,13.25,26.5,0.53008
1140,228.75,413,14.75,29.75,0.56357
1140,92.5,251.5,14.25,28.5,0.55477
1140,278,411.75,13.75,27.5,0.55015
1140,253,419.5,14.5,29.25,0.54969
1140,309,386.75,15,30,0.54955
1140,139.75,335,16.75,33.75,0.54727
1140,29.25,271,13,26.25,0.54709
1140,141.75,383.25,13,25.75,0.54647
1140,357,414.5,13,26,0.5455
1140,134.5,179,14.25,28.25,0.54548
1140,428.25,175.5,70.5,141,0.54411
1140,412,402.25,15,30.25,0.54401
1140,461.5,236.25,21.25,42.75,0.54382
1140,507.75,147,15,29.75,0.54158
1140,285.5,401.25,12.5,25.25,0.54126
1140,69.5,253.5,14.75,29.25,0.5409
1140,155.75,393.25,16,31.75,0.54062
1140,235,181.25,23.25,46.5,0.54009
1140,84.5,329.75,15.5,31,0.5387
1140,132.5,396,15.75,31.5,0.53805
1140,548,279.25,12.5,24.75,0.53786
1140,241.5,159.25,19.75,39.25,0.53722
1140,174.5,348.25,14.5,29.5,0.53692
1140,72.5,185.75,12.25,24.25,0.53692
1140,161.75,187.75,36,72,0.53623
1140,76,407,12.75,25.75,0.53533
1140,156.25,409.25,15.25,30.75,0.53533
1140,216,24.25,13.25,26.25,0.53461
1140,220.75,89.5,12.75,25.25,0.53438
1140,301.5,346.75,13.75,27.25,0.53349
1140,258,281,11.5,23,0.53306
1140,108.25,337.75,15.25,30.75,0.53306
1140,365.5,415.5,14.25,28.25,0.5325
1140,124.5,217,12.5,24.75,0.5323
1140,508.25,376.25,13,26,0.53194
1140,588.25,295.25,13.5,27,0.53188
1140,477.75,217.25,12.5,25,0.53151
1140,21.5,280.5,14.25,28.25,0.53068
1140,-3.25,163.5,26.5,53,0.53055
1140,317.25,356.75,14,28.25,0.53035
1140,613.5,415.25,13.25,26.75,0.5301
1170,202.25,75.75,12.5,25,0.55472
1170,116.75,282,14.5,29.25,0.54793
1170,36.25,297.75,15.5,31,0.5452
1170,141.75,364,12.5,24.75,0.54302
1170,77,63,15.5,31.25,0.54092
1170,328.25,181,19,38.25,0.53859
1170,135.25,343.25,12.5,25,0.53832
1170,340.75,402,14.5,29.25,0.53776
1170,624.5,114,12,24,0.53573
1170,28.75,294,13.75,27.75,0.53508
1170,417.75,146.75,37.75,75.5,0.53398
1170,213.25,434.25,14.5,29.5,0.53379
1170,7,113.75,14.75,29.5,0.53355
1170,10.75,135.5,18.25,36.5,0.53318
1170,602.5,383.25,13.5,26.5,0.53291
1170,232.5,415.75,12.5,25,0.53202
1170,565.75,324.75,38.5,77.5,0.53161
1170,577,350.75,42,83.75,0.53094
1170,108.5,395.5,14.5,29,0.53083
1170,181.75,238.5,16,32,0.53031
1170,236,143.75,14.25,28.5,0.53005
1200,36.25,136.75,12,24.25,0.54595
1200,226.5,345.25,14.5,28.75,0.53842
1200,34.5,32.5,12,24,0.53708
1200,368.5,158,26,51.75,0.53655
1200,43.75,414,23.25,46.5,0.53551
1200,485.5,139.75,29.75,59.5,0.53346
1200,207.75,147.25,13,26.25,0.53263
1200,204.75,413,13.75,27.75,0.53225
1200,40.25,420.75,12.5,24.5,0.5314
1200,134.25,74.75,13.75,27.5,0.53073
1200,527.5,367.75,18.75,37.5,0.53002
1230,585.25,18.75,13.25,26.5,0.5502
1230,52.75,407.25,28.5,57,0.54285
1230,331.25,424,14.5,29.25,0.53623
1230,155.5,346.5,16.25,32.75,0.53431
1230,32.5,151,151.5,303.25,0.53383
1230,398.5,12,18.75,37.25,0.5338
1230,183.25,402,12,24.5,0.53367
1230,-3,18.75,24.25,48.25,0.53278
1230,24,234.5,12.25,24.25,0.5313
1230,37.25,429.5,17.75,35.5,0.53081
1230,45.75,413,26.5,53.25,0.5307
1230,28.5,425,21.5,43,0.53014
1230,140.25,392.25,12.25,24.25,0.53008
1260,533,3,11.75,23.5,0.54782
1260,549,57.5,13.5,26.75,0.54533
1260,348.25,425.25,22.25,44.5,0.54486
1260,342.25,160,12.25,24.5,0.54459
1260,139.5,430.75,12.75,25.25,0.54282
1260,81.75,287.75,89,177.75,0.54127
1260,554.75,72.25,20.25,40.5,0.5411
1260,595.75,447.75,13,26,0.53924
1260,537.5,11,25.75,51.75,0.53421
1260,36.5,225.25,16.75,33.25,0.53309
1260,626.75,116.75,13.75,27,0.53173
1260,13.75,416.75,16,32,0.53158
1260,412.5,68.75,11.75,23.5,0.53091
1290,269,161.25,144.75,289.75,0.57139
1290,43.5,63.75,14.75,29.25,0.54813
1290,588.75,171,12,24,0.54087
1290,517.75,4.25,12.5,25,0.54063
1290,35,64.25,14,28.25,0.53741
1290,554.75,93,20.25,40.75,0.53442
1290,110.5,192.25,20.5,41,0.53359
1290,334,45,13.5,27.5,0.53265
1290,245.75,163,23,46,0.5308
1320,164.25,99.25,14.5,29.25,0.55558
1320,349.5,177.25,14.5,28.75,0.55351
1320,158.25,19.75,13.5,26.5,0.54562
1320,380,100.5,13,26,0.54533
1320,94.5,144.25,12.25,24.5,0.54267
1320,374,88,13.25,26.75,0.53984
1320,46.75,61.5,13.75,27.25,0.53885
1320,223.75,14.75,12.25,25,0.53632
1320,35.5,53.5,20,39.75,0.53589
1320,563.25,123,12.75,25,0.53419
1320,260.75,83,12,24,0.53339
1320,265.75,165.25,149.75,299.5,0.53268
1320,116,44.25,12.5,25,0.53251
1320,194.25,420,12.75,25.5,0.53151
1320,11,1,13.75,27.25,0.53078
1320,140.5,47.25,14.5,28.75,0.5307
1320,193,40.75,18.75,37.5,0.53047
1350,46.25,60,14.25,28.5,0.54692
1350,428.25,167.25,12.5,25.25,0.54116
1350,500.75,183.25,13.25,26.5,0.53817
1350,557.5,95,25.25,50.5,0.53292
1350,93.75,142.5,12.75,25.75,0.53228
1350,220.75,42.25,13,26.5,0.53221
1350,261.25,156.5,154.5,309,0.53174
1350,42,435.25,13,26.5,0.53143
1350,380.5,104.75,12,24,0.53132
1350,178,429.75,17.5,34.75,0.5309
1350,74.25,15.75,14.5,28.75,0.53045
1350,301.75,447.25,13.25,26.5,0.53024
1380,270.75,176,143.75,287.5,0.56181
1380,519.75,4.25,12.5,24.75,0.53732
1380,491.25,12.75,12.5,24.75,0.53726
1380,535.75,68,13.25,26.75,0.53504
1380,380.25,104,13,26.25,0.53394
1380,162.5,34,18,36,0.53375
1380,570.5,406.5,12.75,25.5,0.53347
1380,323.75,184.5,15,30,0.53344
1380,46,61,13.5,27,0.53249
1380,628.75,5,11.5,23,0.53128
1380,420.75,184.5,29.75,59.75,0.53017
1410,264,178.75,143.75,287.75,0.58376
1410,564.5,124.25,13,25.75,0.54262
1410,472.25,219.5,42,84,0.54254
1410,482,268,16.25,32.25,0.54023
1410,22.75,192.25,13.75,27.5,0.53841
1410,535.5,66,13.25,27,0.53786
1410,491.25,12.75,12.5,24.75,0.53726
1410,458.5,168.75,66.75,133.25,0.53641
1410,94,142.5,12.75,25.5,0.53497
1410,92.5,129,18.75,37.5,0.53493
1410,190.25,428.5,14,28.25,0.53422
1410,46,61,13.5,26.75,0.53402
1410,519.5,5.75,12.25,24.75,0.53293
1410,394.75,229.25,25,49.5,0.53261
1410,316,64.5,11.75,23.5,0.53113
1410,557,174.25,14.75,29.5,0.53104
1410,310.5,446.75,14,28,0.5307
1410,42.5,140.75,12.75,25.25,0.53016
1410,382.5,59.5,13.75,27,0.53012
1410,358.5,118,11.75,23.5,0.53005
1440,273.5,173.25,144.75,289.75,0.54912
1440,161,155,31.5,63.25,0.54291
1440,556.25,93.25,28,56,0.54066
1440,102.25,240.75,15.75,31.5,0.54006
1440,380,105,13.25,26.5,0.53791
1440,491.25,12.75,12.5,24.75,0.53726
1440,46.25,62,14.5,28.75,0.53705
1440,228.25,429,12,24,0.53591
1440,203.75,436.25,13.25,26.25,0.53473
1440,261.75,254.5,50.5,100.75,0.53409
1440,80,247,12.75,26,0.53336
1440,63,237.25,13.5,26.5,0.53328
1440,157.25,237,12.5,25.5,0.53327
1440,147.25,154,29.5,59,0.53316
1440,532,61.5,14.5,29,0.5331
1440,519.5,7.25,12.75,25.75,0.53267
1440,535,80.25,26.75,53.25,0.53202
1440,12.25,212.75,11.75,23.75,0.5318
1440,496.5,18.5,11.75,23.5,0.5309
1440,437.25,214.25,16,32.25,0.5303
1470,146.5,48.25,14,27.75,0.55588
1470,437.75,215.75,16.25,32.5,0.55564
1470,519.5,7,12.5,24.75,0.55395
1470,321.75,15,23.75,47.75,0.53962
1470,616.25,76,26,52,0.53801
1470,491.25,12.75,12.5,24.75,0.53726
1470,535.75,68.5,13,26,0.53631
1470,21.75,194.5,14,27.75,0.53626
1470,434.5,82.75,22.25,44.75,0.53605
1470,536.25,83.5,26.25,52.5,0.53493
1470,271.5,174.5,145.25,290.5,0.53492
1470,76.25,144,12.75,25.75,0.53491
1470,46,63.25,14.25,28,0.53416
1470,533,355.5,13.5,27,0.53342
1470,565,128.25,13,26,0.53182
1470,554.75,101,17.75,35.75,0.53096
1470,28.75,161.5,15.25,30.5,0.53092
1470,318.25,66.5,11.75,23.75,0.53024
1500,94.5,147.25,12,24.25,0.53992
1500,28.75,162.5,14.25,28.5,0.539
1500,46.25,64.5,13.5,27,0.53735
1500,264.25,161.25,153,306,0.53729
1500,491.25,12.75,12.5,24.75,0.53726
1500,397.25,170.5,12.75,25.75,0.53696
1500,247.5,187,13.25,26.5,0.53664
1500,21.5,193,15,29.75,0.53604
1500,91,127.5,21.75,43.75,0.53218
1500,556.75,97.75,26,52.25,0.53184
1500,496.5,18.5,11.75,23.5,0.5309
1500,612.75,364.5,12,23.75,0.53057
1530,508,25,12.25,24.25,0.55947
1530,140,48,12.75,25.5,0.54839
1530,28.75,161.5,15.25,30.25,0.54508
1530,203.25,434.75,14.25,28.5,0.54103
1530,118.25,56.75,12.25,24,0.53888
1530,577.25,361.5,17.25,34.75,0.5384
1530,270.25,190.5,136.25,272.5,0.53625
1530,538.25,84.5,23.5,47.25,0.53481
1530,534,67,14.5,29,0.53396
1530,479.75,447.75,12.25,24.5,0.53309
1530,382.25,60.5,13.25,26.5,0.53176
1530,438.25,215.75,14.75,29.75,0.53121
1530,46.25,64.25,13.25,27,0.5312
1560,241.5,172.5,20.75,41.25,0.54434
1560,141,41,15.5,31.25,0.54326
1560,347,453.75,12.5,25.25,0.54079
1560,77,135.75,14,28,0.5387
1560,140,111.75,13,26,0.53821
1560,157,27,13.5,26.75,0.53815
1560,236.75,438.75,13.5,27.5,0.53704
1560,520,8.5,12.5,25,0.53558
1560,76,73.5,18.5,37.25,0.53488
1560,613.75,101.5,25,49.75,0.53361
1560,518.75,222.5,14,28,0.53348
1560,124,102.75,13.5,26.75,0.5328
1560,532,59.25,13.5,27,0.53241
1560,564.5,128.25,13.25,26.5,0.53223
1560,28.5,162.25,15.5,31,0.53213
1560,270,181,141.25,282.25,0.53209
1560,6.75,385.5,13.5,26.75,0.53204
1560,93.75,148,12.75,25.5,0.53193
1560,15.25,167.75,18.75,37.75,0.53173
1560,77.5,12.25,14.5,29.25,0.53134
1560,540.5,85.75,22,44.25,0.53109
1560,28,71,12.75,25.75,0.53089
1560,21.5,192,16,32,0.53053
1560,108.25,23.5,13.25,26.25,0.53032
1560,46,64.25,14.5,29.25,0.53017
1590,438.25,217.25,14.75,29.5,0.54075
1590,340.75,452.5,13.25,26.5,0.54026
1590,189.25,434.5,15.25,30.25,0.53518
1590,340.25,217.25,12,24,0.53489
1590,535.75,85.25,25.5,51,0.53454
1590,-1.5,24,12.5,25,0.53332
1590,323.75,18,19.5,39,0.53311
1590,551.5,2.25,23.5,46.75,0.53291
1590,185.75,193.75,14.25,28.5,0.53262
1590,156.75,25.5,13.75,27.75,0.53254
1590,154.5,428,16.5,33,0.53176
1590,263,162.25,151,302,0.53124
1590,564.25,128.5,13.25,26.75,0.53075
1590,414.25,130.25,12.5,24.75,0.53067
1590,317.75,276.25,12,24,0.53006
1590,613,75.25,29.75,59.25,0.53004
1620,134,96.75,12,24.25,0.55261
1620,332.5,452.5,13.25,26.5,0.55015
1620,267.75,432.5,19,38,0.5449
1620,76,75,17.25,34.75,0.54102
1620,29,162.75,14.25,28.75,0.53874
1620,564.5,128.25,13.75,27,0.53737
1620,537.5,83.75,25,50.25,0.53704
1620,520,8.5,12.5,25,0.53675
1620,610.5,151.5,33.25,66.5,0.53603
1620,183.25,444.25,12.25,24.75,0.53575
1620,212,49.75,16.5,32.75,0.5352
1620,437.5,216.5,16,31.75,0.53466
1620,264,176,144.25,288.25,0.53296
1620,340,217.75,12.25,24.75,0.53293
1620,126.25,100.75,13.25,26.5,0.53246
1620,34.75,275.5,14.25,28.25,0.53245
1620,132.25,114,15.5,31,0.53198
1620,558.25,101,24.75,49.25,0.53185
1620,93.75,145.75,13,26.5,0.53109
1620,231.5,273,12.5,25.25,0.53098
1650,536.75,84.5,25.25,50.5,0.54723
1650,341.25,452.5,13,26.5,0.54493
1650,22.25,196,13.75,27.5,0.5445
1650,247,436,14,28,0.54045
1650,29,163.75,14,28.5,0.53989
1650,452.75,171,12,24.5,0.53919
1650,519.5,9,12.75,25.25,0.5372
1650,232.75,401.25,24,48,0.53627
1650,437.25,216.25,15.75,31.25,0.53551
1650,46.25,65.75,13.5,27,0.53538
1650,564.25,128.25,14,27.5,0.53535
1650,558,100.25,25.25,50.5,0.53413
1650,328.5,174.75,35.5,71.25,0.53249
1650,-1.5,26.25,12,23.75,0.53095
1650,15.25,383.25,12,24,0.53067
1680,519.75,8.75,12.5,25,0.552
1680,554.25,101.5,19.25,38.5,0.54809
1680,434.5,86.75,20.25,40.25,0.54422
1680,437.75,216.25,16,32.25,0.54029
1680,160.75,41,17,34,0.54011
1680,380,107,13,26.25,0.53924
1680,203.75,438.5,14,27.5,0.53832
1680,153.5,426.75,19,37.75,0.5381
1680,190.25,443.25,12.5,25.25,0.53779
1680,329,175.25,34.75,69.5,0.53536
1680,29,164,14.25,28.5,0.53411
1680,538,83.25,25.25,50.75,0.53391
1680,557,100,25.75,51.5,0.53364
1680,262.25,442.5,12.5,25.25,0.53002
1710,519.75,8.75,12.5,25.25,0.54683
1710,324,18.75,19,38,0.53733
1710,380.25,105.5,13.5,27.25,0.53594
1710,92.5,28.75,12,23.75,0.53423
1710,28.25,70.75,12.75,25.5,0.5333
1710,326.25,449,12.75,26,0.53282
1710,563.75,126.75,14.75,29.5,0.5323
1710,269.5,171.75,145.75,291.75,0.53097
1710,438,217,15,30,0.53095
1710,28.25,161.75,15.5,31.25,0.53086
1710,614,19,14.25,28.5,0.53082
1710,537.75,82.5,25,49.75,0.53051
1710,269,432.25,17.5,35,0.53048
1710,211.25,438.75,13.5,27.5,0.53013
1740,437.75,216.5,16,32,0.54899
1740,28,162,15.25,30.75,0.54768
1740,554,99.75,19.25,38,0.53921
1740,538,83.75,24.75,49.75,0.53914
1740,435,81.25,21.5,43.5,0.53675
1740,328.25,175.75,35,69.75,0.53356
1740,534.5,65.75,15.25,30.75,0.53283
1740,139.5,53,13.25,26.75,0.5311
1740,147.5,431.75,16.5,32.75,0.53082
1770,379.75,106.25,13.75,27.5,0.54778
1770,437.25,216.25,16.75,33.5,0.54308
1770,519.5,8.25,12.5,25.25,0.54183
1770,412,200.5,15.5,31.25,0.53917
1770,537.25,83.5,25.25,50.25,0.53701
1770,405,87,14.25,28.5,0.53638
1770,132.25,95.75,14,28.25,0.53484
1770,564.5,127.5,13.75,27.5,0.53384
1770,406.5,288.75,11.75,23.75,0.53292
1770,185.25,192.75,15.25,30.5,0.53288
1770,21,194,14.75,29.25,0.53083
1800,151.5,110.75,13.25,26.5,0.54191
1800,211.25,6.5,13.75,27.25,0.54136
1800,28.75,162.25,15.5,30.5,0.54126
1800,536.5,83.5,25,50,0.54044
1800,515.75,288.5,16.75,33.75,0.53943
1800,520.75,8.75,12.5,25,0.53893
1800,420,188.25,29.5,59,0.53863
1800,185.5,194.25,13.25,26.75,0.53751
1800,443.25,169.75,13.5,26.75,0.53501
1800,77.5,21,13.25,26.25,0.53497
1800,329,176,35,69.75,0.53445
1800,45.5,65,13.75,27.25,0.53406
1800,357.75,84.5,12.5,25.25,0.5339
1800,45.5,439.25,13,26,0.5333
1800,533.75,66.25,14.25,28.5,0.53318
1800,174.5,300.25,13,26,0.53266
1800,626,69.25,14,28.25,0.5325
1800,187.75,246.75,13,26.25,0.53244
1800,52.5,276,14.25,28.75,0.53243
1800,202,7,12.25,24.5,0.53195
1800,202.75,416.5,18,36,0.53158
1800,316.25,452,12.5,25.25,0.53135
1800,156.75,24.25,14.5,29.5,0.53076
1800,83.5,59.5,14,28,0.53051
1830,140.5,110,13.25,26.5,0.54841
1830,175.5,184,13.5,27,0.5458
1830,36.5,61,16,31.5,0.54516
1830,431.75,191,29.25,58.5,0.54188
1830,124.5,96.5,12.75,25.5,0.54069
1830,463.5,169.5,12.5,25,0.53716
1830,151.75,108.5,13.25,26.25,0.5364
1830,331.25,176.5,33.75,67.75,0.53491
1830,382.25,108.5,12.5,24.75,0.53319
1830,555.5,102.25,19.75,39.75,0.53224
1830,174.5,196.25,13.25,26.75,0.53004
1860,34.25,65,12.5,24.75,0.54648
1860,152.75,27.5,13,25.75,0.54293
1860,333.25,16,14.5,29,0.5407
1860,22.5,161.75,14.5,29,0.53983
1860,32.5,52.75,19,38.25,0.5386
1860,384,105.5,12.75,25.5,0.53808
1860,559.25,91.5,29.75,59.75,0.53695
1860,38.25,65.5,12.5,25,0.53629
1860,263,84.25,12.25,24.75,0.53522
1860,163,436,11.75,24,0.53468
1860,244,431.5,16.25,32.5,0.53175
1860,545.75,63.75,13.5,27,0.53129
1860,245.75,377.5,14.25,28.5,0.53111
1860,210.25,45.25,12.5,24.75,0.53089
1860,132.75,198.75,16.25,32.5,0.53068
