30,626,12,16,32,0.00025768
30,317.25,-4.5,22.25,44.5,0.036704
30,-8.75,42.5,33.25,66.5,0.004052
60,586,222,56.75,113.75,0.0023115
90,261,239.75,32.75,65.5,0.025945
90,580.75,343,51.5,103.25,0.0057942
120,243.75,295.75,37.25,74.75,0.0025234
120,237,243.5,65.75,131.5,0.0036893
120,200.25,243.25,73.5,147,0.0081608
180,255.75,64.25,16,32.25,0.016464
180,114.25,218.25,20.25,40.75,0.009074
180,49.25,244.75,26,52,0.0075484
180,425.75,-11.25,87.75,175.75,0.0060893
210,283.5,76,16.5,33.25,0.023761
210,116.5,129.75,16.75,33.5,0.0079473
240,290,104,16,32,0.042345
240,587.25,197.5,16.75,33.5,0.052521
240,28,267,21.25,42.75,0.0012678
240,384.25,52,21.75,43.75,0.041279
240,345,94,80,160,0.0014197
240,-26.25,255.25,110.5,221.25,0.0025039
270,290.5,116.5,17.5,35,0.060964
270,258,170.5,18.25,36.5,0.0065792
270,203.75,185,20.25,40.75,0.004649
270,25,280,21.75,43.75,0.03079
270,180.75,149,21.25,42.75,0.01387
270,220.75,141,21.25,42.75,0.0035146
300,-5.5,44.25,20.75,41.5,0.0093176
300,248.75,201,17,34,0.025953
300,291.5,124.25,17.5,35.25,0.013861
360,293.75,126.5,17.5,35.25,0.003461
360,460.25,134.5,19,38,0.030443
360,202,208,21.25,42.75,0.00086412
360,253,189.25,21.25,42.75,0.0017781
360,503,-7.5,22.5,45,0.001293
360,224.25,196.25,33.25,66.5,0.0025593
360,253.75,173.75,48,96,0.011362
360,-24.75,289.75,102,204.25,0.0024574
390,249.25,189.25,24.5,49,0.024675
390,288.5,121.75,19.25,38.5,0.018703
390,245.5,172.25,54,108.25,0.0024502
420,532,-6,16,32,0.0065444
420,237.5,203,20.5,41,0.0031052
420,244.75,187,20.75,41.75,0.012528
420,275.25,116,20.25,40.75,0.0089645
450,272,152,16,32,0.0063897
450,56.25,224.25,19.25,38.75,0.0013836
450,95,141.5,22.5,45,0.0065006
450,259.5,111.25,24.75,49.5,0.0025873
450,194,236.75,32.75,65.5,0.0098856
450,558,186,65.75,131.5,0.00044073
480,84,268,16,32,0.0023746
480,262,144,18.25,36.5,0.016193
480,234.75,102.5,24,48,0.010684
480,46.25,130.5,26.25,52.75,0.012515
480,5.25,216.25,27.25,54.5,0.0055614
480,45.25,238,32.75,65.5,0.011449
480,151.75,242,39,78.25,0.027211
480,464.75,-18.75,72.5,145,0.00010626
510,532.25,-4.25,16.25,32.5,0.015465
510,258.25,135.75,19.5,39,0.09166
510,7.75,110.75,22.5,45,0.0038724
510,210.75,186,25.5,51,0.0022213
510,236.25,81,29.75,59.5,0.040435
510,7.75,248.25,44.5,89,0.011095
510,-25,269.25,109.75,219.75,0.014308
540,78.5,220,17,34.25,0.047616
540,176.75,230,17.5,35.25,0.00092507
540,65,218.5,20.25,40.5,0.010844
540,556,-4,20.25,40.75,4.6389e-05
540,261,135.5,21.25,42.75,0.0089135
540,-3.5,214.75,22.5,45,0.0066718
540,25.75,212.5,27.5,55,0.011277
570,80,220,16,32,0.011843
570,-4.25,221.25,21.25,42.75,0.0010125
570,352.25,106,21.25,42.75,0.0062282
570,254.5,39.5,32.25,64.5,0.0073835
570,255.25,40.75,46.25,92.5,0.0023596
600,207.75,261,17.5,35.25,0.0010298
600,8.5,230.75,23,46.25,0.048566
600,323.75,114.75,19.25,38.75,0.0074846
600,275.25,-7.25,22.25,44.75,0.0091228
600,78.25,234.75,22.25,44.75,0.022836
600,405,83.25,30,60.25,0.005064
600,280.25,-10.25,47.5,95.25,0.08055
600,257.25,195.75,39.25,78.75,0.031837
630,332.75,175.25,18.5,37,0.0051362
630,486.25,47,22,44,0.067484
630,312,215.25,35.75,71.75,0.0076859
630,474,68,40.75,81.5,0.015135
630,-9,159,44.5,89,0.00056859
660,248.25,177,98,196.25,0.031305
660,205.25,79.25,107.25,214.5,0.00054128
660,126.75,154.5,121.75,243.5,0.010308
690,41.75,153.75,19.25,38.75,0.0071156
690,38.25,113.25,118.25,236.5,0.00060696
720,108.75,184,33,66,0.02059
720,122,120,16,32,0.011941
720,121.75,193.75,16.25,32.75,0.0076405
720,-4.5,243.5,19.5,39,0.01396
720,200.5,120.5,24.75,49.5,0.0029513
720,88.75,90.75,34.25,68.5,0.014723
720,107.75,122,32.75,65.75,0.026805
720,86.25,180.5,38.75,77.5,0.0049846
720,57.25,143.75,38.5,77,0.0049624
720,208.5,164.5,45.25,90.75,0.0056144
720,195.75,58.75,163.25,326.5,0.0008498
750,431.25,102,17.5,35,0.079606
750,320,234.75,22,44,0.017274
750,193,156.25,26.25,52.5,0.0096171
750,424.75,97.5,31.75,63.75,0.039779
750,346,211.25,38.5,77,0.006792
750,297,189.25,40.25,80.75,0.0014916
840,427.5,149,21,42.25,0.012318
840,33.5,120,23.5,47.25,0.0059075
840,18.75,153.5,40.5,81.25,0.0035044
900,548.25,205.5,20.25,40.75,0.0039851
900,423.25,28.5,21,42.25,0.0031817
900,-4.75,194.25,23,46,0.0044725
900,-24.5,147.5,78.25,156.5,0.00086215
900,225.5,4.75,62.5,125.25,0.00043733
930,15.25,165.75,19,38.25,0.10011
930,250,189.75,22,44,0.014418
930,27.5,144.5,22.5,45,0.0014334
930,-12.25,148.25,45,90.25,0.029342
990,216.5,210.25,17.5,35.25,0.0013191
990,255.5,189.5,22.5,45,0.00126
1020,399.5,161.75,17.5,35.25,0.0039238
1020,84.25,165,21.25,42.75,8.5254e-05
1020,309.25,194.5,21.25,42.75,0.0027726
1050,414,160,16,32,0.0053818
1050,254,197,17.5,35.25,0.0077462
1050,8.5,169.5,19.5,39,0.035662
1050,-7.25,141.25,35.25,70.5,0.053568
1080,158.25,172,16,32.25,0.044496
1080,194,190,16,32,0.035545
1080,174.5,214.75,17.5,35.25,0.011144
1080,-5.5,203.25,20,40.25,0.02908
1080,429.5,149.75,23.5,47.25,0.0054775
1110,127.25,167.75,16.5,33.25,0.01133
1110,58.5,216,20,40.25,0.029166
1110,265.75,192,24.75,49.5,0.00058928
1110,429.75,158,56.75,113.75,0.0024074
1140,127,186.5,26.5,53.25,0.059648
1170,251.75,186,17.5,35.25,0.0050139
1170,474,202.75,19.5,39.25,0.040344
1170,212.25,235,26,52,0.0023519
1170,-7,153.75,28.5,57.25,0.0046109
1170,-14,193,46.75,93.5,0.0010525
1200,205.5,4,28,56.25,0.047686
1200,-9,179.5,34,68.25,0.0043561
1200,118.5,-9,46.25,92.5,0.0088291
1230,-2,226,16.25,32.5,0.0014913
1230,-4.5,268,19.25,38.75,0.012693
1230,127,228.25,20.25,40.75,0.023324
1230,242,213,20.25,40.75,0.00061855
1230,212.75,192.75,30,60.25,0.0014484
1260,157.25,266.75,17.25,34.75,0.11602
1260,2.75,175.5,19.25,38.75,0.00098073
1260,615.75,200.25,30.75,61.75,0.064721
1290,49,185.25,19.25,38.75,0.0040359
1290,358.5,244.25,23.5,47.25,0.010183
1290,39.25,229,24.75,49.5,0.01284
1320,118.25,166,16,32,0.0067633
1320,127.25,168,23.75,47.75,0.008226
1350,591,318.75,16.75,33.5,0.0049818
1350,82,166.25,17.5,35.25,0.00049501
1350,430.5,293.75,26,52,0.00051474
1350,463.75,291,27.75,55.75,0.0078282
1350,420.25,153.75,31.5,63.25,0.054644
1350,370,281.75,44.5,89,0.0065127
1350,-0.25,112.5,88.25,176.5,7.2953e-05
1380,-3,78,18.5,37,0.00025716
1380,-4.5,168.25,19.25,38.75,0.0069413
1380,219,146.75,20.5,41.25,0.010935
1380,71.5,171.75,23.5,47.25,0.031721
1380,619.5,131.5,25.5,51,0.010475
1380,67,267.75,27,54.25,0.091831
1380,53.75,165.75,26.25,52.75,0.016929
1380,62.5,388.25,26,52,0.013196
1380,152.25,250.5,49,98,0.030103
1380,600.25,321.5,56.75,113.75,0.0066354
1380,24.25,135,92.5,185.25,0.00026381
1380,124.25,94.5,97.25,194.5,8.556e-05
1410,80.25,270,27.5,55.25,0.008128
1410,131.25,392.75,18.5,37,0.0039308
1410,601.25,374.25,18.5,37,0.0022195
1410,72.5,162.5,30.25,60.75,0.016756
1410,167.25,252.75,47.75,95.5,0.026552
1410,408,206.25,54,108.25,0.00076131
1440,305,161.25,18.5,37,0.00041349
1440,622.25,266.75,20.25,40.75,0.0045345
1440,230.75,144.5,26,52,0.025127
1440,81.5,271,26.5,53.25,0.029716
1440,72.75,163.75,29,58.25,0.042034
1440,168,254.5,46,92,0.086549
1440,403.5,201,66.25,132.5,0.0085242
1470,624.25,267.75,19,38,0.007937
1470,81,270.5,27,54.25,0.035409
1470,72.75,163.75,29.25,58.75,0.040955
1470,166.75,253.5,48.75,97.5,0.039118
1470,401.25,199,72.5,145,0.0056019
1500,305,161.25,18.5,37,0.01537
1500,54.75,164,24.75,49.5,0.0011173
1500,73.25,163.75,29.75,59.75,0.03636
1500,80.5,271,27.25,54.75,0.015024
1500,227.75,140,30,60.25,0.00082542
1500,167.5,253.25,46.75,93.75,0.044582
1500,401.25,199,72.5,145,0.00025307
1530,239,154.25,20.5,41.25,0.09102
1530,92,178.5,21.5,43,0.0026738
1530,71.5,166.75,27.75,55.75,0.050803
1530,87,273,27.75,55.75,0.015923
1530,170.75,108.25,40.25,80.75,0.0013364
1530,174.5,258.25,45.25,90.75,0.018695
1530,415.5,207.75,56.75,113.75,0.0033207
1560,416.5,247.75,16.25,32.75,0.032002
1560,288,154.25,21.25,42.75,0.0031746
1560,133.75,176.25,23.75,47.5,0.0041499
1560,126.5,274,29.75,59.75,0.037736
1560,120.25,162.75,31.5,63.25,0.0032641
1560,205.25,205.25,79.5,159,0.0016094
1560,184.75,84,112.5,225.25,0.0011285
1590,48.75,258.75,17.5,35.25,0.0052016
1590,463,146,24.75,49.75,0.032209
1620,358.75,323,26,52,0.0040489
1650,553.25,329.25,16.75,33.5,0.0005908
1680,29,174.75,31.5,63.25,0.0069511
1680,100,229.75,40.25,80.75,0.00014309
1710,313.5,-3.5,17.5,35.25,0.0056565
1710,8.5,191.25,19,38,0.014359
1710,388.25,-9.25,26,52,0.00018323
1740,78.75,194.5,21.25,42.75,0.0031113
1740,561.5,204.75,69,138.25,0.0024388
1770,342,74,16,32,0.0029353
1770,620.25,162,16,32,0.033786
1770,112.25,199.75,22.75,45.5,0.0092779
1800,171.5,157.5,16.5,33,0.015874
1800,356,25,24.25,48.5,0.094967
1800,362.5,49.5,25.5,51,0.0068927
1800,90.25,158.75,28.25,56.5,0.0081132
1830,554,102,16,32,0.0047638
1830,345.25,22.75,35.5,71,0.0034534
