30,133.25,87.75,16.75,33.5,0.0048419
30,620.5,167.5,16.75,33.5,0.0021316
30,154.5,18,18.5,37,0.036484
30,416.25,52.5,18.5,37.25,0.013978
30,624.5,-0.75,18.5,37,0.0019386
30,348,185.25,19.25,38.75,0.011823
30,385,100.75,20.25,40.75,0.0080761
30,433.5,229.75,29.25,58.5,0.057946
30,344,226,30.5,61,0.012951
30,346,89.75,32,64.25,0.036595
30,484.25,143.75,30,60.25,0.0015461
30,311.75,148.25,73.75,147.75,0.0043625
30,471.25,244.75,38.5,77,0.0025017
30,-3.75,8.75,42.25,84.75,0.00040307
30,606.25,99.25,46.75,93.5,0.0049344
30,277.5,-11.75,51.5,103,5.5916e-05
30,417.75,168.25,66.25,132.5,0.0074796
30,498.5,148.25,105.5,211,0.0069839
60,9.5,62.75,16.75,33.75,0.017517
60,342,182,16,32,0.01643
60,570,260,16,32,0.0082996
60,547,123.5,16.75,33.5,0.0050126
60,50.25,179.75,18.5,37.25,0.048593
60,385,100.75,20.25,40.75,0.014097
60,443.25,95.25,21.25,42.75,0.0024308
60,480.5,245.75,22.5,45,0.0013301
60,344.5,227.75,29.5,59.25,0.016452
60,433.75,227.5,30.5,61.25,0.053748
60,344.75,88.25,33.25,66.5,0.0056815
60,284.25,1.5,38.75,77.5,0.0011783
60,576,103.75,54.75,109.5,0.0022983
60,418,169.75,65.5,131,0.0087474
60,309.25,140.25,81.5,163.25,0.0012965
60,499.25,151.25,104,208,0.013291
90,156,308,16,32,0.0082507
90,398,164,16,32,0.0045919
90,404,236,16,32,0.035599
90,564.75,166.25,17.75,35.5,0.038658
90,416.25,52.5,18.5,37.25,0.022265
90,480.75,245.5,22.25,44.75,0.066917
90,609.5,23,21.25,42.75,0.00055138
90,346.5,89.5,31.25,62.75,0.053187
90,434.5,230,27.75,55.75,0.012765
90,345,225,32.25,64.75,0.017246
90,278,-11,50.75,101.75,0.0062668
90,-3.75,8.75,42.25,84.75,0.0013555
90,304.75,151.75,55,110,0.0029852
90,571.75,101,56.75,113.75,0.0036494
90,80.75,-11.75,65.75,131.5,0.0019131
90,418.25,169.5,65.75,131.5,0.0025134
90,499,150.75,105.75,211.75,0.0065522
120,288.25,195.5,16.25,32.75,0.024772
120,342,220,16,32,0.003228
120,416,54.25,19,38.25,0.01485
120,624.5,-0.75,18.5,37,0.0064193
120,346.75,91,30.25,60.75,0.055823
120,345.75,227.25,29.25,58.75,0.010299
120,414.5,175,59.5,119,0.022403
120,482,142,33.5,67,0.004512
120,604.75,-2.5,47.25,94.75,0.0068435
120,577.25,104.5,54,108.25,0.0011749
120,310.25,153.25,68,136.25,0.0011597
120,498,150,105.5,211,0.0097044
150,412,192,16,32,0.010448
150,337,215.75,16.75,33.5,0.0024471
150,469.25,245.25,16.75,33.5,0.010467
150,88.5,86.75,17.5,35.25,0.0036576
150,377.5,33.75,17.5,35.25,0.0051737
150,186.5,194.75,20.75,41.75,0.0090259
150,416,54.25,19,38.25,0.017345
150,385,100.75,20.25,40.75,0.0097624
150,275,138.75,22.5,45,0.0063915
150,401.75,161.25,22.5,45,0.00035657
150,420.75,235.75,23.25,46.75,0.022391
150,344.5,227,30,60,0.020467
150,590.25,153.5,26,52,0.0020153
150,345.75,90.25,32.75,65.75,0.027863
150,157.5,196.25,33.25,66.5,0.0025649
150,463.5,232.75,41.5,83.25,0.00089179
150,-3.75,8.75,42.25,84.75,0.00079958
150,606.5,104.25,42.25,84.75,0.00016075
150,405.5,178,51.5,103.25,0.0074492
150,484.25,144,106,212.25,0.0067508
180,624.25,92.25,18.25,36.5,0.13362
180,592,135.75,18.5,37,0.00024698
180,119.5,75.75,19.25,38.75,0.00025882
180,416,56.5,19.25,38.75,0.013926
180,136.5,143.5,22.5,45,0.01251
180,347.5,181.25,23.25,46.5,0.074275
180,456,247.25,23.5,47.25,0.0022631
180,275,142.25,24.75,49.5,0.0012955
180,183,134,26,52,0.0036906
180,394.75,225.25,26,52,0.0072638
180,427.5,147.5,30,60.25,0.00033847
180,555.75,147.5,30,60.25,0.00068079
180,21.25,20.25,31.75,63.5,0.0044727
180,133,127.25,32.5,65,0.012458
180,232.5,76,33.75,67.5,0.009028
180,437.5,237.75,34.75,69.75,0.0041821
180,327.25,205.25,39.5,79,0.013876
180,473.25,228.25,48.75,97.5,0.027562
180,606.25,105.25,46.75,93.5,8.7706e-05
180,277.5,-5.25,51.5,103,0.0017941
180,577.25,118,54,108.25,0.00082959
180,591,177.75,65.75,131.5,0.0040981
180,325,174,80,160,0.0044162
180,464,161,91,182.25,0.0084585
210,422,68,16,32,0.0079448
210,570,178,16,32,0.020283
210,157,27.25,17.75,35.5,0.020068
210,401.75,175,17.5,35.25,0.0048654
210,324,229,20,40.25,0.12895
210,622.25,177.25,20.25,40.75,0.0059918
210,615.75,121,30.75,61.75,0.01441
210,156,102.25,30,60.25,0.002512
210,136,131,31.5,63.25,0.0082978
210,349,100.5,32.75,65.75,0.0048538
210,417.25,242,31.5,63.25,0.0070717
210,486,150.5,33.25,66.5,0.0042387
210,353.75,190.75,45.25,90.5,0.0088444
210,432.5,167.75,83,166.25,0.017834
210,587.25,236.75,61.25,122.5,0.018917
240,22,71.5,16.5,33,0.025
240,165.75,22.75,17.5,35.25,0.0010426
240,131.75,78.25,19.5,39,0.0029253
240,610.5,294.75,19.25,38.75,0.003888
240,433.5,60,20.25,40.75,0.0095482
240,402.25,105.25,22.25,44.5,0.032254
240,610,152.75,22.5,45,0.0026241
240,616.25,173.25,26,52,0.0017675
240,144,131,31.5,63.25,0.0087415
240,151.75,198.5,31.5,63.25,0.0073116
240,361.75,99.5,31.5,63.25,0.010234
240,404.25,219.75,39,78,0.0048051
240,244.5,76.75,37.5,75,0.0065514
240,285.25,177.75,36.5,73.25,0.00048662
240,282,-2.75,40.25,80.75,3.1923e-05
240,124,66,43.25,86.75,0.0035701
240,425.25,185,57.25,114.5,0.0089725
240,557,174.75,106,212.25,0.020199
270,280,198.25,16,32,0.004924
270,372,166,16,32,0.00025881
270,621.25,151,18,36.25,0.047915
270,57.5,134,16.75,33.5,0.015571
270,603.5,108.75,16.75,33.5,0.010617
270,312.75,213.5,20,40.25,0.082056
270,390,223.25,20.25,40.75,0.0042446
270,456.5,52.25,20.25,40.75,0.0195
270,176,193.5,23.25,46.5,0.036956
270,471.5,152.25,23.5,47,0.011031
270,382.75,93,32.25,64.5,0.015409
270,596,275,49.75,99.5,0.0088366
270,376.25,170,60.25,120.75,0.0073053
270,587,223.75,63.25,126.75,0.0037752
270,400,163,70.25,140.5,0.018893
300,-8,173,27,54,0.026916
300,76,131.75,16.5,33,0.052838
300,311.75,215.5,17,34,0.050601
300,324.5,113.25,17.5,35.25,0.0027268
300,395.75,238.75,19.75,39.75,0.014089
300,549.5,159.5,17.5,35.25,0.011689
300,471.5,163.25,19.75,39.5,0.059698
300,497.25,179.75,18.5,37,0.01427
300,202.25,3,19.25,38.75,0.0064682
300,488.5,190.25,22,44.25,0.010142
300,494.75,47.25,20.25,40.75,0.0044001
300,408.5,90.75,32.75,65.75,0.013799
300,70.25,9.25,33.25,66.5,0.00082886
300,293.25,167.75,42.25,84.75,0.0044496
300,575.25,184,80,160,0.0003847
330,100.25,134,16,32,0.0026812
330,584.25,164.25,16,32,0.0055873
330,588,182,16,32,0.038323
330,84.75,60.5,17,34.25,0.021739
330,536.5,100.25,16.75,33.5,0.023496
330,172.75,204,19.75,39.75,0.014103
330,480.75,20.25,21.25,42.75,0.0085315
330,140,183.75,22.5,45,0.0055203
330,227.25,-2,22.5,45,0.0057534
330,502.25,164.25,24.75,49.75,0.077732
330,586,291.25,23.75,47.75,0.00058695
330,322,63.75,31.5,63.25,0.002742
330,552.25,189.5,92.25,184.5,0.010094
360,481.75,190.75,16.75,33.5,0.00052172
360,121.75,131,17.5,35.25,0.00012563
360,469.75,166.25,18,36,0.061436
360,328,202.5,21.25,42.75,0.0011731
360,565,116.25,22.5,45,0.00034904
360,456.25,179,28,56,0.099033
360,-8.5,182,27.25,54.5,0.0043232
360,535.5,164.75,27.75,55.75,0.02412
360,230,18.75,32.25,64.75,0.06041
360,533,198.25,72,144,0.0040676
390,522,172,16.25,32.5,0.062136
390,450.25,150.75,17.5,35.25,0.0068175
390,591.5,135.25,38.25,76.5,0.020073
390,115.25,7.25,40.25,80.75,0.00059263
390,469,158.25,41.25,82.5,0.0070698
390,585.5,235.25,63.5,127.25,0.054467
390,484.75,158,81.25,162.5,0.059935
420,238.25,155,16.75,33.5,0.0091115
420,303.25,201.25,16.75,33.5,0.001495
420,481.5,164.5,17.75,35.5,0.015096
420,545,205.75,17.5,35.25,0.0054354
420,265.25,241.25,19.25,38.75,0.0062544
420,-3,164.5,20.25,40.75,0.0091484
420,182.5,-4.5,22.25,44.5,0.023656
420,7.75,93.75,22.5,45,0.00082709
420,273.5,15.25,28.75,57.75,0.0057805
420,586.75,4,27.25,54.5,0.0034939
420,613.75,0.75,28,56,0.011949
420,537,231.25,47.75,95.5,0.030313
420,307.5,167.75,38.5,77,0.002019
420,529,94,59.75,119.5,0.00055437
420,138.25,161.25,65.75,131.5,0.0021291
420,439.5,122.25,95,190,0.035361
450,164.5,127.75,16.75,33.5,0.069226
450,260.5,186,17.5,35.25,0.0027364
450,146.25,180.5,19.25,38.75,0.0045768
450,185,20,19.25,38.75,0.0042042
450,16.75,88.25,26,52.25,0.039298
450,157,89.5,24.75,49.5,0.0061825
450,296.75,15,24.75,49.5,0.001334
450,616.25,154.25,25.25,50.75,0.026059
450,614.25,0.75,27.25,54.5,0.014985
450,125.75,78.5,28.5,57.25,0.0054414
450,436,197.75,33.5,67.25,0.023792
450,493.25,209,48.75,97.75,0.011107
450,473.75,143.25,90,180.25,0.0042
480,601.5,167.5,16.75,33.5,0.00016765
480,-7.25,189,25,50.25,0.01334
480,408,225,25.75,51.5,0.023989
480,401.5,192.75,39.75,79.75,0.011486
480,172.75,-5.5,38.5,77,0.0023868
480,451.5,204.5,44,88,0.033951
480,135.75,168.75,51.5,103,0.0019253
480,429.5,123.75,94,188,0.0017205
510,427.5,241.25,16.5,33.25,0.061208
510,506,-6,16,32,0.0087144
510,595.75,170.25,18,36.25,0.014188
510,196,-4,23.5,47.25,0.008774
510,382.25,223.5,23.5,47.25,0.0016313
510,421.25,221.75,32,64,0.047399
510,147.25,205.75,33.5,67,0.0048354
510,397.25,126.75,86.75,173.5,0.0085482
540,538.25,13.5,17.25,34.75,0.00898
540,391.75,221,26.25,52.75,0.066031
540,180,131.25,18.5,37,0.011563
540,357.75,199.5,24.75,49.75,0.012154
540,507,170,32.5,65.25,0.079075
540,98.25,127.5,26,52,0.001937
540,306,137.5,27.5,55.25,0.018448
540,-12,185.25,54.25,108.5,0.0031458
540,369.5,141.25,72.75,145.5,0.0096612
570,0,216.5,19.5,39.25,0.031504
570,298,156,16,32,0.0072343
570,412,26,16,32,0.026052
570,171,138.25,16.75,33.5,0.0030188
570,335.5,218.5,19.75,39.75,0.0028882
570,487,173.5,33.5,67.25,0.13159
570,462,202.5,21.25,42.75,0.0055321
570,509.25,188.75,21.5,43.25,0.024716
570,36,92.75,28.5,57.25,0.012765
570,608,190.25,37.5,75.25,0.050976
600,339,222.25,16.75,33.5,0.0045423
600,351,150.75,17.5,35.25,0.0027833
600,582.75,176.25,21,42.25,0.060256
600,471.25,175,32,64,0.14139
600,513.25,195,19.25,38.75,0.002002
600,-5.25,130.75,27,54,0.010157
600,594.25,192.25,33.25,66.75,0.0048701
630,320,220,16,32,0.012011
630,515.75,-0.25,16.5,33,0.047415
630,603,203,19,38.25,0.030381
630,400,200.75,18.5,37,0.025012
630,522.75,145,18.5,37,0.0023299
630,578.25,98.75,18.5,37,0.017905
630,349.25,149.25,20.25,40.75,0.01251
630,510,191.5,22,44,0.026096
630,320,26.25,22.5,45,0.0039219
630,539.75,12.25,22.5,45,0.0057179
630,268.5,160.5,25.25,50.75,0.022359
630,453.25,178.25,28,56.25,0.12571
630,613.25,117.5,24.75,49.5,0.013481
630,579.75,187.75,34.75,69.5,0.10746
660,302.75,210.25,18,36,0.031037
660,515.75,-0.25,16.25,32.75,0.035186
660,269.25,160.75,24.25,48.75,0.0058434
660,523,144,17.5,35.25,0.0025066
660,149.75,182.25,18.5,37,0.0064139
660,601.75,202.75,20.5,41.25,0.017222
660,539.75,12.25,22.5,45,0.00045033
660,430.5,175.75,32.5,65,0.08369
660,613,117,25.25,50.75,0.014628
660,216.5,180.75,27.75,55.75,0.010803
660,567.25,189,30,60.25,0.001347
660,603.5,139.5,46.25,92.75,0.0053221
690,294,216,16,32,0.0035573
690,515.75,-0.5,16.75,33.5,0.0062982
690,181.5,140.25,16.75,33.5,0.0090281
690,512.5,195.25,20.25,40.75,0.0022313
690,601.75,202.75,20.5,41,0.018781
690,539.75,12.25,22.5,45.25,0.021254
690,413.5,178.25,29.75,59.5,0.17702
690,613.25,117.5,24.75,49.5,0.0050254
690,38.25,97.5,27,54.25,0.031928
690,215.5,179,28.5,57.25,0.0031475
690,603.25,138.75,46.75,93.75,0.0033283
690,225,57.25,54,108.25,0.0010228
720,516,0,16,32,0.0066435
720,43,209.5,16.75,33.5,0.0053079
720,288.5,213.75,16.75,33.5,0.017789
720,353.75,197,16.75,33.5,0.0054851
720,182.25,135.75,18.5,37,0.018813
720,80.25,163.25,19.75,39.5,0.012589
720,421,430.75,19.25,38.75,0.005825
720,579,97.75,19.25,38.75,0.0028323
720,494.75,192.75,20.75,41.75,0.02171
720,614,119.5,23.75,47.5,0.059377
720,509.25,187.75,24,48.25,0.022825
720,36.25,98.25,26,52,0.0048916
720,403.5,178.75,28.25,56.75,0.048293
720,538.5,185.75,26.5,53.25,0.0094168
720,225.75,58.75,52.25,104.75,0.0041687
750,397.75,179,28.75,57.5,0.33234
750,417,25,17.5,35.25,0.010357
750,-5.25,105.25,23.25,46.5,0.007036
750,586.75,177,23.25,46.5,0.018284
750,527.75,181.25,27.5,55,0.020338
750,39.5,96.5,27.25,54.5,0.0054591
750,617.5,137.5,27.25,54.5,0.0024114
750,-3.5,132.25,28.5,57.25,0.0039141
750,616.75,169.75,30.5,61.25,0.01257
780,600,-4,16,32,0.0074629
780,187.5,136.5,19.25,38.75,0.0070894
780,382,168.25,19.25,38.75,0.003853
780,401.25,181,27.75,55.5,0.1467
780,-4.25,178.5,21.25,42.75,0.011541
780,-0.75,105.5,24.5,49.25,0.0084776
780,107.5,136,24.75,49.5,0.0069703
780,35.5,70,44.5,89,0.0004861
810,356,10,16,32,0.0014382
810,206.75,108.75,16.75,33.5,0.0060627
810,140.5,138.25,18.5,37,0.00014782
810,318.5,205.5,20.25,40.75,0.0010422
810,341.5,157,21.25,42.75,0.010065
810,356.75,138.75,22.5,45,0.0015347
810,323,155.5,23.5,47.25,0.0018006
810,425.25,168.25,33,66.25,0.097184
810,569.25,171.5,33.25,66.5,0.006092
810,593.25,22.75,56.75,113.75,0.00044657
840,42.25,75.5,16.5,33,0.084319
840,463.5,165.75,31.25,62.75,0.16673
840,261,66.25,18.5,37,0.013435
840,352.25,199.75,20.75,41.5,0.053543
840,624.5,203,18.5,37,0.001529
840,350.75,144.25,27.5,55.25,0.00057703
840,564.75,268.75,37.25,74.5,0.010839
840,-11.25,198.75,40.5,81.25,0.0022447
840,337.25,143.75,56.75,113.75,0.0027084
870,271.75,191,16.5,33.25,0.027302
870,301,162.5,17.5,35,0.021265
870,463,199,16.75,33.5,0.0094877
870,586.75,268.25,16.75,33.5,0.012284
870,280,54.25,19,38.25,0.011645
870,343.25,193.5,19.25,38.75,0.016317
870,484,163.75,31,62.25,0.43871
870,368,194.75,25.25,50.5,0.010266
870,521,253,29,58.25,0.079864
870,254.75,162.75,31.5,63.25,0.00039993
870,298.25,166.75,31.5,63.25,0.0063133
870,584,252.25,48.75,97.75,0.012074
870,473.25,119.25,107.25,214.5,0.0005515
900,-2,168,16,32,0.0011793
900,179.5,178,16.75,33.5,0.016764
900,392.75,153,17.5,35.25,0.0032417
900,8.75,112.75,18.5,37,0.0075069
900,270.25,177.5,19,38,0.0049405
900,356,200.25,20.5,41,0.011756
900,504.75,174.5,26.75,53.75,0.50104
900,131,158.5,23.5,47.25,0.0029378
900,527.25,136.25,103.25,206.75,0.019822
900,362.5,127,69,138.25,9.1364e-05
930,152,100,16,32,0.00065771
930,356.5,202.75,22.25,44.5,0.066844
930,408.5,181.25,21.25,42.75,0.00010326
930,382.75,199,30.5,61,0.02858
930,98.25,92.75,24.5,49.25,0.0093406
930,446.25,137,35.5,71,0.0030737
930,299,174.25,30.5,61.25,0.012054
930,345.25,162.5,44.5,89.25,0.0086661
930,541.75,227.25,47,94,0.011925
930,366.5,138.25,62.5,125.25,0.0011499
930,482.5,166.75,69.25,138.5,0.01624
960,127.5,254,16.25,32.75,0.076585
960,176,180,16,32,0.0024032
960,294,202,16,32,0.01182
960,276,197,17.5,35.25,0.0092021
960,494.5,224.75,40,80.25,0.003391
960,155.5,86.25,27.5,55,0.0061875
960,377.5,201,28.25,56.5,0.028304
960,285.75,169.75,34,68,0.0011964
960,541.25,232.5,48.5,97.25,0.0073768
960,334.75,154,52.25,104.5,0.0038151
960,-11.75,153.75,49,98.25,0.0016421
960,360.5,136.5,65.75,131.5,0.0031351
960,522.75,159.5,92,184,0.0018196
990,481,146.25,17.5,35.25,0.0025329
990,-5.75,167,20.25,40.75,0.010082
990,337.75,205.25,24.75,49.5,0.024105
990,403.25,141,21.25,42.75,0.013772
990,-5,82.75,27.25,54.5,0.0034363
990,183.25,127.25,27.25,54.5,0.00030374
990,275.25,177.5,31.75,63.75,0.017572
990,273,71.25,28.5,57.25,0.0018462
990,557.25,239.25,49.5,99,0.045522
990,366.25,202.75,31,62.25,0.0056874
990,262.75,257.75,31.5,63.25,0.0021022
990,527.75,179.75,33.25,66.5,0.00042854
990,109.75,169,40.5,81,0.010628
990,323.25,159.25,85,170.25,0.0067641
990,525.75,129,117.75,235.75,0.0046237
1020,454,72,16,32,0.00091678
1020,335.5,218.75,18.5,37,0.11647
1020,363.75,213,27,54.25,0.068128
1020,585.25,66.25,18.5,37,0.012766
1020,414,138.75,26.5,53.25,0.031699
1020,5.5,188.75,24.5,49,0.0058716
1020,-6,59.25,26,52,0.0037885
1020,586.75,273.75,38.5,77,0.0060442
1020,508.75,202.5,65.75,131.5,0.0034653
1020,551.75,-11.5,64.5,129.25,0.0041111
1050,292,204.5,16.5,33.25,0.045838
1050,469.25,163.25,16.75,33.5,0.004689
1050,179.5,259.75,22.5,45,0.0089091
1050,514.25,130.25,22.5,45,0.0078588
1050,612,265.75,34.75,69.5,0.01696
1050,616.25,182,25,50,0.027767
1050,365.75,198.5,32,64.25,0.0072786
1050,529.75,252.25,37,74.25,0.015107
1050,225,152,54,108.25,0.0021035
1050,345.25,125.5,79.25,158.5,0.0011528
1080,496,54,16,32,0.0037123
1080,265,285.25,17.5,35.25,0.00083345
1080,249.5,168.25,18.5,37,0.0037348
1080,229,175.75,21.25,42.75,0.0030804
1080,590.5,43.5,22.25,44.5,0.0087751
1080,39.25,182.25,23.5,47.25,0.0046763
1080,303.25,50.75,33.25,66.5,0.0057112
1080,536,255.25,33.25,66.5,0.018735
1080,568.75,179.5,33.75,67.5,0.0018228
1080,294,177.75,37.5,75,0.012799
1080,610.5,184.25,40.25,80.75,0.0033852
1080,206,140.5,73.75,147.75,0.014675
1080,355.75,124.5,78.75,157.75,0.0036053
1080,493.5,110,121,242,0.0077009
1110,240.25,117.25,16.75,33.5,0.0072141
1110,611,312,17.75,35.75,0.036088
1110,603.25,185.25,19.25,38.75,0.011713
1110,601,41.5,23,46.25,0.0074218
1110,381.25,201,37.5,75.25,0.0060708
1110,516.25,253.75,31.5,63.25,0.006722
1110,56.25,182.5,36.5,73.25,0.0050953
1110,254.5,297.75,38.5,77,0.0083791
1110,593,257.5,52.5,105,0.065265
1110,207,167.25,64.5,129,0.1041
1110,421.5,-11,62.75,125.5,0.0023042
1140,-3.25,117.25,16.75,33.5,0.00018055
1140,554.25,137,18.75,37.75,0.0099663
1140,27,54,19.25,38.75,0.0030016
1140,34.5,323.75,19.25,38.75,0.0024091
1140,248.5,137.25,26,52.25,0.079772
1140,506,256,32.5,65,0.036409
1140,389.75,198,35.25,70.5,0.044512
1140,589.5,271.25,42.75,85.5,0.056878
1140,194,168.25,70.25,140.5,0.10059
1140,251.5,315.5,40.5,81,0.0013984
1140,475.75,156.75,93.25,186.75,0.0037153
1140,551.25,154.5,112.25,224.75,0.0007828
1170,262,206,16,32,0.013171
1170,402.75,157,20.25,40.75,0.0012113
1170,-7.25,36.5,25.25,50.5,0.036399
1170,579.75,278.75,36,72,0.038632
1170,470.75,126.25,24,48,0.011934
1170,387,195.5,38.75,77.5,0.0051679
1170,497.25,255.75,32,64,0.024012
1170,420,185.25,30,60.25,0.0019943
1170,605.5,9.25,42.75,85.75,0.0096982
1170,187,167.25,76.25,152.5,0.078932
1170,477.25,159.75,92.5,185,0.0085945
1170,540,141.75,119.5,239,0.0028235
1200,366.25,-6,16,32,0.015012
1200,550,148,16,32,0.01942
1200,483.5,171,17.25,34.5,0.010669
1200,242.5,124.25,18.5,37,0.0054027
1200,247,221.5,18.5,37,0.0013367
1200,248.75,143.5,25.25,50.75,0.015447
1200,340.25,12,24.75,49.5,0.0044274
1200,486.5,253,33.5,67.25,0.024284
1200,566.25,274.75,36.25,72.5,0.028982
1200,375.75,191.75,47.5,95.25,0.00091019
1200,604.75,7.75,45.25,90.5,0.003674
1200,190.25,177,75.25,150.75,0.06468
1200,464.75,160,89,178,0.0037618
1230,450,80,16,32,0.011814
1230,551.5,195,17,34,0.046793
1230,244,178.75,19,38.25,0.036693
1230,423.25,251,19.25,38.75,0.0013145
1230,20,338,20.25,40.75,0.021817
1230,385,164.5,20.25,40.75,0.00063635
1230,249,144.5,26.5,53.25,0.040723
1230,340.5,219.5,27.25,54.5,0.0027565
1230,474,257.25,27.25,54.5,0.0087563
1230,370.75,204.25,37.75,75.5,0.044226
1230,544,261.75,40.5,81,0.0091092
1230,606.5,14,42.25,84.75,0.0066935
1230,7.75,187,44.5,89,0.0010172
1230,195,189.25,68.75,137.75,0.066277
1230,355.5,136.75,78.5,157.25,0.0038781
1230,450.25,160,84,168,0.00072032
1230,505.25,135.75,117.75,235.75,0.0045234
1260,-3.25,124.25,17,34.25,0.021359
1260,366.25,-2,16,32,0.0052103
1260,243.75,127.25,17.25,34.75,0.043712
1260,379,245.25,16.75,33.5,0.021976
1260,-4,38.25,17.5,35.25,0.0037065
1260,29,62.5,17.5,35.25,0.0067281
1260,592,282.75,23.5,47.25,0.0020891
1260,369,200.75,40.25,80.5,0.040201
1260,460,254.5,26,52.25,0.0045858
1260,525.75,265.5,36,72.25,0.018783
1260,605.75,14,43,86.25,0.0045364
1260,13.25,187,44.5,89,0.0071172
1260,192.5,183.75,73.5,147.25,0.062202
1260,486.5,146.5,106.75,213.5,0.004513
1290,-2.5,52.5,18,36.25,0.038773
1290,-3.25,144.5,16.75,33.5,0.022776
1290,13.25,157,18.25,36.5,0.088016
1290,29,64.75,17.5,35.25,0.0055791
1290,377.5,-3.5,17.5,35.25,0.0096014
1290,370,204.5,37.25,74.5,0.01425
1290,459.25,254.25,28.25,56.75,0.14865
1290,26.5,303,26,52.25,0.029148
1290,249.25,146.75,25.75,51.75,0.0091538
1290,303.5,212.25,26,52,0.00014183
1290,402,192.25,27.25,54.5,0.014959
1290,525.75,272,30,60.25,0.00067632
1290,223.25,212.5,44.75,89.75,0.025078
1290,605.25,14.75,44,88,0.020035
1290,203.25,179,57.25,114.75,0.024791
1290,486.5,146,107.25,214.5,0.0023231
1320,86.5,100.25,17.25,34.75,0.019925
1320,85.25,278,18.75,37.75,0.064288
1320,515.5,171.75,16.75,33.5,0.0094963
1320,29.5,66.25,18.5,37,0.00047233
1320,-2.75,55,20.25,40.5,0.021753
1320,515.25,73,20,40.25,0.0020243
1320,185,139.75,24.25,48.5,0.019608
1320,463.25,260,28.25,56.5,0.072561
1320,371.25,205.25,38.25,76.75,0.017742
1320,3.75,312,28.5,57.25,0.0033719
1320,529.5,267.5,37,74,0.0069196
1320,606.25,13.25,45,90.25,0.010682
1320,231.75,187,46.75,93.5,0.0030111
1350,108,270.25,16,32,0.01625
1350,282.25,31,16.75,33.5,0.0024608
1350,232,194.75,17.5,35.25,0.007987
1350,394.25,170.75,19.25,38.75,0.0089563
1350,304,216,25.5,51.25,0.0087935
1350,383,214.25,30,60,0.1127
1350,473.5,262.75,32.75,65.5,0.020066
1350,226.75,174.25,47.5,95.25,0.0053936
1350,551,281,35,70.25,0.012845
1350,358,146.25,80,160.25,0.004192
1380,-3.25,121.25,16.75,33.5,0.0009667
1380,36.5,64,18.5,37,0.01968
1380,253.75,129.25,18.75,37.5,0.015475
1380,238.5,158.5,19.25,38.75,0.01469
1380,606.75,325.25,21.5,43,0.01405
1380,397.75,214.75,27,54,0.0050464
1380,303.75,189,42.75,85.5,0.0025866
1380,617.25,34.75,27.75,55.5,0.007965
1380,201.25,96.5,28.5,57.25,0.003893
1380,219.75,169,51.5,103,0.00061033
1380,503,267.5,34,68,0.035768
1380,594.75,288.25,44.25,88.75,0.023798
1380,388.5,201.75,47.75,95.75,0.0046706
1410,12,38,16,32,0.012036
1410,482,68,16,32,0.0055056
1410,78.5,188.5,16.75,33.5,0.0037556
1410,213,138.25,16.75,33.5,0.003216
1410,-4,274.25,17.5,35.25,0.0021539
1410,50.5,281.75,20.5,41.25,0.085243
1410,556,39.5,20.25,40.75,0.0021932
1410,33.25,194.5,21.25,42.75,0.0034857
1410,-5,52,23.75,47.75,0.0067015
1410,64,185.75,24.75,49.5,0.005608
1410,403.25,205.75,38.5,77,0.074811
1410,195.5,178.5,31.75,63.75,0.0076276
1410,-9.5,31.75,42.75,85.5,0.0025983
1410,202.75,166.5,55.5,111,0.028487
1410,267.5,100.25,92.5,185.25,0.0001682
1410,504.75,146.75,118,236,0.0027705
1440,18,32,16,32,0.0020772
1440,413.75,253,21.5,43.25,0.0022744
1440,418.75,-6.5,27.5,55,0.017288
1440,-7,46,28.5,57.25,0.0023138
1440,405.5,200.25,41.75,83.5,0.10455
1440,187.75,170.75,62,124.25,0.054652
1440,580,284.75,42.25,84.5,0.022664
1470,592,180,16,32,0.014527
1470,609.75,22.5,23.5,47.25,0.0051798
1470,11.25,36.75,24.75,49.5,0.0033406
1470,393.25,200,41.5,83.25,0.10236
1470,582.75,294,38,76,0.029291
1470,230.25,324.5,36.5,73.25,0.0027681
1470,186.5,190.75,59.5,119.25,0.10341
1470,535.5,146.25,124,248,0.036657
1500,232,181.75,17.25,34.5,0.023485
1500,322.25,51.5,17.5,35.25,0.018665
1500,43.25,325.75,18.5,37,0.0056107
1500,569,177.5,18.5,37,0.003678
1500,252.25,135,23.5,47.25,0.0029415
1500,375.25,226,37.25,74.5,0.0046677
1500,576.5,21.25,27.25,54.5,0.0043205
1500,377.75,206.75,31.25,62.75,0.0080252
1500,533.25,280,39.75,79.5,0.05881
1500,189,200,57,114,0.070935
1500,547.75,169.5,46.75,93.75,0.0030614
1500,199.75,158,62.5,125,0.028536
1500,497.75,157.5,110.75,221.5,0.018576
1530,215.5,233.5,16.25,32.75,0.048996
1530,597.25,37.25,16.75,33.5,0.0021194
1530,-4,22.75,17.5,35.25,0.0049715
1530,49,58.75,19.25,38.75,0.0059441
1530,-5,-4,23.5,47.25,0.00077479
1530,30.5,188,23.5,47.25,0.0012736
1530,472.5,267.25,35.25,70.5,0.048571
1530,216.5,91,30,60.25,0.0031654
1530,355,205.25,36.25,72.5,0.025046
1530,230.5,321.75,38.5,77,0.00054467
1530,184.75,192.75,62.75,125.5,0.085172
1530,565,288.5,42,84.25,0.024655
1530,433,146,107.25,214.5,0.00031071
1530,521,139,127.75,255.5,0.0052861
1560,597.25,37.25,16.75,33.5,0.0048663
1560,515.75,57,18.5,37,0.0028206
1560,49,58.75,19.25,38.75,0.0058102
1560,-7,64,28.5,57.25,0.00030379
1560,337.25,206,33.25,66.5,0.0059248
1560,231,317,43.5,87,0.0043596
1560,492,269.75,37,74,0.018854
1560,254,198.5,34.75,69.75,5.9725e-06
1560,189.25,203,56.75,113.5,0.1103
1560,417,206,59.5,119.25,0.00013284
1590,20,224.75,19,38.25,0.03604
1590,323.5,205,27.75,55.5,0.026049
1590,215.5,326.25,28.5,57.25,0.0038322
1590,436,256,33,66,0.020771
1590,232.5,333.5,33.25,66.5,0.0053163
1590,610.75,181,39.25,78.5,0.0036044
1590,188.5,201.75,57.25,114.75,0.081767
1590,406.5,158.25,92.5,185.25,0.00028404
1620,536.5,251.5,16.75,33.5,0.0048984
1620,-4,22.75,17.5,35.25,0.0035732
1620,48,59.5,18.5,37,0.0073391
1620,581.5,161,19.25,38.75,0.00089857
1620,398,254,22.75,45.75,0.013824
1620,113.25,75.75,23.5,47.25,0.0010842
1620,309,213.5,24.75,49.5,0.00039121
1620,547.75,170.75,31.5,63.25,0.0012323
1620,193.5,213.25,51,102,0.11564
1620,388.75,221.5,42.25,84.75,0.0077917
1620,350.75,202.75,49.25,98.5,0.012359
1620,557.25,233.5,67.25,134.75,0.00055583
1620,212.75,241,76,152,0.0014401
1620,352.5,52.25,107.25,214.5,0.00091772
1650,582.5,43.75,16.75,33.5,0.0069771
1650,22.25,329,19,38,0.010258
1650,77.5,115.5,17.5,35.25,0.015001
1650,622.25,88,20.25,40.75,0.0031999
1650,92.25,325.75,21.25,42.75,0.0014765
1650,266.5,151.75,21.25,42.75,0.0011069
1650,241.25,197.75,22.5,45,0.0095607
1650,551,173.25,25.75,51.5,0.01183
1650,-6,-2.75,26,52,0.0022871
1650,216.5,91,30,60.25,0.0013002
1650,331,204.25,43.75,87.75,0.015077
1650,185.75,197.5,60.5,121.25,0.083905
1650,472.25,172,57.25,114.75,0.00097376
1650,215.75,239.5,69,138.25,0.00043976
1650,468.25,156.25,110,220.25,0.0027388
1680,623,88.25,19,38,0.009873
1680,22.5,328,18.5,37,0.00041867
1680,31.5,191,20.25,40.5,0.031551
1680,252.75,153.75,22,44,0.028478
1680,341.25,210.25,39.25,78.5,0.020708
1680,-11.25,32.5,40.25,80.75,0.0025001
1680,184,190,63.5,127.25,0.085823
1680,523.75,232.25,68.25,136.75,0.0074538
1710,114.25,60,16,32,0.0091015
1710,412.5,190.75,16.75,33.5,0.0082864
1710,597.25,37.25,16.75,33.5,0.0058019
1710,219.25,235.5,18.5,37,0.0085347
1710,488.75,281.5,25.25,50.5,0.011941
1710,49,58.75,19.25,38.75,0.00011531
1710,413.75,-3.75,21.25,42.75,0.011471
1710,-5,-4,23.5,47.25,0.0049662
1710,265.75,64.75,24.75,49.5,0.00075403
1710,303.5,29.75,26,52,0.0012946
1710,230.25,329,36.5,73.25,0.0033874
1710,178,175.5,71.25,142.5,0.074789
1710,537,136.75,44.5,89,0.00060957
1710,469.25,227,54,108,0.00044731
1710,208.75,244,84,168,0.0031298
1740,15.5,123.5,16.75,33.5,0.010517
1740,613.25,153,17.5,35.25,0.0042721
1740,34.5,224.25,19.25,38.75,0.00055171
1740,4.5,121.25,20.25,40.75,0.0025874
1740,413.75,-3.75,21.25,42.75,0.0090995
1740,-5,-4,23.5,47.25,0.0032266
1740,444,169,24.5,49.25,0.011502
1740,391.25,228.25,26.75,53.5,0.0027972
1740,100.75,193.5,28.5,57.25,0.0050505
1740,180.25,173.25,67,134,0.074252
1740,430,221.25,49.5,99,0.02747
1770,613.25,155.25,17.5,35.25,0.0033306
1770,29,292.75,19.5,39.25,0.0058564
1770,34,75.75,18.5,37,0.0028686
1770,407,173.75,21,42.25,0.17831
1770,603.25,180.5,19.25,38.75,0.0032915
1770,560.75,183,26.25,52.5,0.017665
1770,367.75,226.5,27.25,54.5,0.0018141
1770,-7,-4.25,28.5,57.25,0.0028515
1770,-4,43.75,30.25,60.75,0.0075668
1770,593.5,15.5,30.25,60.5,0.0096942
1770,404.5,223.5,37.25,74.75,0.10868
1770,186,166.25,61,122.25,0.011411
1770,598.5,-7.75,44.5,89,0.0022462
1800,254,206,16,32,0.0018077
1800,562,82,16,32,0.0065975
1800,386.25,179.5,17.5,35.25,0.032132
1800,360.5,170.5,18.5,37,0.012374
1800,49,61.25,19.25,38.75,0.014083
1800,-3.5,143.5,21,42.25,0.021132
1800,33.25,194,23.5,47,0.0086383
1800,390,250,23.25,46.5,0.012515
1800,524.75,178.5,28.5,57.25,0.01722
1800,-3.5,46,28.5,57.25,0.0071695
1800,191.25,182.5,30.75,61.5,0.0036095
1800,220.25,215,31.5,63,0.018762
1800,548.25,171.25,33.5,67.25,0.001488
1800,203.75,164.75,62,124.25,0.0040773
1800,518.25,153,69,138.25,0.0054856
1830,20,100,16,32,0.0066503
1830,538.5,183.75,17.5,35.25,0.0038714
1830,49,58.75,19.25,38.75,0.011257
1830,522.75,54.75,20.25,40.75,0.0088761
1830,236.5,294.25,24.25,48.75,0.014788
1830,241,182.75,27.5,55.25,0.020335
1830,-5,-6.25,27.25,54.5,0.0081597
1830,227.5,240,27.25,54.5,0.00084975
1830,429.5,-2.75,27.25,54.5,0.0041512
1830,-4.5,39,32.5,65,0.0059798
1830,143.75,92.75,28.5,57.25,0.0049185
1830,510.25,168.25,28.5,57.25,0.0037958
1830,555.75,170.75,31.5,63.25,0.0070019
1830,367.75,216,34.75,69.75,0.003933
1830,175.75,165.25,43.5,87.25,0.008632
1830,186.5,161.75,59.25,118.75,0.0032291
