30,55.25,281,12.25,24.25,0.56119
30,603.75,365.25,15.75,31.25,0.55833
30,589,368.75,13.25,26.75,0.55676
30,444.75,417.5,15.25,30.25,0.55578
30,364.75,273.5,15.75,31.5,0.55575
30,259.75,350,14.25,28.5,0.5554
30,310.75,318.5,13.75,27.5,0.55452
30,540.5,262.75,12,23.75,0.55166
30,406.25,310.75,12.5,25.25,0.55038
30,396.5,397.75,12,23.75,0.54854
30,341.25,276.75,14.5,29,0.54755
30,580.75,343,14,27.75,0.54559
30,484,415,13.5,27,0.54547
30,125.5,353,13.25,26.25,0.54525
30,598.75,357,13.5,27.25,0.54514
30,354.25,345.75,18.75,37.5,0.54502
30,367.75,358,13.75,27.5,0.54417
30,228.5,354.5,15.5,30.75,0.54115
30,391.5,169,14.5,29,0.54011
30,404.5,392.75,13.25,26.75,0.53962
30,427.5,402.75,15.5,31.25,0.53944
30,372.75,272.5,15.5,31.25,0.53894
30,347.75,275.25,15.5,30.75,0.53815
30,564,273.75,15.5,31.5,0.53729
30,579.75,353,15.75,31.5,0.53682
30,557.5,287,13.75,27.75,0.53592
30,139.75,408.75,16.75,33.25,0.53585
30,519.25,265.5,13.25,26.5,0.53558
30,498.5,406.25,13,25.75,0.53549
30,593.75,338,17.75,35.5,0.53536
30,51.75,394.5,15.5,31,0.53526
30,60.25,399.25,16.25,33,0.53515
30,380.5,304.5,16.5,33,0.53488
30,355.75,433.25,12.25,24.5,0.53461
30,557.25,339.25,15.25,30.75,0.53455
30,620.75,357,11.5,23,0.53441
30,69.75,197.75,12.5,25,0.5344
30,311,398.75,13,26,0.53389
30,108.25,374.75,12.5,24.75,0.53382
30,91.75,276.75,12.25,24.5,0.53371
30,587,340,13.5,26.75,0.53364
30,435,184.5,17.75,35.75,0.5336
30,603.75,315.25,15,30,0.53331
30,396.5,429.5,14.25,28.75,0.53326
30,28.25,194.75,13.75,27.5,0.53325
30,600,260.5,13.5,26.5,0.53308
30,43.75,395.5,15.75,31.5,0.53294
30,260.25,304,13.5,27.5,0.53286
30,622.25,57,12.5,24.75,0.53255
30,252.25,296,13,26,0.53215
30,258.5,424,12.5,25.25,0.5316
30,604.75,385.5,15.75,31.5,0.53122
30,212.75,383,14.75,29.5,0.53114
30,76.75,385.75,16.5,33,0.5307
30,60.5,368,12,24,0.53042
30,588.5,353.25,17,34,0.53041
30,440.75,420,11.5,23.25,0.53004
60,148.75,433,14.75,29.75,0.56912
60,107.25,366,17,34.25,0.56099
60,37.25,303.5,14.25,29,0.55993
60,404.25,336.25,14,27.75,0.55377
60,155.5,257,12.25,24.75,0.55242
60,103.5,273,12,23.5,0.55124
60,356.75,352.25,15.75,31.25,0.54906
60,212.25,378,12.5,25,0.54687
60,411.75,331.5,14.75,29.75,0.54622
60,356.5,372,14.75,29.5,0.54558
60,428.5,434.5,13.75,27.5,0.54451
60,341.75,416.25,14.75,29.5,0.54367
60,149.75,319.25,13.25,26.75,0.54359
60,396.5,338.5,14.75,29.5,0.54285
60,166.75,347.25,12.75,25.75,0.54219
60,348.25,355,14.75,29.75,0.54105
60,92,400.75,16,31.75,0.54025
60,294.75,322.75,12.75,26,0.54009
60,364.75,11,24.25,48.25,0.5389
60,372.25,432.75,15,30,0.53875
60,325.75,344,13,25.75,0.53838
60,89.25,204,15.5,30.75,0.53772
60,116,351.25,13,26,0.53681
60,605,383,12.75,25.25,0.53653
60,500.75,280.5,11.75,23.75,0.53602
60,213.5,430,13.75,27.5,0.53553
60,600.75,316.75,11.5,23.5,0.5355
60,394.75,306,18.5,37.25,0.53503
60,118.75,421.25,13.5,27,0.53494
60,190.75,374.5,14.5,29.25,0.53474
60,284.5,357.5,11.75,23.5,0.53468
60,260.25,311.5,12.25,24.5,0.53451
60,171.5,232.5,13.75,27.5,0.53415
60,507.75,444.5,13.5,26.75,0.5338
60,181.25,343.5,12.75,25.5,0.5335
60,173.5,385.25,14.25,28.5,0.5333
60,51.25,200.5,16.75,33.25,0.53298
60,124.5,273.5,14.5,29,0.53278
60,588,366.25,14.25,28.5,0.5326
60,172.25,336.5,16.5,32.75,0.53246
60,301.25,340.5,14.5,29,0.53237
60,280.25,432,12,24.25,0.53226
60,350.75,186.75,13.5,26.75,0.5321
60,412.25,306,15,30.25,0.53189
60,132,355.5,14.75,29.5,0.53178
60,99.25,199.75,16.5,33,0.53175
60,363.75,327,13.25,26.25,0.53172
60,150,367.5,14,28,0.53143
60,87.75,392,12.75,25.25,0.53136
60,325.25,424.75,15.5,31,0.5309
60,21.5,301.25,13.5,26.75,0.53071
90,341.5,432.5,15.25,30.75,0.58056
90,252.75,345.75,14.75,29.5,0.57251
90,101.5,422.75,13.25,26.5,0.56537
90,192.25,345,12.25,24.5,0.56299
90,380.25,288.25,15.5,30.75,0.55853
90,244.5,329,12,24,0.55301
90,564.75,300.25,14,27.75,0.55175
90,108.25,433.5,15,30.25,0.55139
90,286,363,12.5,24.75,0.55026
90,364,438.25,13,25.75,0.55008
90,443.5,437.75,13.25,26.75,0.54978
90,117.25,431.5,14.75,29.25,0.54964
90,355.75,336.5,12.75,25.25,0.54716
90,573.5,288,12.75,25.5,0.54593
90,246.25,313.5,14.75,29.25,0.54534
90,403.25,297,16.75,33.5,0.54532
90,324.25,421.25,16.25,32.5,0.54446
90,309.25,380.5,12.5,25,0.54444
90,134,442.5,14,28,0.54443
90,269.25,363.5,12.75,25.25,0.54351
90,213.25,306.75,14,28.25,0.54313
90,196.5,433,15.5,31,0.54276
90,604.5,303.75,14.5,29,0.54238
90,252.75,341.25,15,30,0.54197
90,341.25,403.75,13.5,27.25,0.54179
90,68.75,392.75,15.75,31.5,0.54157
90,404.75,443,14.25,28.5,0.54076
90,332.75,433.5,15.75,31.25,0.54012
90,188.5,344.5,12.25,24.75,0.54004
90,588.5,274.5,14.25,28.5,0.53996
90,125,329.75,14,27.75,0.53936
90,343.75,324,13.75,27.5,0.53924
90,181.5,379,14.5,29,0.53909
90,611.5,303.5,16.75,33.5,0.5388
90,437.75,162,26.75,53.25,0.53871
90,470.5,187,15,30.5,0.53861
90,376.75,161,28.5,57,0.53841
90,493.75,427,13.5,27,0.53834
90,282.5,362,11.75,23.75,0.538
90,404.25,348.75,14.25,28.75,0.53754
90,332,379.75,13,26,0.53752
90,148.25,380,15,30,0.53739
90,428.75,341,11.5,23,0.53685
90,428.25,328,12.25,24.75,0.53654
90,171.75,350,17.5,34.75,0.53636
90,296.25,302.5,13.75,27.5,0.53604
90,229.5,299,13,26,0.53599
90,146,346,19.5,38.75,0.5357
90,172.5,375.75,12.5,24.75,0.53551
90,61,314.75,14.75,29.25,0.53509
90,196.75,386.75,15,30.25,0.53396
90,60.75,142.75,12,24.25,0.53308
90,379.25,430.5,13,26.25,0.5327
90,61.75,289,15.25,30.25,0.53256
90,538.5,161.75,12,24,0.53241
90,428.75,416,13.25,26.5,0.53231
90,161,184.25,60.5,121,0.53139
90,156.5,358,12.75,25.75,0.53137
90,419.5,326,13.25,26.5,0.53112
90,241.25,429.5,13.5,26.5,0.53105
90,589,317.75,17,34,0.53083
90,543,165,18.75,37.5,0.53079
90,396.25,280.75,11.75,23.5,0.53077
90,478.25,392,12.5,25,0.5306
90,236.5,347.5,13.75,27.5,0.53049
90,8.75,435,11.5,23,0.53039
90,363,429.75,14.5,29,0.53011
120,571.75,285,14.5,28.75,0.55731
120,333,308,14.5,28.75,0.55702
120,451.25,1.5,16.5,32.75,0.55679
120,395.75,431,17.75,35.75,0.55654
120,340.75,301.25,14.5,29,0.55512
120,300,307,15.75,31,0.54815
120,174.75,409.25,13,26,0.54801
120,467.75,433,16.25,32.25,0.54794
120,333.5,292,14.75,29.25,0.54322
120,309.5,309,14.5,29,0.54213
120,252.25,440.25,16.5,33,0.54187
120,198.5,352.5,16,32.25,0.53994
120,476.5,431.25,15.75,31.25,0.53929
120,324.5,313.5,15.75,31.5,0.53905
120,314,252.75,18,35.75,0.53816
120,384.75,92,12,24,0.53807
120,307.75,5.5,14,28,0.53792
120,309.25,298.5,15.25,30.5,0.53792
120,534.25,273,12.25,24.75,0.53771
120,294.5,310.25,14,28,0.53752
120,250.5,25.75,19,38,0.53601
120,558.25,77.25,31,62.25,0.53537
120,491,431,17.75,35.5,0.53528
120,260.25,433.25,16.5,33,0.53473
120,524,279.25,16,32,0.53439
120,507,433,17,34,0.53395
120,263.5,296.25,12.25,24.5,0.53355
120,275.75,304.75,13.75,27.5,0.53328
120,132.75,174.5,16.5,33.25,0.53293
120,89.5,176.5,20.25,40.75,0.53213
120,357.5,434,15.5,31,0.532
120,317.75,279,12.5,25.25,0.5314
120,254,250.5,12.75,25.75,0.53099
120,215.75,407.25,13.25,26.25,0.53089
120,202,406.75,16.5,33,0.53082
120,225.5,434,18.25,36.5,0.53072
120,243.5,29.5,15.25,30.5,0.53045
120,556.75,312,12.5,25.5,0.53001
150,408,411.25,11.75,23.5,0.56485
150,237.5,389,12.25,24.75,0.55774
150,275.75,322.5,31.5,63,0.55412
150,468,252.25,15.75,31.75,0.55351
150,581.75,262,13.5,27,0.55334
150,572.5,347.25,14.75,29.5,0.55225
150,588.5,335.5,12,24,0.55124
150,243.25,330,15.5,31,0.54947
150,412.5,296.5,12.5,24.5,0.5493
150,-18.5,158,153.5,306.75,0.54909
150,324.75,412.25,15.5,31,0.54796
150,606.75,376.25,12.5,25.25,0.54446
150,571.75,262,16.5,32.75,0.54424
150,596.25,349.75,12.5,25,0.54239
150,149.25,345,17.25,34.5,0.54024
150,340.75,397.25,13.75,27.5,0.53968
150,490,269.75,20.5,40.75,0.53964
150,452.5,251.5,14.75,29.75,0.53808
150,-1,194,15.5,31.25,0.53775
150,391,288.5,12.25,24.5,0.53746
150,510,254,13.25,26.25,0.53731
150,229.75,288.5,12.75,25.75,0.53629
150,500.75,264.75,15.5,31.25,0.53584
150,604.75,344.5,11.75,23.5,0.53549
150,582,335,13,26,0.53514
150,290,356.5,13.5,27.5,0.53321
150,460,402,14.25,28.75,0.53271
150,479.25,398,12.25,24.75,0.53238
150,363.75,326.5,30.5,60.75,0.53229
150,357.5,329.75,12.75,26,0.53184
150,582.5,306.25,11.75,23.5,0.53163
150,245.5,12,13.75,27.5,0.53134
150,358,422.75,13,26,0.53107
150,313.25,166.75,53.5,106.75,0.53043
150,593,369.5,15.25,30.5,0.53038
180,123.75,314.5,14.5,29,0.56986
180,36.25,361.25,12.25,24.5,0.55703
180,438.75,375.5,13,26.25,0.55685
180,267.75,446,12,24,0.55634
180,575.5,320.25,13,26,0.55586
180,603,339.25,17.25,34.75,0.55481
180,117,314,14,27.75,0.55451
180,181.75,351.5,14.75,29.75,0.55234
180,324.75,227,15.75,31.5,0.55161
180,596.5,337.5,12.75,25.25,0.55138
180,428,405.75,13.75,27.75,0.55124
180,262.5,285.75,13.25,26.5,0.5502
180,326.75,3.5,12.75,25.5,0.54895
180,356.5,360,14.25,28.5,0.54885
180,86,300,13.5,27.25,0.54683
180,172,293.25,15,30,0.54643
180,373,345.75,13.75,27.25,0.54461
180,157.5,397.25,13.25,26.25,0.54397
180,334.25,383,12,24,0.5434
180,57,179.25,13.5,27.25,0.54318
180,124,305.25,14,28,0.54193
180,404.75,342.75,14.5,28.75,0.54128
180,300.75,356.5,12,24,0.54059
180,247.5,340.75,12.75,25.25,0.54017
180,535.75,298,12.25,24.75,0.53855
180,44.25,323,14.75,29.75,0.53804
180,76.25,294.25,16.75,33.5,0.53783
180,484.25,395.75,14.5,29,0.53758
180,166.25,356.5,14.25,28.5,0.53697
180,211.5,296.5,17,34.25,0.53691
180,467.75,399.75,17,34,0.5369
180,342.75,438,11.75,23.25,0.53683
180,326.75,360.25,13.25,26.75,0.53654
180,187.75,361.5,22.25,44.25,0.53516
180,420,394.5,13.25,26.75,0.53498
180,76.25,375.5,15,30.25,0.53483
180,132.75,365,13,26.25,0.53479
180,366,399.75,12.75,25.75,0.53412
180,98.25,371,11.75,23.25,0.53406
180,348,353.25,15,30.25,0.53379
180,294,286.25,14.25,28.25,0.53376
180,180.5,291.5,13.5,26.75,0.53372
180,420.75,366.25,15,30,0.53335
180,199,274.5,11.75,23.5,0.53328
180,103.75,352.75,13,26.25,0.53311
180,306.75,217,11.5,23,0.53277
180,388.75,258.5,12.25,24,0.53197
180,65,244,13.75,27.5,0.53193
180,309,237.5,12.5,25,0.53185
180,220.75,350.25,13.5,27,0.53143
180,48.25,166,21,41.75,0.53119
180,190.25,288.75,13.75,27.5,0.5311
180,532.25,224,12.25,24.5,0.53107
180,251.75,382.5,14,28,0.53095
180,493,333.75,19.25,38.75,0.53065
180,213.25,366.5,13.75,27.75,0.53064
210,375.75,7.25,13.25,26.5,0.57507
210,339.5,318.5,13.25,26.5,0.55344
210,491.75,385,17.25,34.75,0.55263
210,452.25,329,12.25,24.5,0.55239
210,389,6.5,13.5,27.25,0.54996
210,476.5,238.75,13.25,26.25,0.54978
210,573,287.5,14,28.25,0.54949
210,326.75,3.5,12.75,25.5,0.54895
210,340.5,396.75,14.5,29,0.54811
210,116.25,391.5,15.75,31.5,0.54691
210,205.25,376.25,14.75,29.5,0.54513
210,317.25,251.75,14.5,28.75,0.54451
210,343.5,6,13.75,28,0.54419
210,260.5,287,16,32,0.54387
210,77,395.25,14.25,28.25,0.54321
210,548.5,283.5,15,30,0.54234
210,356,384.75,15.75,31.75,0.54138
210,271.5,332.5,13,25.5,0.54042
210,125.25,390,14.25,28.5,0.53982
210,356.5,413.25,14,28.25,0.53953
210,214,375.75,12.75,25.75,0.53903
210,27.5,271.25,16,32.5,0.53894
210,468.5,239,13,26.25,0.53892
210,604.5,335,13,26.25,0.53879
210,196.5,360.75,11.75,23.5,0.53855
210,596.5,340,14,28.25,0.53839
210,355.75,311.75,13,26.25,0.53796
210,580.25,343.25,15.25,30.25,0.53748
210,380,340,12.5,25,0.53693
210,139.5,412.75,13.5,27.25,0.53688
210,198.25,378.5,12,24,0.53676
210,44.75,288.75,11.75,23.5,0.53546
210,199.75,291,15,30.25,0.53534
210,492.5,110.75,11.75,23.5,0.53515
210,316.25,310.25,29.5,59.25,0.53458
210,156.25,316.5,15.5,31.25,0.53438
210,604.25,256,13.5,26.5,0.53377
210,623,37.5,19.5,39.25,0.53339
210,394.75,84.75,12.75,25.5,0.53331
210,285.5,360,12.5,25.25,0.53312
210,386.5,392.75,16,32.5,0.53286
210,305,402.75,11.75,23.5,0.53146
210,103.5,414.5,13.25,26.25,0.53145
210,503,254,13.5,27,0.53144
210,459.75,225.5,17,34.25,0.53144
210,582.75,260.25,14,27.75,0.53121
210,596.25,257.25,14.25,28.75,0.53095
210,317.5,365.75,13.75,27.75,0.53083
210,405.5,347.75,17,34.5,0.53025
240,22,283.75,13.5,27,0.56336
240,157.75,388.25,13,26.25,0.56045
240,610,136,22.75,46,0.55486
240,302,377.5,13.25,26.75,0.55278
240,389.25,6.5,13.5,27,0.54996
240,326.75,3.75,12.5,25,0.54895
240,91.75,391,12.5,25,0.54859
240,102,367.75,12.5,25,0.547
240,212.5,410.5,15,30,0.54588
240,284.25,271,14,28,0.54417
240,309.75,416,13.25,26.75,0.54222
240,79.75,380.75,12.5,25,0.54045
240,324.5,268,15.5,31.25,0.54034
240,263.75,369.75,14.75,29.25,0.53994
240,216.75,333,11.5,23,0.53943
240,52,277.75,15.25,30.25,0.53933
240,295,378.75,12.25,24.5,0.53902
240,325,406.75,16.25,32.5,0.53846
240,573,285.25,13.5,27.5,0.53819
240,213.5,382,14.25,28.5,0.53605
240,151,380.75,12.75,25.25,0.53592
240,149,357.5,13.5,27.25,0.53582
240,332.75,336.5,13,25.75,0.53569
240,586.5,417.25,25,49.75,0.53535
240,578.5,158.75,16.25,32.75,0.53514
240,37,285.25,14.25,28.5,0.53509
240,135,360.25,12.25,24.75,0.53496
240,389,303,15,30.25,0.53482
240,148.75,336.75,14.75,29.75,0.53475
240,333.25,278.5,14,28.25,0.53451
240,364.5,297.5,12.5,25.25,0.53443
240,405.75,431.5,13.25,26.5,0.53437
240,373,348.75,14.5,28.5,0.53387
240,158,333.25,13.75,27.5,0.53366
240,536.25,418.5,12.5,24.75,0.53361
240,548.75,271,14.25,28.5,0.53342
240,205.25,373.5,14.75,29.5,0.53312
240,220.75,363.5,12.75,25.75,0.53271
240,277.5,249.5,14.5,29,0.53243
240,365.75,336.25,14,28.25,0.53242
240,164.25,400.5,12.25,24,0.53191
240,406.75,4.75,14.25,28.5,0.53182
240,252.5,376,12.75,25.25,0.53167
240,204.5,378.25,15.5,31,0.53136
240,365,386.75,15.5,30.75,0.53131
240,412.25,293,13.5,27.25,0.53101
240,219.75,396.5,14,28,0.53046
240,604,302.75,14.25,28.25,0.53045
240,332.25,416,12.25,24.25,0.53041
270,343,7.25,14.75,29.75,0.5714
270,195.5,368.25,13.25,26.25,0.56918
270,572,316.25,16,31.75,0.56392
270,523.75,112.25,12.75,25.5,0.56213
270,420.75,410,14,27.75,0.55413
270,284,376,12.75,25.25,0.55098
270,572,344.75,16,32,0.55082
270,310.75,287,13,26,0.55045
270,223.25,375.25,13,26,0.54835
270,408.75,340.25,12.75,25.75,0.54793
270,445.25,337,16,31.75,0.54728
270,355.25,375.25,16.75,33.75,0.54716
270,294.75,268,13,25.75,0.54658
270,108,337,15.75,31.5,0.54646
270,203.75,293.75,13.5,27,0.54616
270,148.75,380.25,14.5,28.75,0.5458
270,106.5,382,19,38.5,0.5458
270,374.25,21.5,14,28,0.54433
270,450.25,399.75,17.5,35,0.54417
270,44.5,291.5,13.75,27.5,0.54393
270,355.75,432.25,12.75,25.5,0.54377
270,612.5,386.25,14,27.75,0.5434
270,330.5,433.75,15.5,30.75,0.54274
270,360,4.75,15.75,31.5,0.542
270,210.5,376.5,12.5,24.75,0.5418
270,404.5,329,11.75,24,0.54134
270,414.75,331,12.75,25.5,0.54048
270,342.25,319.75,12.5,25,0.54035
270,505,133.5,13.25,26.75,0.54025
270,212.25,390.5,15.75,31.25,0.53995
270,27.75,38.25,12.5,25,0.53992
270,294,431.75,12.75,25.25,0.53982
270,584.75,297.75,11.5,23.25,0.5398
270,187.5,355.5,13.75,27.75,0.53964
270,51.5,349,15,30,0.53861
270,333.25,282,15,30,0.53855
270,289.25,374.75,13.5,27,0.53839
270,323.25,424.75,12,24.5,0.53821
270,516.25,251,14.75,29.5,0.53768
270,324,382.25,13,26.25,0.53755
270,267.5,347.25,16.5,33,0.53741
270,85.5,415.25,16.75,33.25,0.53726
270,118.25,409.25,12,24,0.53711
270,29,303,13.5,27,0.53597
270,277.25,417,15,30.5,0.53588
270,156,381.5,14.75,29,0.5358
270,102.25,374.25,13.5,26.75,0.53559
270,556.5,430.75,13,26.25,0.53555
270,192.75,414.25,19.5,39.5,0.53545
270,378.25,352.5,12.75,25.25,0.53529
270,357.75,296,13,26.25,0.53436
270,206,336.75,12,24,0.53422
270,118,420.5,12.25,24.5,0.53401
270,149,340.25,14,28,0.53399
270,216.5,376,13,25.5,0.53387
270,229.75,314.25,13.25,26.75,0.53386
270,514.5,401.75,20,40,0.53379
270,68.75,276,12,24.25,0.53361
270,451.75,417,15.75,31.75,0.53354
270,13,69.75,17.5,35.5,0.53338
270,178.5,368.5,14.25,28.5,0.53336
270,212.25,336,12.25,24.75,0.53322
270,509.5,250.5,13.75,27.75,0.53319
270,596,313.25,15,30,0.53314
270,619.75,353.25,13,25.75,0.53294
270,548.25,335.25,12.75,25.75,0.53282
270,85.5,299.25,14.5,29.25,0.53264
270,557.5,348.5,14.25,28.75,0.53247
270,165.5,412.75,14,28.5,0.53242
270,261.25,327.75,14.25,28.25,0.5322
270,364.25,334.75,16.25,32.5,0.53219
270,284.25,340.25,19.5,39.5,0.53217
270,300.75,259.75,12,24.25,0.53181
270,412.75,359.25,12.25,24.25,0.53178
270,467.5,85.75,12.5,25.25,0.53146
270,460.25,419.25,14.25,28.5,0.53142
270,412.25,404.5,14.5,29.25,0.53129
270,518.75,425.5,11.75,23.75,0.53129
270,382.75,289.75,12.75,25.5,0.53121
270,244,416.5,16.25,32.25,0.53109
270,357.75,279.25,13,26,0.53107
270,252.75,320.75,11.75,23.5,0.53081
270,188.75,424,16.25,32.25,0.5308
270,438,100.75,14.25,28.75,0.53079
270,523.75,124.5,12.5,24.75,0.53063
300,197.5,420.75,14,28,0.57024
300,344,11.25,13,26,0.56719
300,412.75,376.25,13.5,27,0.56683
300,470.25,432.5,13,25.75,0.56575
300,60.5,287,14.25,28.25,0.55957
300,482.25,366.25,16.75,33.5,0.55694
300,468.5,417.5,12.5,25.25,0.55441
300,326.75,296.5,12,24.25,0.55259
300,285,331.25,14.5,29,0.55144
300,300.5,98.75,12.5,25,0.54895
300,474.75,386.5,15,30.5,0.54881
300,234.75,190.25,35.25,70.75,0.54761
300,428.5,407.75,13.25,26.5,0.54759
300,397.25,363.75,13.5,26.75,0.54654
300,69.25,280.5,13.5,27,0.54512
300,381,354.25,15,30.25,0.54401
300,451.5,372,16.5,33.25,0.54301
300,452.25,427.75,15.25,30.5,0.54246
300,347.5,176.25,14,28.25,0.54124
300,209.75,302.75,19.5,39,0.54089
300,228.5,400.75,16,32.25,0.54082
300,389.75,417.25,13.75,27.5,0.53982
300,180,415.25,16.5,33,0.53842
300,396,412.75,15.5,31,0.53779
300,556.25,270.5,13.25,26.25,0.53663
300,371.25,350.5,15.25,31,0.53594
300,29.75,300.5,14.25,28.25,0.53587
300,215.5,14.5,13,26,0.53575
300,148.25,316.25,15.75,31.5,0.53561
300,598.25,288.5,12,24,0.53529
300,226,272,15.75,31.75,0.53484
300,205.75,358,13.25,26.5,0.53477
300,309.75,422.75,13.75,27.75,0.53417
300,612.5,3.75,19.25,38.25,0.53337
300,86.25,318.25,12.75,25.25,0.53292
300,439.5,368.25,12.25,24.25,0.53276
300,350.5,407.5,12.75,25.75,0.53226
300,21.5,293.5,13.25,26.75,0.53223
300,548,284.25,14.5,29.25,0.53177
300,132.75,412.25,13.75,27.5,0.53144
300,293.75,417.5,15.25,30.25,0.53144
300,444.5,427,14.5,29,0.53135
300,548.5,402.25,11.75,23.5,0.53106
300,190.75,417.25,15.75,31.25,0.53067
300,615.25,16.75,12.5,25,0.53032
300,428.75,376,12,24.5,0.5303
300,402.25,381,17.75,35.25,0.53028
330,212.75,377.5,15,30,0.56724
330,563.25,296,12.5,25,0.5634
330,60.25,300,14,28,0.56011
330,493.75,366.5,13.5,26.75,0.55765
330,260.75,349.5,14.25,28.5,0.55402
330,588.5,307.75,13.5,27.25,0.55194
330,228.25,416.75,12,24,0.54939
330,435.25,412,18,36,0.54912
330,550,429,13.75,27.5,0.54856
330,157.25,387.75,13.75,27.25,0.54783
330,548.75,374.25,13.75,27.75,0.54725
330,316.5,345,12.25,24.5,0.54704
330,213.25,404.75,14.25,28.75,0.54548
330,438.5,312.5,13.25,26.5,0.54535
330,116.5,409.5,12,24,0.5441
330,333.25,325.5,14,27.5,0.54269
330,292,331.75,12.25,24.25,0.54256
330,390.25,430,13.25,27,0.5419
330,514.5,382.25,13.25,26.25,0.54163
330,149.5,386.75,14,28,0.5414
330,366,442,13.25,26.75,0.54129
330,283.75,149,12.75,25.5,0.54066
330,260.75,372.25,15,30,0.54059
330,149,397,14,28,0.53989
330,571.75,298.75,13.25,26.25,0.53937
330,310.5,342.75,14,28.25,0.5385
330,278.5,411.75,12.25,24.75,0.538
330,438.75,358,13.25,26.5,0.53755
330,176.75,374.25,13.25,26.75,0.53745
330,603.25,303.75,17,33.75,0.53679
330,77.25,414,13.5,27,0.53663
330,244,364.75,13,26,0.53635
330,323.75,407.5,12.25,24.5,0.53634
330,411.5,363.75,17.5,34.75,0.53592
330,468.25,408.5,14,28.25,0.53531
330,199.25,338,12,24,0.53489
330,580.25,308.5,15.5,30.75,0.53467
330,428.5,358,13.75,27.5,0.53376
330,556,263,13.25,26.25,0.53368
330,-1.5,168.75,13.25,26.5,0.53322
330,204.75,410.5,14.25,28.75,0.53263
330,261,307.5,14.75,29.75,0.53253
330,445.75,302.75,13,26,0.53248
330,250.5,349,14,27.75,0.53231
330,243.75,385,13.25,26.5,0.5322
330,404,378,15.25,30.75,0.53184
330,254,275.75,12.75,25.5,0.53151
330,532,405.75,15.75,31.5,0.53147
330,394.75,291,11.5,23,0.53145
330,156.75,395,14.75,29,0.53107
330,164,394,15.25,30.5,0.53082
330,325.75,388.5,13.5,26.75,0.53045
330,237.25,348,13.5,27.25,0.53024
330,6.75,312.75,13.25,26.25,0.53023
360,92.25,272.75,15.25,30.75,0.56646
360,83.5,285,14.5,28.75,0.55772
360,556.25,403.75,13.75,27.5,0.55571
360,333.75,377,12.5,25.25,0.55253
360,460.5,316.75,14.25,28.75,0.54952
360,436.25,330.5,14.25,28.75,0.54922
360,176.5,16,13.75,27.75,0.54745
360,-2.5,210,20,39.75,0.54617
360,461,425.75,14,27.75,0.54534
360,134.5,387.5,13.75,27.75,0.54402
360,157.25,410.5,13.75,27.5,0.54376
360,548.5,284.75,14.5,29,0.54296
360,478.25,428.25,13.5,27.5,0.54133
360,523.75,425.75,12.25,24.5,0.54098
360,150.5,188.75,23.25,46.5,0.54066
360,102.25,86.75,12.25,24.5,0.54061
360,164.75,385.25,15.25,30.25,0.54006
360,581.25,282.25,14.25,28.5,0.53991
360,245.5,363.25,15.25,30.5,0.53894
360,68.75,275,15,29.75,0.53772
360,317.5,424,13,25.75,0.53741
360,446.5,372.25,12.25,24.25,0.53689
360,176.75,27.25,13,25.75,0.53655
360,625,183.25,16.25,32.25,0.53604
360,492.25,426,15,30,0.53532
360,325.75,431.5,12.75,25.75,0.53518
360,253.75,286.75,13.5,27.5,0.53503
360,463.5,134.75,13.25,26.25,0.53502
360,258.25,255.75,16,32.25,0.53498
360,231,16.5,13.5,27.25,0.53485
360,205,357,13.75,27.25,0.53415
360,466.75,297,11.75,23.75,0.53349
360,373,416,16.25,32.25,0.53325
360,612,319.75,16.5,33,0.53311
360,604.5,312.25,12,24.25,0.53307
360,430.75,345.75,12,23.75,0.53303
360,221,19,15.5,31.5,0.53261
360,540,282.75,14.25,28.75,0.53214
360,454,371.25,12.75,25,0.53213
360,246,346.75,17,34.25,0.53182
360,619.5,295,12.75,25.5,0.53142
360,180,377,11.75,23.5,0.53132
360,384.75,171.25,22.25,44.25,0.53121
360,140.5,410.5,12,24,0.53118
360,540,412.25,14.25,28.5,0.53105
360,264.5,265.75,11.75,23.5,0.531
360,300,317,16.75,33.25,0.53086
360,28.25,103.75,14.75,29.25,0.53067
360,366.5,286.5,12,24,0.53057
360,61.75,390.5,12.75,25.75,0.53026
360,604.5,322.5,14.75,29.75,0.53007
390,317,356.75,14.75,29.75,0.55872
390,287,293.25,13.75,27,0.55658
390,86.5,279.5,12.75,25.25,0.55626
390,348.25,416.75,13.5,27,0.55616
390,44.25,28.25,14,27.75,0.55553
390,36.25,337.5,15.5,31,0.55371
390,83.75,324.75,14.5,28.75,0.55341
390,412.75,398.75,13.5,27.25,0.55133
390,214,376.5,12.25,24.25,0.5501
390,341,430,13.75,27.25,0.54993
390,572.5,404,14.75,29.75,0.5496
390,197.75,348.5,14,28.5,0.54733
390,461,362.25,13.75,27.75,0.54685
390,587.5,413.5,19.75,39.75,0.54636
390,197.25,51,14.75,29.75,0.5448
390,37.75,304.75,13.25,26.75,0.54279
390,105,431.25,12.5,25.25,0.54239
390,291.25,305.25,16.25,32.5,0.54032
390,292,12.5,15.5,31,0.54016
390,285,314.5,14.25,28.5,0.53874
390,247.75,358.75,13,26.25,0.5374
390,612,271,16.25,32.75,0.53738
390,92.75,401,12,24.25,0.53724
390,531.25,406.75,13.5,27.25,0.53722
390,309.25,16,14.25,28.25,0.53686
390,422,227.75,15,30,0.53658
390,221.5,16,14.25,28.75,0.53651
390,561.5,363.25,18.75,37.75,0.53639
390,268.5,11.75,15,30.25,0.53552
390,487.5,360,13,26.25,0.53543
390,604,249.75,12.25,24.75,0.53443
390,162.25,346,12,24,0.53439
390,299.25,387.5,15.5,31,0.53423
390,401.25,399.5,19.75,39.5,0.53373
390,368.25,393.25,19.75,39,0.53344
390,238.5,336,12.5,25,0.53343
390,224.25,57.75,11.75,23.5,0.53321
390,596.75,362,14.5,29,0.53313
390,581.25,354.5,32.5,65,0.53291
390,299.75,355.25,14.75,29.5,0.53288
390,86.25,6.5,13,26.25,0.53267
390,92.75,321.5,12.25,24.5,0.53221
390,365.5,367.25,13.5,27,0.53204
390,405.75,415,13.25,26.5,0.5319
390,580.25,399.5,15.5,31,0.5317
390,565.5,397.75,14,28,0.53162
390,315.25,95.5,13.75,27.5,0.53148
390,267.75,302.75,13,26.25,0.53141
390,512.5,408,12.25,24.75,0.53096
390,390.25,399.5,13,26,0.53089
390,47.5,300,13.25,27,0.53087
390,155.75,394.25,16,31.75,0.53054
390,603.75,359.75,16,32.25,0.53023
420,469,380,14,28.25,0.56471
420,350.25,374.25,13.5,27,0.55464
420,460.25,376,13.75,27.25,0.55149
420,405.5,381.25,13.5,27.25,0.55125
420,124,1,12.5,25,0.54756
420,422,367.5,13,26,0.54315
420,260.25,368.25,12.5,25,0.54314
420,165,411.5,14.25,28.25,0.54268
420,461,333,13.5,27.25,0.54267
420,317.25,293,14.25,28.75,0.54205
420,139.25,38.5,13.25,26.75,0.54072
420,451.75,375.75,15.75,31,0.54027
420,140.25,25.5,12.75,25.75,0.53994
420,61.5,329.25,15.25,30.5,0.53824
420,181,333.25,16.5,33.25,0.53715
420,626.75,439.75,13.75,27.75,0.53705
420,373.75,376.5,12.25,24.25,0.537
420,164.25,394.25,15,30.25,0.53679
420,416.5,297,12,23.5,0.53659
420,626.25,99.75,14.75,29.75,0.53624
420,229,15.75,14.75,29.75,0.53589
420,412,369.25,16.25,32.75,0.53556
420,325.75,379.75,14.75,29.25,0.53535
420,510.75,120.75,12.25,24.5,0.53534
420,230,400.5,12.25,24.25,0.53384
420,236.75,2.5,15.5,30.75,0.53378
420,342,410.75,12.75,25.75,0.53336
420,284.25,331.75,14,28,0.53307
420,408,322.5,20.25,40.5,0.5327
420,302.75,310.25,13.25,26.5,0.53258
420,173.75,380,13.25,26.25,0.53245
420,316.75,401.25,15.5,31.25,0.53231
420,46.5,90.5,13,25.75,0.53216
420,427.5,359,13,26,0.53158
420,491.5,147,14,28.25,0.53123
420,408.25,297.25,16.75,33.75,0.53122
420,595.75,297.75,15.25,30.5,0.5311
420,317.5,372,13,26.25,0.53055
420,612.75,297.75,15.25,30.75,0.53005
450,572.25,330.75,14,28,0.56234
450,437.5,404.5,13,26,0.55446
450,124,1,12.5,25,0.54756
450,533.75,415,12.75,25.5,0.54701
450,604.25,305.25,16.25,32.5,0.5468
450,91,32.5,12,24,0.54651
450,341.5,382.5,13,26.25,0.54449
450,238.75,360.25,12.5,25.25,0.54396
450,68.75,378.75,15,30.25,0.54077
450,348.75,382.5,12.75,25.25,0.54058
450,244,399.25,12.75,25.5,0.53996
450,29.25,320.5,15,30.25,0.53933
450,568,301,12,24.25,0.53879
450,324.75,318.25,13,26,0.53854
450,235.5,378.25,15.5,30.75,0.53798
450,444.25,416.25,15,30,0.53778
450,235.75,2.75,15.5,30.75,0.5377
450,133.5,78,13.5,27,0.53694
450,612,304.75,14.25,28.25,0.53658
450,625,168.5,16.5,33.25,0.53514
450,420.5,371,14.5,28.75,0.53476
450,86,344.5,13,25.5,0.53458
450,424.75,364.5,28.5,56.75,0.5339
450,453.75,255.75,12.25,24.25,0.5337
450,317.5,407.5,13.25,26.5,0.53233
450,206.5,363.25,12,24.25,0.5312
450,483.75,431.75,15,30.25,0.53106
450,77.75,20.25,12.75,25.75,0.53006
450,597.5,306.75,13.75,27.25,0.53004
480,445,428.25,14.25,28.25,0.5578
480,282.5,442,16.75,33.75,0.54932
480,612.75,147.25,14.75,29.75,0.54664
480,452.75,429,14,28,0.54624
480,103,421.5,13.5,27.25,0.54614
480,620,135.5,12.5,25,0.54546
480,399.5,422,13.25,26.75,0.54492
480,395,421.5,13.75,27.5,0.54319
480,604,55.75,14,28.25,0.54285
480,388.25,440.75,15.5,30.5,0.54251
480,315,389.5,16.75,33.75,0.54118
480,157.5,348.25,13,26.5,0.54104
480,364.25,445.25,14,28,0.54081
480,164.5,419.5,15.25,30.5,0.54011
480,155.5,442.75,16.25,32.5,0.53907
480,421.5,447,14,28.25,0.53774
480,164,445.75,16.25,32.5,0.53723
480,324.25,391.5,12.5,25,0.53674
480,486,420.25,15,30,0.53616
480,291.75,431.25,17,34,0.53604
480,522.5,387,18.75,37.25,0.53515
480,500.75,425,12,24,0.53446
480,324.5,415.75,16,32.25,0.53435
480,461.5,407.5,13,26,0.534
480,212.5,445.25,14.75,29,0.5339
480,301.75,433,14.25,28.5,0.53374
480,363.75,388.25,13.5,27,0.53343
480,212.5,405,14.25,28.5,0.53336
480,220.5,441.25,14.5,29.25,0.53326
480,299.5,417,15.5,31.5,0.53313
480,364,396.75,17,34,0.53306
480,533.75,344.5,12.25,24.75,0.53265
480,268.75,450.75,13.25,26.75,0.53257
480,197,441.25,14.5,29.25,0.53215
480,341.25,226.5,26.25,52.25,0.53186
480,396.75,373,11.5,23,0.53167
480,91.5,358.75,13,26,0.53146
480,75.75,154.5,16.25,32.5,0.53049
480,116.75,135.25,12.75,25.5,0.53036
480,90.5,422,13.5,26.75,0.53036
480,615.5,380.75,12.5,25.25,0.53028
480,348,398.75,13.5,26.75,0.53001
510,92.75,433,12.25,24.25,0.56168
510,364.75,433.5,15.75,31.25,0.56121
510,170.5,400,12.5,24.75,0.54944
510,292.75,405.25,14.5,28.75,0.5475
510,38,146.25,12.75,25.5,0.54735
510,236,406.25,13.5,27.25,0.54702
510,470.5,440.5,12.5,25.25,0.54613
510,125.75,56,13.25,26.5,0.54578
510,106.5,46.5,12.5,25.5,0.54551
510,123.75,71.25,13.5,27,0.54314
510,269.25,449,12.75,25.75,0.54226
510,575,382.75,13,25.5,0.54193
510,166.25,410.75,12.25,24.5,0.54118
510,212.5,388.75,15,30.25,0.54037
510,73.75,110,13,26,0.54029
510,333,437,14,28.25,0.53884
510,116.5,65.5,15,29.75,0.53691
510,269.75,439,13,26,0.53577
510,314.5,434.5,15.25,30.25,0.53575
510,432.75,392,12.5,24.5,0.53559
510,229.75,143.5,13.25,26.75,0.53529
510,150.25,312.25,13,25.5,0.5352
510,174.75,87.75,12.5,25.25,0.53416
510,107.75,428,15.25,31,0.53358
510,474.25,417.5,11.75,23.5,0.53325
510,61.5,385,12.75,25.25,0.53238
510,612.75,411.5,16,32,0.53237
510,150.75,182.25,13.25,26.5,0.53186
510,419.5,17.75,193.5,387.25,0.53153
510,61.5,417.75,14.25,28.5,0.53054
510,197.25,330,14.25,28.5,0.53023
540,51,16.25,12.5,24.75,0.56137
540,309,434,14.75,29.5,0.55046
540,213.75,368.25,13,26.25,0.5495
540,461,413.25,13.5,27,0.54891
540,220.75,331.5,13,26,0.54736
540,532.25,433,12,24,0.54701
540,355.25,446.5,12.25,24.75,0.54234
540,204,372.5,18.25,36.25,0.5402
540,151.5,331.75,12,24.5,0.5386
540,479.25,368.25,12,24,0.53749
540,88.25,387,14.5,29,0.53695
540,256,368.25,12.5,25,0.53691
540,183.5,385.5,13.5,26.5,0.53638
540,155.5,401.75,16.5,32.75,0.53629
540,164,401.25,16,31.75,0.53598
540,132.75,9.75,12.5,25.25,0.53477
540,322.75,434.75,14.75,29.5,0.53452
540,429.5,427.25,15.5,30.75,0.53405
540,462.25,448.5,12.5,24.75,0.53402
540,220,83.5,16.25,32.5,0.5334
540,381.75,436.25,14.25,28.5,0.53337
540,207.75,292.5,12.75,25.25,0.53307
540,246.5,365.25,14.25,28.25,0.53284
540,117.25,437.5,14,28.25,0.53191
540,412.5,381.25,12.25,24.5,0.5315
540,187.25,442.75,15.5,30.75,0.53134
540,72.25,63.5,13.75,27.25,0.53126
540,33.25,12.5,12.75,25.25,0.53047
540,128.5,370.5,12,24.25,0.53039
540,503.5,439.75,12.5,25.25,0.53022
570,99.75,400.75,15.75,31.75,0.56307
570,243.75,357.5,14.75,29.5,0.55791
570,317.5,406.5,13.5,27,0.55715
570,622.25,8.25,12.25,24.5,0.55677
570,387.25,398.5,13.5,27,0.54891
570,256.25,432.75,12.25,24.5,0.54865
570,84.25,400.5,16,32,0.54798
570,204.5,377.75,15.25,30.25,0.5476
570,28,20,14.25,28.25,0.54733
570,612.75,386.75,15,29.75,0.54663
570,216.75,196.5,12,23.5,0.54606
570,156,417.75,15.25,30.75,0.5453
570,421,400.75,15.25,30.5,0.54508
570,196.75,384,15.25,30.5,0.54493
570,0,138,13,25.75,0.54451
570,506.75,132,14.5,29,0.54421
570,612.5,344.75,12.5,24.75,0.54365
570,62.25,27.75,12.5,25.5,0.5436
570,333.25,380.25,14.25,28.5,0.54322
570,157.25,346.5,14,28.25,0.54294
570,331.75,405.5,13.75,27.25,0.5429
570,108.25,395,15.5,31,0.54234
570,172.25,369.5,13.25,26.5,0.54206
570,200.25,312.25,12.25,24.25,0.53913
570,327,319,12.75,25.75,0.53899
570,227.75,339,12.5,25,0.53878
570,598.5,401.5,12.5,25.25,0.53686
570,262,369,13.75,27.5,0.5362
570,28,97.5,16,32.5,0.53614
570,133.25,427,15,29.75,0.53582
570,188.25,384.75,15.5,31.25,0.53569
570,300.75,427,14.75,29.75,0.53544
570,50.75,16.5,13,26.25,0.53542
570,607.75,135.5,12.75,25.5,0.53511
570,304.75,248,11.5,23,0.53457
570,237.5,324,12,24.25,0.53443
570,196.25,50,13,26.25,0.53442
570,102.25,388.5,14,28,0.53434
570,413.75,426,15,29.75,0.53434
570,132.5,399.75,12.5,24.75,0.5342
570,309,425.5,15.5,31.25,0.5342
570,581,344.75,13,26.25,0.53386
570,36.5,289.25,12,24,0.53382
570,404.25,425,15,30,0.53352
570,452.25,409.75,13.75,27.75,0.53338
570,604.5,401.5,15.5,31.25,0.53305
570,321.25,104.75,20.5,41,0.53302
570,529.5,266.5,17.25,34.75,0.53265
570,340.5,334.75,15.75,31.25,0.53259
570,452.5,400.25,12.5,24.75,0.53243
570,309,417.25,15.75,31.5,0.53199
570,339.25,390.5,18.5,36.5,0.53176
570,573.5,68.75,15,30,0.53165
570,317.5,364.25,14,28.25,0.53097
570,430.25,398,13.25,27,0.53068
570,77.5,97.25,19.5,39,0.53049
570,354,121.75,17.5,35,0.5303
570,132.25,418.25,14.5,29.25,0.53014
600,40.25,56.75,12.25,24.75,0.55734
600,27.75,55.5,13.25,26,0.55413
600,500.75,446.5,12.5,25.5,0.55166
600,33,55.75,13.5,27,0.55138
600,572,347.5,15.25,30.5,0.54681
600,252.25,341,13.25,26.5,0.54356
600,458.75,388.5,13.75,27.5,0.54113
600,12,64.5,13.75,27.5,0.54061
600,181,425.75,14.5,29,0.53773
600,296,396,13.75,27.75,0.53649
600,272.25,292.75,13.25,26.5,0.5359
600,212.25,394.25,14.75,30,0.53573
600,405.5,445,13.5,26.75,0.53568
600,492.75,303,14,27.5,0.53539
600,262,436,14.25,28.75,0.53473
600,540.25,318.75,12.75,25.5,0.53399
600,91.5,8.5,12.25,24.5,0.53325
600,524,317.5,14,28,0.53323
600,107.25,408.5,17,34,0.53203
600,320.25,133,11.75,23.5,0.53126
600,266.75,19.25,13.25,26.25,0.53102
600,426,418.5,17.5,35,0.53046
630,229.5,382.5,13.25,27,0.57564
630,244.25,376.5,12.75,25,0.56534
630,84.5,432.25,12.5,25,0.5522
630,564.25,347.75,15.25,30.75,0.5518
630,340.5,351,16.25,32.75,0.55151
630,186.75,431.5,12.25,24.75,0.55128
630,599,270.75,13.75,27.25,0.54964
630,595.75,412.25,15.5,30.75,0.54951
630,444.75,402,15.5,31,0.5463
630,108.5,397,14.5,29.25,0.54602
630,549.75,275.25,13.5,26.5,0.54598
630,502.5,264.75,12.75,25.75,0.54592
630,416.75,416.25,12.25,24.25,0.54312
630,606,271.75,14,28,0.54304
630,438.5,51.25,12.25,24.5,0.54286
630,314.25,99.25,22,44,0.54272
630,204.25,378.25,15,30,0.54261
630,173,334,15,30.25,0.54059
630,430,400.5,12.5,25.25,0.54047
630,347,368.5,15.75,31.25,0.53998
630,429,410.5,14.75,29.5,0.53976
630,362.25,23.25,12.25,24.25,0.53934
630,525,248.75,13.5,27.25,0.53839
630,404.25,427.25,14.5,29.25,0.53833
630,243.5,361,16.25,32.5,0.53824
630,569.5,1.5,15.5,30.75,0.53783
630,364.75,431.75,15.25,30,0.5374
630,206,337.5,12.75,25.5,0.53694
630,397.25,425.5,14.5,28.75,0.53673
630,341,61.5,23.5,46.5,0.53631
630,358.25,309.75,13.25,26.75,0.53495
630,55.25,280.75,12.25,24.5,0.5347
630,250.75,374.75,13.25,26.25,0.53445
630,284.75,427.5,14.75,29.5,0.53444
630,207,427.75,14.25,28.75,0.53431
630,588.75,400.75,14.25,28.5,0.53418
630,613,278,14.5,28.75,0.53404
630,453.25,420.5,14.5,28.75,0.5339
630,197.75,369.5,12.75,25.5,0.53295
630,52.75,280.5,12,24.5,0.53285
630,194.75,300.75,11.75,23.5,0.53255
630,191.75,433,12.25,24.25,0.53254
630,269.25,317,12.75,25.5,0.53184
630,568,159.5,12,24.25,0.53138
630,227,416.75,12.5,25.25,0.53136
630,582,302,13.25,26.25,0.53136
630,45,279.5,13,25.75,0.53134
630,428.75,364.5,14.25,28.5,0.53128
630,349.75,427,14.5,29,0.5312
630,588.75,413.5,13.75,27.5,0.53099
630,246.25,307.75,14,28.25,0.53087
630,215,287.5,12.75,25.75,0.53053
660,134.5,380.75,13.5,27,0.57026
660,556.25,348.25,16.75,33.75,0.5624
660,444.75,406,14,28.25,0.56048
660,243.75,428.75,13.75,27.75,0.55547
660,461.25,408.25,13,25.75,0.55519
660,604,384.75,14.75,29.5,0.5546
660,412.75,367.5,12.75,25.5,0.55291
660,364.5,431,13,25.75,0.55174
660,220.75,316.5,14.5,29.25,0.5499
660,238,399.75,12.5,24.75,0.54729
660,384.75,329.5,12,24,0.54679
660,20.25,2.25,11.75,23.5,0.54668
660,572,367.25,16,32.25,0.5462
660,476,369.75,11.75,23.5,0.54563
660,324.5,329,16.25,32,0.54372
660,227.5,382.75,13,26.25,0.54314
660,317,395.25,14.75,29.25,0.54228
660,533.25,340,14.5,28.75,0.54166
660,404.5,135.5,23.75,47.5,0.53922
660,462.5,242.75,15.25,30.5,0.53839
660,444,361,12.5,25,0.53764
660,348.5,406.25,13.25,26.5,0.53705
660,243.75,370,13.25,26.5,0.53682
660,386.25,419.75,14,28,0.53661
660,294.5,432.25,12.5,24.75,0.53648
660,204.5,393.5,15,30,0.53627
660,213.25,381.25,14.25,28.5,0.53624
660,547.75,301.25,15.5,30.75,0.53582
660,596.5,393,14.25,28.5,0.53576
660,379.5,421.25,13.25,26.75,0.53531
660,148.5,363.25,14.25,28.25,0.53519
660,212.25,418.25,15.75,31,0.53512
660,172.25,315.75,13,26,0.53494
660,580.5,386,15.75,31.5,0.53478
660,276.25,288.5,12.25,24.5,0.53445
660,163.75,385.75,16.5,33,0.53224
660,380.5,329.25,12,24,0.53158
660,428.5,378.25,11.75,23.5,0.53126
660,222.25,424.25,12.75,25.75,0.53099
660,204.75,315.25,15,30,0.53088
660,195.75,416,13,26,0.53078
660,64,24.5,12.25,24.5,0.53076
660,325.75,394.25,14.5,29.25,0.53068
660,39.75,198.75,13.25,26.5,0.53065
660,608,368.75,12,24,0.53045
660,524,319.25,15.75,31.25,0.53019
660,495.75,215.5,12.25,24.75,0.53015
690,467.75,401.5,15,30.25,0.57515
690,604.25,383.75,15.25,30.75,0.57434
690,117.25,413.5,13.75,27.25,0.55676
690,93.5,362.75,14,27.75,0.55467
690,326.5,395.75,14.5,29,0.55247
690,414.25,348,14,28,0.5487
690,179.25,382,13.25,26.75,0.54836
690,548.5,345.25,13,26,0.54698
690,20.25,2.25,11.75,23.5,0.54668
690,589.25,293.75,13.75,27.5,0.54656
690,381.75,285.5,14,28.25,0.54556
690,413.5,359.5,12.75,26,0.54406
690,516.5,412,14.25,28.25,0.54328
690,512.25,210.75,12.5,25,0.54249
690,223.25,221.5,12.75,25.25,0.54245
690,596.75,277,14.25,28.5,0.54156
690,515,264.75,12,24.25,0.54102
690,365.5,301.25,14.25,28.25,0.54097
690,88.75,185.25,11.75,23.75,0.53819
690,230.5,373.25,14,27.75,0.5371
690,332.75,418.5,13.75,27.25,0.53667
690,453.75,401.25,13,26,0.53606
690,285.25,413,20,39.75,0.53497
690,172.75,392.5,15.75,31.5,0.53493
690,109.5,390.25,13.75,27.5,0.5348
690,100.5,376.5,14.5,29.25,0.53477
690,460.5,413.5,13.75,27.25,0.53402
690,436.75,366.5,16,32.25,0.53347
690,435,444.5,11.75,23.75,0.53315
690,36.25,73.5,12.25,25,0.53273
690,326.75,299.75,13.25,26.5,0.53244
690,611.75,386.5,14.75,29.5,0.53191
690,288.5,432.25,11.75,23.5,0.53167
690,260.25,333.5,13.75,27.5,0.53158
690,76.75,369,15,30,0.53158
690,524.25,417.5,15.25,31,0.53148
690,412,402.75,14.75,29.5,0.53133
690,109.25,368.5,13,26.5,0.53109
690,64,24.5,12.25,24.25,0.53076
720,572.5,289,15.75,31.5,0.56779
720,564.5,285.5,14.75,29.25,0.55964
720,547.75,299.75,15.75,31.5,0.55105
720,326.5,434,12,24,0.5493
720,598.25,387.25,14.5,28.75,0.54852
720,452.5,410,11.75,24,0.54843
720,20.25,2.25,11.75,23.5,0.54668
720,557.5,294.5,14,27.75,0.54387
720,191,400.5,11.75,23.5,0.54342
720,181.75,358.75,13,25.75,0.54325
720,366,360.25,13,26,0.54163
720,196.75,363.25,14.5,28.75,0.54109
720,612.75,389.25,15.25,30,0.54074
720,429,414.75,13,26,0.54036
720,361,245.75,17.5,34.75,0.54007
720,588.25,276.75,15,29.75,0.53927
720,69.25,412,14.5,28.75,0.53913
720,557,316.25,13.25,26.75,0.53905
720,212.25,386.5,15.25,30.5,0.53894
720,142.25,417,12.5,25,0.53841
720,332.5,382,15.75,31.5,0.53794
720,92.75,382.25,13.25,26.5,0.53785
720,445,427.25,14.75,29,0.53755
720,67,28.5,17.25,34.25,0.537
720,587.75,390,13,26,0.53682
720,581.5,294,13.5,26.75,0.53667
720,357.5,342.25,13.25,26.25,0.53665
720,53.5,374.25,13.75,27.75,0.53663
720,168.5,154.75,160.25,320.5,0.53641
720,108.5,386.5,15,30,0.53641
720,149.5,340.5,13.25,26.5,0.53632
720,344,57.75,14.75,29.75,0.53619
720,604,294.5,15.25,30.75,0.53563
720,597.75,312.5,13,25.75,0.53508
720,35.75,73.75,12.5,25,0.53435
720,61.5,260.75,13.25,26.5,0.53416
720,193.25,377.25,18.25,37,0.53383
720,116.25,382.75,16,31.75,0.53351
720,68.75,385.25,15.5,31,0.53325
720,139.75,320.75,17,33.75,0.53318
720,37.75,400,13,25.75,0.53269
720,298,284.75,13.5,27.25,0.53231
720,228,364.25,16.25,32.5,0.53215
720,93,354.5,12,24.25,0.53189
720,531.75,269.5,15.75,31.5,0.53153
720,405.5,362.75,13.75,27.5,0.53129
720,371.25,342.75,15.75,31,0.53119
720,402.25,313,12,24,0.53091
720,395.75,347.25,14.5,29.25,0.5309
720,92.75,346.5,13.25,26.25,0.53084
720,64,24.5,12.25,24.25,0.53076
720,188.25,361.75,14.5,29,0.53059
720,374.5,368.5,12,24,0.53052
720,244,418.25,14.25,28.25,0.53047
720,204.5,402.5,15.5,31,0.53021
720,540.25,276.25,13.5,27.25,0.53014
750,316.25,415.75,12.25,24.5,0.54793
750,485.5,402.25,12.75,25.5,0.5469
750,20.25,2.25,11.75,23.5,0.54668
750,598.75,61,12.25,24.75,0.54485
750,445.25,406.5,14,28,0.54321
750,461.75,399.5,13,26,0.54123
750,477.5,256,13.5,27,0.53723
750,67,28.5,17.25,34.25,0.53707
750,605.75,161.75,15.25,30.25,0.53686
750,612.5,105,12,24.25,0.5359
750,346.5,403.5,18.5,37,0.53459
750,486,270.5,12.5,25.25,0.5344
750,502.5,408.5,12.75,25.5,0.53406
750,460,252.25,16,31.5,0.53392
750,87,57,12.5,25.25,0.53389
750,525,385,12,24.25,0.53345
750,86.75,384.75,14.5,29.25,0.53261
750,581.5,398.75,14,28,0.53233
750,319.5,10,12.75,25,0.53226
750,525.25,284.25,13.25,26.5,0.53194
750,424.5,405,17.75,35.25,0.53079
750,64,24.5,12.25,24.25,0.53076
750,292.25,36,12.25,24.5,0.53065
750,522.25,63,30.5,61.25,0.53042
780,55,42.75,14.75,29.5,0.56246
780,164,416.5,15.25,30.75,0.55372
780,606,352.75,14.25,28.75,0.55293
780,623.25,160.5,18.75,37.5,0.54959
780,356,383.5,12.75,25.5,0.54873
780,20.25,2.25,11.75,23.5,0.54668
780,582,277.5,13.25,26.75,0.54561
780,564.75,402.5,15,30,0.5445
780,596,393.75,15.25,30,0.5412
780,603.5,110.25,16.25,32.5,0.54088
780,532.75,271.5,17,34,0.54048
780,169,40.75,12.5,25,0.53948
780,467.25,57.75,17,34,0.53906
780,63.75,33.25,15.75,32,0.53802
780,109.25,181.75,13.25,26.5,0.53668
780,588.25,395.5,14.75,29.25,0.53559
780,453,411.5,14.25,28.25,0.53527
780,270.5,45,11.75,23.25,0.53454
780,355.5,432.25,16,32.25,0.53407
780,87,57,12.5,25.25,0.53389
780,452.75,144.75,21,41.75,0.53386
780,195.75,370.75,13.5,27.25,0.53384
780,203.75,375,13,26,0.53255
780,206.25,416.25,13.5,26.5,0.53229
780,69,396.5,13.5,26.75,0.53214
780,535.25,134.5,13.5,26.75,0.53154
780,628.5,112,12.25,24.25,0.53144
780,449.25,295,12.75,25.75,0.53102
780,425.5,214,17.25,34.75,0.53084
780,60.75,394.75,15.5,30.75,0.53064
780,150,423.75,12.75,25.5,0.53022
780,535,126.25,14.25,28.5,0.5301
780,575.25,159,13.5,27.25,0.53002
780,208,370.5,15.25,30.5,0.53001
810,412.25,406,15,30,0.56619
810,197,331.25,14.75,29.5,0.5631
810,55.25,37,14.25,28.5,0.56034
810,428.25,369,13.75,27.5,0.5557
810,203.5,392.75,18,36,0.5526
810,168,60.75,12.75,25.5,0.54748
810,7,292.5,12.25,24.5,0.54561
810,555.5,26.75,16,32.5,0.54548
810,124.25,393,15,30,0.54431
810,538.25,430,18.25,36.5,0.543
810,254.5,327.25,13,26,0.54283
810,268,281.75,12.75,25.5,0.54071
810,628.5,152.75,12,23.5,0.54066
810,171,187.5,12.5,25,0.54001
810,509,301.5,14,27.75,0.53968
810,168.75,40.75,12.75,25.25,0.53948
810,619.5,105,21.5,43.25,0.53937
810,295.75,133.75,14.25,28.5,0.53935
810,244.5,251,15.25,30.5,0.53929
810,422,311.75,12.5,25,0.53896
810,586.5,343.5,12.5,24.75,0.53881
810,326,401.75,12.25,24.5,0.53809
810,340,390.75,13,26,0.53768
810,60.75,284.75,14.75,29.25,0.53747
810,85.25,411.5,14.5,29,0.5374
810,565.5,288,12.5,24.75,0.53736
810,38,278.75,12.75,25.5,0.53678
810,203.25,333.25,18.25,36.75,0.53661
810,157.5,397.5,13.5,27,0.53661
810,53.25,281.5,14.25,29,0.53656
810,347,370.25,15.5,31.25,0.53639
810,575.75,93.5,12.5,25.25,0.53627
810,323.75,432.75,12,24,0.53622
810,112.5,183.25,12.75,25.5,0.53583
810,228.25,285.5,16.5,33.25,0.53566
810,452.25,416,12.5,25,0.53533
810,541.75,50,12.25,24.5,0.53488
810,156.25,370.25,15.75,32,0.53485
810,256.5,361.5,12.25,24.75,0.53437
810,298.75,408.75,18,36,0.5341
810,558.75,287.25,12.75,25.75,0.53397
810,412.75,361.5,16,32,0.5336
810,471.25,409.5,12.5,25,0.53205
810,189.75,332.5,13.75,27.75,0.53167
810,204,367.25,16.25,32.75,0.53144
810,566,300,12.75,25.25,0.53079
810,384.75,52.5,29.75,59.25,0.53061
810,44.5,282.5,12.25,24.5,0.53053
810,237.25,297.5,13,26,0.53017
840,21.25,301.5,13.25,26.75,0.56046
840,86.75,125,12.25,24.5,0.55634
840,95.5,188.25,13.75,27.5,0.55313
840,464,88,12.5,25,0.55217
840,22.5,201,14.5,29.25,0.55016
840,168,60.5,13,25.75,0.54748
840,108.5,102.75,14.25,28.5,0.5474
840,23.5,95.5,12.5,25,0.54597
840,27,24,12.5,25,0.5434
840,421.75,133,13.75,27.5,0.54228
840,573,34.75,24.75,50,0.54073
840,565.75,296.75,13.25,26.75,0.53984
840,168.75,40.75,12.75,25.25,0.53948
840,568,287.75,12.5,25,0.53926
840,278.5,41,26.75,53.25,0.53911
840,75.75,109,13.25,26.5,0.53899
840,619,124.25,18.25,36.25,0.53849
840,228.75,63,11.5,23,0.53784
840,285.75,379.75,13,26,0.5366
840,559.5,253.5,94.5,189,0.53604
840,437.5,394.25,14.75,29.25,0.53489
840,246,384.75,12.5,24.5,0.53412
840,61,281,13,26.25,0.53335
840,102.75,61.5,15.25,30.5,0.53261
840,508.75,423.75,12.75,25.25,0.53206
840,55.75,37,13.25,26.25,0.5313
840,384.25,438.25,13.75,27.25,0.53087
840,252,335.25,13.25,26.5,0.53056
870,224.75,301.75,13.5,27.25,0.55524
870,108.25,389.5,13.75,27.5,0.55393
870,403.75,402.5,15.25,30.75,0.55311
870,228.25,62.25,12.25,24.5,0.55256
870,437,410.75,13.75,27.5,0.55071
870,124.25,368.5,12.5,24.75,0.55066
870,132.75,398.75,13.25,26.25,0.55014
870,524.75,85.75,13,26,0.54981
870,263,282,12.25,24.5,0.54946
870,396.5,378.75,14.5,29.25,0.54851
870,168,60.5,13,25.75,0.54748
870,108.5,102.75,14.25,28.5,0.5474
870,533.25,86.5,13.5,26.75,0.54729
870,36.25,57.25,12.5,24.75,0.54622
870,501,429,14.25,28.25,0.54618
870,582,41.75,16,32,0.54475
870,457.25,426,22.5,45.25,0.54297
870,76.5,92,12,24,0.54257
870,108,399,16,32,0.54161
870,581.25,343,13.5,27,0.5402
870,168.75,40.75,12.75,25.25,0.53948
870,322,338.75,68,136,0.53802
870,92.25,411,14.75,29.25,0.53719
870,372.25,292.5,12.75,25.5,0.53597
870,518,101.25,13.75,27.5,0.53592
870,471.5,319.5,21.75,43.75,0.5358
870,243.5,62.5,14.75,29.25,0.53569
870,575.75,58.5,12.75,25.5,0.53534
870,486.75,412.5,13.75,28,0.53534
870,356.75,392.25,12.75,25.75,0.53485
870,168.75,417.5,11.75,23.5,0.53485
870,403.75,383.75,14.25,28.25,0.53473
870,610.25,81.5,15.75,31.25,0.53295
870,116.25,385.5,15.75,31,0.53289
870,102.75,61.5,15.25,30.5,0.53261
870,584.5,120.25,12.25,24.25,0.53241
870,565.25,348,13.75,27.25,0.5323
870,443.5,296.75,20,40.25,0.53224
870,231.75,304.75,12,24,0.53216
870,8.25,330.5,12.5,24.75,0.53192
870,194,409.25,15.25,30.5,0.53159
870,67.5,27.5,14.5,29,0.53144
870,533.5,65.5,13.25,26.25,0.53132
870,269,426,14.25,28.25,0.53125
870,598.5,38.5,12.5,25.25,0.53121
870,439.5,358.75,27.5,55.5,0.53114
870,149.5,387,13.75,27.25,0.53035
900,68.5,416.25,13.25,26.75,0.56976
900,184.5,73.25,12.5,25.25,0.55766
900,324.5,359.75,12.5,24.75,0.55341
900,526,407.5,14.75,29.25,0.55034
900,60.25,61,14.25,28.25,0.54961
900,92.5,396.5,14.5,28.75,0.54904
900,76.25,402.75,15,30.25,0.54612
900,261.5,276.25,14.25,28.75,0.54609
900,565,151,13.5,27.25,0.54526
900,126,397.25,13.5,27,0.545
900,569.25,375,48,95.75,0.54422
900,580.25,34,12.75,25.25,0.54387
900,80,288.75,12.25,24.5,0.54353
900,193,72.5,13.25,26.25,0.54272
900,355,366.75,16.75,33.5,0.54265
900,108.25,403,14.75,29.5,0.54254
900,229.25,354.25,15.5,30.75,0.54242
900,390.5,376,12.75,25.75,0.54191
900,566.5,127.5,13,26,0.54057
900,272,29.75,12.25,25,0.54027
900,130.75,364.5,18.25,36.25,0.53941
900,180.75,176.5,13,26,0.53854
900,556.25,417,17,34,0.53851
900,452.25,308,15.25,30.5,0.53833
900,596.75,341,13.5,27,0.5381
900,124.5,356.75,15,30,0.53766
900,542.5,328.75,12,23.5,0.53671
900,599.25,110.5,12.75,25.75,0.53624
900,373.25,346.5,14.5,29.25,0.53615
900,28.25,304.25,14.25,28.75,0.5356
900,46.25,365.5,13.25,26.25,0.53441
900,479.5,71,12.75,25.75,0.53417
900,197.75,381.25,13,26,0.53403
900,436,122,14,28,0.53391
900,426.25,397.5,18.5,37,0.53375
900,37.5,304.5,15.25,30.75,0.53348
900,389.75,378.25,35.5,71.5,0.53337
900,580.75,315.75,14.75,29.25,0.53303
900,603.25,384.5,17.25,34.25,0.53291
900,473.75,78.75,13.5,27,0.53266
900,172.5,377.75,12.25,24.5,0.53253
900,604.25,413,14,27.5,0.53252
900,460,369.5,15.75,31.75,0.53208
900,24.75,126.5,15,29.75,0.53188
900,172,176.75,14.25,28.25,0.53166
900,318.25,360,12,24,0.53111
900,571.75,402,15.75,31,0.53099
900,116.25,411.5,13.75,27.5,0.53098
900,57.75,121.5,12,23.75,0.53096
900,185,88.25,14.5,28.75,0.53075
900,406.25,412.75,12,23.75,0.53036
900,560,117.75,13.25,26.25,0.53027
900,500,357.25,13.5,27,0.53009
900,532,314.75,12.5,25,0.53003
930,60,31.5,14.75,29.75,0.56306
930,247.5,405.75,29.25,58.5,0.55804
930,317.25,433.75,14.5,29,0.55576
930,446.5,129,11.75,23.5,0.55539
930,491.75,140.75,15.5,31,0.5478
930,410,407.25,30,60.25,0.54669
930,158.25,335.5,16.25,32.5,0.54379
930,112,232.5,12.5,24.75,0.54308
930,197,401,32.75,65.25,0.5424
930,230.5,399.25,33.75,67.5,0.54234
930,606.5,4.25,13.5,27,0.54188
930,425.25,405.75,28.75,57.25,0.54017
930,237.75,331.75,12.75,25.75,0.54005
930,500.75,134.75,12.75,25.75,0.53993
930,348.25,406.5,29.5,58.75,0.53815
930,522.25,419,22,44,0.53786
930,460,407.75,29,58,0.53775
930,474,409,27.75,55.5,0.53738
930,363.75,419.5,22.75,45.25,0.5372
930,579.75,424.5,17,33.75,0.53616
930,172.25,279.5,12.75,25.5,0.53615
930,458.75,129,12.75,25.25,0.53604
930,493.75,416.75,26.25,52.5,0.535
930,541,407.25,28.5,57,0.53447
930,437.5,404.75,31.5,63.25,0.53398
930,580.5,7,15.25,30.5,0.53362
930,574.75,38,13.5,27.25,0.5321
930,181.75,336.25,12.75,25.5,0.53207
930,222.75,398.75,34.5,69.25,0.53196
930,30.5,340.75,14.25,28.25,0.53191
930,396.25,421.75,15.25,30.25,0.5318
930,523,415.75,24.75,49.25,0.53134
930,260.5,412,24.5,48.75,0.53122
930,480.5,175.5,13,26.25,0.53091
930,556.25,41.75,12.75,25.75,0.53059
930,85.75,411.25,13.75,27.75,0.53043
930,449.75,316.5,73.5,147,0.5302
960,172.75,348.25,13.5,27,0.56814
960,212.75,372.25,15,29.75,0.56023
960,59.25,30,14.75,29.5,0.55911
960,194.75,297.75,15.75,31.5,0.55819
960,188.25,400,15.5,31,0.55495
960,149,410.75,14.5,29.25,0.55263
960,77.25,357.75,13.5,27,0.54913
960,588.75,124.25,13.5,27.25,0.54764
960,539.5,402.25,14.5,29,0.54544
960,220.75,283.75,13.75,27.5,0.54439
960,52.75,232,14.25,28.25,0.54426
960,141,410.5,14.5,28.75,0.54343
960,568,193.5,12.75,25,0.541
960,371,409.75,14.5,29,0.54045
960,486,100.75,14.5,29,0.54024
960,509,397.5,13.75,27.5,0.53898
960,183.75,386.25,12.75,25.25,0.53742
960,589.25,167.5,12.75,26,0.53734
960,580.75,123,14.5,29,0.53716
960,556.25,319.75,13,26,0.5371
960,620.25,71.5,13,25.75,0.53569
960,620.75,120.5,13,25.75,0.53568
960,556.5,311.75,13.25,26.5,0.53548
960,183.25,174.25,13.5,27.25,0.53501
960,619,72.75,19.75,39.75,0.53499
960,325,244.25,13,26.25,0.53486
960,215.75,173,13.5,27.25,0.53471
960,355.75,384,12.25,24.5,0.53452
960,619.5,62,18,36,0.53396
960,191.75,368,12.25,24.5,0.53355
960,469.5,368.75,16.5,32.75,0.53343
960,374,296.75,12.75,25,0.53328
960,263.25,408.5,12.25,24.5,0.53315
960,75.75,367,16.25,32.5,0.53312
960,476.5,399,12.75,25.5,0.53279
960,595.75,110.75,15,29.75,0.53254
960,564,310.25,14.5,29,0.53234
960,572.25,320.5,14.75,29.25,0.53167
960,500.75,399.5,12.75,26,0.53162
960,66.75,364.5,18,35.75,0.53146
960,552.25,408.75,12,24,0.5314
960,308.5,372.25,14.75,29.5,0.5313
960,395.5,305.5,15.75,31.25,0.53105
960,220.25,365.5,15,30,0.53096
960,363.75,412.75,14,28,0.53091
960,325.25,387.25,15.5,31.25,0.53057
960,603.5,111,16.25,32.75,0.53023
960,549.5,108.5,15.25,30.25,0.53019
960,365.75,342.25,13,26.25,0.5301
960,204.5,375.25,12.75,25.75,0.53008
960,165.5,382.5,40.5,80.75,0.53004
960,565.25,39,12.75,25.75,0.53003
990,344,10,12.5,24.75,0.55473
990,331.5,7.75,13.25,26.75,0.55143
990,59.5,31,14.25,28.25,0.54452
990,124.5,277.5,28.25,56.25,0.54245
990,156,360.5,12.25,24.5,0.54019
990,414.5,151.5,12.5,25.25,0.5383
990,509.25,428.25,13.75,27.75,0.5382
990,253.5,291,14.25,28.5,0.53565
990,28.5,49.75,11.75,23.25,0.5355
990,588.25,337.25,13.5,26.75,0.53541
990,405.5,395.25,14.25,28.5,0.53516
990,558,316.5,13.5,26.75,0.5346
990,419,381,14,28.25,0.53395
990,620.25,321,12.25,24,0.53311
990,178.75,287.5,15.5,31,0.53283
990,531.75,138.25,19.75,39.25,0.53269
990,567.5,370,12.25,24.75,0.53258
990,434.75,380.5,17.75,35.5,0.53243
990,95.25,214.75,13.75,27.25,0.53217
990,564.5,332,14.5,29,0.53197
990,235.75,257,14.25,28.25,0.53194
990,387.25,102.75,13.75,27.5,0.53171
990,571.25,146.25,17,34,0.53159
990,532.75,160.25,21.75,43.5,0.53109
990,44,28.75,22.25,44.25,0.5302
1020,326,9.25,19.5,39.25,0.56841
1020,108,32.75,15,29.75,0.55676
1020,130,46.5,17.5,35,0.55519
1020,100,44.25,15,29.5,0.55478
1020,124,54.25,13.5,26.75,0.55337
1020,616.5,3.25,24.75,49.75,0.54827
1020,36,12.25,16,31.5,0.54504
1020,147.75,31,17.25,34.5,0.54144
1020,37.5,45.25,13.5,26.5,0.54054
1020,572,383.5,16,32.25,0.54024
1020,170.5,38.25,25,49.75,0.53785
1020,540,442.25,13.25,26.5,0.53724
1020,239.75,283.5,12.5,25.25,0.53692
1020,110.25,365.5,13.5,27.25,0.53691
1020,204,65.25,16,31.75,0.53594
1020,85.75,186.5,14.25,28.5,0.53589
1020,338.5,13.75,12.5,24.75,0.5358
1020,92.5,60.5,14.75,29.5,0.53563
1020,604,88,23.25,46.5,0.53562
1020,564.75,360.5,12.5,25,0.53518
1020,141,424.25,11.75,23.5,0.5351
1020,570.75,165,11.5,23,0.53408
1020,44.5,12,13.75,27.5,0.53395
1020,544.5,350.25,14.75,29.75,0.53229
1020,69.75,258.75,13.25,26,0.53189
1020,134.75,215.5,12.5,25,0.53161
1020,150.25,388,12,24,0.53148
1020,620.5,8.75,12,23.5,0.53146
1020,122.5,385.5,16.25,32.5,0.53129
1020,232.5,345.25,11.75,23.25,0.53126
1020,26.75,12,16.75,33.5,0.53126
1020,403.75,110.25,17.5,34.75,0.53089
1020,565.5,174.25,13.75,27.75,0.53063
1020,516.5,338,12.5,25,0.53007
1020,588.75,155.5,12.25,24.25,0.53003
1050,549.5,373.25,13.75,27.25,0.56039
1050,221,381.5,14.25,28,0.55888
1050,205.25,58.25,15,30,0.55694
1050,354.75,362.5,16.25,32.5,0.55514
1050,469.5,398.25,13.25,26.5,0.55441
1050,373.25,384.25,15.75,31.5,0.5537
1050,458.5,380.75,13.5,27.25,0.55037
1050,178.5,51.75,14.5,29,0.54986
1050,396.75,431,12.5,25,0.54982
1050,596.5,303.25,13.25,26.25,0.54914
1050,584,312.5,12.75,25.5,0.54913
1050,220.25,108.75,15.25,30.25,0.54789
1050,84.25,60.5,13.5,26.75,0.54757
1050,317,74.25,15.25,30.25,0.54712
1050,196.75,441,14.75,29.5,0.54622
1050,526.5,262.5,13.25,26.25,0.54556
1050,172.75,370.5,15,30,0.54523
1050,325,8.5,19.75,39.5,0.54436
1050,44.25,401,15,30.25,0.54419
1050,256.5,434,12.25,24,0.54402
1050,60,44.75,13,26,0.54332
1050,348.5,363.25,13,26.25,0.54245
1050,113.75,62.75,16.25,32.75,0.54239
1050,197.25,59.25,13.75,27.75,0.54228
1050,604,202.25,15.25,30.75,0.54124
1050,108,52,12.5,25,0.541
1050,196.25,97.25,16,32,0.53976
1050,422.75,107.25,13.25,26.5,0.539
1050,141.5,70.25,17,34,0.53886
1050,342,19.5,13,26.25,0.53866
1050,560.75,105,11.5,23,0.53824
1050,252.25,276,12.5,24.75,0.5376
1050,556.75,328,12.75,25.25,0.53702
1050,125.5,341.75,13.75,27.5,0.53691
1050,606,303.5,12.75,25.5,0.53615
1050,546.5,317.5,17.25,34.5,0.53605
1050,540,261.25,13.75,27.75,0.53578
1050,229.25,396.5,14,28.25,0.53566
1050,180,372.75,14,27.75,0.53553
1050,620,158.75,20.25,40.5,0.53504
1050,140.75,332,13,26.5,0.53441
1050,451,99,15,30,0.53434
1050,302.5,331.5,15.25,30.75,0.53403
1050,598.75,198.25,13.25,26.25,0.53399
1050,246,443.5,16.25,32.25,0.53397
1050,258,167.25,13,26,0.53397
1050,172.5,23.75,12.5,24.75,0.53386
1050,163.5,38.75,16.75,33.25,0.53381
1050,362.5,7.25,25.75,51.5,0.5338
1050,108.25,74.75,15,29.5,0.53326
1050,324.5,383.25,13,26,0.53261
1050,414.5,327,13.75,27.25,0.53261
1050,234.5,28.75,29.5,59,0.53232
1050,476.5,80.75,11.75,23.75,0.5322
1050,180.75,297,13.25,26.75,0.53215
1050,204.75,441.25,15.5,30.75,0.53165
1050,360,278.5,12.5,25,0.53145
1050,605,426.75,13.5,27,0.53125
1050,134.5,57.25,13.5,26.75,0.53114
1050,527,191.25,12.75,25.75,0.53081
1050,332.25,205.75,12.25,24.25,0.53078
1050,139.75,309.75,13.25,26.5,0.53066
1050,535,256.5,14.75,29.75,0.53062
1050,15.5,311.25,13.25,26.5,0.53061
1050,560.5,173,12.25,24.5,0.53059
1050,304.5,344.5,11.75,23.75,0.53028
1080,156.25,81,12.25,24.75,0.57925
1080,108,64.5,13,26.25,0.57597
1080,476.75,100.75,13.75,27.5,0.56185
1080,236.25,48,14.5,29.25,0.55913
1080,342,22.75,12.75,25.25,0.55621
1080,476,83.5,14.25,28.75,0.55354
1080,157,428.75,15,30.25,0.54477
1080,350.75,297.25,12.5,24.5,0.54317
1080,374,425.25,12.75,25.5,0.54226
1080,542.25,243.75,15,29.75,0.54128
1080,517.75,241,15.5,30.5,0.53899
1080,172,25,16.25,32.5,0.53897
1080,169,32.25,32.5,65,0.53721
1080,277.5,292.5,14.75,29.25,0.53567
1080,421,434.25,16,32,0.53531
1080,266.75,238.75,14,28.25,0.53495
1080,77,92.75,14.25,28.5,0.53457
1080,511.25,66,14.5,29.25,0.53411
1080,36.75,29,13.75,27.75,0.53308
1080,108.5,415.25,14.75,29.5,0.53308
1080,35.75,23.25,13,26,0.53304
1080,132.25,414.5,14.75,29,0.53276
1080,548.5,96.75,11.75,23.25,0.5327
1080,71.25,87,13,26,0.53254
1080,213.5,60.75,18.25,36.75,0.53242
1080,60,95.5,12.5,25.25,0.53228
1080,514.75,399.75,12,24.25,0.53222
1080,122.5,339,17.25,34.75,0.53213
1080,509,248.5,13.25,26.75,0.53209
1080,268.75,401.25,15.5,31,0.5318
1080,309.25,269.25,12.75,25.5,0.53165
1080,86.25,401,15.75,31.5,0.53143
1080,347.25,16.75,28.75,57.25,0.53141
1080,76,7.5,12.5,25,0.53134
1080,531.25,245,13.5,27,0.53119
1080,108.75,103.25,13,26,0.53078
1080,59.75,405.5,13.25,27,0.53075
1080,459.75,105.75,15.75,31.5,0.5305
1080,340,25.75,18.5,37,0.53048
1110,156.25,81.25,12.25,24.25,0.56747
1110,250.25,268,12.5,24.75,0.55735
1110,203,317.5,16.25,32.5,0.55361
1110,361.25,42.25,13.5,27.25,0.55103
1110,171.5,28,16.5,32.75,0.54657
1110,86.25,89.75,14.75,29.25,0.54519
1110,264,274.75,15.25,30.25,0.54517
1110,237.5,97.75,15,29.75,0.54397
1110,359.25,73,13.75,27.75,0.54292
1110,87.75,208,14.5,29.25,0.54224
1110,470.5,177,12.5,24.75,0.54217
1110,265.5,273.5,15.75,31.25,0.54173
1110,492,167.75,12.75,25.25,0.54019
1110,342.75,25,12.5,24.75,0.53916
1110,252.25,275.5,15,30,0.53899
1110,46.25,14.5,14.5,29,0.53894
1110,459,104.75,16.5,32.75,0.53864
1110,543,433,22.25,44.25,0.53857
1110,491.25,154.25,18.25,36.25,0.53827
1110,550.75,59.5,13.25,26.75,0.53487
1110,115.75,46.75,17.25,34.25,0.53415
1110,271.75,452.75,13.25,26.5,0.53393
1110,359.75,21.5,12.5,25.5,0.53392
1110,166.25,375,13.75,27.25,0.53379
1110,233.25,49.75,15.75,31.75,0.53351
1110,-2.75,389.25,21.75,43.25,0.53186
1110,209.5,63.5,16.75,33.5,0.53126
1110,205,36,12.75,25.5,0.53096
1110,31.5,187.25,39,78.25,0.53087
1110,204.5,42,20.25,40.25,0.53084
1110,484.75,102,13.5,26.75,0.53013
1110,116.25,406.5,13.25,26.75,0.53011
1110,158,383.75,13.75,27.5,0.5301
1140,229.25,395.25,14.75,29.25,0.57092
1140,604.25,124.5,14.25,28.5,0.56797
1140,92.75,95,13.5,27,0.56556
1140,308.25,404.25,13.5,27.25,0.56034
1140,588,114.25,16,32,0.55724
1140,372.25,65.75,12.25,25,0.55251
1140,238.75,396.5,14.5,29,0.54978
1140,316.25,64.75,17,34,0.54973
1140,85.75,30,14,28.25,0.54924
1140,260.5,269.25,13.25,26.25,0.54807
1140,325.25,299.25,15,30.5,0.54608
1140,620.25,444,12.25,24.5,0.54584
1140,160.5,302.5,12,24.25,0.54524
1140,138.75,440.75,16.5,33.25,0.54493
1140,92.25,36.5,15.25,30.75,0.54448
1140,316.75,276,15.5,30.75,0.54438
1140,52,16,15,30.25,0.54415
1140,40.5,280.75,12,23.5,0.54302
1140,15.5,203.25,14,28.25,0.54248
1140,604.5,38.25,13.25,26.5,0.54244
1140,116,62.25,17.25,34.5,0.54144
1140,319,84.25,13.75,27.5,0.54129
1140,509.25,171.5,14,28,0.54046
1140,571.75,30.75,16.75,33.5,0.54016
1140,52.5,44.75,14,27.75,0.53887
1140,210.25,66.25,13.25,26.5,0.53803
1140,493.5,171.25,13.25,26.5,0.53784
1140,508,132,14.5,29,0.5376
1140,188,428.5,12.75,25.25,0.53733
1140,267.75,270.25,13,26.25,0.53678
1140,626.25,112.75,14.5,29,0.53611
1140,300.25,418.75,15.25,30.75,0.53575
1140,548.25,144,14.75,29.5,0.53574
1140,210.75,422.75,12.75,25.75,0.53537
1140,542,48,14.5,28.75,0.53513
1140,374.25,231.5,12.25,24.5,0.53474
1140,342,428.75,12.75,25.75,0.53473
1140,590.25,50.5,13,26,0.53458
1140,512.75,68.5,12.25,24.5,0.53455
1140,575,276,13.75,27.25,0.53441
1140,215.75,280.25,12.25,24.75,0.53434
1140,439.75,360,12.75,25.25,0.53428
1140,331.5,427.75,17.75,35.5,0.53352
1140,134.5,190,25,49.75,0.53348
1140,592.5,5.5,12.25,24.75,0.53348
1140,151.25,419,13.75,27.25,0.53326
1140,358,436,12.25,24.25,0.53319
1140,485,174,13.25,26.75,0.53311
1140,324.5,393.5,14.5,28.75,0.5328
1140,581.5,107,13.5,26.75,0.53262
1140,183,72.75,11.75,23.5,0.53259
1140,317,429.5,23.5,47.25,0.53199
1140,359.5,182.5,13,26.25,0.53197
1140,340.25,278,14,27.75,0.53182
1140,116.5,36.25,15.25,30.75,0.53163
1140,164.5,430.5,14.75,29.75,0.53161
1140,203.75,48.5,16.25,32.5,0.53139
1140,317.5,283.75,13.5,27.25,0.53116
1140,276,267.25,13.25,26.25,0.53108
1140,580.25,94,12.75,25.75,0.53103
1140,341,243.75,15.25,30.75,0.53066
1140,317.5,452,12.75,25.5,0.53046
1140,579.5,128.75,17.5,35.25,0.53038
1140,567,96.25,12.25,24.75,0.53024
1140,60,63.25,15.75,31.25,0.53017
1170,500.25,167,12.5,25.25,0.5721
1170,181,44.5,16.25,32.25,0.56808
1170,372.25,65.75,12.25,25,0.55251
1170,581.5,50.25,13.5,26.75,0.54946
1170,276,258.75,12.75,25.5,0.54932
1170,316.25,60,18,36.5,0.54722
1170,157,390.25,13,25.75,0.54715
1170,318.5,83.75,14,28,0.54713
1170,212.75,44.25,15,30.25,0.54695
1170,172.25,187.75,18.25,36.25,0.54628
1170,364.25,280.5,12.5,25,0.5439
1170,120.25,81.5,12,24.25,0.54368
1170,186.75,46,28.75,57.75,0.54348
1170,316,262.25,20,39.75,0.54306
1170,622.5,137.5,19.75,39.75,0.54265
1170,130.25,56.75,12.5,25,0.54109
1170,135.25,52.5,13.25,26.5,0.54046
1170,325.5,287.75,13.5,27,0.53818
1170,269.75,381.25,29.25,58.25,0.53714
1170,549.75,125.5,14,28,0.53669
1170,28.25,91.25,12.25,24.25,0.53577
1170,45.25,7,13.25,26.25,0.53516
1170,627.5,14.25,13,26,0.53488
1170,140.25,67.5,15.75,31.5,0.53408
1170,127,46,12,24,0.53356
1170,99.75,97,16,31.75,0.5334
1170,625,158,16.75,33.5,0.53304
1170,555.75,122,27.5,54.75,0.53284
1170,98.25,183.75,12.25,24.75,0.53256
1170,198.5,46.75,13.5,26.75,0.53216
1170,145.25,27.75,19.25,38.25,0.53186
1170,212.25,65.75,15.75,31.75,0.53179
1170,612,30.25,15,30,0.53159
1170,180.75,378.75,13,26,0.53115
1170,410.75,287.5,12.5,25,0.53112
1170,86.5,57.5,12.25,24.75,0.53095
1170,567.5,39.75,13,26,0.53093
1170,616.75,116.75,11.75,23.5,0.53086
1170,554.25,35.25,20.5,40.75,0.53072
1170,144.25,391.25,12.75,25.5,0.53058
1170,60.25,15,13.5,27.5,0.53006
1200,116,16.25,15.5,30.75,0.56947
1200,97.75,22.25,12.25,24.5,0.55854
1200,317,59.5,18.5,37,0.55405
1200,372.25,65.75,12.25,25,0.55251
1200,598.25,23.75,12.5,25.25,0.54907
1200,532.25,136,12.5,24.75,0.54759
1200,55,75.75,12.25,25,0.54631
1200,180.5,346.75,11.75,23.75,0.54542
1200,405.25,334,13.25,26.5,0.54506
1200,468.25,170.25,15.5,30.75,0.5439
1200,148.5,369.25,15.25,30.25,0.5437
1200,478.5,170.25,15,30,0.54303
1200,296,416.25,12.5,25.5,0.54108
1200,58.25,296,21.75,43.5,0.54073
1200,588.5,102.5,13.25,26.75,0.54068
1200,588.25,240.25,13,25.75,0.53971
1200,579.75,109.5,16,32.25,0.53912
1200,190.5,185,16,32,0.5381
1200,572.75,117,13.75,27.25,0.53796
1200,580,43,15.5,31.25,0.53711
1200,119.25,384.75,14.5,29,0.53657
1200,69.75,336.5,12.25,24.25,0.53645
1200,579.75,18.75,15,30,0.53581
1200,442.5,320.25,15.25,30.25,0.53506
1200,399.25,380,46.25,92.5,0.53482
1200,620,101.25,20,40.25,0.53442
1200,78.75,213.25,12.75,25.25,0.53394
1200,604.75,30.75,13,26,0.53386
1200,429.25,400.25,16.25,32.5,0.53376
1200,280.75,307,79.75,159.25,0.53299
1200,391,300.75,12.5,24.75,0.53299
1200,410.25,334.5,12.5,24.75,0.53286
1200,476.25,188.25,12.5,25,0.53286
1200,613.25,91.75,14,28,0.53219
1200,365.5,344.25,14.5,29.5,0.53207
1200,600.25,111,17,33.75,0.53199
1200,381.25,320.75,25,50,0.53198
1200,554.75,439.25,15,30.5,0.53185
1200,132.5,14.5,15.75,31.25,0.53147
1200,83,6.25,15,29.75,0.53143
1200,52,370.25,14.25,28.5,0.53141
1200,172.5,31.25,15.25,30.5,0.53061
1200,365.5,427.75,19.25,38.5,0.53041
1200,590.75,101.75,13.5,27,0.53025
1230,148.5,23.5,15.25,30.5,0.5682
1230,251.75,47.5,16.75,33.5,0.56776
1230,619.25,110,19.5,38.5,0.55835
1230,324.75,60,14.5,28.75,0.55816
1230,326.25,97.25,12.25,24.5,0.55773
1230,508,178.75,14,28.25,0.55605
1230,173,16,15,29.75,0.55148
1230,604.25,86,13.75,27.25,0.54773
1230,28.75,316.75,13.5,27,0.54713
1230,116.5,379.25,14.75,29.5,0.5457
1230,437.75,175.25,14.75,29,0.54474
1230,181.25,28.5,13.25,26.5,0.54464
1230,277.25,48,15,29.75,0.54382
1230,339.25,32.5,16.25,32.5,0.54199
1230,142,369.75,12.25,24.5,0.54065
1230,538.5,88,29.5,58.5,0.53855
1230,427.5,402,14,27.75,0.5384
1230,152.5,23.25,27.5,55,0.53707
1230,475.75,411.75,13.75,27.5,0.53706
1230,300.25,380.5,12.5,25.25,0.53687
1230,596,86.5,14.25,28.25,0.53591
1230,123.75,373,14.25,28.5,0.53565
1230,108.5,388,14.5,28.75,0.53563
1230,220.75,21,13,26,0.53544
1230,187.5,15,16.75,33.5,0.53542
1230,153.5,408.5,28.5,57,0.53532
1230,581.5,41,13,25.75,0.53528
1230,540.25,129,12.75,25.25,0.53519
1230,258.5,13.75,17.75,35,0.53458
1230,308.5,376.25,42.75,85.75,0.53427
1230,180.75,16.5,14.5,28.75,0.53411
1230,124,367.25,16.75,33.5,0.53396
1230,596,320.75,12.5,25.5,0.5339
1230,67.5,100.5,13.25,26.5,0.53365
1230,156.5,383.25,15,30.25,0.53307
1230,600.75,273,11.5,23,0.53305
1230,500,178.25,15.5,31.25,0.53284
1230,555,276.25,99.5,198.75,0.53265
1230,236.75,45.25,14.75,29.75,0.53251
1230,93.25,280.25,12,24,0.53228
1230,330.25,176,12.5,25,0.53212
1230,69.75,204.25,12.25,24.25,0.53178
1230,109.25,59.25,13.5,27,0.53172
1230,572.25,98.5,12.75,25.5,0.53129
1230,542.5,222.25,12.25,24.75,0.53107
1230,245.75,60.5,13,25.75,0.53081
1230,430,192.75,15.25,30.5,0.53053
1230,268.25,33.75,15.75,31.75,0.53036
1230,134.5,335.5,13,25.5,0.53032
1260,272,365.25,55.5,110.75,0.55697
1260,326,66.5,14,28.5,0.5567
1260,516.25,90.75,15,30.25,0.55456
1260,510,426.25,12.75,25.5,0.54569
1260,237.5,75.75,13.25,26.25,0.54548
1260,203.75,81.25,16.75,33.75,0.54394
1260,69.75,303.25,13.75,27.75,0.54324
1260,301.75,280.75,13.75,27.5,0.54219
1260,388.75,38.25,14.25,28.75,0.5407
1260,244.25,84,14.75,29.5,0.54027
1260,171.75,442.25,17,33.75,0.53939
1260,332,421,27.25,54.25,0.53903
1260,277.25,69.75,12.5,25.25,0.53778
1260,341.25,37.25,13.75,27.75,0.53756
1260,447.25,160.5,16,32.25,0.53747
1260,205.5,314.75,13.5,26.75,0.53713
1260,581.75,45,13.75,27.5,0.537
1260,565.25,346.5,14,28,0.53698
1260,188.5,367,13.25,26.75,0.53605
1260,497,170.5,15.5,30.75,0.53587
1260,373,357.25,14.25,28,0.53585
1260,536.25,331.25,12.25,24.5,0.53574
1260,164,24,15.75,31.25,0.53554
1260,481.75,348.25,14.5,29,0.53501
1260,597,215,13,26,0.53492
1260,93.25,453,11.5,23,0.5349
1260,596.75,61.25,18.75,37.25,0.53471
1260,367.75,417.75,12,24,0.53461
1260,493.25,183.75,13.75,27.25,0.53432
1260,363.5,37.75,25.75,51.75,0.53399
1260,313.5,41,24.5,49,0.53369
1260,328.75,225,11.5,23,0.53351
1260,412,363.5,17.25,34.5,0.53323
1260,547.5,17,12,24,0.53292
1260,358.5,422.75,26.5,53.25,0.53281
1260,197.75,72.75,13.75,28,0.5326
1260,512.25,73,12.5,25,0.53198
1260,317.5,371.5,13.25,26.5,0.53193
1260,494,400.25,13,26.25,0.53188
1260,135,37.5,12.25,24.75,0.53158
1260,252.5,84.75,14.25,28.75,0.53123
1260,244.5,74.5,12.25,24.75,0.53121
1260,147.25,387.75,13.75,27.75,0.53091
1260,259.75,400.75,16.5,33,0.5309
1260,567.5,274,22.25,44.5,0.53071
1260,86.75,416.25,12.5,25,0.53051
1260,544.25,104.25,12.25,24,0.53041
1260,448.5,186.5,11.75,23.5,0.5304
1290,452.25,359.75,12.75,25.25,0.56163
1290,310,32.25,14,28.25,0.55109
1290,117,395.5,13.75,27.5,0.54602
1290,291,46.25,16.25,32.75,0.54555
1290,436.75,70.5,12.75,25.5,0.54497
1290,348.75,347,12.75,25.5,0.54434
1290,356.5,61.75,15,30,0.54412
1290,421,64.5,15.5,30.75,0.54332
1290,198.5,26.25,13.5,27,0.54255
1290,412.75,89.75,11.75,23.5,0.5424
1290,339,182.5,13.5,26.75,0.54151
1290,-3,208.5,24,47.75,0.54092
1290,310.5,401,12.25,24.5,0.54062
1290,532,297.25,13,26,0.54055
1290,625.75,60.25,15,29.75,0.53964
1290,278,81.75,13,25.75,0.5391
1290,271,38.5,13.25,26.5,0.53843
1290,204.25,26,13,26,0.53814
1290,603,168.25,12.75,25.25,0.53721
1290,192.25,424,12.25,24.5,0.53692
1290,552.5,404.75,14.5,29,0.53688
1290,477.25,413.5,13.75,27.5,0.53658
1290,-1.75,198.25,14.5,29,0.53538
1290,324.25,48.25,15.25,30.25,0.53469
1290,382.5,283.75,12.75,25.75,0.53446
1290,389,59.25,14.5,28.75,0.53428
1290,132.25,436.25,14.75,29.75,0.53368
1290,511.25,183.5,20.25,40,0.53342
1290,340.75,65,16.75,33.25,0.53324
1290,365,426.25,15.5,30.75,0.53309
1290,62,398.25,13.25,26.75,0.53301
1290,261,62.5,14.25,28.75,0.53229
1290,220,83,15.5,31,0.53136
1290,497,152,12.5,25,0.53102
1290,37.25,301.5,14,28,0.53051
1290,588.5,375.5,12.75,25.75,0.53031
1290,222.75,429.5,13.5,27.25,0.53029
1320,251.5,64.25,16,32,0.55045
1320,233,57.25,20.25,40.5,0.54845
1320,229,69.75,13.5,27.25,0.54787
1320,277.25,23.5,36.75,73.25,0.54643
1320,157,38,13.75,27.25,0.54456
1320,278.5,67.5,13.75,27.25,0.54445
1320,420.5,78.25,13,25.75,0.54372
1320,166,48.25,12.25,24.5,0.54035
1320,311.5,208.75,12.25,24.75,0.53963
1320,294,28.75,14.5,29,0.53874
1320,528.25,425,11.75,23.5,0.53839
1320,336,294.5,14.25,28.25,0.53707
1320,309,62,13.5,27.25,0.53591
1320,275.75,51.75,15.25,30.5,0.53521
1320,287.75,88.75,13.25,27,0.53456
1320,404.25,87.75,12.25,24.75,0.53404
1320,102.25,252,12.25,24.5,0.53141
1320,259.25,61.25,15.75,31.25,0.53081
1320,318.5,47,15,29.75,0.53012
1350,291.5,80,16.25,33,0.55338
1350,45.75,386.5,15.25,30.25,0.55236
1350,77,411.25,14,28.25,0.55217
1350,159.75,167.5,12.75,25.75,0.55205
1350,284,287.75,16.5,32.75,0.55065
1350,268,33.75,15,30.25,0.55033
1350,378.25,29.5,19.5,38.75,0.55014
1350,356.5,30.5,17.5,35.25,0.54696
1350,511,104,12.25,24.75,0.54489
1350,75.25,15.75,12.75,26,0.54379
1350,300.75,37,12,24.25,0.54341
1350,199.25,344.5,13,25.75,0.54295
1350,99.75,320.25,12.25,24.25,0.54291
1350,241,271,13,25.75,0.54291
1350,228,48,16.5,33,0.54282
1350,428,53.5,13.5,27,0.54277
1350,390.75,52.75,14.75,29.25,0.54231
1350,172.5,393.75,12.25,24.5,0.54136
1350,389.5,63.5,16.75,33.5,0.54135
1350,379,66.75,18.5,37.5,0.54031
1350,91.75,396,14,28,0.54027
1350,92.5,376.5,12.25,24.5,0.53985
1350,266.75,57,24.5,49.25,0.53981
1350,410.25,24.75,29.75,59.25,0.53956
1350,-2.5,216.25,24.25,48.75,0.53888
1350,40.25,311.75,12.75,25.75,0.5386
1350,67.5,13.25,13.75,27.25,0.53854
1350,35,313.25,12.25,24.75,0.53771
1350,84.25,394.75,14.5,29,0.53731
1350,190,197.5,13,26,0.53675
1350,165.5,392,14,28.25,0.5359
1350,101.25,406.25,13.5,27,0.53564
1350,220.75,369,12.75,25.5,0.53465
1350,380,320.25,12.75,25.75,0.53428
1350,155.5,439.25,13.25,26.5,0.53401
1350,192.75,20.5,12,24.25,0.53358
1350,69.25,397.5,13.5,27.25,0.53315
1350,550,404.75,14,27.75,0.53295
1350,149.25,11.25,12.75,25.5,0.53259
1350,214.5,42,12.25,24.25,0.53206
1350,350.75,28,19.75,39.75,0.53174
1350,83.75,374.5,12.75,25.5,0.53173
1350,586.25,447.5,12.25,24.5,0.53169
1350,318.5,400.75,12.25,24.25,0.53164
1350,-1.25,177,11.5,23,0.53131
1350,123.25,370,14.5,29.5,0.53125
1350,132,9,12.25,24.75,0.53109
1350,238.5,29.25,14,28.25,0.53059
1350,212.5,377.5,15.5,31,0.53045
1350,136.25,9.25,12.5,25,0.53028
1350,275.75,32.5,16.25,32.5,0.53009
1350,347.75,50.25,15.25,30.5,0.53003
1380,554,326.75,13,25.75,0.56699
1380,42.25,288.25,12.25,24.5,0.56423
1380,348,71.25,15.5,31.25,0.55783
1380,516.25,443.5,14.75,29.25,0.55753
1380,565.5,183.25,13.25,26.25,0.55437
1380,604.25,345.5,13.5,27.25,0.55367
1380,508.25,25.5,15,30,0.55304
1380,446.5,63.75,13.5,26.75,0.55104
1380,411.5,31,16.25,32.25,0.55001
1380,572.75,149.25,13.75,27.5,0.54988
1380,555.5,118,14.5,29,0.5472
1380,596,341.25,14,28.25,0.54536
1380,37.75,412,13.25,26.75,0.54454
1380,93,428.75,14.25,28.5,0.54396
1380,523.5,317,13,25.5,0.54291
1380,573.75,435.25,17.5,34.75,0.54153
1380,470,427.25,13.25,26.5,0.54143
1380,381.5,292.75,14.25,28.5,0.54125
1380,326.5,15,13.5,27,0.54112
1380,356,68.5,15.75,31.75,0.54094
1380,540.5,436.75,12.25,24.25,0.54036
1380,407.75,406.25,13,25.75,0.54017
1380,411.75,59.25,16,31.75,0.53951
1380,295.5,177.75,13.75,27.25,0.53935
1380,595.75,179.5,15.5,31.5,0.53912
1380,340.75,74,14.25,28.5,0.5391
1380,460.5,393.75,14.75,29.5,0.53908
1380,613,365,14.75,29.25,0.53896
1380,236,350.5,16.75,33.5,0.53869
1380,612.75,91,14.75,29.5,0.53817
1380,604.5,170.5,14.5,29,0.53737
1380,159.5,196.25,22,44,0.53733
1380,354.5,30.75,18.25,36.25,0.53682
1380,223.5,400.75,12.25,24.5,0.53626
1380,250.25,271,15.75,32,0.53592
1380,55.75,403.25,14.75,29.75,0.53592
1380,224.5,29.75,12,24,0.53527
1380,277.5,419.5,14.25,28.75,0.53518
1380,268.75,18,15.75,31.75,0.53497
1380,617.5,241.75,24.5,49,0.53479
1380,72.75,10.25,11.5,23,0.53477
1380,149.5,163.75,14,27.5,0.53425
1380,260.25,348.75,13.5,27,0.53323
1380,109,233.5,13,26,0.53292
1380,445,410.5,16.5,32.75,0.53241
1380,111,276.5,14.25,28.5,0.53234
1380,54.75,357.25,13.75,27.5,0.53215
1380,240.25,45,12,23.75,0.53205
1380,317.25,69.75,14,27.75,0.53179
1380,267.25,65.75,15.75,32,0.53158
1380,438.5,63.5,13.25,26.25,0.53146
1380,547.25,102.5,15.25,30.5,0.53135
1380,340,36.25,15,30.25,0.53127
1380,232.5,301,12,23.75,0.53121
1380,285.25,24.25,14,28.5,0.53096
1380,443.75,367,13,26.5,0.53094
1380,108.25,422.5,13.75,27.5,0.5309
1410,265.75,72.25,12.5,24.75,0.56299
1410,285.5,20.25,12.5,25.25,0.55915
1410,229.5,94.5,13.5,26.75,0.55236
1410,357.5,33.75,14.75,30,0.55217
1410,200,193,12.25,24.5,0.54486
1410,60.25,383.5,15.75,31.25,0.54443
1410,365.5,39.75,14,28.25,0.54316
1410,413,57,13.25,26.25,0.54105
1410,229.75,21,12.75,25.5,0.53831
1410,350.75,74.5,13.5,26.5,0.53688
1410,208.25,168,12.25,24,0.53641
1410,120.5,194,29.5,59.25,0.53636
1410,200.75,198.5,16.25,32.75,0.53613
1410,317.75,70.5,13,26.25,0.53585
1410,625.75,99.25,15.25,30.75,0.53545
1410,500.75,56.5,13,26,0.53534
1410,469.25,57.5,14.5,29,0.53529
1410,412.25,20.25,23.5,47,0.53526
1410,134.25,371,12.5,25,0.53464
1410,90.75,332.75,12.25,24.25,0.53399
1410,412.75,77,15.5,31,0.53325
1410,300,166.25,13.25,26.5,0.5328
1410,486.5,205.5,15.25,30.5,0.53163
1410,591,449,14,28.25,0.53088
1410,243.25,78,15.5,31,0.53055
1410,284.25,412,28,56.25,0.53051
1410,373.5,43,12.75,25.5,0.5303
1410,77.25,404.5,14.25,28.75,0.53022
1440,240,17.75,15,30,0.5636
1440,141.5,429.25,13.75,27.25,0.55743
1440,141,159.25,13.25,26.5,0.55689
1440,268.75,14,14.5,28.75,0.5568
1440,389.25,44.75,14.5,29,0.55084
1440,412.5,55.75,12.75,25.25,0.55059
1440,469.75,75,14.5,29,0.54976
1440,191.5,8.5,12.25,24.25,0.54948
1440,388.75,359,12.25,24.5,0.5478
1440,206.25,167.25,12.25,24.75,0.54761
1440,550,123.75,13.5,27.25,0.54756
1440,116.25,379.75,14.25,28.25,0.54701
1440,258.75,332.75,18,35.75,0.54624
1440,156.5,427.5,14.5,29,0.54554
1440,149.5,429,14,28.25,0.54486
1440,437.5,57,13,25.5,0.54395
1440,590.5,448.75,14,28,0.54294
1440,461.25,380.25,13.25,26.25,0.54137
1440,70.25,405.5,13.75,27.5,0.54026
1440,316.75,294,21.5,43,0.53928
1440,282,399,12.75,25.75,0.539
1440,492,405.5,13.5,27,0.53887
1440,219.75,31.75,16.75,33.5,0.5387
1440,444.25,58,12,24.25,0.53694
1440,299.5,335.25,16.5,32.75,0.53685
1440,260.25,23,15.75,31.5,0.53655
1440,300,11.75,15.25,30.5,0.53654
1440,412.5,77.75,13.75,27.25,0.53652
1440,124.25,369.5,12.25,24.25,0.53578
1440,96,398,12.5,25,0.53566
1440,195.5,31.25,17,34,0.5356
1440,244,404.5,14.5,29,0.53533
1440,205,4.75,14.5,29,0.53501
1440,597.5,453.5,12.75,25,0.53497
1440,407.75,339.75,12.75,25,0.53484
1440,444.75,356,14.5,28.75,0.53483
1440,542.75,308.75,14.25,28.25,0.53463
1440,437,369.5,15.25,30.25,0.53439
1440,328.75,365.25,19.75,39.75,0.53438
1440,172.25,418.75,14.75,29.5,0.53433
1440,418.25,55.5,13,26.25,0.53423
1440,575.75,440.75,17.75,35.25,0.53392
1440,404.75,44.25,14.25,28.5,0.53378
1440,485.25,405.75,13.5,26.75,0.53368
1440,572.75,365.25,14,28.25,0.53361
1440,336.25,100.75,13.5,26.5,0.53328
1440,284.5,443.5,17.75,35.25,0.53324
1440,388.5,296.25,12.5,25,0.53305
1440,515.25,321.75,11.75,23.5,0.53297
1440,276.75,79.5,17,33.75,0.53276
1440,182.75,190.5,14.25,28.75,0.53275
1440,380,28.75,16,32,0.53213
1440,268.5,326.5,14,27.75,0.53211
1440,284,77.5,17.75,35.5,0.5321
1440,228.5,316.75,15,30.25,0.53201
1440,349.25,202,12.5,25,0.53181
1440,226,28,19.75,39.75,0.53141
1440,500.5,314.75,12,24,0.53135
1440,285.25,329.75,13.5,27,0.53106
1440,309,278.75,13.25,26.5,0.53069
1440,540.5,331.75,12,24.25,0.53058
1440,276,32.25,16.75,33.5,0.53031
1440,421.25,398.5,30,60.25,0.53019
1440,411.5,416,16.25,32.25,0.5301
1470,428.75,23,13.25,26.5,0.5778
1470,402.5,414.75,17.25,34.5,0.57525
1470,109,374.5,14,27.75,0.56172
1470,117,380.75,14.25,28.75,0.55855
1470,218.25,23.75,13,25.75,0.55642
1470,453.25,422.75,13.75,27.5,0.55565
1470,438.25,24,13,26.5,0.55554
1470,101.5,375.25,13.25,26.75,0.55488
1470,357.5,443.25,17.75,35.5,0.55404
1470,68.5,402.75,15.5,31,0.55364
1470,125.5,157.75,14,28.25,0.55244
1470,181.25,430.25,13.25,26.25,0.55139
1470,236.25,27,12.25,24.75,0.54938
1470,576.5,335.75,16.5,32.75,0.54934
1470,379.75,18,14.75,29.5,0.54909
1470,420,62.75,17,33.75,0.5481
1470,246.75,263.75,12.5,25.25,0.54752
1470,405.75,309.5,13.75,27.5,0.54751
1470,490.75,58,17,34.25,0.54686
1470,324.5,416.25,14.25,28.75,0.54651
1470,246.75,389.5,13.75,27.25,0.54531
1470,172.5,395.5,16,32,0.54495
1470,364.75,385,11.5,23,0.54359
1470,76.5,405.75,13.5,27.25,0.54349
1470,396.25,411.5,14.75,29.75,0.54342
1470,163,195,23.5,47,0.54313
1470,220.75,422.5,13.5,27.25,0.543
1470,244,47.75,12.75,25.25,0.54266
1470,86.75,416.5,12.5,24.75,0.54266
1470,220.5,405.5,13.25,26.75,0.5422
1470,355.5,338,12.75,25.5,0.54212
1470,262.25,307,14,28,0.541
1470,93.5,367.25,14.75,29.25,0.54096
1470,324,284.5,12.25,24.5,0.54083
1470,332.25,43.75,18.75,37.25,0.54075
1470,428,425.75,13.75,27.5,0.54021
1470,100.75,438.25,14.5,28.75,0.53915
1470,245.75,309,13.75,27.5,0.53854
1470,307,378,18.25,36.5,0.5385
1470,445.5,422.5,13.5,27,0.53847
1470,49,401.25,12,24.25,0.53846
1470,265,21.25,13.25,26.75,0.53845
1470,493.75,410.25,14,28,0.53832
1470,572.25,362.75,13.75,27.25,0.53794
1470,236.5,413,14.75,29,0.53787
1470,372.5,28.25,14.75,29.25,0.53783
1470,262,313.5,13.75,27.5,0.53711
1470,413.25,423.25,13,26.5,0.53688
1470,372,80.25,16,32.25,0.5367
1470,299.25,79.25,17.25,34.5,0.53655
1470,371.25,426.25,14.5,29,0.53575
1470,620.5,416.75,12.25,24.5,0.53553
1470,156.5,137.25,14.5,29.25,0.53512
1470,340,46.5,17.25,34.5,0.53495
1470,163.25,190.5,14.75,29.25,0.5349
1470,607,358.75,12.75,25.5,0.53486
1470,469.25,38.5,14.25,28.25,0.53484
1470,347.5,418.25,15.5,30.75,0.53461
1470,523.5,429,16.25,32.5,0.53438
1470,251.25,34.25,14.25,28.5,0.53347
1470,502.25,443.75,12.25,24.25,0.53335
1470,340.25,20.75,15.25,30.75,0.53311
1470,81.25,9.25,11.75,23.5,0.53306
1470,278.5,376.5,12.25,24.5,0.53252
1470,509.75,55.25,13.25,26.5,0.53246
1470,618,181.5,24,48,0.53203
1470,397,355.75,14.25,28.25,0.5319
1470,279.25,23,12.75,25.5,0.53183
1470,152,9.25,11.75,23.5,0.53168
1470,311.75,213,12.25,24.25,0.53154
1470,171.5,297,23.5,47,0.53151
1470,323.25,289.25,15.5,31.25,0.5314
1470,572.25,338,14.75,29.75,0.53105
1470,316.75,86.25,15,30,0.53095
1470,132.75,416.25,12.75,25,0.53088
1470,260.75,386.5,15.25,30.5,0.53037
1470,74.5,383.25,25,50,0.53028
1470,100.75,288.75,11.5,23.5,0.53008
1470,372,21,13.25,26.25,0.53005
1500,316.75,79.25,15.5,30.75,0.5649
1500,356.75,84.75,14,27.75,0.56429
1500,110,150.5,14.5,29,0.55919
1500,373,18.75,14.5,29.25,0.55261
1500,323.5,75.25,17.75,35.25,0.54996
1500,86,387.75,14.5,28.75,0.54882
1500,271.75,16.25,12.25,24.5,0.54798
1500,340.5,79,16.75,33.5,0.54753
1500,370,170.25,22.25,44.5,0.54494
1500,293.75,65.25,15.25,30.25,0.54434
1500,220.75,337.75,14.25,29,0.54394
1500,518.75,53.5,13.75,27.5,0.54198
1500,397.5,425,13.5,27.25,0.54178
1500,379.5,64.5,15.5,31,0.5416
1500,341,77.25,14.75,29.5,0.54141
1500,150.25,439,13,25.75,0.54121
1500,70.75,382,13.75,27.5,0.54041
1500,506.25,23.25,18.5,37,0.53937
1500,553.75,415.25,24.25,48.5,0.53757
1500,248.25,62,12,24,0.53711
1500,157.5,445.75,13.5,27,0.53656
1500,364.75,17.5,15.25,30.5,0.53609
1500,317.25,32.25,23.25,46.75,0.53514
1500,309.25,66.5,14.75,29.5,0.53511
1500,27.75,304.25,15.5,31,0.53404
1500,586.5,450.75,13.75,27,0.53398
1500,139.75,384.5,12.25,24.75,0.53319
1500,204.25,28,12.5,24.5,0.53294
1500,11.75,374.5,12.75,25.5,0.53293
1500,78.5,59.75,12,24,0.53276
1500,64.75,347,21.5,42.75,0.53267
1500,565,418.75,13.75,27.5,0.5323
1500,597.75,450,13.25,26.25,0.5316
1500,126.5,429.25,13.75,27.5,0.53113
1500,308.75,90.5,14.5,29.25,0.53109
1500,28.25,272,12,23.75,0.53097
1500,76.75,287,16.25,32.5,0.53092
1500,143.25,389,23,46.25,0.53032
1530,275.75,65.75,16,32,0.58752
1530,92.25,148,15.5,31.25,0.56031
1530,268.75,76.5,14,28,0.55858
1530,260.75,63.5,16,32.25,0.55519
1530,84.5,163.25,18.75,37.75,0.55328
1530,253.25,303.75,12.75,25.5,0.5481
1530,-1.5,226.5,13.75,27.5,0.54674
1530,423,356,14.5,29,0.5464
1530,301,412.75,14,28.25,0.54568
1530,235.75,51.25,14.5,29.25,0.54468
1530,540.25,349,13.75,27,0.54439
1530,38,412,12.75,25.5,0.54234
1530,603,454,12.25,24.75,0.54174
1530,443.75,301,13,26,0.54102
1530,596,352.5,12.75,25.5,0.54079
1530,37.25,284.5,13.75,27.5,0.54047
1530,401.25,186,15,30,0.54018
1530,192.25,360.5,11.75,23.75,0.54001
1530,44,402.25,15,30.25,0.5392
1530,118,412,14.5,29.25,0.53878
1530,36.5,299.25,15,29.75,0.5384
1530,292,410.75,14.5,29,0.53833
1530,180.5,46,12.75,25.5,0.53818
1530,236.25,414.5,13,26.25,0.53814
1530,451.25,351,16,32,0.53749
1530,409.5,352.5,12,24,0.53687
1530,567.75,7.75,12.5,25.25,0.53685
1530,261,247.75,12.5,24.75,0.5368
1530,613.5,399.75,12.75,25.25,0.53674
1530,388.5,364.25,12,24.25,0.53639
1530,188,157.5,13.5,27,0.53619
1530,38.25,400.25,12.5,25,0.53556
1530,197.5,324,14,28.25,0.53552
1530,246.25,305.25,12.5,25,0.53544
1530,148.75,388.75,14,27.5,0.53521
1530,516,368.5,12.5,25.25,0.53519
1530,149,410.75,14.25,28.25,0.53497
1530,267.75,66.25,15.75,31.5,0.53421
1530,204,336,16.25,32.5,0.53404
1530,22.5,307.25,13.25,26.25,0.53373
1530,389.25,78,15,29.75,0.53368
1530,60,381.5,16.25,32.5,0.53348
1530,565.25,420.25,12.75,25.5,0.53289
1530,571.75,332,12.75,25,0.53286
1530,27.25,274,15.25,30.5,0.53276
1530,560.5,260.75,11.75,23.5,0.53252
1530,197.25,10,14.5,29.25,0.53226
1530,92.75,294.25,11.5,23,0.53223
1530,188,46,12.75,25.5,0.53213
1530,63,305.25,14,28,0.53204
1530,419,364.75,19,37.75,0.53196
1530,213,442,14.5,28.75,0.53134
1530,294.5,434.75,12.5,24.75,0.53089
1530,167.75,408.5,12.5,25.25,0.53066
1530,371.75,305.5,18,36.25,0.53065
1530,607.5,185,21.25,42.75,0.53005
1560,59.75,145.75,18,36,0.59653
1560,173.5,157.75,13.25,26.75,0.56495
1560,68.5,305,16,32.25,0.56346
1560,148.25,382,16.5,33,0.55764
1560,132.5,431,12.75,25.5,0.55372
1560,132.5,368.75,15.75,31.5,0.55063
1560,404.5,389.5,14,28,0.54997
1560,28.75,326,13.75,27.25,0.54885
1560,389,42.75,15.5,30.75,0.54785
1560,108.25,413.75,14.5,29,0.5449
1560,258.5,9.5,12,24,0.5444
1560,406.5,19.75,14.75,29.5,0.54388
1560,86.5,393.75,12.25,24.5,0.54293
1560,170.5,191,26.5,53.25,0.54193
1560,156.5,385.75,16,31.75,0.54106
1560,411.75,441.75,17.5,35.25,0.54032
1560,340.25,15.25,12.75,25.5,0.54024
1560,158,367.5,13,25.75,0.54023
1560,148.75,311.75,14.5,29,0.53894
1560,262.25,309.75,13.5,26.75,0.53885
1560,229,276.5,15.25,30.5,0.53797
1560,426.75,320,12.25,24.5,0.53782
1560,93,399.25,12.75,25.75,0.53762
1560,367,189,18.5,36.75,0.53732
1560,197.25,394.25,13.5,27,0.53593
1560,60.25,304.5,14.25,28.25,0.53575
1560,278.25,16,13,25.75,0.53571
1560,300.5,270,13.5,27.5,0.53555
1560,525.25,46.25,13.25,26.75,0.53515
1560,161.75,384.5,16.75,33.5,0.53485
1560,268,188,12.25,24.25,0.53478
1560,293.75,262.25,13.25,26.5,0.53351
1560,446,47.75,12.5,25,0.53347
1560,533.75,46.75,12.75,25.5,0.5332
1560,132.75,288,12.25,24.75,0.53313
1560,424.25,187.5,14.25,28.5,0.53247
1560,460,311.75,12.5,25,0.53243
1560,355.75,269.5,17.25,34.25,0.53232
1560,340,63.75,16.75,33.5,0.53194
1560,363.5,203,11.5,23,0.53161
1560,156.25,312.25,12.5,24.75,0.53141
1560,185.25,373.75,23.25,46.5,0.53135
1560,524,411.5,14.75,29,0.53135
1560,406.75,37,13.75,27.5,0.53133
1560,315,13.75,17.5,34.75,0.5313
1560,247.75,14.75,12.75,25.5,0.53125
1560,594.25,313,12,23.75,0.53122
1560,380.75,44.5,14.5,29.25,0.53043
1560,140.75,314.75,15,30.25,0.5304
1560,47.75,162.25,26.25,52.75,0.53012
1590,13,137.75,19.5,39,0.60007
1590,147.75,153.75,14,28,0.56949
1590,107.25,320,16,32,0.55595
1590,608.75,280.75,12,24.25,0.55051
1590,421.5,45,13.75,27,0.55013
1590,148.75,162.75,14.25,28.25,0.54879
1590,419.5,442.5,17.75,35.75,0.54805
1590,535.5,384.25,16.75,33,0.54716
1590,564.75,36.5,14.5,29.25,0.54624
1590,87.5,328.25,12.75,25.25,0.54536
1590,347.25,66,15.25,30.5,0.54465
1590,518.5,398.75,13,26.25,0.54441
1590,404.75,31.75,14.5,29,0.5436
1590,295.75,55,13.25,26.5,0.54341
1590,108.75,351,13,26.5,0.5427
1590,426.75,417.5,15.25,30.25,0.54266
1590,148.5,415,15,29.75,0.54217
1590,196.75,384.75,15.5,30.75,0.54194
1590,357.75,17.75,13,26.5,0.54161
1590,500.5,403.5,15.25,30.25,0.54027
1590,180.5,432,12,23.75,0.53969
1590,533.25,47.25,13.75,27.25,0.5388
1590,380.25,407.75,12.5,25,0.53866
1590,425.75,441.25,18,36,0.53811
1590,192,145.25,12,24,0.53799
1590,101,323.75,14,28.25,0.53748
1590,364.25,368,16,32,0.53717
1590,116.25,413,13.5,26.5,0.53632
1590,124,326,13,26.5,0.53592
1590,404.5,44.75,14.5,29,0.53592
1590,324.75,421.25,14.5,29.25,0.53565
1590,100,398.25,15.25,30.75,0.53551
1590,416,432.5,12.25,24.5,0.53544
1590,144.75,312.25,12.5,25.25,0.53521
1590,243.75,283,13.25,26.25,0.53514
1590,411.5,443.5,17.5,35.25,0.535
1590,388.75,351,16.75,33,0.53462
1590,501,27.25,14,28,0.53459
1590,197.75,410,13.5,26.5,0.53411
1590,427.25,378.25,14.5,29.25,0.53339
1590,379.25,380.75,12.25,24.75,0.53315
1590,246,159.5,12,24.25,0.53303
1590,197,424.5,14.25,29,0.53249
1590,324.75,347,15.75,31.25,0.53149
1590,573.75,254.5,12.5,25.25,0.53148
1590,412.25,395,14.25,28.5,0.53138
1590,60.75,314.5,14.5,29,0.53118
1590,210.5,46.25,15.5,31,0.53112
1590,263.5,246,14.5,28.75,0.53109
1590,550,45.5,12.75,25.5,0.53041
1590,443.75,429.75,18.25,36.75,0.53039
1590,501,416.5,15.75,31.75,0.53028
1620,299.5,44.75,15.5,31.25,0.5728
1620,557,320.75,11.75,23.5,0.57215
1620,115,149,15.75,31.75,0.55797
1620,460.25,65.75,14.75,29.25,0.55453
1620,220.25,369,16,31.75,0.5542
1620,180.75,382.75,14.5,29.25,0.55329
1620,107.75,423.25,16.25,32.5,0.55104
1620,37.25,307.5,14,28,0.55085
1620,43.75,306,16,32,0.55023
1620,210.75,13,18,36.25,0.55007
1620,405.25,58,13.5,27.25,0.54974
1620,302,179.25,15,30,0.54846
1620,372.75,409.75,15.5,30.75,0.54811
1620,196.75,381,14.5,28.75,0.54789
1620,275,32.5,12,24.25,0.5456
1620,597.25,355.75,14.5,29,0.54515
1620,28.5,306.5,14,28,0.54492
1620,116.25,424.25,16,32.25,0.54492
1620,315.75,246,13,25.75,0.5428
1620,132,361.5,16.5,33,0.54202
1620,597.25,324.25,14.25,28.75,0.54197
1620,595.75,349,13.5,26.75,0.54183
1620,292.5,404.5,14.5,29.25,0.5408
1620,412,383.75,16.5,33,0.54058
1620,53.75,87,12.25,25,0.5401
1620,581.5,362.75,13.75,27.5,0.53882
1620,274.25,377,11.75,23.5,0.53844
1620,172.25,384,16.25,32.5,0.53713
1620,252,352.75,15.25,30.5,0.53708
1620,262.25,15,13.75,27.25,0.53675
1620,341,51.75,14.75,29.5,0.53669
1620,292.25,19.25,12.75,25.5,0.53608
1620,300.25,402.25,12.75,25.5,0.5358
1620,187.25,384,16.5,33,0.53494
1620,132.25,342,13.75,27.25,0.53444
1620,197,344,13.25,26.25,0.53404
1620,468.5,415.75,12.25,24.75,0.53346
1620,141.25,363.5,15,29.75,0.53331
1620,285.75,344,13.25,26.25,0.53317
1620,220.75,335.25,15.5,31.25,0.53234
1620,116.75,158.75,14,28,0.53229
1620,412.5,268.5,11.75,23.5,0.53213
1620,173.75,302.5,13.5,27,0.53207
1620,598.25,436.25,20.5,41,0.53204
1620,200.75,188.75,27.25,54.5,0.5319
1620,540.5,244.25,12,24,0.53178
1620,580,346.75,16,31.75,0.53162
1620,200.75,113,11.5,23,0.53128
1620,107,279.25,12.5,25,0.53112
1620,231.25,289.25,14.25,28.75,0.5307
1620,171.25,26,15,30,0.53065
1620,468.5,71.5,13.25,26.5,0.53062
1620,279,20,13,26,0.53052
1620,18.25,280.75,11.75,23.5,0.53036
1620,234.25,289.25,16,32.25,0.53032
1620,92.75,275.75,14.5,29,0.53018
1650,60.75,144,16.75,33.25,0.57194
1650,44,308,14,27.75,0.57024
1650,285.5,368.5,13,25.75,0.56484
1650,26.25,182.25,18.5,37,0.55987
1650,37.5,312.25,13.5,27.25,0.55116
1650,156.25,361.25,14.5,29.25,0.5486
1650,182.75,437,11.5,23,0.54819
1650,51.75,316.25,16,32,0.54494
1650,287.75,23.25,12.5,25.25,0.54418
1650,63.75,391.25,12.5,25,0.54363
1650,229.25,339.25,14.75,29.75,0.54164
1650,228,351.25,17,33.75,0.54108
1650,76.75,299.75,15,30.25,0.54101
1650,61.75,308.25,14,27.5,0.54071
1650,252,365,13.25,26.5,0.54011
1650,149,412.25,14,28.25,0.53946
1650,165,363.25,13.75,27.5,0.53898
1650,260,317.75,17,34.25,0.53848
1650,60.5,386,15,30.5,0.53808
1650,472.5,183.75,13.75,27.25,0.53802
1650,86.5,270.5,14,27.75,0.53741
1650,355.25,44.75,17.25,34.75,0.53739
1650,429.25,376.25,15.75,31.75,0.5369
1650,415.75,274.5,13.25,26.5,0.53616
1650,380.25,418.25,12.75,25.5,0.5361
1650,121.75,418.25,18.5,37.5,0.53606
1650,123.75,345.25,18.25,36.5,0.53592
1650,156,413,15.75,31.5,0.53585
1650,431.5,280.25,12,24,0.53569
1650,116,282,16.75,33.5,0.53453
1650,394.25,274.75,19.5,38.75,0.53447
1650,514.75,337.75,19.25,38.25,0.53441
1650,93.5,393.25,14.25,28.75,0.53433
1650,86.75,444.5,12,24,0.53365
1650,547.75,200.25,13.25,26.75,0.53258
1650,141.5,111.5,16.25,32.25,0.53256
1650,502.25,380.75,12.75,25.75,0.53256
1650,348.5,24,14.5,29.25,0.53232
1650,100.25,277,14.75,29.25,0.53147
1650,247.75,31.5,12.75,25.25,0.53103
1650,364.75,410.5,14.5,29,0.5307
1650,209,186.5,28.25,56.75,0.53063
1680,438.5,32,12.25,24.5,0.5658
1680,437.25,44.25,14.25,28.25,0.56372
1680,212,433,16.25,32.25,0.56044
1680,405.25,428,13.5,27.25,0.55849
1680,189.75,406,13.75,27,0.55373
1680,196.75,395.25,15.25,30.5,0.55252
1680,267.5,15,16.25,32.25,0.55126
1680,588.75,364.75,14,28.5,0.55124
1680,309.5,29,14.25,28.25,0.55106
1680,197.25,120.25,14,27.5,0.54969
1680,452.25,444,14.5,29.25,0.54779
1680,156.25,397.5,15.25,30.5,0.54702
1680,60,277.5,13.75,27.75,0.54675
1680,220.5,440.5,15,29.75,0.54665
1680,235.5,422.5,13.75,27,0.54538
1680,539.5,430,15.25,30.5,0.54497
1680,572.25,119.25,16.25,32.5,0.54475
1680,565,450.25,14.25,28.5,0.5444
1680,220.5,110.5,14.25,28.75,0.54412
1680,405.75,376.25,12.5,24.75,0.54319
1680,462.75,424.25,24.75,49.5,0.5419
1680,285,428.25,14,28.25,0.54145
1680,61,427.25,13.75,27.75,0.54139
1680,92,368,16,32,0.54113
1680,228,415,16.25,32,0.54075
1680,220.75,428,14.5,28.5,0.54012
1680,452.25,432.75,15.75,31.5,0.54011
1680,260.75,391.5,12.5,25,0.53999
1680,85,405.5,14.5,29.25,0.53949
1680,68.5,379.75,15.75,31.5,0.53941
1680,396.75,48.75,13.25,26.25,0.53895
1680,405,362,19,38.25,0.53862
1680,276.75,346.25,12,24,0.53831
1680,156.5,448.25,14.75,29.5,0.53826
1680,299.5,408.75,15.5,30.75,0.53774
1680,524.75,451.75,13.25,26.5,0.53712
1680,93,296,12.25,24.25,0.53671
1680,276.5,424.75,14.25,28.5,0.53628
1680,85.25,306.25,15,29.75,0.53597
1680,300.25,448.5,12.75,25.75,0.53593
1680,99.75,418.25,13.25,26.5,0.5359
1680,492,372.25,13,26.25,0.53546
1680,100.5,292.25,14.5,28.75,0.53499
1680,379.75,427.25,18,36,0.53451
1680,599,248,13,26.25,0.53449
1680,36.25,306.25,16,32.25,0.53449
1680,478.5,45,12.75,25.25,0.53444
1680,606.5,363.5,13.5,27,0.53423
1680,556.75,437.75,14,28,0.53416
1680,102,303.75,13,26.25,0.53414
1680,60.5,379,15,29.5,0.53413
1680,188,360.25,15.75,32,0.53413
1680,75.25,284.75,13.5,26.75,0.53409
1680,51.25,285,17,34,0.53403
1680,462.25,371.25,14,28.25,0.53384
1680,210.5,343.75,12,24.25,0.5338
1680,86.25,320.5,13,26,0.53365
1680,204.25,104,12.5,25.25,0.53346
1680,107.75,368,16,32.5,0.53343
1680,220.25,115.75,14.75,29,0.53297
1680,459.25,432.25,16.25,32.25,0.53286
1680,470.25,367.5,12.75,25.5,0.53274
1680,100,376.25,15.75,31.75,0.53272
1680,212,272.5,16.25,32.25,0.53256
1680,325.5,36.75,14.5,28.75,0.53251
1680,508.25,141,12.5,24.5,0.53249
1680,408.5,393.25,11.75,23.5,0.53238
1680,476.5,367.75,12.5,25.25,0.53202
1680,444.5,49,14.75,29,0.532
1680,389.25,383.5,15,30.25,0.53199
1680,76.75,324.5,15.25,30.5,0.53156
1680,504,427.75,12.5,25,0.53149
1680,204.75,413.5,14.25,28.5,0.53148
1680,36.5,330.5,15,29.75,0.53144
1680,246.25,13,12.25,24.25,0.5314
1680,516.5,436.5,14.5,29,0.53135
1680,52.25,385.75,15.5,30.75,0.53128
1680,444,295,12.5,25.25,0.53124
1680,69.25,412.25,14.5,29,0.53118
1680,126.25,88.5,12.5,25.25,0.53103
1680,331.25,388.25,14.5,28.75,0.53087
1680,94,306.75,15.25,30.25,0.53081
1680,447.75,423,12.75,25.75,0.53068
1680,604.5,441.5,17,34,0.53041
1680,204.75,109.75,14.25,28.5,0.5304
1680,477,443.25,14.25,29,0.53029
1680,581,348.75,15.25,30.75,0.53016
1710,132.75,438.5,13.5,26.75,0.57017
1710,392.25,276.25,12.75,25.5,0.55433
1710,403.75,276,13.75,27,0.55337
1710,560,272.75,12,24.5,0.55156
1710,484.5,446.75,14.25,28.75,0.54984
1710,157.5,215.5,12.5,25,0.54949
1710,182.75,369,14.25,28.5,0.54837
1710,301,106,12,24,0.54811
1710,141,268.5,14.25,28.75,0.54659
1710,155.75,110.75,16.5,33,0.54533
1710,453,437.75,13.75,27.5,0.544
1710,472.5,422.75,12.5,25.25,0.5431
1710,547.25,442.75,15,30,0.54166
1710,139.25,125,12,23.5,0.54152
1710,284,355.25,12.75,25.75,0.54079
1710,278.5,296.5,12.5,25.5,0.54048
1710,328.75,128.25,19.25,38.5,0.53956
1710,477,435.25,13.5,27,0.53827
1710,460,426.25,12.25,24.5,0.53794
1710,500.5,442,15.5,31,0.53773
1710,547.25,210,13,26,0.53772
1710,268.5,354.25,15,29.5,0.53678
1710,197.75,393.5,13.25,26.5,0.53665
1710,77.5,84,14,28.25,0.53626
1710,242.25,389.25,13.5,27.25,0.5357
1710,180.25,434,15.5,31.25,0.53568
1710,34.5,113.25,18.5,37.25,0.53567
1710,551.75,423,12.75,25.25,0.53558
1710,459.75,444.25,14.5,29,0.53494
1710,565.25,428,13,26,0.53458
1710,467.75,441.25,15.5,30.75,0.53418
1710,452,346.25,16.5,33,0.53392
1710,277.25,402.25,14.5,29.25,0.5338
1710,141.25,384.75,14.5,29.25,0.53362
1710,476.25,373.75,14.25,28.75,0.53351
1710,77.25,421.25,13.75,27.5,0.53283
1710,188.5,136.5,12,24,0.53248
1710,316,374.25,13,26.25,0.53212
1710,141.75,109.25,13.25,26.5,0.53201
1710,204.25,168,24.75,50,0.53185
1710,439,44,12.75,25.5,0.53184
1710,94.75,289.5,12.75,25.75,0.53183
1710,445.5,409,12.25,24.5,0.5316
1710,268.25,441,16.25,32.25,0.53145
1710,508.25,433.5,13.25,26.5,0.53137
1710,198,336.5,12.25,24.5,0.53116
1710,276,353.25,17,34.25,0.53111
1710,436.5,442.75,16.25,32.75,0.53106
1710,172.75,347.75,12,23.75,0.53106
1710,542,209.75,12.25,24.5,0.53091
1710,292,292.5,16.5,32.75,0.53044
1710,212.25,360.25,12.5,25.25,0.53041
1710,492,432.75,15.75,31.75,0.53022
1710,380.5,213.5,12,24,0.53019
1740,396.75,332,14,28,0.57249
1740,140.25,352.75,15.75,31.5,0.57139
1740,166.5,109.25,18.5,37.25,0.55958
1740,292.5,424.5,14.5,29.25,0.55211
1740,445.75,430,13.5,26.5,0.55077
1740,100.25,98,15.75,32,0.55069
1740,117.75,357.5,13.5,27.25,0.5505
1740,380.75,272,12.75,25.75,0.5503
1740,108.5,370.75,15,30,0.54998
1740,300.25,411.25,14.75,29.5,0.54794
1740,572.25,413,13.75,27,0.54758
1740,394.25,264.5,12,23.5,0.5468
1740,296.25,305.5,12.5,25,0.54638
1740,549,315.25,13,26.25,0.54628
1740,233.75,86.5,13,26,0.54565
1740,318.25,353,12.5,25,0.5448
1740,156.5,418.25,15,29.75,0.54413
1740,148.5,326.75,12.5,25.25,0.54377
1740,199.5,120,13,25.75,0.54294
1740,125.75,359.25,13,26,0.54287
1740,524.25,420.75,13.25,26.5,0.54286
1740,316.5,307.25,14.25,28.5,0.54263
1740,371.25,202.5,14,28,0.54231
1740,244.75,363.5,14.5,29,0.5421
1740,539.75,427.5,15.5,31,0.54135
1740,156,329.75,15.25,30.5,0.54067
1740,516.5,426.5,14,27.75,0.54033
1740,67.75,96.25,17,34,0.54016
1740,212.25,347.75,14.75,29.25,0.53907
1740,141.75,329.5,14.5,29,0.53897
1740,333.75,334.25,13.5,27.25,0.53883
1740,141,387.75,15.5,31,0.53857
1740,236.25,401.75,15.5,30.75,0.5383
1740,154.5,113.25,14,28,0.5383
1740,307.25,195.75,16.25,32.25,0.53826
1740,47.75,267,12,24,0.53821
1740,372.75,273,15.25,30.5,0.53772
1740,229,401.5,15.75,31.25,0.53734
1740,508.25,405.25,14.5,28.75,0.53708
1740,438.5,38.5,13.5,26.75,0.5369
1740,604.5,263.5,14.25,28.5,0.53688
1740,470.5,423,13,26.25,0.53659
1740,103.5,80,13.75,27.25,0.53652
1740,148.75,346.25,14.75,29.5,0.53592
1740,57.5,390.25,13.75,27.25,0.53592
1740,70,422,13.25,26.5,0.53574
1740,447.5,346.25,13.75,28,0.53548
1740,364.5,440.75,16.25,32.75,0.5343
1740,84.25,401,15.75,31.5,0.53417
1740,262,430.25,13.25,26.25,0.5341
1740,404.75,322.25,14.5,29,0.53386
1740,285,417.25,13.5,27,0.53358
1740,22.25,367.5,12.75,25.5,0.53352
1740,110,283.25,13,26,0.53318
1740,599,355.75,14.25,28.75,0.53307
1740,100.5,363.75,14.25,28.5,0.53305
1740,237.75,349.25,15,30,0.53295
1740,426,443,18,36,0.5329
1740,252,340.5,13.25,26.25,0.53267
1740,155.75,390.5,12.5,25,0.53266
1740,436.5,439.75,15.75,31.25,0.53251
1740,116.5,297.5,12,23.75,0.5325
1740,242.25,318.5,22.75,45.5,0.53215
1740,131,401.5,15.75,32,0.53203
1740,484.25,389.75,14,28,0.53199
1740,124,410,13,26,0.53198
1740,89.75,87.75,20.5,40.75,0.5319
1740,157,346.25,14,27.75,0.5318
1740,308.25,316.5,14.25,28.75,0.5312
1740,620.25,363.75,12.5,25,0.53113
1740,301,315.75,14.75,29.5,0.53109
1740,503,399,13.25,26.5,0.53106
1740,212.25,410.75,15.5,31,0.53079
1740,262.5,419.5,14,28,0.53059
1740,548.5,337.75,15.75,31.75,0.53056
1740,84.25,214.75,12.75,25.5,0.53051
1740,485,401.5,15,30,0.53046
1740,340,339,17.25,34.5,0.53004
1770,269.25,380.25,14,28.25,0.5726
1770,94,63,13,26,0.56627
1770,205,82.5,12.75,25.75,0.55999
1770,452.5,384,16.25,32.25,0.55517
1770,597,348.75,14,28,0.55314
1770,70.25,118,12.75,25.5,0.54809
1770,204.25,403.25,15,30.5,0.5473
1770,103,41,11.75,23.5,0.54708
1770,134.25,368,13,25.75,0.54555
1770,421,396,14.75,29.5,0.54434
1770,380,356.5,13,25.5,0.54406
1770,603.5,385.5,16.25,32.75,0.54108
1770,604.25,325.75,13.5,27.25,0.54099
1770,212.25,398.25,14.25,28.5,0.53995
1770,214,355.5,14,27.5,0.53949
1770,305,418,12,24.25,0.53845
1770,123.75,348,16.25,32.25,0.53807
1770,70.75,105,12.75,25.75,0.5378
1770,196.75,409,15,29.75,0.53777
1770,371.5,415.75,13.75,27.5,0.53769
1770,603,336.75,17.75,35.25,0.53747
1770,408.75,367.75,16,31.75,0.53722
1770,560.25,314.25,12.25,24.5,0.53688
1770,259.25,78.75,17.25,34.25,0.53686
1770,411.5,204.75,12.5,25.25,0.53586
1770,284.5,422.25,12.5,24.75,0.53538
1770,239.25,416.5,13.75,27.5,0.53499
1770,182.75,413.25,12.25,24.25,0.53491
1770,170.75,169,11.5,23,0.53483
1770,44.25,303.25,17.25,34.5,0.53437
1770,96.25,36.75,12.75,25.25,0.53435
1770,404.25,416.5,15.75,31.5,0.53419
1770,415.75,376.25,12.75,25.5,0.53417
1770,293.5,319.75,15.5,30.75,0.53389
1770,134.25,348.75,13.25,26.25,0.53382
1770,332.5,316.5,12,23.5,0.53379
1770,100.25,370,15.5,31,0.53339
1770,7.5,274.5,13,26,0.53333
1770,44.75,322.25,14.25,28.5,0.53256
1770,421,383.75,15.5,31,0.53248
1770,325.75,409.75,12.75,25.5,0.53234
1770,119.5,346.75,13,25.5,0.53229
1770,237.25,363,13,26,0.53198
1770,117,436.25,15,30,0.53171
1770,493.75,412.25,13,26,0.53153
1770,316.25,433,12.5,24.75,0.53129
1770,101.25,449.75,13.25,26.75,0.53112
1770,100.25,352.75,14.5,29.25,0.53099
1770,619.75,123,13.5,27.25,0.53095
1770,341.5,356.25,13.25,27,0.53095
1770,51.5,326,16.25,32.25,0.53062
1770,484,412.5,12.5,24.75,0.53052
1770,365,420,14.5,29,0.53049
1770,156,402.75,15.5,31,0.53021
1770,69,193.5,22,44.5,0.53017
1770,252.5,291.5,15.5,31.5,0.53013
1800,100.5,66.75,15,30,0.56673
1800,68.75,379.5,14.5,29.25,0.56487
1800,588.5,405,14,28,0.5586
1800,220.75,336.5,13,25.75,0.55648
1800,120,16.25,12.5,24.75,0.55441
1800,91.75,63.25,16.5,33,0.55347
1800,108,112.25,13.25,26.5,0.55175
1800,508.75,283.5,12.5,25,0.54797
1800,320,430.75,13,25.75,0.54716
1800,76,368.75,13.75,27.25,0.54715
1800,147.5,42.25,17.25,34.75,0.54594
1800,591,406.25,13.25,26.5,0.54568
1800,84.25,14.75,13.75,27.5,0.54535
1800,84.5,125,14.25,28.75,0.54513
1800,172.25,32,16.75,33.25,0.5445
1800,41.5,305,18.25,36.5,0.54384
1800,86,363.75,13,25.5,0.54368
1800,146.5,71,17.5,34.75,0.54293
1800,610,363.75,18,36.25,0.54236
1800,134.5,405.5,13.25,26.25,0.5421
1800,36,16.5,12.75,25.25,0.54185
1800,203.75,55.25,23.25,46.5,0.54156
1800,579.75,397.25,16.5,33,0.54123
1800,235.25,37.75,20.5,41,0.54062
1800,310.5,342.25,13.25,26.25,0.54025
1800,38,302,12.75,25.5,0.54003
1800,52,10.75,12.75,25.5,0.53941
1800,70.75,145.25,13.25,26.75,0.53935
1800,134,429.25,14.25,28.25,0.53923
1800,68.75,107.25,15,30.25,0.53886
1800,189.75,131.5,14.5,29.25,0.53884
1800,118.5,182.5,15,30,0.5385
1800,76,31.75,16.5,33,0.53838
1800,88.5,63.75,12,24.25,0.53733
1800,68.25,366,16.75,33.5,0.53702
1800,228.25,41.25,15.75,31.75,0.53671
1800,172.5,111.5,15.75,31.5,0.53641
1800,132.25,31,15.5,31,0.53624
1800,588.75,280.75,11.75,23.5,0.53622
1800,374.25,353.5,14,28.25,0.53575
1800,140.75,66.5,15.5,31,0.53561
1800,231,417.25,29,58,0.53492
1800,75.75,25.5,15.5,30.75,0.53475
1800,84.75,26.5,14.5,29.25,0.53472
1800,372.5,283.75,12,23.75,0.53394
1800,19.75,308,17,33.75,0.53363
1800,411.25,416.75,17.25,34.25,0.5331
1800,217,46.75,24.75,49.75,0.5331
1800,56.25,97.5,12.25,24.25,0.53295
1800,212.5,422.5,15.25,30.25,0.5328
1800,234.25,79.75,17.25,34.5,0.53235
1800,318,262.75,12.5,25,0.53217
1800,108.5,275.25,14.25,28.75,0.53189
1800,243.75,452.75,12.5,25,0.53112
1800,128.25,407.5,12.75,25.5,0.53089
1800,92.5,380,15.25,30.25,0.53087
1800,119.5,21,13.5,27.25,0.5308
1800,132.5,60.75,14.25,28.25,0.53015
1830,540,347.5,14.25,28.5,0.55902
1830,195.5,87,13.5,27,0.55844
1830,140.5,396,13.75,27.75,0.5581
1830,435.5,31.5,17,34,0.55212
1830,181.25,31.25,12.75,25.75,0.54978
1830,156.75,398.25,13.25,26.5,0.54572
1830,340.75,368.5,17.25,34.5,0.54523
1830,183,415.25,13.25,26.5,0.54521
1830,332.25,436.25,12.5,25,0.54443
1830,141.25,40.75,14.5,29,0.54417
1830,341.75,384,12.75,25.25,0.54315
1830,160.5,98.5,12.25,24.75,0.54277
1830,37.25,343.75,13.75,28,0.5425
1830,587,323,15,30.25,0.54223
1830,123.75,134.75,13.5,27.5,0.54061
1830,172.5,33.25,15.75,31.5,0.53979
1830,212.25,411.25,15.5,30.75,0.53937
1830,628,210.25,12.75,25.5,0.53933
1830,607,382,13.25,26.5,0.5373
1830,612,101.75,30.75,61.25,0.5367
1830,43.5,26.5,15.75,31.75,0.53636
1830,76.25,352.25,12,24,0.53618
1830,167.25,112,13.25,26.75,0.53609
1830,269.25,384.5,14.25,28.5,0.53605
1830,441.75,28.75,17,33.75,0.53604
1830,288,416.75,12.5,25.25,0.5357
1830,116.75,425.75,15,30.25,0.53549
1830,271.75,31.25,12.5,25.5,0.53509
1830,188.25,86.25,15.25,30.75,0.53457
1830,133,347,18,36,0.53456
1830,98.75,340.5,12,24.25,0.53432
1830,116.5,89.5,15.75,31.25,0.5336
1830,220.5,370.5,15.5,31,0.53314
1830,108.75,28.75,12,24,0.53227
1830,133,295.5,12.5,24.75,0.53182
1830,84.25,432.5,12.5,25,0.53181
1830,236.25,422,12.25,24,0.53173
1830,444,331.5,12.25,24.75,0.53172
1830,108.5,29.25,19.75,39.5,0.53139
1830,148,387.25,16,32.25,0.5312
1830,411.75,142.25,14,28,0.53102
1830,459.5,366,17.25,34.25,0.53092
1830,165.75,133.25,15,30,0.53084
1830,547,351.75,16.5,33,0.53029
1830,392.5,15,17.25,34.25,0.53021
1830,149.25,110.5,14.25,28.75,0.53019
1830,602.5,90.5,19,38.25,0.53019
