30,277,386.25,15.25,30.5,0.56441
30,364.5,384.25,16,31.75,0.56204
30,324.75,364.5,15.5,31,0.56128
30,212.75,385.25,15,30.25,0.55601
30,180.5,409,14.75,29.25,0.5524
30,268.75,385.25,15,30.25,0.5512
30,229.25,396.75,14.25,28.5,0.54909
30,141.75,358,13,25.75,0.54628
30,380.75,384.25,15.5,31.25,0.54106
30,392.5,293.5,14.5,28.75,0.54078
30,433.5,63.5,17,33.75,0.54017
30,511.75,57.5,18.5,36.75,0.53978
30,204.25,382.75,15.75,31.25,0.53891
30,453,178.25,14.5,28.5,0.53779
30,468,144.75,13.75,27.25,0.53682
30,309.25,359.25,13.25,26.5,0.53679
30,360.5,297,27.5,55.25,0.53605
30,196.75,368,15.5,31.25,0.53542
30,249.5,379.25,18.75,37.5,0.5348
30,392.5,252,13.5,27,0.53414
30,393.75,223,33,66,0.53369
30,443.25,179.5,13.75,27.25,0.53365
30,234.25,303,17.5,35,0.53336
30,227.25,193.5,13,26,0.53264
30,473.25,219,13.5,27.25,0.53209
30,299.5,350,16.75,33.75,0.53185
30,261,366.5,15,29.75,0.53154
30,86.5,145,16.25,32.5,0.53153
30,268.75,368.25,15.75,31.5,0.53126
30,279.25,209,30,60,0.53077
30,212.75,392.5,14.75,29.5,0.53076
30,215,302.25,16.5,33.25,0.53066
30,104,303,22,44,0.53059
30,532,55.5,12.25,25,0.53041
60,364,367.5,17,34.25,0.56659
60,229,385,14.75,29.5,0.56497
60,325,366.25,14.75,29.75,0.55571
60,268.75,367.25,15.5,31,0.55463
60,204.25,381,16.5,33,0.55417
60,348,368.25,15.5,30.75,0.55308
60,197.5,368.25,14.5,29.25,0.55166
60,204.5,358.75,12.75,25.75,0.55118
60,236,381.5,15.5,31,0.54889
60,268.75,385.5,14.75,29.5,0.54616
60,222.25,304.25,14,28.25,0.54527
60,362.75,298.25,26.75,53.75,0.54459
60,392.25,250.75,13.75,27.25,0.54388
60,172.5,386,15.25,30.25,0.54351
60,141.5,358.25,13.25,26.25,0.54316
60,579,265.25,15.5,30.75,0.54284
60,250.5,379.75,18.25,36.75,0.54271
60,220,383.5,16.25,32.5,0.54267
60,531.75,55.75,12.5,24.75,0.54123
60,473.75,220.5,13.5,26.5,0.53991
60,297.25,110.5,14.75,29.25,0.53939
60,340.25,368.5,15.75,31.5,0.53895
60,237.5,303,15.75,31.75,0.53811
60,201.75,380.75,28.25,56.75,0.53754
60,365,385.5,15,29.75,0.53726
60,105.25,299.25,25.5,51,0.5367
60,346.25,72,12.75,25.5,0.53631
60,453.75,107.25,13,26.25,0.5358
60,293,405.75,14,28,0.53561
60,390,385,13.5,27.25,0.53518
60,392.75,297.75,15.25,30.25,0.53499
60,558.25,446,16,32.5,0.53445
60,573,146.25,15.5,31,0.53442
60,393.5,224,33.25,66.25,0.53416
60,213.5,370.25,13.5,27,0.53408
60,348.25,359,14.75,29.5,0.5337
60,514,65.5,14,28,0.53346
60,180.75,382.5,14.5,29,0.53336
60,144.25,3.25,12,24,0.5333
60,-3.75,67.25,30.75,61.5,0.53322
60,149,406.75,14.25,28.75,0.53267
60,507.25,196.25,15,30.5,0.53242
60,543.25,135.5,58.5,116.75,0.53229
60,356.75,358,14,28,0.53192
60,443,179.25,14.5,29.5,0.53098
60,276.25,367,16.25,32.75,0.53085
60,157.5,349.25,12.5,25.25,0.53082
60,165,385,15,30,0.53017
60,623.5,196.25,18.75,37.25,0.53016
90,365.5,358.5,14.25,28.25,0.56321
90,240.5,369.25,16,31.75,0.55484
90,140.5,348.75,15.5,31.5,0.55439
90,235.25,372.5,13,26.5,0.55428
90,325,360.75,14.75,29.75,0.55334
90,85.75,146.75,16.75,33.5,0.55037
90,393.25,297,15.5,31,0.5493
90,392.25,252.5,13.75,27.25,0.5453
90,578.5,266,16,32.25,0.54286
90,187.75,362.25,15.5,31,0.54278
90,628.5,148.75,12.25,24.5,0.5405
90,213,371.25,15,30,0.5402
90,520,408.75,11.75,23.5,0.53925
90,229.5,384,14.25,28.5,0.53923
90,255,98.25,32.25,64.5,0.53767
90,170.25,379.25,27.25,54.5,0.53735
90,162,26.25,12.5,24.75,0.53714
90,173.5,358.25,14.25,28.75,0.53701
90,228,306.5,13.75,27.25,0.53649
90,260,383.75,16.5,32.75,0.53646
90,473.75,221,13,25.5,0.53611
90,144,3.75,12.25,24.5,0.53607
90,573.25,147,15,30,0.53541
90,157,361,14.25,28.75,0.53497
90,19.5,392.25,42.5,85.25,0.53487
90,215.25,303.5,15.75,31.75,0.53486
90,263.5,97.25,15,30.25,0.53417
90,139.25,13.75,34,68,0.53391
90,220,369,16.5,32.75,0.53371
90,564,322.5,15.25,30.25,0.53355
90,220.5,47,15.5,30.75,0.53305
90,380,88.25,13,26,0.53274
90,373.5,359.75,13.5,26.75,0.53259
90,34.5,138.5,27.75,55.5,0.53218
90,506,197.25,16.75,33.25,0.53215
90,94.75,2.75,11.75,23.75,0.53199
90,256.25,351.75,13,26.25,0.53151
90,264,31.5,13.25,26.5,0.53144
90,236.25,384.5,13.25,26.25,0.53122
90,107.5,307,13.5,27,0.53116
90,361.25,299.25,27.5,55,0.53115
90,586.5,426.75,20,39.5,0.5311
90,511.5,57.5,19.25,38.5,0.53106
90,443,180.5,14.5,29,0.53105
90,234,304,17.75,35.25,0.53086
90,197.5,84.25,28.75,58,0.53084
90,268.5,385,15.75,31.5,0.53046
90,232.75,177.25,31.25,62.75,0.53046
90,147.5,366,17,34,0.53017
90,284.5,60.25,141.25,283,0.53011
120,163.75,399.5,16,32,0.56619
120,220.25,386.75,14.75,29.75,0.56579
120,247.75,375.75,12.5,24.75,0.56236
120,228.75,385.5,15.75,31.5,0.556
120,268.25,366.5,16.25,32.25,0.55417
120,184,378.5,31.75,63.25,0.55262
120,578.25,266,15.75,31.25,0.54798
120,393.25,298.5,15,30.25,0.54795
120,256.5,41,12.25,24.75,0.54456
120,138.25,14.5,34.75,69.5,0.5424
120,373.5,359.25,13.5,27,0.54059
120,326.75,349.25,13.25,26.5,0.537
120,364.75,385.5,15.5,31,0.53682
120,86.75,147.25,16.25,32.5,0.5364
120,33.25,139.25,27.25,54.5,0.53616
120,259.25,117.75,22.25,44.75,0.53457
120,162,26.5,12.5,24.75,0.53433
120,299.75,350.5,16,32.25,0.53414
120,260.25,382.25,16.25,32.5,0.5339
120,184,369.5,13,26.25,0.53373
120,203,367.75,26.25,52.5,0.53359
120,444.25,301.25,12.5,25,0.5331
120,479,189.5,12,24,0.53282
120,628.5,149.5,12,23.5,0.53274
120,284.5,384.5,16.25,32.25,0.53272
120,255.5,63.25,32.5,65.25,0.53262
120,36,109.25,20.25,40.5,0.53218
120,300.25,384,16.25,32.25,0.53212
120,365.5,360.25,13.25,26.75,0.53206
120,141.5,349,14,28.25,0.53203
120,165.25,427,14.75,29.5,0.53193
120,473.75,220.75,13.25,26.5,0.53146
120,510.5,55.75,20.75,41.5,0.53132
120,197.25,370.75,14.25,28.5,0.53124
120,175,406.5,21.75,43.5,0.5312
120,308,361.75,16.75,33.25,0.53059
120,594.75,418.75,20.75,41.75,0.53039
120,251,382.25,17.5,35.25,0.53032
120,107.5,59.25,12.5,25.25,0.53028
120,362,300.5,27,54,0.53011
120,525.25,228.75,15.5,30.75,0.53009
120,177.75,60.75,15.5,30.75,0.53006
150,261,385.25,14.75,29.5,0.5644
150,183,369.25,14,28,0.56017
150,373.75,361.75,13.25,26.5,0.55868
150,252,384.25,15.5,31,0.55124
150,229,386.25,16,32,0.55051
150,175.75,370.25,16,32,0.55018
150,-3.75,2.5,33.5,67.25,0.54947
150,317.25,364.25,14.75,29.5,0.54878
150,381.5,360.25,14,28,0.54568
150,197.5,373.5,13.25,26.25,0.54409
150,276.75,386.25,15.5,31.25,0.5427
150,340.75,369.5,16.5,33,0.54269
150,392.75,299.25,15,30.25,0.54237
150,105.5,305,23,46.25,0.5423
150,362.5,302,26,52,0.54205
150,5.75,2.75,34.75,69.25,0.54169
150,531.75,57.75,12.5,25,0.5413
150,391.75,252,14,27.5,0.54027
150,86.5,148.75,16.25,32.5,0.53987
150,231.5,143.75,14.5,29,0.53914
150,221.75,306,14.75,29,0.53744
150,394,226.5,29.75,59.25,0.53621
150,578.75,267.75,15.5,31,0.53609
150,235.25,307.25,16,32.25,0.53571
150,353,294.5,15.5,30.75,0.53563
150,573,148.25,15.5,30.75,0.5355
150,291.75,382.75,17.25,34.5,0.535
150,563.75,323,15.25,30.5,0.53488
150,550.5,214.5,22,44,0.53478
150,252.75,303.75,16.5,32.75,0.5347
150,293,362,15.5,30.75,0.53448
150,204.5,370,14.75,29.5,0.53399
150,474,221.25,12.75,25.5,0.53365
150,140.25,17,32,64.25,0.53203
150,325.25,371,14.75,29.75,0.53203
150,33.75,141,26,52,0.53198
150,473.5,222.5,38.25,76.75,0.53164
150,301.5,363.75,14,28.25,0.53154
150,347,49.75,33.5,67.5,0.53137
150,519.5,55.25,12.5,24.75,0.53112
150,247.5,387.75,13.5,27.5,0.53104
150,468,145.5,14.5,29,0.53075
150,228,351,12.5,24.75,0.53032
180,364.75,386.25,15,30.25,0.57863
180,228.75,389.25,15.25,30.5,0.5567
180,252,384.25,16,32.25,0.55148
180,260,384,16.25,33,0.55135
180,5.75,2.75,34.75,69.25,0.55034
180,578.5,268.75,15.25,30.75,0.54758
180,104.75,302.5,25,50,0.54647
180,392,252.75,14,28,0.5429
180,506.75,391.25,12.75,25.75,0.54201
180,-3.5,2.5,33.5,67,0.54199
180,277,384.75,15,30,0.54155
180,247.75,376.25,12.5,25,0.54123
180,573.75,148.25,15,30.25,0.54109
180,181,408.5,13.75,27.5,0.54064
180,253.25,302.5,16.25,32.5,0.53989
180,392.75,298.25,15.5,30.75,0.53865
180,454.75,195.25,28.25,56.5,0.53854
180,435,286.75,16.25,32.75,0.53848
180,318.25,369.5,12.75,25.75,0.53847
180,362.75,302.25,26,52.25,0.53832
180,268.5,369.5,15.25,30.25,0.53791
180,268.5,388,15,29.5,0.53763
180,233.5,261.5,37.75,75.75,0.53731
180,279.5,53.75,144.5,289,0.53688
180,214.5,304,16,31.75,0.53666
180,473.5,222.75,37.75,75.5,0.53418
180,221.25,305.75,15.25,30.5,0.53385
180,364.75,371.25,15.5,31,0.53351
180,400.25,192.75,22.5,44.5,0.53322
180,389.25,360.5,13.5,26.5,0.53255
180,203.5,369.75,17.25,34.5,0.53218
180,562.5,323,14.75,29.5,0.53198
180,162,26,12.5,25.25,0.53197
180,324.5,216.75,12.25,24.25,0.53139
180,138.25,15.5,34.5,68.75,0.53094
180,220.25,350.25,15,30.25,0.53059
180,352.5,294.25,15.75,31.5,0.53039
180,628.5,149.5,12,23.5,0.53015
210,246.75,375,13,26.5,0.57783
210,180.75,388,14.5,28.75,0.56538
210,308.75,365.25,14.25,28.25,0.55665
210,105,303.75,23.5,47.25,0.55609
210,268.75,371.25,14.5,29,0.5524
210,232,71,13,26,0.55089
210,227.75,196,41.25,82.75,0.54984
210,317.5,366,13.75,27.75,0.54967
210,165.25,407.25,13.75,27.5,0.54829
210,156,375.25,13,26.25,0.54789
210,578.25,268,16,32.25,0.5478
210,85,146.25,17.75,35.25,0.54442
210,252.75,383.75,15.75,31.5,0.54417
210,232,145,13.75,27.75,0.54391
210,214.75,304,16,31.75,0.5431
210,253,304,15.75,31.5,0.54199
210,-3.5,2.5,33.5,67.25,0.54194
210,301,365.5,14.75,29.5,0.54034
210,260.5,385.5,15.5,31,0.54031
210,268.75,388,14.75,29.25,0.53945
210,393,299,14.5,29.25,0.53917
210,254.75,305.5,17.5,35.25,0.53754
210,467.75,143.75,15,30,0.53721
210,6.25,2.75,34.5,69,0.53704
210,284.75,407.25,14.25,28.5,0.53681
210,296,114.75,17,33.75,0.53669
210,124.75,359.75,14.5,29.5,0.53597
210,276.25,371.75,16,31.75,0.53575
210,277.25,383.75,14.75,29,0.53551
210,363.75,303.25,25.75,51.25,0.53533
210,510.5,56.25,20.5,41,0.53441
210,374,387.25,13.25,27,0.53335
210,281.5,56.25,145.75,291.75,0.53311
210,188.25,383.5,19,38,0.53287
210,139.5,16.5,33.25,67,0.53282
210,348.25,51,133.5,267.25,0.53213
210,255.25,97,33.5,67.25,0.53156
210,357,373,14.25,29,0.53091
210,234.75,306.5,16.5,33.5,0.53024
210,221.75,305.75,14.75,29.25,0.53017
240,277,383.25,14.75,29.75,0.59281
240,245.5,372.25,14.25,28.25,0.57393
240,364.5,384.5,16.25,32.5,0.571
240,300.75,365.5,14.25,28.25,0.56624
240,236.25,373,14,28,0.56163
240,155.25,372.5,14.5,29.25,0.5593
240,309,365.5,13.5,27.25,0.55289
240,86.5,148.5,16.25,32.5,0.54961
240,172.25,386,16,32,0.5496
240,362.75,302,26.5,53.5,0.54742
240,393,298.75,14.75,29.5,0.54671
240,256.5,41.75,12.5,24.75,0.54668
240,5.75,2.75,34.5,68.75,0.54625
240,215.25,305,14.75,29.75,0.54532
240,213,152.5,62,123.75,0.5451
240,105.5,302.75,24.5,49,0.54438
240,578.25,268.5,16.25,32.25,0.54239
240,197.25,365.75,14,28.25,0.54194
240,-4,2.5,32.75,65.25,0.54169
240,390.5,249.25,13.75,27,0.54054
240,260.25,384.75,15.75,31.5,0.54036
240,232,145.75,14.75,29.25,0.53963
240,268.5,371,15.25,31,0.53951
240,512.5,63.5,16.5,33,0.53818
240,393.25,225.75,30.75,61.5,0.53702
240,296.75,114.5,16.5,33.25,0.5369
240,411.75,233.75,14.5,29,0.53654
240,269,390,13.5,27,0.53564
240,343.75,47.25,139.5,279,0.53542
240,352.75,295,15.5,31,0.53441
240,238.5,219.5,13,25.5,0.53439
240,34,140,26.75,53.25,0.53341
240,507,199.75,14,28,0.53255
240,180,370.5,15.25,30.5,0.53244
240,212.25,371.5,14,27.75,0.53221
240,551,210.5,20.5,41,0.53218
240,255.5,304,18.25,36.25,0.53174
240,245.75,396.25,14.5,28.75,0.53102
240,181,409,14.25,28.25,0.53092
240,261,372.25,15,29.75,0.53019
270,203.75,381.25,17,34,0.56949
270,246.25,375,13.25,26.25,0.56533
270,277.25,386.25,14.5,28.75,0.55984
270,578.5,268.5,15.5,31,0.55469
270,220.25,369.75,15.75,31.75,0.55239
270,180.25,387,14.75,29.5,0.55126
270,212,382.75,16,32,0.55066
270,363,302.25,26.25,52.25,0.54853
270,392.75,299,15,29.75,0.54705
270,252,386,16.75,33.25,0.54622
270,181,371,14.75,29.5,0.54448
270,213,374.25,14.5,29.25,0.54408
270,276.5,407,16.5,32.75,0.5427
270,33.75,140.75,26.5,53,0.54268
270,295.75,113.5,17.5,34.5,0.54257
270,104.75,303,24.75,49.5,0.54223
270,-3.75,2.75,34.25,68.5,0.54216
270,5.25,2.75,34.5,68.5,0.5418
270,300,372,14.75,30,0.5406
270,197.25,371.5,14.5,28.75,0.54028
270,229,393.5,14.25,28.5,0.54022
270,452.25,109.75,12.75,25.25,0.53929
270,187.5,384.5,16.25,32,0.53902
270,153.75,372,15,29.75,0.53818
270,468,146.75,13,26,0.53773
270,260,384.5,16.5,33.25,0.5363
270,215,304,15.5,31,0.5359
270,628.75,149.25,11.5,23.5,0.53581
270,231.5,71.75,12.5,25.25,0.5352
270,331.75,194.75,31.75,63.5,0.53414
270,181.75,409.5,13.75,27.5,0.53381
270,181,446.25,13.25,26.25,0.53368
270,173,386.5,15,30,0.53355
270,382,189.75,48,96,0.53348
270,309.25,372.5,14.5,28.75,0.53335
270,196.25,382.5,15.75,31.25,0.53312
270,138.75,15,33.75,67.5,0.53286
270,229.5,372.5,14.25,28.75,0.5328
270,352.5,293.75,16,32,0.53248
270,221.25,306,15,30.25,0.53225
270,268.75,387.75,14.5,29,0.53202
270,141,63.25,12.25,24.25,0.5317
270,86.5,148.5,16.25,32.5,0.53133
270,161.75,28.25,12.75,25.5,0.53103
270,300.25,409.5,13,26,0.53068
270,231.75,146,15.75,31.5,0.53025
270,232.25,258.25,39,77.5,0.53007
300,325.25,374.75,13.75,27.5,0.56528
300,277,380.75,15,29.75,0.55569
300,251.75,386.25,16.75,33.25,0.55234
300,105,302,25.25,50.5,0.55019
300,220.5,387,14.75,29.5,0.5466
300,180.75,371.75,14.75,29.5,0.54485
300,578.5,268.5,15.5,31,0.54472
300,220.5,370,15.25,30.25,0.54464
300,362.5,302.75,26.25,52.25,0.54459
300,246.5,375.25,13.75,27.25,0.54429
300,204,384.5,16.75,33.5,0.54261
300,180.25,364.75,15.75,31.5,0.54252
300,6.5,2.75,34.5,69,0.54227
300,229,389.25,14.5,29,0.54023
300,211.75,381.25,16.5,32.5,0.5384
300,196.5,384.25,16,32,0.53835
300,-4,193.5,32.25,64.75,0.53819
300,141.25,416.75,14.5,29.25,0.53811
300,269,377.5,14.25,28.5,0.53684
300,392.75,298,15.5,30.75,0.53675
300,-3.25,2.75,34,68.25,0.53638
300,512.25,64.25,16.75,33.5,0.53633
300,172.5,387.5,15.5,31.25,0.53609
300,231.5,145.5,14.75,29.5,0.53564
300,214,304.75,16,31.75,0.53521
300,468,145.25,14.25,28.5,0.53521
300,29.25,5.5,33.5,67,0.53495
300,257.5,305.5,16.5,33,0.53461
300,196.75,369.75,15.75,31.5,0.53448
300,285.25,377,13.5,26.5,0.53437
300,590.25,408.5,12,24,0.53429
300,184,380.25,27.5,55,0.53369
300,393.25,225.25,31.25,62.75,0.5336
300,628.75,151,11.5,23,0.53285
300,144,4.25,12.75,25.25,0.53283
300,286,41,147.5,295,0.5324
300,259.5,384,17,34.25,0.53176
300,284.5,382,15.25,30.75,0.53137
300,6.75,249.25,18.5,37,0.53089
300,316.75,370.75,14.5,29.5,0.53073
300,310,372.5,14.25,28.5,0.53047
330,235.5,382,16.25,32.25,0.57635
330,578.25,267.75,16,31.75,0.55149
330,183.25,191.75,12.75,25.5,0.54929
330,392.75,298.75,14.75,29.5,0.54888
330,317.5,373.75,13.75,27.25,0.54607
330,296.25,113.75,17,33.5,0.54539
330,466.75,148.5,12.25,24.25,0.54456
330,148.75,349.75,14.5,28.75,0.54349
330,144,4,12.75,25.25,0.54334
330,373.5,364.75,13.5,27.25,0.54232
330,253.25,303.75,16.25,32.5,0.5414
330,6.25,2.75,34.5,69,0.54127
330,204.5,365.25,14.75,29.5,0.54124
330,276.5,385.5,15.5,31.25,0.54063
330,364.25,368.5,13.25,26,0.54051
330,173.25,365.5,14.5,28.75,0.54005
330,-3.5,2.5,33.5,67,0.53904
330,356.75,365.5,14.25,29,0.53821
330,292.5,373.5,15,29.75,0.53813
330,300.5,368.5,14.5,29,0.53745
330,233,261.75,37.75,75.5,0.53733
330,390,360.75,13.25,27,0.53592
330,531.75,57.5,12.5,24.75,0.53584
330,390.5,249.5,13.75,27.5,0.5358
330,394.5,227.25,28.75,57.25,0.53559
330,104.75,305.25,22,44,0.53548
330,551.25,215.75,21,42.25,0.53524
330,116,368.5,16.75,33.5,0.53523
330,510.5,56.5,21,42,0.53512
330,464.25,111.75,12.25,24.5,0.53511
330,215.5,305.25,15.25,30.5,0.53412
330,234.25,306,17.5,35.25,0.53369
330,268.75,389,14.75,29.75,0.53274
330,104.25,74.5,12.25,24.75,0.53231
330,140.75,63.25,12,23.75,0.53228
330,222,306.25,14.25,28.5,0.53185
330,526,408.5,15.5,31,0.53181
330,26.75,3,35.75,71.5,0.53178
330,140,15,33,66,0.53159
330,309.25,350.75,15,29.75,0.53149
330,220.25,360,15.25,30.75,0.53105
330,284.25,51.25,147,294,0.53102
330,334,61,135,270.25,0.5307
330,260.5,351.75,15.75,31.5,0.53062
330,285.25,386.75,13.5,27,0.53046
330,194.5,381.5,17.5,35.5,0.53042
330,345.5,74.5,13,25.75,0.53035
330,272,45.25,16.75,33.5,0.53025
360,285.25,389.25,13.5,27,0.56857
360,180.5,370.5,15.75,31.5,0.56241
360,204.75,361.5,13.75,27.5,0.55942
360,333.25,371.5,14.25,28.5,0.55391
360,393,298.5,14.25,28.75,0.55316
360,277.25,387.5,15,30,0.5527
360,380,367.25,15.75,31.25,0.55268
360,308.75,371.75,13.75,27.75,0.54902
360,268.75,389.25,14.25,28.75,0.54486
360,316,205,12.25,24.75,0.54344
360,140.5,370.25,15.5,30.75,0.54231
360,-3.75,2.5,33.5,67,0.54201
360,353,295.5,15,30.25,0.54182
360,6,2.75,34,68.25,0.541
360,293.75,361.5,13.25,26.75,0.5397
360,578.25,268.5,15.75,31.25,0.53775
360,391.75,251.75,14.5,29,0.53668
360,162,9.5,12.75,25.5,0.5362
360,325.5,364.5,13.5,27,0.53526
360,156.25,371.5,15,30,0.53505
360,228.75,364.5,15,30,0.53466
360,617.25,356.5,24,48,0.53399
360,276.5,368.25,16,32.25,0.53376
360,212.5,360,14.5,29.25,0.53368
360,218.25,379.75,28.25,56.5,0.53365
360,260.75,362.5,15.25,30.5,0.53357
360,237.5,304.5,16,32,0.5335
360,364.25,303.75,25,49.75,0.53233
360,393.75,225.75,30.5,61,0.53212
360,233.75,312,17.25,34.75,0.53164
360,388.25,367.75,16.75,33.75,0.53162
360,291.75,373.25,17,34.25,0.5316
360,513.5,65.75,14.75,30,0.53159
360,373.5,368,13.5,27,0.53143
360,141.25,63.25,12.75,25,0.53137
360,532,58.25,12.5,24.5,0.53129
360,467.75,144.75,14.5,28.75,0.53112
360,220.25,372,15.25,30.25,0.53107
360,163.5,395.25,16.75,33.5,0.5308
360,162,28.75,12.5,24.75,0.53061
360,198.25,367,12.75,25.75,0.53047
360,252.25,261.75,12.5,24.75,0.53031
360,106.75,304.75,22,44,0.53027
360,253,304.5,15.5,30.75,0.5301
360,473,221.75,38.25,76.5,0.53002
390,285.25,389.25,13.5,27,0.56857
390,317,371,14.75,29.75,0.55928
390,324.5,366,16,32.25,0.55807
390,277.25,387.5,15,30,0.5527
390,380.25,368.5,16.5,33,0.55222
390,325,371.5,14.75,29.5,0.55193
390,308.75,371.5,14,28.25,0.55102
390,333,369.25,15,30,0.5508
390,232,70.25,13.5,26.75,0.54816
390,300.25,364.75,14,28,0.54796
390,5.75,2.75,34.25,68.5,0.54583
390,144.25,4.75,12.25,24.75,0.54539
390,141,63,12.5,25.25,0.54288
390,392,251.75,13.75,27.75,0.54249
390,392.75,296.5,15.5,31,0.5423
390,357,381,14,27.5,0.54135
390,105,304.75,23.5,47.25,0.54091
390,214.75,305,15.75,31.75,0.54056
390,467.75,145,14.25,28,0.53878
390,93.75,224.5,16.5,33.25,0.53871
390,334.25,110,12.5,25,0.53861
390,32.75,141.5,25.25,50,0.5383
390,-3.75,2.5,33,65.75,0.53827
390,472.25,220.5,14.75,29.5,0.53822
390,373.5,369,13.5,27.25,0.53776
390,235.75,313.25,14.75,29.25,0.53649
390,578.5,268.5,15.75,31.5,0.53628
390,244.5,384.75,15.5,31,0.53603
390,236.5,362.75,13.5,27,0.53567
390,231.75,145.5,14.25,28.5,0.53557
390,28.75,3,34.75,69.75,0.53555
390,269,388.75,14.25,29,0.53483
390,190,364,12.75,25.5,0.5346
390,96.75,199,25,49.75,0.53437
390,232,259.5,39,78.25,0.53424
390,222.25,307,14.25,28.25,0.53398
390,138.25,13,35.25,70.5,0.53381
390,161.75,6.25,14,27.75,0.53354
390,394.75,227.25,28.25,56.5,0.53342
390,384.25,233.5,13.25,26.5,0.53325
390,362.5,301.25,27,53.5,0.53312
390,291.25,381,17,34.25,0.53294
390,180.5,387.5,14.5,29.25,0.53281
390,556.25,319.25,16.75,33.5,0.53234
390,296.25,114.5,16.5,33.25,0.53201
390,340,362,12.75,25.75,0.5317
390,180.5,372.5,15,30,0.53126
390,279.75,48,149.25,298.25,0.53061
390,511,55.25,19.5,39.25,0.53051
390,197.75,365.5,14,28,0.53036
390,140.25,368.75,15.75,31.75,0.53021
390,204.25,361,12.75,25.75,0.5302
390,203.5,379,27.75,55.75,0.53002
420,292.5,386.5,15.25,30.5,0.5853
420,393,299.5,15.25,30.5,0.55257
420,381.5,389,14.5,28.75,0.55001
420,214.25,304.75,15,30.25,0.5488
420,317.25,364,14,28.25,0.54758
420,5.5,2.75,34.25,68.5,0.54685
420,245.25,384.75,13.75,27.75,0.54657
420,211.5,381.5,17.5,35,0.54451
420,202.75,381.25,19,38,0.54411
420,106.25,303.5,23,46.5,0.54209
420,578.75,269.75,15.75,31.25,0.54035
420,362.25,301,27,53.75,0.54014
420,325,363,15.5,31,0.53939
420,380.25,368.75,16.75,33.25,0.53917
420,284.5,380.5,15.25,30.25,0.53898
420,468.25,147,13.75,27.5,0.53829
420,-3.75,2.5,33,65.75,0.53807
420,361.25,45,14,27.75,0.53793
420,240.5,372.25,12,24,0.53752
420,124.5,360.5,14.75,29.5,0.53587
420,392.25,253.25,13.25,26.75,0.53514
420,509.5,389.5,13.75,27.5,0.53405
420,141.5,63.5,12.25,24.75,0.53402
420,268.75,387,14.75,29.25,0.53373
420,510.5,54.5,21,41.5,0.53371
420,34,140.75,26,51.75,0.53339
420,140,15.25,32.75,65.5,0.53297
420,237.25,304.5,16.25,32.5,0.53296
420,309.75,372.5,14.5,29.25,0.53259
420,333.75,364,13.5,27.25,0.53216
420,365.75,389,14,28.25,0.53199
420,512.75,65.5,15.5,30.75,0.53161
420,222.25,308.25,14,27.5,0.53114
420,162.25,386,12,24.25,0.53109
420,393.75,225.75,31,62,0.53087
420,220.5,371,15.5,30.75,0.53079
420,161.75,8.25,13.25,26.5,0.53056
420,352.75,294.75,15.5,31.25,0.53056
420,244,372.25,16.5,32.75,0.53044
420,276.25,381.75,16.25,32.25,0.5304
420,228.75,308.25,13.75,27.75,0.53006
450,229.25,362.75,13.75,27.5,0.57043
450,292.5,371,14.25,28.75,0.55893
450,220.75,374,13.25,26.5,0.5578
450,300.5,372.75,13.75,27.5,0.55428
450,393.25,299,14.75,29.5,0.54679
450,292.75,385,15.75,31.5,0.54566
450,578.75,267.5,15.75,31.75,0.5439
450,572.25,146.75,15.75,31.25,0.54349
450,316.75,370.25,15.5,31,0.5421
450,276,383.5,16.5,33.25,0.54042
450,165.5,370,15,30,0.54023
450,248,46.5,20.5,40.75,0.54023
450,140.25,367.25,16,32.25,0.5399
450,260.25,366.75,15.5,31.25,0.53974
450,363.25,301.75,25.25,50,0.53974
450,181.5,409.75,13,26.25,0.5383
450,389,386.25,12.25,24.75,0.53818
450,187.75,386,14.75,29.75,0.53817
450,253.25,366.5,14.25,28.75,0.5381
450,85.75,146.25,17,34,0.53771
450,124.5,360.5,15,30,0.53768
450,231.5,69.75,13.25,26.75,0.53739
450,309,366,14,27.75,0.53709
450,94.25,2.5,12.5,25,0.53698
450,161.75,26.5,12.75,25.25,0.5364
450,564,157.75,13,25.75,0.53633
450,268.25,384.25,16.25,32.5,0.53538
450,352.5,292.75,16,32,0.53434
450,255.75,98.5,32.25,64.5,0.53426
450,452.5,108.25,13.5,27.25,0.53378
450,395,227,27.5,55,0.53291
450,341,370.75,15,30.25,0.5329
450,365.5,361,14,28,0.53285
450,196,414.5,17,34,0.53278
450,215.25,304,16,32,0.53197
450,220.5,359.5,14,28,0.53122
450,579.25,332.25,14,27.75,0.53074
450,181.25,364.5,13.5,27,0.53064
450,230,52,12.25,24.5,0.53042
450,34.25,134.25,30.25,60.25,0.53041
450,277.5,364.25,14,28,0.53003
480,219.75,381.5,18.5,36.75,0.56972
480,292,384.25,15.5,31.25,0.55623
480,211.75,384.5,16.5,33,0.55342
480,226.5,382.25,17.75,35.5,0.55244
480,228.25,359.5,14.75,29.75,0.55098
480,300.75,377.25,13.75,27.75,0.55042
480,278.5,359.25,13,26,0.54989
480,87,148.25,15.5,31,0.54621
480,393.25,298,15,30,0.54467
480,365.5,366.25,14.25,28.75,0.54388
480,196,382,17.75,35.5,0.54368
480,577.75,265.5,17,34,0.54253
480,393.75,225.5,30.75,61.5,0.54007
480,352.25,292.75,15.75,31.75,0.53695
480,267.75,362.75,18.25,36,0.53665
480,138.25,14.25,33.25,66.5,0.53629
480,202.25,380.25,19.25,38,0.53554
480,453.75,108,13.75,27.75,0.53443
480,268.75,389,14,28,0.5333
480,260.5,369,15.75,31.75,0.53302
480,293.25,373,14.25,28,0.53285
480,171.75,40,153.25,306.75,0.5326
480,309.25,364.25,13.25,26.75,0.53257
480,340.5,74,13,26,0.53245
480,233,261,38,76,0.53232
480,360,296,28.75,57.75,0.53223
480,473.5,219.75,13.5,27,0.53195
480,140.5,366.25,17,34.25,0.53161
480,390.25,247.5,13.25,26.25,0.5315
480,212.25,360.5,15.75,31.5,0.53135
480,511.75,59.5,18.75,37.5,0.53045
510,164.75,403,14.5,29.25,0.55376
510,173.5,406.5,13.5,27,0.55162
510,167.75,390.75,13,25.75,0.5511
510,180.5,384.5,15.5,30.75,0.55051
510,219.75,382,18.25,36,0.54819
510,393,298.5,15,30,0.54793
510,308.75,370.25,15.25,30,0.54716
510,574.5,148.25,14.25,28.5,0.54631
510,227.75,383.25,16.75,33.5,0.54588
510,512.5,63,16.5,33,0.54512
510,578.75,267.25,15.5,31,0.54375
510,292,383.25,16.25,32.75,0.54238
510,236.75,384.5,15.75,31.75,0.54217
510,365.75,366,14,28,0.54197
510,220.5,361.75,13.75,27.5,0.54135
510,299.75,378,15.75,31.75,0.54086
510,473.5,220.25,14,28,0.53978
510,373,365.25,14,28.25,0.53907
510,214.5,302.5,16,32.25,0.53856
510,168.5,385,24.25,48.5,0.53811
510,211.25,381.75,17.25,34.75,0.53805
510,161.5,7.75,13.5,27,0.5376
510,292.25,368,16,31.75,0.53732
510,162,25.25,12.5,25.25,0.5367
510,256.5,40.75,12.25,24.75,0.53649
510,285,377.25,13.75,27.75,0.5356
510,253.25,367,14,28,0.53554
510,180.75,407,14,27.5,0.53552
510,197,87.75,27,54,0.53514
510,353.25,294.5,15,30,0.53429
510,260.5,361.5,14.5,29,0.53373
510,228.75,307.75,14.25,28.75,0.53267
510,300.5,367.75,13.25,26.5,0.53253
510,380,367.5,16.5,33,0.53251
510,628.5,148.5,12,23.5,0.53226
510,628.75,138,11.5,23.5,0.53209
510,316.75,369.25,15.25,30.75,0.53168
510,504,387.25,15,29.75,0.53138
510,172.25,384,16.5,33,0.53135
510,232,68,14,28,0.53124
510,228.25,361.25,13.75,27.5,0.53008
540,180.75,386.5,14,28,0.5905
540,309,367,14.25,28.25,0.56077
540,228,383,16.25,32.25,0.55707
540,200.25,395.75,12,24,0.55305
540,188.5,386.5,14.5,28.75,0.54955
540,393.5,298.75,15,29.75,0.5481
540,220,379.75,19.25,38.5,0.54542
540,510,53.5,21.75,44,0.54502
540,381.5,391.5,13.5,26.5,0.54428
540,302,369.75,13.5,27,0.54395
540,325,367.25,15,29.75,0.54325
540,500.5,384.25,16.5,32.5,0.54313
540,578.25,265.75,16.5,32.75,0.53922
540,86.25,145.75,17,34,0.53876
540,316.5,370,15.5,31,0.53828
540,455,175.25,28.5,56.75,0.53777
540,472.75,220,15.25,30,0.53702
540,236.75,375.75,13.5,27,0.53698
540,210.75,381.5,18.25,36.5,0.53598
540,531.75,56.75,12.25,24.5,0.53567
540,163.25,368,17.25,34.5,0.53522
540,229,360,14.5,28.75,0.53493
540,245.25,378.5,13.75,27.25,0.53432
540,231.5,69.25,13.5,27,0.53299
540,394.25,226.5,28.25,56.75,0.53253
540,-19.5,137.5,167,333.75,0.53224
540,380.25,366.5,16.5,32.75,0.53173
540,167.25,379,13.25,26.5,0.53133
540,36,137.75,28.5,57.5,0.53113
540,348.5,362.25,14.25,28.75,0.53067
540,220.75,374,13,25.75,0.53059
540,505,61,77,154,0.53021
540,245.75,40.75,22.25,44.25,0.53019
570,149,384.75,14,28,0.56846
570,172.75,384.25,15.75,31.5,0.55582
570,364.5,360,16,32,0.55262
570,577.75,267,16.5,33,0.55196
570,358,360.75,12.5,25,0.54923
570,393,295.5,15.5,31,0.54865
570,166.75,241.25,12,23.75,0.5477
570,628.75,149.25,11.5,23.25,0.54593
570,149,411.25,14.5,29.25,0.54347
570,212.25,385,16,32,0.5428
570,574.75,148.75,14,28,0.54119
570,309.25,359.25,13.25,26.75,0.54096
570,299.75,385.25,15.5,31.25,0.54061
570,149,369,16.25,32.25,0.5403
570,454.25,174.75,29.5,58.75,0.53993
570,392,252.25,15,29.5,0.53815
570,550,214.5,21.5,42.75,0.53796
570,203.5,383.25,17.5,34.75,0.53758
570,138.25,14,33.75,67.25,0.53445
570,253.25,394,14.75,29.75,0.53444
570,394.25,225.75,29.75,59.75,0.53393
570,86.5,148,15.75,31.75,0.53313
570,363.5,300.25,25.75,51.25,0.53296
570,215,303.75,15.25,30.5,0.53266
570,248,87.75,12.5,24.75,0.53259
570,202.5,382,31.75,63.75,0.53244
570,511,57.5,19.5,38.75,0.53226
570,231.75,68.75,13.5,27,0.53209
570,343.5,59.25,14.5,29.25,0.53192
570,468.25,146.25,13,26,0.53181
570,426.75,420.25,22.25,44.25,0.53174
570,474,221.5,12.5,25.25,0.53164
570,253,377.75,14.75,29.25,0.53144
570,373.25,368.5,15.5,30.5,0.5311
570,140.75,371,15.25,30.25,0.53087
570,324.75,368.5,16,31.75,0.53076
570,248.5,260,12.25,25,0.53058
570,531.5,57.25,12,24.25,0.53056
570,133,348.25,14.5,29.25,0.53047
600,229,384.75,14.75,29.75,0.57491
600,277,385.75,15.25,30.75,0.55884
600,229,360,14.75,29.5,0.55755
600,392.75,298,15.25,30.25,0.55624
600,269,387.25,14.5,29,0.55595
600,365,363,15,29.75,0.55586
600,204.25,367,16,32.5,0.55189
600,149,369.75,15.5,30.5,0.55143
600,324.75,368.75,16,32,0.54892
600,220.75,349.5,13.5,27.5,0.54834
600,365.5,389.75,14.25,28.5,0.54463
600,171.75,370,15.5,31,0.5438
600,172.5,384.25,16,32,0.54073
600,248,87.5,12.75,25.25,0.53998
600,204.75,363,15,30,0.53973
600,164.5,368.75,16,32.25,0.53956
600,309.25,361.5,15,30.25,0.53861
600,578,268,15.75,31,0.53835
600,299.75,350.25,16.25,32.5,0.5383
600,353.75,295.25,14.25,29,0.53789
600,197,359.5,14.75,29.5,0.53785
600,140.75,368.25,16,32,0.53741
600,174.75,1,11.75,23.5,0.53676
600,455,298.75,13.75,27.5,0.5366
600,88,154,13.25,26.5,0.53655
600,197,88,27,53.5,0.53629
600,301,364.75,14.75,29.25,0.53596
600,451.75,108.5,13.5,26.75,0.5357
600,381.25,358.25,15,30,0.53556
600,532,57.5,12,24.25,0.53543
600,253,364,14.75,30,0.53543
600,284.5,371.25,15,30,0.53541
600,232.5,259.75,38.5,77.25,0.53524
600,542.25,134.25,56,112,0.53498
600,394.5,226.25,28.75,57.75,0.53475
600,513.25,65.25,15,29.5,0.53465
600,357.25,375.5,13.5,27,0.53404
600,392.25,252.5,14,27.75,0.53355
600,317.25,359.5,14.5,29.25,0.53308
600,243.75,368.5,16.5,32.75,0.53237
600,341.5,358.75,13.25,26.5,0.53222
600,187.75,354,14,27.75,0.53204
600,161.75,9.25,13,26,0.53171
600,220.5,428,14.75,29.25,0.53158
600,586,335.5,20.5,41.25,0.53157
600,237.5,359.75,13.75,27.75,0.53145
600,155,370.5,15.25,30.5,0.5311
600,181.5,368.5,13.5,27,0.53034
600,411.5,234,15,30.25,0.53014
630,212.75,368.75,14.5,28.75,0.57747
630,260,368,16,32,0.55877
630,87.5,191.5,15.75,31.75,0.54963
630,324.5,363.75,14.25,28.75,0.54802
630,301.5,364.25,13.75,27.75,0.54649
630,148.25,367.5,16.25,32.5,0.54555
630,365.25,359.5,14.75,29.5,0.54488
630,180.75,371.5,14.5,28.75,0.54387
630,156,369.25,15.5,31,0.54287
630,204.75,360,14.5,28.5,0.5427
630,211.5,383,17.25,34.5,0.54195
630,288,409.75,12,23.75,0.54151
630,510,53.75,21.5,42.75,0.54122
630,333.5,365.75,14,27.75,0.53835
630,251.5,384.25,17.75,35.5,0.5379
630,85.5,145.75,17,34.5,0.53783
630,227.5,307.5,14.25,28.75,0.53744
630,197.25,362.25,14.5,29,0.53702
630,180.75,406,14,28,0.53642
630,317.5,366,13.5,27.5,0.53632
630,309,357.75,15,30.25,0.53628
630,117.25,360,13.25,26.75,0.53612
630,261.25,360,14.5,29,0.53609
630,163.75,385.25,16,31.75,0.53534
630,261.25,43.25,19.5,38.5,0.53515
630,282,178,31.75,63.5,0.53514
630,430,298.5,12.5,25.25,0.53487
630,252.25,371.5,15,30,0.53455
630,452.25,108.5,14,27.75,0.53407
630,628.75,137,11.5,23,0.53375
630,-15,190.75,121.5,242.75,0.53302
630,416.25,39.5,35,70.25,0.53269
630,171,368,16.75,33.25,0.5319
630,96,196.75,12.25,24.25,0.53186
630,236.25,360.25,12,24.25,0.53164
630,473.25,221,13.25,26,0.53163
630,258.75,118,22.5,45,0.53048
630,139.25,14.25,33.5,67.25,0.53018
630,256.5,41,12,24,0.53015
630,277.5,386.25,14.75,29.75,0.53007
630,174,379.75,27,54,0.53001
660,238,379.5,14.75,29.5,0.56549
660,276.5,364.5,14.75,29.75,0.55868
660,385.25,244,14,28,0.55587
660,157.5,362.75,12.25,24.25,0.55565
660,164,365.25,12.5,24.75,0.55307
660,36,188,19.5,39,0.55054
660,583.75,267.5,15,30,0.55007
660,182,384,13,26.25,0.5446
660,161.75,8,13,26,0.54343
660,224.5,301.75,14,27.75,0.54318
660,151.5,363.5,12,23.75,0.53941
660,344.75,115,11.5,23,0.53777
660,85.5,146.75,17,33.75,0.53689
660,0,197.25,16.75,33.75,0.53643
660,191,364.25,13,26.25,0.53543
660,384.75,219,28,55.5,0.5354
660,547.5,211,25,50,0.5352
660,236.5,205.75,12.5,25.25,0.53489
660,336.25,435.25,21.75,43.5,0.5345
660,389.5,295.5,14,28,0.53446
660,573.25,148.25,15.75,31.5,0.53429
660,582.75,270,16.5,33,0.53282
660,163.5,324.75,12.75,25.5,0.53251
660,162,27,12.5,24.75,0.53235
660,628.75,149.25,11.5,23.25,0.53214
660,553.5,146.75,30.25,60.75,0.53186
660,254.75,370,12.25,24.5,0.53167
660,192,116.5,11.75,24,0.53163
660,198.25,376.75,15,30.25,0.53138
660,479,393.25,12.5,24.75,0.53046
690,181.25,444.5,14,28.5,0.55046
690,212,423.75,16.25,32.75,0.54944
690,229.25,386,15,29.75,0.54527
690,569.5,271.75,14.75,29.5,0.5444
690,376.5,265.75,14.5,29,0.54236
690,379,226.25,14.5,29.25,0.54108
690,230.25,153,20.5,41,0.5372
690,371.25,198,85,170,0.53692
690,348.5,423.75,16.75,33.25,0.5365
690,232.25,80.5,12.25,24.75,0.53648
690,513.5,74.25,15.25,30.5,0.53631
690,468,153,13.75,27.5,0.53564
690,533.5,67.25,12.5,24.75,0.53504
690,373,449.25,14.5,29,0.53434
690,264.75,285,11.5,23,0.53377
690,131.5,7.5,81,161.5,0.53217
690,86.5,156.25,16.5,33.5,0.53203
690,163.25,441.5,18,35.75,0.5318
690,220.75,397.75,13,25.75,0.53132
690,34.25,142.5,31,62,0.53032
690,144,10.25,13,26,0.53014
720,566.25,74.5,84.5,169.5,0.54404
720,412,326.5,15.75,31.25,0.54109
720,528.25,167.25,16,32,0.53968
720,573.75,176.25,12.5,25,0.53932
720,82.5,223.75,12,24,0.5373
720,256.25,55.5,12.75,25.75,0.53721
720,300.75,73.25,107,213.75,0.53691
720,429.75,76,16.75,33.75,0.53651
720,313,190.25,47.75,95.25,0.53646
720,514.5,68.75,19.25,38.5,0.53559
720,288.25,200.75,14.25,28.5,0.53521
720,195.5,434.75,19.5,39,0.53471
720,141.75,15.25,12.5,25,0.53404
720,595.25,290.25,15.5,31,0.53333
720,514.25,362.5,13.75,27,0.53317
720,524.25,148.5,22,44,0.53196
720,336,124.75,12.75,25.5,0.53185
720,350.25,205,15,30,0.53184
720,572.25,338.75,12,24,0.53173
720,166,449.5,13.5,27.25,0.53159
720,520,364.75,11.75,23.5,0.53061
720,518.5,90.75,14.25,28.25,0.53037
750,242.25,57.75,24.75,49.75,0.55148
750,-0.75,204.25,14,27.75,0.54633
750,232,374.75,12.25,24.5,0.54522
750,515.25,365.75,17.5,35.25,0.54495
750,236.5,392.5,14.25,29,0.54477
750,488.25,362,12,24,0.54418
750,333,340,15,30.25,0.54229
750,156.25,409.25,15.5,31,0.54224
750,531,91.75,13.25,26.75,0.54195
750,214,430.5,13,25.75,0.53799
750,167.75,5.25,13.5,26.75,0.53579
750,155,14.25,12.5,25.5,0.53578
750,0.25,251.25,12.5,25,0.53563
750,308.5,179.5,46,92.25,0.53529
750,86,411,13.5,27.25,0.53492
750,116.5,400.75,12.75,25,0.53479
750,269,86.5,18,35.75,0.53358
750,478.75,126.5,25.25,50.25,0.53358
750,473.25,355.75,18.25,36.25,0.53304
750,132.5,73,13,25.75,0.53237
750,197.75,426.25,13.25,26.75,0.531
750,348.5,248.5,12.25,24.75,0.53063
780,108.25,444.5,14.75,29.75,0.5641
780,235.25,381.75,15.25,30.5,0.55853
780,148.75,378.75,14,28,0.55431
780,297.75,345.25,22.75,45.5,0.55348
780,443.25,250.25,14,28,0.54824
780,228.75,386.75,15.5,30.75,0.54748
780,228,383,13.5,26.75,0.54545
780,-1.5,116.75,12,23.5,0.54402
780,108.25,68,12.5,24.75,0.5439
780,497.5,175.25,16.5,32.75,0.54197
780,310.25,339.5,13.75,27,0.54185
780,203.75,392,16.5,32.75,0.54096
780,141.25,382,14,28.25,0.53927
780,380.25,314.75,12.25,24.25,0.53755
780,264.75,88,17,34,0.53682
780,24.5,5.5,40.25,80.25,0.53681
780,-4,3,36.25,72.5,0.53544
780,444.25,368.75,16.5,33,0.53461
780,529.75,60.25,14.75,29.5,0.53162
780,75.75,423.75,15.5,31.5,0.53105
780,220.5,389,14.25,28.25,0.53097
780,249.75,76,25.25,50.5,0.53096
780,212.5,447,15.5,30.75,0.53046
780,324.75,335,14.5,29,0.53029
810,626.5,275,14,28.25,0.55788
810,93,437.25,13.5,27,0.55126
810,329.5,195.75,30.75,61.75,0.54671
810,467.75,368,16.25,32.25,0.54637
810,445,399.5,13,26.25,0.54396
810,555.75,417.75,15.25,30.25,0.54341
810,237.5,113.25,12.75,25.5,0.54233
810,68.5,433,16,32.25,0.54024
810,541.75,48.5,17.25,35,0.54023
810,173,45.25,37,73.75,0.5382
810,285.25,450.75,13.75,27,0.53635
810,200.5,54.25,11.75,23.5,0.53448
810,583,285.75,15.75,31.5,0.53436
810,198.25,407.75,15,29.75,0.5333
810,314.5,406.25,11.75,23.75,0.53302
810,516.5,367.5,14,28,0.53259
810,92.25,411.5,15,30,0.5324
810,536.25,167,12.25,24.25,0.5322
810,454.5,398.5,12.75,25.75,0.53198
810,187.5,384.75,21.5,43,0.53116
810,430,209.25,15,29.75,0.53112
810,298.25,58.5,121.5,243.25,0.53092
810,116,432.75,17,34.25,0.53079
810,420,359.75,12.75,25.5,0.53067
810,-1.25,250.5,14.25,28.5,0.53066
810,319.75,208.25,23.75,47.5,0.53038
840,445.25,362.25,13.75,27.75,0.58611
840,474.25,351.25,16.5,33,0.56037
840,452,398.75,15.75,31.75,0.55467
840,460.5,352.25,13.75,27.5,0.55126
840,450.25,342.75,13.25,26.25,0.55124
840,443.25,339.25,13.75,27.25,0.54855
840,107.75,381.75,16.25,32.5,0.54748
840,587.75,207.75,18.5,37,0.54715
840,468,349,13.75,27.5,0.54665
840,436.25,350,13.75,27.5,0.54634
840,435.75,407.5,13,26.25,0.5442
840,468.25,344.5,13.25,26.5,0.54392
840,413.75,173,33,65.5,0.5432
840,116.75,374.5,14,27.75,0.54232
840,406.75,357,14,28.5,0.54214
840,2.75,172.5,16,32,0.54199
840,340.25,351.5,12.75,25.5,0.54158
840,438.5,407,13.5,27,0.53987
840,279.5,203.25,23,46,0.53969
840,493.5,366.25,13.25,26.5,0.53934
840,426.75,353.75,16.25,32.5,0.53908
840,420.75,311.75,12,24,0.53811
840,20,228.5,12.75,25.25,0.53792
840,411.75,353.75,16,32,0.53771
840,300,357.75,13.5,26.75,0.53714
840,85.5,346.75,17.25,34.5,0.53667
840,79,320.5,26,52,0.53617
840,356.25,192,30.25,60.25,0.53489
840,329.25,209.25,20.75,41.75,0.53485
840,455.75,343.75,12.5,25,0.53446
840,432.75,312.5,12.75,25.75,0.53437
840,461,342.5,14,28,0.53378
840,415,311.5,14,28,0.53321
840,77.5,138.5,13.75,27.75,0.53306
840,408.75,215.25,16,32.25,0.53295
840,453.25,362.75,13.25,26.75,0.53286
840,125.5,448,13.25,26.75,0.53233
840,82.5,397.75,18.25,36.5,0.53224
840,565,197.75,13.25,26.5,0.5321
840,227.5,384.25,17.75,35.75,0.53189
840,46.75,377,12,24,0.53176
840,205.5,10.75,124.25,248.5,0.53176
840,222,214.5,16.25,32.5,0.53165
840,329,208.5,13,26.25,0.5313
840,422,342.75,13,26,0.53065
840,13.75,137.5,13,26.5,0.53064
840,217.5,48.25,26.25,52.5,0.53032
840,294.75,161.75,72.25,144.5,0.53023
840,547.75,28.5,16.25,32.75,0.53009
870,469.5,429,13.5,27.25,0.55946
870,550,421.25,13,25.5,0.54929
870,545.25,17.25,30,60,0.54392
870,557,417.25,14.75,29.75,0.54245
870,108.75,355.25,12.75,25.5,0.54237
870,524,154.75,15.75,31.5,0.54133
870,452.25,387,15,30,0.53806
870,68.75,240.75,15.25,30.75,0.53717
870,584,35.75,13,25.75,0.53496
870,21,346.75,15.25,30.75,0.53455
870,148.25,329,12.25,24.5,0.53414
870,51.5,352.75,16.25,33,0.53376
870,202.25,53.25,14.25,28.75,0.53346
870,492.25,423.5,12.25,24.25,0.53322
870,340,82.25,13,25.75,0.53316
870,300.75,188.5,26.75,53.5,0.5329
870,347.25,280.25,12.5,25,0.53283
870,427.75,292.75,14.5,29,0.53264
870,378.25,280,12,24,0.53232
870,156.75,335.5,15.25,30.5,0.5317
870,231.5,202.5,13.5,27,0.53132
870,364.5,286.75,13,26.25,0.53119
870,520,261,12.5,24.75,0.53117
870,597.25,421.75,13.75,27.5,0.5309
870,100.5,342.25,14.75,29.25,0.53086
870,476.25,391.5,13.25,26.25,0.53046
870,327.25,193,27,53.75,0.53041
870,224,68,14.5,29,0.53026
870,559,213.25,14,28,0.53024
870,512.5,34.25,11.75,23.5,0.53016
900,300.5,323.5,14.5,29,0.55564
900,185.75,194.75,18.25,37,0.55091
900,472.75,318,13.75,27.5,0.54967
900,348.25,333.75,14.5,28.5,0.5485
900,391.75,257.25,12.5,24.75,0.54516
900,294.5,345.5,12.5,24.5,0.54483
900,44.5,396.75,13,26,0.54451
900,472.5,156,31.75,63.75,0.54368
900,588.75,377,11.75,23.5,0.54284
900,604.75,384.75,12.25,24.75,0.54235
900,603.75,392,16.25,32.25,0.54089
900,590,414,12.5,25,0.54065
900,524.75,339.75,13.75,27.75,0.53958
900,106,378.5,14.25,28.5,0.53922
900,524,327.5,12.5,24.75,0.53854
900,479.25,139.75,12.5,25.25,0.53631
900,474.75,325,13.5,26.75,0.53593
900,531.75,345.25,15.5,31.5,0.53507
900,509.25,328.75,13.5,27.5,0.53444
900,51.5,401.25,16.25,32.75,0.53435
900,467.75,335,16.5,32.75,0.53356
900,93,397.25,12.25,24.5,0.53356
900,492.5,340.5,15,30.25,0.53282
900,590.5,398.5,14.75,29.5,0.53232
900,473.5,3.25,17.75,35.5,0.53224
900,382,360.75,12.25,24.5,0.53204
900,611.75,407.5,16,32,0.53089
900,530.5,182.25,18,35.75,0.53021
900,308.75,157.5,42.5,85,0.53012
930,61,408.5,14.75,29.75,0.56739
930,445.5,415.25,13,25.75,0.56228
930,156.25,406.75,14.25,28.25,0.55963
930,492.75,378.75,14.5,28.75,0.55864
930,69,409.75,14,28,0.55489
930,77.25,409,13.75,27.25,0.55283
930,301,379.5,15.5,31,0.55268
930,141,410.5,14.5,29,0.55226
930,516.25,400,14.5,29.25,0.55192
930,379.75,413.75,17.25,34.25,0.55074
930,483.75,384.25,16,32,0.54837
930,141.5,375.75,14.25,28.25,0.54827
930,533,365.25,14,28.25,0.54634
930,148.5,375.25,15.25,31,0.54587
930,487.75,368,12.5,25,0.54558
930,44.5,419.25,14.25,28.5,0.54548
930,588.25,387.25,15,30.5,0.54508
930,523.5,411.5,16.75,33.75,0.54507
930,532.75,418,15,30.25,0.54425
930,426.75,369.5,12.25,24.25,0.54415
930,83.75,414.5,17.25,34.5,0.54376
930,86.25,407.75,12.75,25.75,0.54364
930,205,158.75,13.75,27.75,0.54283
930,317.5,364.25,13.75,27.75,0.54141
930,571.75,406.25,16.5,33,0.54117
930,110,375,13.25,26.25,0.54115
930,150,412.5,12.75,25.5,0.54102
930,508.25,405.5,14.75,29.75,0.5408
930,269.5,432,12.75,25,0.54028
930,604,17,13.75,27,0.53934
930,52.5,404.25,14.75,29.75,0.53915
930,548.5,363,16,32.25,0.53899
930,132.5,410.25,14,28,0.53704
930,378.75,362,12,23.75,0.5369
930,508.5,388.25,14,28.25,0.5363
930,563.75,376.75,15.75,31.25,0.53615
930,260.5,369.5,15.5,31.25,0.53581
930,197.5,379,13.75,27,0.53533
930,236.5,424.75,16,32,0.53514
930,99.5,376,16,32,0.53481
930,446,386.5,13.5,27,0.53439
930,204.75,413.25,16,32.5,0.53421
930,505.25,207.75,19.5,39,0.53401
930,370.25,409.25,16.5,32.5,0.53389
930,117.5,427.5,14.5,29,0.53374
930,92,402.75,14.5,28.75,0.53367
930,126.75,390,13.25,27,0.53358
930,523.25,367.75,16.25,32.5,0.53354
930,333.5,368.75,11.75,23.5,0.53336
930,513.75,386,14.5,28.75,0.53327
930,104,416.25,12.5,25,0.533
930,10.5,118.25,14,28,0.53299
930,288.25,161.75,12.25,24.75,0.53294
930,565,404,14.75,29.25,0.53272
930,34.25,371.75,12,24,0.53268
930,-7.25,148.25,59.25,118.5,0.53244
930,593.5,363.25,18.5,37.25,0.53232
930,398.25,413.5,18.5,36.75,0.5323
930,-3.5,234,28.25,56.5,0.53206
930,548.75,380,12.5,25.25,0.53197
930,520.25,358,13,26,0.53171
930,459.25,397.5,17.25,34.5,0.5316
930,460.5,408,12.75,25.75,0.53145
930,363.5,410.5,15.5,30.5,0.53136
930,107.5,423.25,16.5,32.75,0.5311
930,516,410.5,15.25,30.5,0.53094
930,411.5,380.5,16.75,34,0.53081
930,540.25,361.75,19.5,39.25,0.5308
930,581,408.75,14.25,28.75,0.53069
930,197,403,15,30,0.53045
930,482,369.75,12,23.75,0.53019
930,378.25,368.75,12.25,24.25,0.53019
930,116.25,372,14.25,28.5,0.53005
960,596.75,19.5,15,29.75,0.57598
960,124.75,399.75,14.75,29.75,0.57314
960,516,347.25,15.25,30.75,0.57152
960,602.25,16.5,14.5,28.75,0.56359
960,525,355.25,14.75,29.75,0.55882
960,374.5,150,39.5,79,0.5563
960,85.5,418.75,14,28.25,0.55562
960,402.75,280,12.25,24.75,0.55552
960,197.25,424.25,13.75,27,0.55232
960,88.25,153.5,13.25,26.5,0.55181
960,117.5,413.25,13.25,26.5,0.55162
960,279.25,359,13,25.75,0.55141
960,108.5,409,14.75,30,0.54765
960,85.75,297.25,12,24.25,0.54558
960,164,433.75,16.25,32.75,0.5429
960,385.5,207.25,12.75,25.5,0.54287
960,-3,185.75,23.75,47.25,0.54235
960,260.25,360.25,15,30,0.54203
960,101.25,413.75,13.75,27,0.54095
960,116.75,397.75,13.75,27.75,0.54083
960,475.5,23.25,14,28,0.5405
960,426.5,336.25,12.75,25.75,0.54007
960,535.75,358.25,13.25,26.75,0.53938
960,254,202.5,15.75,31.25,0.539
960,132.25,394,14.25,28.5,0.53886
960,157.5,404.75,13,25.75,0.53841
960,456,19.75,17.25,34.25,0.53778
960,62.25,406.5,13.25,26.5,0.53718
960,375,280.75,12,24.25,0.53715
960,38.25,149,39.75,80,0.5369
960,187.5,433.5,17,34,0.53685
960,69,416.25,14.5,28.75,0.53682
960,173.25,418.75,15,30.5,0.5367
960,93.5,295.75,12.75,25.5,0.53551
960,579.5,75.5,13.25,26.75,0.53536
960,61.25,385.5,14,27.75,0.53514
960,157,425,13,26,0.53433
960,100.25,405.75,14.75,29.75,0.53428
960,213.5,434.5,15,29.75,0.53414
960,220.5,432.75,16.25,32.5,0.5338
960,404.75,132,24.25,48.5,0.53361
960,393,288,12.5,24.75,0.53329
960,509,348,14.25,29,0.53329
960,283.25,431.75,16,32,0.53329
960,82.5,95.25,12.25,24.75,0.53313
960,352.5,325.25,13.25,26.5,0.53313
960,245.75,434.5,15,30.25,0.53223
960,229.75,377.5,13,25.75,0.53222
960,471.5,23,13.25,26.5,0.53218
960,80,154,12.5,25.25,0.53214
960,27.5,150.25,12.5,24.75,0.532
960,285,380.25,14,27.75,0.53169
960,574.25,154.5,32,64,0.53163
960,229.75,415,13,26,0.53091
960,184,441.75,12,24.25,0.5309
960,284.25,362.75,15.75,31.25,0.53077
960,263.25,209,12.5,24.5,0.53069
960,404.75,398,14.5,29,0.5306
960,583.75,17,15.5,31,0.53032
960,293.75,431.5,16.75,33.5,0.53007
990,427.75,7.25,13.25,26.5,0.57355
990,412,27.5,13,25.75,0.56221
990,188.25,395.5,15,29.5,0.55738
990,445,429,14.25,28.25,0.55277
990,246,417.5,13.75,27.5,0.55168
990,539.5,90.75,15,30.25,0.55151
990,356.5,414.25,14.25,28.25,0.55071
990,424,91.75,15.25,30.25,0.55032
990,54,222.75,27.25,54.5,0.54886
990,598.5,119.75,13,26,0.54858
990,540,102.25,13.75,27,0.54737
990,601.75,14,17,34,0.54694
990,324.5,415.5,16,32.25,0.5469
990,581.5,6.75,14.5,28.75,0.54647
990,405.75,408.75,13.25,26.25,0.54436
990,413.5,92.5,14,28.25,0.54374
990,419.75,430.5,13,26,0.54324
990,-12.5,266.25,104.25,208.5,0.54276
990,549.25,319.75,12.25,24.5,0.54247
990,187,316.75,18.25,36.5,0.54246
990,405.25,428.5,14.25,28.25,0.5424
990,168.75,207.5,16.5,33.25,0.54174
990,532.25,314.5,12,24,0.5407
990,519.25,117.5,12.75,25.5,0.54057
990,585,98.25,24.75,49.75,0.54021
990,508.5,121.25,11.75,23.5,0.53843
990,-1.75,231,15,30,0.53813
990,268.75,421.25,14.25,28.75,0.53758
990,276.5,410.5,12.25,24.25,0.53744
990,77.5,320.25,12.75,25.5,0.53721
990,204.75,369.75,14.75,29.75,0.53685
990,403.75,22.75,15.25,31,0.53684
990,437,337.75,26,52,0.53629
990,190.75,374.75,13.25,26.75,0.53539
990,389.25,407.5,14.75,29.25,0.53521
990,459.75,57.75,23.75,47.25,0.53514
990,456.75,160.5,12.75,25.75,0.53511
990,448.25,91.5,12.25,24.5,0.53499
990,595.5,15,17,34.5,0.53497
990,229.25,403.5,14.5,29.5,0.53452
990,460.5,90,13,26,0.53406
990,332.75,411,15,29.5,0.5338
990,45,328.25,12.25,24.75,0.53353
990,412,428.75,14,28,0.53328
990,148.25,422.75,15.75,31.25,0.53246
990,130.5,347.75,13.5,27,0.5324
990,518.75,136.5,13.75,27.5,0.53234
990,229.75,429.25,13.5,27.25,0.53203
990,586.75,411.25,19.75,39.75,0.53185
990,309.75,416.25,14,28,0.53169
990,541.25,399,13.5,26.75,0.53152
990,294.75,409.75,12.75,25,0.53126
990,522,75.75,28.5,57.25,0.53116
990,311.5,292.75,12.5,25.25,0.53092
990,420.25,108.5,12.25,24.5,0.53075
990,341.25,412.75,14,28.25,0.53003
1020,554.75,168.5,14,28,0.56381
1020,468.25,139.75,13.25,26.5,0.56305
1020,324.75,99,16,32.25,0.55701
1020,60,383.75,16.25,32.5,0.55675
1020,533,416.25,13.75,27,0.55648
1020,-1.5,79.25,12.25,24.75,0.55618
1020,548.25,359,13.5,27,0.55593
1020,309.75,91.5,14.5,29,0.55516
1020,492,441.75,13.5,27.25,0.55195
1020,300,96,16.25,32.5,0.55185
1020,516.5,424.25,13.25,27,0.54858
1020,149.25,446,13.75,27.75,0.54812
1020,435.25,119.75,17.75,35.75,0.5466
1020,548.75,445.5,14.5,28.75,0.54555
1020,391.25,130,12.5,25.25,0.54528
1020,524.25,416.75,15.25,30.75,0.54518
1020,260.5,111,13.25,26.5,0.54455
1020,612.5,368,15.75,32,0.54414
1020,526.5,448.25,12.5,25.25,0.54346
1020,404.5,6.5,14,27.75,0.54305
1020,331.75,437,13.25,26.25,0.54264
1020,234.5,386.75,13.75,27.75,0.54208
1020,625.25,100.25,15.75,31.5,0.54144
1020,597.25,432.75,15.75,31.75,0.54124
1020,588.5,387.75,12.25,24.5,0.54106
1020,309,98.25,15.5,31,0.54044
1020,98.5,390.25,13,26,0.54008
1020,598.75,364.5,12.75,25.25,0.54007
1020,85,427.25,15.5,30.75,0.54002
1020,556.25,375.5,13,26.25,0.53977
1020,408.25,124.5,12.25,24.5,0.53954
1020,364.25,137.5,12.5,25.25,0.5393
1020,563.75,369,16.25,32.5,0.53894
1020,502,431.25,12.75,25.75,0.5384
1020,364.5,125.25,12.25,24.75,0.53832
1020,378.5,208,12,24.25,0.53767
1020,412.75,392.25,14,27.75,0.53739
1020,556.25,432.75,16.25,32.5,0.53724
1020,564.5,427.75,15,30,0.5372
1020,445,98.5,15,29.75,0.53719
1020,292.5,44.75,13,26,0.53684
1020,291.5,428,14.5,29,0.53658
1020,536,353,12.5,24.75,0.53629
1020,317,80.75,16,32,0.53607
1020,519.5,335.25,12,24.25,0.53569
1020,609.75,194.25,32.5,64.75,0.53421
1020,500.5,335.75,14.25,28.5,0.53419
1020,482,428.5,17,34.25,0.53418
1020,37.25,383.25,14,27.75,0.53396
1020,279.75,49,12.75,25.5,0.53392
1020,355.5,203.75,12,24.25,0.53383
1020,323.75,441.75,14.5,29.25,0.53361
1020,198.25,396.5,13,26.25,0.53263
1020,140.75,435,15.25,30.5,0.53247
1020,171.75,149.5,56,112.25,0.53245
1020,288.5,188.5,30.25,60.25,0.53239
1020,359.25,18.75,12.5,25,0.53237
1020,502.5,139.25,12,23.75,0.53225
1020,405.5,396.75,14,28,0.53224
1020,518.75,407,12.75,25.75,0.53217
1020,456.75,10.5,19.25,38,0.53186
1020,160,428.5,12.25,24.5,0.5318
1020,12.25,68.25,14.5,29.5,0.53155
1020,248.5,91.75,11.75,23.75,0.53108
1020,620.5,388.5,12,24,0.53078
1020,392,445,11.5,23,0.53071
1020,605.25,372.5,15,30,0.53062
1020,83,92.25,12,24.25,0.53043
1020,269.25,435.5,13,26.25,0.53008
1020,539.5,150,24,48.25,0.53003
1050,505.5,161.25,17.5,34.75,0.57451
1050,589.25,447,13.25,26.5,0.57083
1050,300.25,10.75,12.75,25.25,0.56
1050,237,335.75,16,31.75,0.55849
1050,333.5,93.75,14.25,28.25,0.55521
1050,172,102.75,13.5,26.75,0.55315
1050,53,394.5,14,28.25,0.55086
1050,229,324.25,15.25,30.5,0.55044
1050,404,8.25,12,24.5,0.55008
1050,600.25,245.75,34.5,69.25,0.54994
1050,188.5,27,13,26.25,0.54862
1050,477.25,442.75,14.25,29,0.54829
1050,309.25,19,15.75,31.25,0.54765
1050,604.5,369.5,15,30,0.54755
1050,156.25,423.5,14.75,29.5,0.54726
1050,403.5,383.5,16,32.25,0.54713
1050,187.5,16,17.25,34.75,0.54623
1050,108,407,15.75,31.5,0.54575
1050,421.75,376.5,12.75,25.75,0.5457
1050,533.25,398.25,13.75,27.5,0.54537
1050,162,228,12.25,24.5,0.54524
1050,486,400.25,12.5,24.75,0.54456
1050,549.25,448.25,13,25.75,0.54442
1050,483.5,169.5,15.25,31,0.54379
1050,596.25,426.5,15,30,0.54334
1050,277.75,398,14,28,0.54327
1050,456,325.75,13.25,26.25,0.54321
1050,398.75,133,14.25,28.75,0.54312
1050,557,443,14.75,29.25,0.543
1050,510,361.25,12.25,24.5,0.54278
1050,295.5,113,12.5,24.5,0.5424
1050,477,410.75,14.75,29.5,0.54152
1050,201.25,38,13.75,27.75,0.54109
1050,132.75,401.25,14.5,29.25,0.5407
1050,605.5,354.25,15,30.5,0.54069
1050,156.25,75.75,15.75,31.75,0.54036
1050,411.25,10.75,12.25,24.75,0.5401
1050,613.25,366,13.75,27.25,0.53962
1050,142.25,425,13.5,27.25,0.53956
1050,85.25,362,14.75,29.75,0.53808
1050,245.25,346.75,14.25,28.5,0.53758
1050,425.75,107,27.75,55.5,0.53755
1050,542,190,33.25,66.25,0.53748
1050,263,83.75,12.5,24.75,0.53739
1050,60.75,182,13,25.75,0.53704
1050,476.75,299.25,14.5,28.75,0.53693
1050,235.5,410.25,13.75,27.5,0.5369
1050,252.75,354.25,15.75,31,0.53665
1050,165.25,393.5,14.25,28.5,0.53588
1050,147.5,352.75,12.75,25.25,0.53579
1050,209.75,48,14.5,29,0.53553
1050,572.25,429.5,16.75,33.25,0.53551
1050,468.5,17.75,15.75,31.25,0.53539
1050,120.5,131,14,28.5,0.53479
1050,186.75,42.25,19.75,39.75,0.53478
1050,444.25,339,11.75,24,0.53476
1050,169,104,12.5,25,0.53419
1050,450.25,334.25,13.25,26.75,0.53397
1050,604,425.75,14.25,28.25,0.53393
1050,100.75,344.75,12.25,24.5,0.53387
1050,468.5,27.25,12.5,24.75,0.53369
1050,268.75,410.25,14.75,29.5,0.53359
1050,341.5,390,12.5,25,0.53352
1050,52.75,345.25,13.5,27.25,0.5333
1050,147.5,356.75,13.5,27,0.5332
1050,279.75,432.25,12.5,24.5,0.53292
1050,157.25,447.75,13,26.25,0.53291
1050,358,74,13.25,26.75,0.53291
1050,196.75,346.75,15,30,0.53289
1050,177,40.25,21.25,43,0.53281
1050,484.75,209,13.5,27.5,0.5328
1050,355.75,447.25,15.25,30.5,0.53273
1050,347.25,319.5,18,35.75,0.53269
1050,429,323.5,13.5,27,0.53262
1050,375,405,13.5,27.5,0.53246
1050,92,362,15.5,30.75,0.53238
1050,294.25,198.75,30.75,61.25,0.53238
1050,396.75,69,11.5,23,0.53212
1050,129.25,425.25,22.25,44.25,0.53206
1050,258.75,72,15,29.75,0.53205
1050,29,375.25,14.25,28.5,0.53197
1050,155.25,434,17.5,35,0.53151
1050,292.25,391.75,14,28.5,0.53105
1050,230.25,343.5,13.25,26.75,0.53096
1050,380.25,316.25,13.25,26.5,0.5308
1050,428,120.5,14.25,28.5,0.53068
1050,469.5,412,13.75,27.5,0.53065
1050,206.75,384,13.25,26.75,0.53032
1050,486,348.5,15,29.75,0.53029
1050,221.25,414.75,13.25,26.5,0.5302
1050,149,93.5,14,27.75,0.53009
1050,565.75,326.25,13.25,26.75,0.53008
1080,202,47.5,15.25,30.25,0.57954
1080,189.25,412,14.5,29,0.56724
1080,100.25,418.25,14.5,29.25,0.56478
1080,148.5,428.5,14.75,29.75,0.55752
1080,53.5,341.25,14.25,28.25,0.5559
1080,183.75,160.25,12.5,25,0.55283
1080,229.5,405.25,13.75,27.5,0.55271
1080,108,412.5,15,29.75,0.55242
1080,356.75,413,14.25,28.25,0.5523
1080,510.25,148.75,21.25,42.5,0.55205
1080,508.5,396,14.25,28.5,0.55169
1080,386.75,336.75,12,24,0.55096
1080,380.25,407.5,12.75,25.25,0.55076
1080,92.5,416.25,14.5,29,0.55068
1080,484.25,422.5,17,33.75,0.55019
1080,381.75,375.25,13.25,26.25,0.55007
1080,300.5,394,15.25,30.75,0.54931
1080,269.25,344.25,13,26,0.54894
1080,164.75,357.75,14,27.75,0.5489
1080,324.75,393.25,14.5,29.25,0.54847
1080,524.25,396.5,14.5,29.25,0.54834
1080,276.75,131.75,14.25,28.75,0.54829
1080,287,342.25,13.5,27,0.5474
1080,190,150.25,15.75,31.5,0.54721
1080,409.75,142,12.25,24.25,0.54696
1080,292.5,424.5,16,31.75,0.54634
1080,125.75,420,14.5,28.75,0.54575
1080,156.5,429.75,13.5,27.25,0.54559
1080,203.75,423.75,17,33.75,0.54554
1080,612,366,16,32,0.54505
1080,115.75,439.5,17.25,34.25,0.54453
1080,61,349.25,13.5,26.75,0.54414
1080,620.5,363,17.75,36,0.54388
1080,364.5,448.75,13.25,26,0.54357
1080,268.25,323,14.5,28.75,0.54304
1080,332.75,392,14.5,29.25,0.54303
1080,132.75,421.5,14,27.75,0.54219
1080,376.5,332.75,11.75,23.75,0.54182
1080,374.25,371.25,13.5,27,0.54162
1080,565.25,450.25,13.5,27.25,0.54153
1080,469.5,351,13.75,27.5,0.54115
1080,309,402.75,14.5,29.25,0.54108
1080,569,319.75,14.5,29,0.54099
1080,252,77.75,13.5,27,0.54042
1080,303.25,416.5,12,24.25,0.54002
1080,176.75,64.25,15.5,31.25,0.53995
1080,108.25,399,14.75,29.5,0.53977
1080,501.5,395.75,14,28,0.53975
1080,355,392.25,18,36,0.53963
1080,445.5,416.5,12.25,24.5,0.53951
1080,260.75,390.75,18.25,36.5,0.53948
1080,348.5,413.5,13.75,27.25,0.53936
1080,481.5,114.5,43.25,87,0.53936
1080,268,366.25,17,33.75,0.53869
1080,244.75,348.5,14.5,28.5,0.53867
1080,516,396.25,15.5,30.75,0.53848
1080,252,365.5,16.75,33.25,0.53839
1080,213.5,414.25,13.75,27.5,0.53835
1080,276.5,118.75,13,26.25,0.53833
1080,316.75,394,14.75,29.75,0.53822
1080,307.25,336.25,12.25,24.5,0.53808
1080,293.5,61.75,17.5,35,0.53799
1080,252.25,387.75,16,32,0.53794
1080,234.25,48.25,16.75,33.5,0.53782
1080,188,389.75,13,26.25,0.53774
1080,540.25,447.75,13.5,27.25,0.53744
1080,118,223.75,12.5,25,0.53744
1080,503.25,282.75,13.25,26.75,0.53732
1080,68.5,344,12.5,25,0.53687
1080,443,336.25,21.5,42.75,0.53684
1080,551.5,407.25,12.75,25.5,0.53677
1080,75.5,112.75,14.75,29.75,0.53663
1080,603.75,424,16,32,0.53631
1080,341.25,419.25,14.25,28.75,0.53631
1080,210,330.25,13.5,26.75,0.5361
1080,580.5,393.5,15.25,30,0.53593
1080,258.5,135.5,12.25,24.75,0.5359
1080,539.75,417,15.75,31.5,0.53567
1080,412.5,382.25,13.25,26.5,0.53567
1080,393.5,129.75,13.5,27.25,0.53567
1080,230.75,380.75,13.5,26.5,0.53564
1080,205,414.25,13.75,27.75,0.53492
1080,523.5,420.5,17.75,35.25,0.53477
1080,292.25,63.25,13,25.75,0.53464
1080,389,368.75,14.5,29,0.53459
1080,268.25,394.5,15,29.75,0.53434
1080,293.25,334.5,16.75,33.5,0.5337
1080,115.75,416.25,17,33.75,0.5336
1080,312.75,80,13.5,27.25,0.533
1080,380,129,13,26,0.53297
1080,412.5,360.75,11.75,23.5,0.53293
1080,108,425.25,15.5,31,0.5329
1080,53.5,349,13.75,27.25,0.53287
1080,484.25,401.75,14.5,29.25,0.53265
1080,549.5,448.75,13.5,27,0.53264
1080,212.25,425.75,15.5,31,0.53259
1080,265.25,64.75,16.5,33,0.53225
1080,430,383,13,25.5,0.53225
1080,227.75,426.25,15.5,31.25,0.53201
1080,380.75,415.75,11.75,23.5,0.53192
1080,317.5,413.5,13.75,27.5,0.53192
1080,276,392.5,16.25,32.25,0.53173
1080,132.5,444.75,14.75,29.5,0.53154
1080,558.25,392.5,15.75,31.75,0.53142
1080,491.5,392.75,15.25,30.5,0.53141
1080,485.25,328,16.25,32.5,0.53125
1080,491.5,396.75,14.25,28.75,0.53122
1080,333.25,412,14,27.75,0.53118
1080,386.5,139,13.25,26.25,0.53113
1080,475.75,327.25,16.5,32.75,0.53109
1080,522.75,416.75,29.25,58.5,0.53064
1080,591.25,310.75,14.25,28.5,0.53054
1080,220.75,40,13.25,26.25,0.53047
1080,492,394.25,27.75,55.75,0.53042
1080,188.25,355.75,12.75,25.75,0.53031
1080,168.25,71.75,12.5,25,0.53026
1080,255.25,60.75,17.75,35.75,0.53024
1110,270.25,443.25,14.5,29,0.57108
1110,552,448.5,12.25,24.75,0.55233
1110,148.5,61.75,12.75,25.5,0.55227
1110,280.25,56,11.75,23.5,0.5518
1110,126.75,449.5,13.75,27.5,0.55128
1110,124,72,12.75,25.25,0.54903
1110,388,395.5,17.75,35.75,0.54901
1110,116.75,13.25,12.5,25,0.54758
1110,420,414.5,13.75,27.25,0.54747
1110,389.25,315.5,15,30.25,0.54726
1110,492.25,410.5,15,30,0.54611
1110,591.5,448,13,25.75,0.54442
1110,338.75,435,16.75,33.25,0.54421
1110,295.25,19.25,13.25,26.25,0.54288
1110,269,103.25,12.5,25,0.54275
1110,483,409.5,16,32.25,0.54271
1110,355.75,425.25,15.5,31,0.54185
1110,139.25,65,17.25,34.5,0.54172
1110,-1.25,162.5,15.75,31.5,0.5417
1110,144,435.75,21.25,42.5,0.54046
1110,244.5,34,15.75,31.25,0.54016
1110,243.25,368.5,14.5,29,0.53979
1110,415,334.75,13.75,27.5,0.53961
1110,148.25,454.25,12.25,24.25,0.53956
1110,521.25,129.25,27,54.25,0.53942
1110,90.75,34.5,17.25,34.25,0.5392
1110,260.25,44.75,14.75,29.5,0.53886
1110,342.75,21.75,11.75,24,0.53866
1110,274.5,354.5,11.75,23.5,0.53852
1110,615.75,402.75,12.75,25.75,0.53846
1110,460,384.75,13.5,27.25,0.53789
1110,540.5,450,12.5,25,0.53787
1110,181.25,54.25,13,26.5,0.53753
1110,428.5,452.5,13.25,26.5,0.53734
1110,241.5,247.5,29.75,59.5,0.53727
1110,414.25,395,12.75,25.5,0.53711
1110,-2.25,170.5,18,36,0.53696
1110,509,413,14.25,28.5,0.5368
1110,68,218.25,13.5,27,0.53574
1110,232.25,341.5,25.75,51.25,0.53529
1110,460.5,446.25,13.25,26.25,0.53528
1110,612.75,448.25,14.75,29.5,0.53527
1110,528.75,434.25,11.5,23,0.5352
1110,391,207.75,19.75,39.25,0.5346
1110,306.75,434.5,14.25,28.5,0.53411
1110,403.75,412.75,13.25,26.5,0.53396
1110,390.25,350.25,13,26.25,0.53374
1110,210.5,431.5,18.25,36.5,0.53339
1110,333.75,18.75,18.75,37.75,0.53306
1110,361.5,230.25,14,28,0.53289
1110,491.75,432.25,14.75,29.5,0.53284
1110,430.25,193,13.5,27.5,0.53283
1110,393.25,230.25,15.25,30.25,0.53282
1110,442.75,432,16.5,33,0.53264
1110,456.5,368.75,11.75,23.5,0.53202
1110,608.75,388.75,14.25,28.25,0.53188
1110,538,402.25,13,26,0.53171
1110,66.5,34.25,15,30,0.53144
1110,220.75,286.25,13.75,27.25,0.53134
1110,78,436,12.5,25,0.53112
1110,240.25,124.75,12,24,0.53107
1110,501.25,88.25,13.25,26.5,0.53105
1110,413,312.25,13,26.25,0.53091
1110,234,367.75,16.75,33.75,0.53072
1110,500.25,379,11.5,23,0.53064
1110,283.75,381.75,12.75,25.75,0.53061
1110,260.75,432.25,16.25,32.25,0.53059
1110,251.5,415.5,17.5,34.75,0.53053
1110,531.5,439,15.5,30.75,0.53035
1110,426,417.5,24.25,48.5,0.53009
1140,204.25,425.75,15.25,30.5,0.55985
1140,483.25,376.5,16.75,33.5,0.55675
1140,268.75,113.75,11.5,23.5,0.55375
1140,520.25,55.75,17.5,35,0.55254
1140,185.75,67.25,13,26,0.5525
1140,397.25,90.5,13.25,26.5,0.55192
1140,183.5,31.75,13,26,0.55094
1140,472.75,11.25,12.25,24.5,0.5506
1140,356,217.75,50.5,101.25,0.54801
1140,201,63.75,15.75,31.75,0.54755
1140,60.25,418,16.25,32.25,0.54702
1140,182.25,373,16.25,32.75,0.54587
1140,102.75,407.75,12.75,25.5,0.54325
1140,271.5,441,12.5,25.5,0.54305
1140,299,30,16.5,33,0.5421
1140,52.75,413.5,13,25.75,0.54186
1140,166.5,41.5,12.5,24.75,0.54127
1140,492.25,437.75,18.25,36.25,0.54126
1140,597.75,405.5,13.5,27,0.54097
1140,310.25,35,13.5,27,0.54072
1140,378,108.75,13.75,27.5,0.54053
1140,116.75,205,20.5,41.25,0.53994
1140,308.5,96.75,16.5,33,0.53976
1140,604.75,446,13.5,27,0.53972
1140,281.75,34.25,24.75,49.75,0.53935
1140,85.5,405,14.25,28.75,0.53916
1140,213.75,415,13.5,27,0.53885
1140,196.25,12.75,18.25,36.5,0.53805
1140,134.25,212.75,15,29.75,0.5374
1140,216.25,36.5,21.5,43,0.53736
1140,135.25,352.75,13,25.75,0.53569
1140,84.5,428.5,13.75,27.5,0.53564
1140,141,16,14,27.75,0.5355
1140,68.5,362.75,13.5,27.5,0.5353
1140,75.25,31,13.25,26.5,0.53507
1140,452.75,9.5,14.5,29,0.53499
1140,394.25,77.75,29.5,59,0.53463
1140,476.5,363.75,14,28,0.53429
1140,118.25,29.5,12.25,24.5,0.53419
1140,234,219.5,17,34,0.53371
1140,8.25,349.5,12,24.25,0.53338
1140,621.5,367.75,13.5,26.75,0.53336
1140,108,18.25,16,32,0.53319
1140,204.75,420.25,14.75,29.5,0.53263
1140,524.5,422,12.5,25,0.53237
1140,611.25,434.75,14.5,29,0.5322
1140,125,22.5,15.5,31,0.53218
1140,533.25,419.25,14,27.5,0.53209
1140,188.5,425,15.5,31,0.53179
1140,501.5,386.75,12.5,25.25,0.5316
1140,363.75,272.5,25,49.75,0.53156
1140,380.25,353.25,12.75,25.5,0.5311
1140,598.25,145.25,12.75,25,0.5308
1140,260.75,442.25,15.25,30.5,0.53074
1140,519.25,375.75,12.5,24.75,0.53064
1140,393.75,120.25,12.25,24.5,0.53058
1140,92.75,426.5,14.75,30,0.53031
1140,174.5,45.75,16.75,33.75,0.53031
1140,419,296.25,12,24,0.53028
1140,466.25,17.75,12.5,25,0.53024
1140,172.75,408.75,11.75,23.5,0.53014
1140,221.5,353.5,29,57.75,0.53007
1170,548.75,48,11.5,23,0.54961
1170,580.5,143,12.25,24.5,0.54897
1170,504.5,398.25,38,75.75,0.5467
1170,539.25,446.25,15.5,31,0.54648
1170,333,72.5,14.25,28.5,0.5389
1170,574.25,47,56,112.5,0.53739
1170,248.25,44.75,12.25,24.25,0.537
1170,533.75,355.5,58.25,116.75,0.53634
1170,356.5,221.5,37.25,74.5,0.53578
1170,231,215.25,18.5,37.25,0.53544
1170,412.25,94,13.25,26.5,0.5353
1170,615,157.75,26,51.5,0.53459
1170,232.75,210.5,13,25.75,0.53452
1170,327.25,47.5,13,26,0.53442
1170,386.5,154.5,16.25,32.25,0.53404
1170,399.75,81.25,13.25,26.25,0.53336
1170,394.25,67.25,31.25,62.5,0.53315
1170,354.5,200.5,16.75,33.75,0.53168
1170,382.5,21,12.75,25.25,0.53161
1170,130.25,395,39.75,79.5,0.53121
1170,402.25,99.5,17.75,35.5,0.53102
1170,188.5,16,12,24,0.53029
1170,-1.75,117.5,13,26,0.53008
1200,236.75,300.5,13.75,27.25,0.57648
1200,357.25,348.25,14.5,29,0.56456
1200,62.25,12.5,12.75,25.5,0.56291
1200,468.5,365.5,14.5,29.5,0.55872
1200,205.25,365.5,13.75,27.75,0.55466
1200,493.5,94,15.75,31.5,0.55362
1200,390.75,63.75,31.25,62.75,0.55248
1200,131.75,377.5,15.75,31.25,0.54982
1200,452,372.5,14.25,28.5,0.54959
1200,375.5,96.75,14.25,28.5,0.54692
1200,284.25,108.5,12.25,24.5,0.54224
1200,245.5,119,13.75,27.75,0.54161
1200,261,97.75,13.5,27,0.54092
1200,421,346.25,15,30,0.54045
1200,204,66.75,12,23.75,0.54017
1200,444.25,355,14.75,29.5,0.54009
1200,337.75,194,17.25,34.5,0.53974
1200,412.5,416.75,12,24,0.53884
1200,457.75,216,14.5,29.25,0.53867
1200,186.25,177.25,11.75,23.5,0.53759
1200,60.75,316.25,14.25,28.5,0.53751
1200,252.75,99,15,29.75,0.53674
1200,103.5,383.75,12.25,24.75,0.53666
1200,460,371,15.5,31,0.53664
1200,580.75,353.25,16,32.5,0.5363
1200,82.25,214,12.25,24.75,0.53623
1200,197.25,365.5,13.75,27.5,0.5361
1200,268,30.75,17,34,0.5359
1200,402,98.75,17.25,34.5,0.53554
1200,347.25,214.5,18.25,36.25,0.53512
1200,181.25,30.75,15.75,31.5,0.53496
1200,411.5,319,16,32,0.53456
1200,220.5,447.5,14,27.75,0.53444
1200,524.25,138.5,11.75,23.75,0.53424
1200,421.5,310.75,13.75,27.5,0.53404
1200,382.5,153,18.25,36.75,0.53401
1200,243.5,76.25,12.5,25,0.53344
1200,260.25,453,13,26,0.5329
1200,454.5,353.25,13.25,26.5,0.53273
1200,125.5,380.25,13.5,27,0.53259
1200,357.25,365.5,13.75,27.5,0.53253
1200,443.5,360.5,19,37.75,0.53209
1200,277,12,13.75,27.75,0.53195
1200,412.75,343.25,13.25,26.75,0.53177
1200,105.75,184.25,13.5,27,0.5314
1200,391,217.25,12.25,24.25,0.5311
1200,480.25,327.75,12.25,24.5,0.53105
1200,529.75,378,11.75,23.75,0.531
1200,311,134.5,13.25,26.25,0.53057
1200,588.75,368.75,11.75,23.5,0.5305
1200,156,446.25,15.75,31.75,0.53048
1200,365.5,340.75,14.75,29.75,0.53012
1230,267.25,48.25,12.75,25.5,0.58031
1230,341,44.75,13.75,27.5,0.57655
1230,323.75,15.5,17.25,34.25,0.56897
1230,350.5,210.5,32,64,0.56373
1230,280,37.25,12.5,24.75,0.55334
1230,341.75,100,14.5,29.25,0.55325
1230,507,422.5,16.75,33.5,0.54791
1230,333.5,44.75,14.25,28.5,0.54607
1230,441.25,415,13,25.75,0.54541
1230,406,62.25,26.25,52.25,0.54492
1230,549.5,391,13,26,0.54373
1230,389.75,354,14,28,0.54372
1230,428.75,412.5,12.5,25,0.54228
1230,596.25,20.25,12.5,25.25,0.54125
1230,571.75,27.25,16.5,33,0.54077
1230,280,103,12.25,24.75,0.54075
1230,487.25,430,13,26.25,0.54074
1230,462.5,214.75,14.25,28.5,0.53838
1230,148.75,43.25,14.5,29,0.53837
1230,491.75,379.75,13.5,26.5,0.53791
1230,216.25,44.5,11.75,23.25,0.53775
1230,316,7,12.5,25.25,0.53691
1230,386,92.5,13.75,27.25,0.53683
1230,243.75,56.25,14.75,29.75,0.53666
1230,598.25,416.25,15.75,31.5,0.53655
1230,421.75,385.75,15.5,31,0.53618
1230,394,98.75,17.5,34.5,0.53543
1230,435.5,423,11.75,23.5,0.53504
1230,384.25,60.25,31,62.25,0.53385
1230,327.75,95.5,12.5,25.25,0.53385
1230,556.25,408.75,14.5,29,0.53334
1230,494,431.5,12.25,24.5,0.53311
1230,532.75,441,14,28,0.53309
1230,229,49,16.25,32.75,0.53222
1230,596.5,416,13.5,27.25,0.53196
1230,324,24.25,12.5,24.75,0.53186
1230,469.25,371,13.25,26.5,0.53186
1230,136.75,431.75,20,40.25,0.53182
1230,189,393.75,14,28,0.5317
1230,183.75,55,12.5,25,0.53155
1230,572.25,403,15.25,30.5,0.53151
1230,128,108.25,12.75,25.5,0.53136
1230,342.75,112,14.25,28.5,0.53083
1230,93.25,183.75,13.5,26.75,0.53048
1230,181.75,395.75,13.75,27.75,0.53033
1230,294.5,37,13.75,27.5,0.53007
1260,250.5,14.5,13.75,27.25,0.56197
1260,386.5,141.75,15,30.25,0.55708
1260,44.25,160.75,14.25,28.5,0.54981
1260,342.75,211.75,35,70,0.54942
1260,468.25,379.75,14.25,28.75,0.54812
1260,420,381.25,13.5,27,0.54796
1260,408,63.25,14,28,0.5474
1260,151.5,449.5,13.5,27.25,0.54724
1260,438,372.5,14,28.25,0.54546
1260,485.25,430,13.5,26.75,0.54431
1260,453,215,14,28,0.54413
1260,559,447.75,12.75,25,0.54403
1260,145.75,213.25,13,26,0.542
1260,363.75,82.75,13.5,27,0.54086
1260,368.25,52.25,12,24.25,0.54078
1260,237.5,178.25,41.25,82.5,0.54072
1260,104.75,23.5,16.5,32.75,0.54042
1260,20,196,18.25,36.25,0.53967
1260,405,371.25,15,30,0.53965
1260,363.75,212.5,17.75,35.25,0.53933
1260,563.75,132,50,99.75,0.53922
1260,459,208.75,16.75,33.5,0.53905
1260,-1.75,91,14.5,28.5,0.53756
1260,445.5,346,14.25,28.5,0.5375
1260,116,12.5,14.25,28.75,0.53725
1260,246.5,76.5,12.25,24.5,0.53672
1260,128.25,45.75,13,26,0.53672
1260,460.25,356.5,15.25,30.5,0.53646
1260,107.25,13.75,13.5,27,0.5355
1260,22.5,211.25,14.5,28.75,0.53501
1260,295.25,199,14,28,0.53493
1260,343.25,115.75,12.25,24.75,0.53463
1260,69.75,76.75,19,37.75,0.5345
1260,28.25,342.25,12,23.5,0.53248
1260,102.75,92.5,15.25,30.75,0.53242
1260,412.75,379.75,14.5,29,0.53208
1260,378.25,84.5,13.25,26.25,0.53172
1260,611.75,446.25,15.25,31,0.53162
1260,567.25,133.75,38.25,76.5,0.53136
1260,214.5,376.75,12.75,25.5,0.53091
1260,260.25,15,16.5,32.5,0.53086
1260,494.25,364.25,12,24,0.53069
1260,168.5,68,12,24,0.53019
1260,8.25,196.25,12.25,24.75,0.5301
1260,187.5,168.5,14.25,28.75,0.53009
1260,429,223.75,20.25,40.5,0.53001
1290,315.5,6,13.5,27.5,0.56809
1290,285,6.5,13.5,26.75,0.56795
1290,80,21.5,12.5,24.75,0.55324
1290,212.25,73.5,13.75,27.5,0.54962
1290,186.75,61,18,36,0.54779
1290,-3,166.25,26,51.75,0.54521
1290,329.75,15,17.25,34.5,0.54445
1290,165.5,55,13.75,27.25,0.544
1290,386,134.75,15,30,0.5428
1290,223.25,24.25,12.25,24.5,0.54249
1290,213,36.25,14.75,29.5,0.54176
1290,439.25,427.5,12.5,25,0.54129
1290,472.75,449.25,11.75,23.75,0.54088
1290,273,6.25,21.75,43.25,0.5404
1290,307.5,94.25,18.5,36.75,0.54034
1290,289,196.25,15.5,31.5,0.53999
1290,84.5,5.25,20.25,40.5,0.53995
1290,486.75,428,13.25,26.5,0.53945
1290,585,117,54.75,109.25,0.53941
1290,277.5,4.25,14.5,29.25,0.53917
1290,550,173.75,14.25,28.75,0.53891
1290,540.25,444,13.75,27.75,0.53805
1290,450.5,211.5,13.75,27.5,0.53761
1290,59,450.5,13.5,27.25,0.53673
1290,408.25,55.5,13.5,27.25,0.53641
1290,207.25,241,12.25,24.75,0.5362
1290,80.25,1.5,12.25,24.25,0.53537
1290,332.25,277.25,12,24,0.53515
1290,253.25,25.5,14.25,28.5,0.53509
1290,158.25,54.75,13.25,27,0.53507
1290,158,14.75,33.5,66.75,0.53505
1290,104.25,4,12,23.75,0.53502
1290,540,418,15.5,30.75,0.53469
1290,438.75,4,12.75,25,0.53442
1290,556.5,428.75,12,24.25,0.53416
1290,38.25,452.75,12.75,25.5,0.53346
1290,316,324.5,12.5,24.75,0.53328
1290,365.25,327.5,12.75,25.5,0.53315
1290,71.25,373.75,49,98.5,0.53315
1290,328,88,12.5,25,0.5327
1290,230.75,13.5,16,32,0.53264
1290,324,12.25,19,37.75,0.53244
1290,615,140.5,27.25,54.75,0.53233
1290,520.75,17,11.5,23,0.53212
1290,104.5,133,14.5,29.25,0.53206
1290,308.25,21,14.25,28.25,0.53202
1290,344.5,210,35.25,70.5,0.5319
1290,86,19.25,13.75,27.25,0.53167
1290,377.5,76.25,14.75,29.5,0.5314
1290,294.25,8.25,13.5,27,0.53127
1290,393.75,36.75,33.75,67.5,0.53105
1290,325.25,4,14.75,29.25,0.53076
1290,184.75,204,15.25,30.5,0.53042
1290,131.5,209,13.5,26.75,0.53037
1320,315.5,7,13.75,27,0.56403
1320,347.5,212,47.5,95.25,0.56014
1320,327.75,135.75,12.75,25.25,0.55196
1320,310.25,76.75,11.5,23.5,0.55042
1320,331.5,30.75,17.25,34.25,0.55019
1320,295.75,10.25,12.75,25.5,0.5466
1320,231.75,38.75,13,26,0.54609
1320,397.25,39.5,32.5,64.75,0.5453
1320,220,39.5,12.75,25.25,0.5447
1320,480,152.5,16.5,32.75,0.54356
1320,30.25,195.5,12.5,24.75,0.54147
1320,628.25,193.5,12.25,24.25,0.54007
1320,263,62.5,12,24.25,0.53991
1320,531.75,129.25,13.75,27.75,0.53972
1320,460.75,423.25,14.25,28.5,0.53949
1320,368.5,40.25,12,24.25,0.539
1320,515.75,223.75,16.5,33,0.5365
1320,325,16.75,15.75,31.75,0.53577
1320,179,63.25,13.25,26.25,0.53558
1320,405,68.75,17.25,34.5,0.53548
1320,594,173.5,12.25,24.75,0.53512
1320,203.5,207.5,12.25,24.75,0.5334
1320,298.25,9.75,18,36.25,0.53335
1320,269.75,93.5,12.25,24.5,0.53327
1320,373.75,199.25,13,26.25,0.53163
1320,577.75,432.5,16.75,33.75,0.53122
1320,476.75,375.25,15.5,30.75,0.5309
1320,486,368.25,12.25,24.75,0.53081
1320,380.25,74,13.25,26.75,0.53061
1320,295,423.5,26.75,53.5,0.53056
1320,373.75,287,52.25,104.5,0.53034
1320,452.75,209.5,14.5,28.75,0.53029
1320,248.5,32.75,12.25,24.5,0.53019
1320,460.25,383.25,12.75,25.5,0.53012
1320,262.75,45.75,12.25,24.75,0.53004
1350,163.75,396.5,30.75,61.5,0.55893
1350,134.75,36,13.75,27.25,0.55686
1350,119.25,20.75,14.25,28.25,0.55446
1350,447,394,41.75,83.25,0.55255
1350,162.25,53.75,13.25,26.25,0.54952
1350,344.25,214,50.25,100.5,0.5463
1350,267.75,53.25,14,27.75,0.54556
1350,148.75,33,14.75,30,0.5425
1350,475.5,154.75,17.5,34.75,0.54112
1350,443,213.25,13.5,27.25,0.53927
1350,377.5,75.75,14,27.75,0.53915
1350,167,215.5,15.5,31.25,0.5389
1350,82.5,31.25,12.5,25.25,0.53643
1350,131.75,392.5,38.75,77.75,0.53558
1350,528.25,392.25,42.75,85.5,0.53525
1350,386.75,71,13,26,0.53471
1350,281.75,6.25,26.25,52.5,0.53414
1350,244,90.75,14.75,29.5,0.53374
1350,64.25,339.75,12,24.25,0.53309
1350,567.5,273.5,17.75,35.75,0.53263
1350,151.75,427,13,26.25,0.53263
1350,596.75,132.75,28.75,57.5,0.53195
1350,239.25,16.5,18.75,37.5,0.53114
1350,314.75,47.75,12,24.25,0.53103
1350,540.25,298.25,12.75,26,0.53064
1350,326.25,113,14.75,29.25,0.53063
1350,409,53.25,15.25,30.5,0.53007
1350,138.75,29.75,18.25,36.5,0.53001
1380,213,3.5,14.5,29.5,0.56255
1380,204.75,2,15.25,30.5,0.55638
1380,107.5,20.75,13,25.75,0.55462
1380,148.25,14,16.5,33,0.54821
1380,308,34.25,17.25,34.25,0.54637
1380,556.5,164.75,13,26,0.54541
1380,325.5,38.25,13.75,27.75,0.54471
1380,35.5,443.75,14,28,0.54261
1380,166.75,134,14.5,29.25,0.54185
1380,-3.25,50.25,35.25,70.25,0.54038
1380,315.75,31.5,16.75,33.25,0.53977
1380,628.25,224.25,12.5,25,0.53909
1380,312.75,59.25,26.5,52.75,0.5387
1380,188.25,45.25,12.25,24,0.53797
1380,396.5,40.25,31.5,62.75,0.53778
1380,556,167.5,24.75,49,0.53745
1380,212.25,13.75,15.5,31,0.53695
1380,269.75,6.75,22.25,44,0.53675
1380,278,20.75,14.25,28.25,0.53659
1380,157.75,152.5,14.25,29,0.53656
1380,76.5,11.5,14.75,29.5,0.53649
1380,514,139.75,14.25,28.5,0.53534
1380,247.25,3.75,13.25,26.25,0.535
1380,108.25,8,12.5,24.75,0.53465
1380,280.25,4.5,12,23.75,0.53416
1380,287,444,17,34.5,0.53372
1380,324.25,17,15.75,31.25,0.53354
1380,569.25,166.5,13,26,0.53334
1380,196.75,1.25,14.5,28.5,0.53235
1380,73.5,191.75,28,55.75,0.53198
1380,240,312.5,14.5,29,0.53194
1380,179,315.25,12.5,24.75,0.53143
1380,539.5,157.5,17,34.25,0.53122
1380,588.25,451.5,13.25,26.5,0.53095
1380,236.5,88.5,12,24,0.53069
1380,338,51.75,14.5,28.5,0.53039
1380,377.75,74.75,14,28,0.53038
1380,215.5,84.5,14,28.25,0.5303
1410,260.75,14,15.75,31.5,0.55414
1410,295.25,57.75,13,26.5,0.55068
1410,346.5,213.25,51.25,102.5,0.54512
1410,324.75,64.75,11.5,23.25,0.54468
1410,366.5,38.75,11.75,23.75,0.54427
1410,233.5,315.5,17.25,34.5,0.54344
1410,398,41.75,28.5,56.5,0.54331
1410,422.75,210.5,12,24,0.54207
1410,147.5,25.5,17.25,34.25,0.5408
1410,1.5,55.25,29.75,59.25,0.54074
1410,173,57.5,14.25,28.5,0.54068
1410,207.25,75.75,13,25.75,0.53779
1410,596.5,319.25,14.25,28.5,0.53669
1410,408.75,49.5,15.75,31.75,0.53568
1410,322.25,96.75,11.75,23.5,0.53518
1410,97.25,439.75,17.25,34.75,0.53486
1410,26.25,441.25,13,26.5,0.53473
1410,187.25,12.5,15,30,0.53407
1410,124.25,24.75,12.25,24.5,0.53395
1410,377.75,74.5,13.5,27.25,0.53354
1410,526.5,123,14.5,28.75,0.53339
1410,474.5,146,24.75,49.5,0.53318
1410,622,5.5,12.5,25.5,0.53282
1410,573.75,182.5,12.5,24.5,0.53247
1410,628,425,12.5,25.25,0.53179
1410,137.25,163,16.5,33.25,0.53087
1410,180.25,40,17.75,35.5,0.53039
1410,60.25,79,33.75,67.5,0.53021
1440,232.25,318.25,16.25,32.25,0.55192
1440,377.25,70,15.25,30.75,0.55173
1440,-2,53,31.25,62.25,0.55058
1440,299.75,18.25,14.75,29.25,0.5472
1440,286.75,319.5,39.75,79.5,0.54387
1440,620.25,3.75,19.75,39.25,0.54382
1440,180.75,14.5,17.25,34.75,0.54186
1440,398,39.25,29.5,59,0.54
1440,475.5,145.75,24,48,0.53916
1440,482.25,167.75,13,26,0.53865
1440,116.25,26.75,11.75,23.5,0.53756
1440,399.5,51.75,13,26,0.53709
1440,347.75,215.75,47.5,94.75,0.53583
1440,17.75,44.5,19,38.25,0.53575
1440,515.75,137.25,14.75,29.5,0.53549
1440,561.25,170.75,19.5,39.25,0.53544
1440,353.25,372,14,28,0.53534
1440,193.25,203.25,29.25,58.5,0.53448
1440,58.75,433,11.5,23.25,0.534
1440,400.5,68.5,20.75,41.75,0.53312
1440,530,132.25,12.5,25,0.53287
1440,216,241.25,12.25,24.25,0.53175
1440,268.75,241.5,12,23.5,0.53102
1440,412.75,376.5,24,48,0.53087
1470,366,38,12,24,0.55686
1470,377.5,75.5,13.75,27.25,0.55382
1470,347,216,49,98,0.55284
1470,239.5,23.25,13,26,0.55278
1470,140.25,40.25,13,26,0.54856
1470,619.75,312.75,13.25,26.25,0.5439
1470,408.25,51.5,17,34.5,0.54378
1470,241.75,20.5,14.5,28.75,0.54375
1470,370.5,198,11.75,23.75,0.54241
1470,81,210.25,14.75,29.75,0.5408
1470,529.75,135.25,12.5,24.75,0.54039
1470,375,207.75,30,60.5,0.53901
1470,-2.25,54.75,31.25,62.25,0.53851
1470,272.25,23.5,12.75,25.25,0.53761
1470,130.25,448.75,13,26.25,0.53633
1470,302,34,13.75,28,0.53607
1470,317,9.75,11.75,23.5,0.53593
1470,159.25,160.75,14.25,28.75,0.53554
1470,494.5,189.75,11.75,23.75,0.53526
1470,623.5,6,12.75,25.75,0.53525
1470,108.75,452.5,12.25,24.5,0.53503
1470,67,435,13.75,27.25,0.53477
1470,236.75,10,11.5,23,0.53474
1470,231,24.5,12.25,24.5,0.53415
1470,261.25,16,16.25,32.5,0.5338
1470,134.75,25.25,12,23.75,0.53344
1470,197,206.75,14.5,29,0.53333
1470,560,170.25,25.25,50.5,0.53324
1470,260,163,35.5,70.5,0.53293
1470,399.5,52.25,13.25,26.5,0.53201
1470,210.25,12.75,16.5,33,0.53148
1470,532.25,126.75,12,24,0.5311
1470,284.5,21.75,13,26.25,0.53078
1470,29.25,199.5,12.5,25.5,0.53014
1500,256.25,87,12.75,26,0.55964
1500,262.5,105,13,26,0.55563
1500,241.25,20,14.5,29.25,0.54546
1500,36,442.25,13,26.25,0.54508
1500,331.75,99.25,13.5,27,0.54418
1500,231,321.75,16.75,33.5,0.54404
1500,172.5,49.5,12.75,25.5,0.5424
1500,399.25,53.5,13.5,27,0.54156
1500,529.75,135.75,12.75,25.5,0.54105
1500,229,21,14,28,0.53948
1500,176.75,9.75,11.75,23.5,0.5389
1500,139.75,13,15.5,31,0.53805
1500,112.75,14.5,17,33.75,0.53795
1500,376,72,14,28,0.53687
1500,612.5,134.5,26.5,53,0.53601
1500,72,126.5,13.5,27.25,0.5359
1500,199.25,33.75,15.25,30.25,0.53579
1500,433.75,323,16.75,33.5,0.53554
1500,414.75,222.5,13.75,27.5,0.53397
1500,148.5,34.25,15.75,31.5,0.53397
1500,97.5,12,18.25,36.5,0.53361
1500,408.25,50.5,17,34.25,0.53341
1500,400.75,70.25,19.75,39.75,0.53336
1500,458.75,176.25,39.5,79.25,0.53333
1500,108.75,42.75,14.25,28.75,0.53314
1500,362,192,84,168,0.53304
1500,136.75,222.5,16.75,33.5,0.53215
1500,131.75,204.5,23.5,47.5,0.53128
1500,482,190.25,33,65.75,0.53125
1500,100.25,31.25,12.75,25.5,0.53117
1500,332.75,113,11.5,23,0.53102
1500,243.25,81.75,15.25,30.25,0.531
1500,181,444.5,16.75,33.5,0.53054
1500,157,11,14.25,28.75,0.53053
1500,-0.5,58,29.75,59.5,0.53039
1500,13.5,47.75,20,40,0.53026
1530,231.25,320.75,17.25,34.5,0.559
1530,530,136.5,12.25,24.5,0.55598
1530,-1.25,56.5,30.25,60.25,0.55267
1530,300.75,111.25,12.75,25.5,0.55007
1530,205,93.5,13.75,27.75,0.54788
1530,158,160.5,16.25,32.75,0.54767
1530,409.5,53.25,14.25,28.75,0.54308
1530,23.75,445.5,14.25,28.75,0.54263
1530,123.5,41,13.25,26.5,0.54178
1530,199.25,39.75,16.25,32.75,0.54116
1530,324.25,62.5,15.5,31,0.54023
1530,366.25,40,12,24,0.53889
1530,300,60,15.75,31.5,0.53879
1530,53.25,439.5,16,32.25,0.53716
1530,181.25,44.75,17,34,0.53654
1530,396,43.75,30.5,61,0.53626
1530,277.5,108,13.25,26.5,0.53513
1530,251,59.5,14,27.75,0.53475
1530,146.25,25.5,20.25,40,0.53445
1530,603,130.5,27.5,55.25,0.53437
1530,268.75,90.75,15.25,30.75,0.53434
1530,626.5,78.75,13.75,27.5,0.53406
1530,558.25,275.25,14,28.5,0.53404
1530,301.5,77.75,23.75,47.75,0.5338
1530,379.5,321.75,14.25,28.25,0.53372
1530,197,202.25,29.5,59.25,0.53337
1530,-2,384.5,16,31.75,0.53287
1530,516,392,15.75,31.5,0.53277
1530,558.75,167.25,13,25.75,0.53211
1530,352.5,222.5,30.5,61,0.53207
1530,399.25,53.75,13.5,27.25,0.53134
1530,214.25,61.25,17.75,35.5,0.53129
1530,490,192.75,18.25,36.25,0.53123
1530,22.5,241.25,14.75,29.25,0.53037
1530,483.25,148.5,41.75,83.75,0.53036
1560,227.5,328.75,17,34,0.55634
1560,-3,58.5,30,60,0.55446
1560,468.75,101,11.5,23,0.55385
1560,366,42.25,12,24,0.54897
1560,377.5,76.75,14.5,29,0.54498
1560,216.5,71.75,12.25,24.75,0.54472
1560,408.75,54.75,15.5,31,0.54454
1560,281.75,12.5,17.5,35.25,0.54256
1560,612.25,134,29,57.75,0.54137
1560,232.25,97.5,12.25,24.25,0.54105
1560,424.5,182.75,31.75,63.25,0.54054
1560,529.75,139,12.5,24.75,0.54029
1560,195.75,149,88,175.75,0.54026
1560,325.5,14.5,14,28,0.53909
1560,399.75,56,12.75,25.75,0.53819
1560,401,72.75,19.5,39,0.53809
1560,608.5,269.5,35.25,70,0.53683
1560,376,135.5,13,26,0.53524
1560,170.25,28.25,27,54.25,0.53441
1560,70.5,128.5,13.5,27,0.53401
1560,223.25,173.5,21.5,43,0.5337
1560,319.25,60,21.5,43.25,0.53362
1560,316.5,18.5,15.5,31.25,0.53346
1560,154.75,154,19.75,39.75,0.53318
1560,182.25,67,14.5,29.25,0.53302
1560,283.5,211.75,81.75,163,0.53226
1560,360.5,204.75,12,24,0.53197
1560,244.5,10.25,11.75,23.5,0.53174
1560,294.25,44.25,12.25,24.75,0.53074
1560,290.5,421,12,23.5,0.53015
1590,466.5,450.5,12.25,24.25,0.5647
1590,-1.25,62,23.25,46.75,0.55409
1590,147.75,11.75,16.5,32.75,0.54826
1590,364.5,42.25,12.5,25.25,0.54791
1590,171.75,15.25,13.5,26.75,0.54583
1590,283,97.25,15.75,32,0.54502
1590,530,138.75,12.75,25.5,0.54472
1590,200,18,14,28,0.54385
1590,376.5,77,15.25,30,0.54269
1590,191.25,18,15.5,31,0.54183
1590,204.25,97,12,24,0.54171
1590,370.25,212,14,28,0.54119
1590,278,123.5,13.75,27.75,0.54075
1590,425.25,204,18.75,37.75,0.54033
1590,399.25,56.5,13.5,27,0.53958
1590,92.75,11.5,13.75,27.5,0.53833
1590,172.5,7.5,12.5,24.75,0.53806
1590,252.25,10.75,12.25,24.5,0.5374
1590,534,137.75,12.75,25.5,0.5362
1590,564.5,163.25,15.25,30.5,0.53605
1590,133.75,11.5,14.75,29.5,0.53449
1590,83.75,15.75,16.5,33,0.53353
1590,485.25,193,13,26.25,0.53346
1590,80,15.25,12.5,25.25,0.53344
1590,409.75,58.25,14.25,28.75,0.53333
1590,492,148,12.75,25.75,0.53304
1590,156.25,10.75,15.5,30.75,0.53248
1590,322.5,72.75,18,36,0.53191
1590,598.75,446.25,12.25,25,0.53186
1590,209.5,349,20.5,41,0.5317
1590,405.75,173.75,12.75,25.25,0.53109
1590,227.5,13.5,18,36,0.53012
1620,494.5,397.75,36,72.25,0.55662
1620,580.25,174.5,12.25,24.5,0.55251
1620,316.25,98.75,12.25,25,0.55082
1620,400.75,53.25,16.5,32.75,0.55079
1620,311.75,55.5,12.5,25,0.54683
1620,333,24.25,14.25,28.75,0.54533
1620,300.75,32.75,12.75,26,0.54486
1620,99.75,393.5,41.5,83,0.54473
1620,612,422,13.5,26.75,0.54175
1620,312,45,12,24.25,0.5414
1620,410.5,185.25,14.25,28.5,0.54077
1620,548.75,345.25,11.75,23.5,0.53922
1620,216.75,24.25,12.25,24.5,0.5388
1620,363.75,75.25,13.5,26.75,0.53797
1620,156.25,22.25,13.25,26.75,0.53784
1620,149,225,17.5,35.25,0.5377
1620,625,46,16.5,33.25,0.53723
1620,284.25,71.75,12.5,25,0.53674
1620,348.75,212,26.25,52,0.53654
1620,-1.75,66.5,13,25.5,0.53578
1620,576.75,149.5,25.25,50.25,0.53559
1620,367.75,42.5,12.25,24.5,0.53532
1620,108,135.5,12.5,24.75,0.53445
1620,323.25,98.75,19,37.75,0.53412
1620,38.5,445,15.25,30.5,0.53409
1620,314.75,28,26,52.25,0.53384
1620,512.5,147.25,12.5,25,0.53328
1620,337.25,155.5,160,320,0.53288
1620,48,451.5,12.5,25.25,0.53201
1620,379.25,77.5,14.25,28.75,0.53173
1620,261,16,15.5,31.25,0.53171
1620,528.75,140.5,16,32,0.53148
1620,86,151,17,33.75,0.53079
1620,344.75,205.5,13.75,27.5,0.53066
1620,286.5,16.5,15,30,0.53058
1620,288.25,391.75,43,86,0.53048
1620,440.75,326.5,20.5,41,0.53004
1650,314.25,35,24.75,49.5,0.56881
1650,541.75,134.25,15.75,31.5,0.55794
1650,465.75,186.25,16,32,0.55182
1650,476,430.5,12.75,25.75,0.5516
1650,421.5,339,14.5,29,0.54763
1650,397,39.5,31.75,63.25,0.54716
1650,406.25,69.25,15.25,30.5,0.54522
1650,294.25,85.75,12,24,0.54471
1650,404,222.75,14.75,29.5,0.54315
1650,22.25,155,12.25,24.25,0.5431
1650,466.5,430.5,13,25.75,0.54197
1650,380,77,13,26.25,0.54169
1650,531.25,154.75,22.5,45,0.54139
1650,24.5,224,12.5,24.5,0.54082
1650,514,139.75,13.75,27.75,0.5397
1650,286,426.75,13.25,26.25,0.53922
1650,238,204.5,12.25,24.5,0.53863
1650,586.5,418.75,19.75,39.25,0.53821
1650,627,124.25,12.75,25.75,0.53707
1650,71.25,336.5,13,26.25,0.53521
1650,504.5,171.25,13.75,27.5,0.53446
1650,347.25,203.25,47,94.25,0.53417
1650,481,138.25,12.5,25.25,0.534
1650,527.75,100.5,13,26.25,0.53307
1650,475.5,31,13.75,28,0.53302
1650,308,61,12.75,25.75,0.53262
1650,225.25,161.25,50.25,100,0.53239
1650,493,408.75,15.25,30.75,0.53214
1650,298.5,65.5,22.5,44.75,0.53158
1650,135.5,28.25,12.25,24.25,0.53143
1650,350.5,212.5,13,25.5,0.53135
1650,333.75,22.25,13.5,27,0.53128
1650,454.5,255,12,24.25,0.53109
1650,251.75,93.75,14.25,28.75,0.53026
1650,367.5,38,12.5,25.25,0.53026
1650,338.25,111.25,12.5,25.25,0.53005
1680,167.75,35,13,26,0.56817
1680,401.5,31.25,32,63.75,0.56458
1680,532.75,132,15.25,30.75,0.55664
1680,381.5,371.75,14.75,29.75,0.55632
1680,565.25,125,13.5,27,0.55246
1680,493.75,134.75,12.75,25.75,0.5524
1680,411.75,367.5,15.75,31.25,0.55158
1680,168.5,29.75,12,24.5,0.55132
1680,370,34.5,12.25,24.25,0.54957
1680,-3,198.5,25,50,0.54808
1680,429.25,401,15.75,31.25,0.54388
1680,332.25,124.75,16,31.75,0.54291
1680,421.25,385,14.5,28.75,0.54287
1680,507.75,381.25,15.75,31.5,0.54222
1680,236,320.25,13,26.25,0.54213
1680,118.25,31.25,13,26.25,0.54155
1680,237.75,19,15,29.75,0.54062
1680,188.25,327.75,12.5,24.75,0.53954
1680,429,393.5,15.75,31.25,0.53837
1680,415.25,47.25,15,30.25,0.53831
1680,534.5,387.25,14.75,29.5,0.53786
1680,523.75,389,15.5,31,0.53783
1680,125.75,144.25,20.5,41,0.53743
1680,258.5,18.75,15.25,30.75,0.53656
1680,579.25,122.25,14.25,28.25,0.53624
1680,232,307.25,12.25,24.5,0.53618
1680,280.25,10.75,12.75,25,0.53559
1680,163.75,15.75,16.5,33,0.53504
1680,575,415.5,12.5,25,0.53472
1680,410,62,14.25,28.5,0.53425
1680,287.5,439.5,13.5,27,0.53397
1680,149.25,15.25,14.25,28.75,0.53392
1680,199,444.25,12.5,25.5,0.53385
1680,501.25,379,14.25,28.25,0.53331
1680,187.5,317.75,14.75,29.75,0.53256
1680,220,172.25,20.25,40.5,0.53253
1680,252.5,18.25,15.75,31.5,0.53235
1680,363.5,386.75,14.25,28.5,0.53211
1680,402.25,224.5,12.75,25.25,0.53146
1680,492.5,377.75,15.5,30.75,0.53106
1680,197.25,382,14.25,28.75,0.53104
1680,298.25,379.5,18.75,38,0.53086
1680,391,374,13.5,26.5,0.53029
1680,204.25,36.25,12.25,24.75,0.53006
1710,295,36.5,12.5,25.25,0.55738
1710,411.25,42,16,31.5,0.55698
1710,206.25,68.5,12.75,25.5,0.55195
1710,286.25,1,11.75,23.5,0.5493
1710,476.75,441.75,14.5,28.75,0.54822
1710,461.75,440.75,13,26,0.5438
1710,486.5,93.25,12,24,0.54301
1710,603.5,114.75,17.25,34,0.54246
1710,91.5,408,12.25,24.5,0.54232
1710,89,369,52,104,0.54222
1710,267.75,74.5,19,37.75,0.54003
1710,420.5,42.25,16.75,33.5,0.53901
1710,64.25,381.5,46.25,92.75,0.53794
1710,196.5,172.75,24,48,0.53792
1710,492.25,410.75,12.5,24.75,0.53718
1710,13.75,452,12.75,25.75,0.53489
1710,610.75,115.75,14.75,29.25,0.53466
1710,64.75,25,11.5,23,0.53462
1710,101.25,94.75,12,24.25,0.53352
1710,109.75,367.5,14.5,29,0.53325
1710,558,137.25,50.75,101.75,0.53213
1710,248.25,10,12,24,0.53187
1710,512,164.5,23,45.5,0.53175
1710,542.5,155.75,13,26,0.53124
1710,301.25,4,14.5,29.25,0.53015
1740,469.75,389.75,14.25,28.5,0.5603
1740,463,413.25,13.75,27.5,0.5579
1740,501,402.5,14.75,29.5,0.54879
1740,247.5,16.5,13.25,26.5,0.54875
1740,416.75,33,22.25,44.75,0.54809
1740,225,191.75,12.5,24.75,0.54721
1740,0.25,88,13,26,0.54551
1740,263.25,16.75,12.5,25,0.54322
1740,118.25,447.25,14.75,29.5,0.54208
1740,433.5,159,44.5,89.25,0.54167
1740,478,180,13.75,27.25,0.54005
1740,578.75,298.5,17,33.75,0.53974
1740,318,40.5,12,24.5,0.53974
1740,453.25,414.75,13,26,0.53966
1740,3.25,130,13.75,27.25,0.53932
1740,500.75,411.75,14,28,0.53829
1740,386.75,63,15,30,0.53829
1740,445.75,415.75,13,25.75,0.53801
1740,626,238.25,13.5,27,0.53691
1740,216,207.75,17.75,35.25,0.53679
1740,10.75,129,12,23.75,0.53635
1740,242.25,199.75,19,37.75,0.53593
1740,188.5,315.25,12.5,25,0.53467
1740,521,347.25,11.75,23.5,0.53417
1740,74.5,426.75,23.5,47,0.53403
1740,124.75,18.75,16.5,33,0.53394
1740,221,66.25,12,24,0.53379
1740,491.75,21.75,13,26,0.53355
1740,508.5,403.25,14.75,29,0.53307
1740,278,75.5,12.75,25,0.53286
1740,324.75,47.5,16.25,32.75,0.53284
1740,244.25,299.5,12.25,24.25,0.5325
1740,609.5,7,12.5,25.25,0.53177
1740,492,18,12.75,25.5,0.53139
1740,-3.5,88.25,26.5,53,0.53054
1740,485.5,182.75,12.5,25,0.53051
1740,148.25,405.5,11.75,23.5,0.53015
1740,163.25,453,13,26,0.53014
1770,443.5,376,12.75,25.5,0.55469
1770,459.5,431.25,16,32.25,0.54989
1770,348.25,216,22,44,0.5441
1770,412.75,47.5,24,48,0.53933
1770,334.75,60.25,15,30.25,0.53901
1770,612,369.25,16.5,33,0.53838
1770,398.5,278.75,14.75,29.75,0.53718
1770,278.25,297,12,24,0.536
1770,40.25,109.25,32.25,64.25,0.53566
1770,613.75,446.75,13.5,27.25,0.53529
1770,422.75,27.75,18.75,37.75,0.53494
1770,412,29.25,15.5,31.25,0.53456
1770,575.5,400.25,12.5,25.25,0.53436
1770,615.5,312.75,13.75,27.5,0.53404
1770,252,86.75,13,26.25,0.53385
1770,266,20.5,11.75,23.5,0.53358
1770,291.25,12.75,13.25,26.75,0.53356
1770,277.75,92.5,14.25,28.25,0.53279
1770,94,95.75,16.5,32.75,0.53247
1770,175.25,215.5,15.5,31.25,0.53217
1770,386.75,51.75,14.25,28.25,0.53149
1770,375.75,15,12.75,25.5,0.53104
1770,558.5,402.25,12.75,25.25,0.53002
1800,64,143.25,12.5,25,0.56183
1800,373,322.25,15.25,30.5,0.55239
1800,503.75,443.25,12.25,24.5,0.54442
1800,345.5,218,21,42,0.54206
1800,168.5,319,16.25,32.25,0.53818
1800,388.75,313.75,12.25,24.75,0.53806
1800,443.25,337.75,13.75,27.25,0.53778
1800,210.75,32.5,15,30,0.53714
1800,387.5,48.5,14.25,29,0.53701
1800,533.25,274.75,13.25,26.5,0.53623
1800,378,224.5,13,26,0.53558
1800,625,6.25,14.75,29,0.53419
1800,204,429.25,21.5,43,0.53383
1800,368.75,219,11.5,23,0.53312
1800,314.5,109,15.75,31.25,0.53299
1800,452.25,358.5,14.5,29.25,0.5327
1800,616.25,217,26,52,0.53242
1800,64.5,136.5,12.25,24.25,0.53237
1800,70.5,405,13.25,26.5,0.53232
1800,340.5,300.25,16,32,0.53215
1800,-3.25,130.5,27.75,55.5,0.53172
1800,540.5,10.75,12.25,24.25,0.53158
1800,512.75,137.75,16.5,32.75,0.53141
1800,454.5,177.25,12.5,25.5,0.53137
1800,492.5,388.25,11.75,23.5,0.53074
1800,477.75,142,38,76.25,0.53034
1830,-1.75,134,13.25,26.25,0.54961
1830,180.5,15,16.75,33.25,0.54411
1830,607.75,112.5,18.5,36.5,0.54388
1830,233,10.75,12.5,25.25,0.54289
1830,156.25,12.5,14.25,28.5,0.54242
1830,349.75,220,27.25,54.25,0.53956
1830,609.5,128.5,35,69.75,0.53839
1830,396.75,334.75,11.5,23.25,0.53733
1830,392.25,39,15.5,31,0.53656
1830,404.5,39.25,12.5,24.75,0.53635
1830,46.25,76.5,14.5,29.25,0.53626
1830,571,121.25,77.5,155,0.53522
1830,218.75,46.25,12.5,24.75,0.53488
1830,468.75,206.5,13.5,27,0.5343
1830,172,28,14.75,29.25,0.53314
1830,274.25,26.25,12.25,24,0.5331
1830,446,219,13.25,27,0.53308
1830,338.5,195.5,13.25,26.75,0.53257
1830,235,29.5,20.25,40.5,0.53251
1830,346.25,200.5,34,68,0.53244
1830,426,242.5,13.5,26.5,0.53232
1830,418,180.75,12.75,25.5,0.53189
1830,380,318.75,16.75,34,0.53177
1830,554.75,162.75,38.5,76.75,0.53171
1830,212.75,290.5,17.5,35,0.53102
1830,164.75,27.25,14.5,28.75,0.53053
1830,432.75,416.5,12,24,0.5305
1830,507.75,139.75,13,26.25,0.53019
1860,470.75,156.25,16.75,33.25,0.54996
1860,23.25,175,13.25,26.75,0.54626
1860,260.75,192.75,14,28.25,0.54407
1860,412.25,16,24.75,49.75,0.5408
1860,451.5,211.75,14.75,29.75,0.53955
1860,408,372.5,13.25,26.75,0.53849
1860,413,307,13.25,26.75,0.5377
1860,531.25,447.5,14.5,29,0.53738
1860,395.25,225.75,13,26,0.53728
1860,551.75,452.25,12.75,25.5,0.53698
1860,599.75,29,19.5,39.5,0.53627
1860,51.5,49.75,13.5,26.5,0.53612
1860,343.75,210.75,28.75,57.25,0.5352
1860,252.75,49,11.5,23.25,0.53287
1860,300.75,14,11.75,23.25,0.53224
1860,311.5,101.75,12.5,25,0.53224
1860,370.25,6,16.25,32.5,0.53206
1860,266.75,269,11.5,23,0.5316
1860,135.75,193,12.75,25.5,0.5316
1860,423.5,222.5,17.25,34.5,0.53118
1860,421,392.25,15.5,31,0.5309
1860,-1.5,160.5,12.25,24.75,0.53067
1860,8.75,169.25,12.5,24.75,0.53047
1860,357.75,169,12,24,0.53034
1860,602,162.25,14,28,0.53016
1890,415,4.25,19.25,38.5,0.55707
1890,590.75,73,12,23.75,0.55218
1890,627.25,159.75,12.75,25.5,0.54958
1890,625.25,149,15,30.25,0.5487
1890,122.75,415,15.75,31.5,0.54615
1890,275.25,88.75,13.25,26.75,0.54582
1890,34.5,132,36,72.25,0.54457
1890,384,16.5,14.25,28.5,0.54377
1890,300.25,87,13,26,0.54131
1890,307.5,87,12.25,24.5,0.53739
1890,211.5,403.75,34.25,68.5,0.53735
1890,462.25,213.75,13.5,26.75,0.53521
1890,491.25,90,14.5,28.75,0.53509
1890,234.75,168.5,33,66,0.53358
1890,397.25,210.5,13,26.25,0.53347
1890,316,364,12.25,24.75,0.53328
1890,555.75,261.5,13.5,26.75,0.53288
1890,415.25,393,13.5,27.25,0.5324
1890,53.25,135.25,33.75,67.25,0.53156
1890,327,196,70,140,0.53146
1890,290,19.25,21.75,43.5,0.53142
1890,586,95.75,35.5,71,0.53127
1890,12.75,420.25,26.25,52.5,0.53095
1890,145.75,109.25,82,164,0.53082
1890,236.75,407.5,15.5,31,0.5307
1890,420.5,26.75,15.25,30.75,0.5306
1920,211.75,313,13,25.5,0.56505
1920,341.25,206,42,84.25,0.54854
1920,234.5,194,12,24.25,0.54683
1920,204.25,312.25,13.25,26.25,0.54236
1920,613.75,284.75,11.75,23.5,0.54202
1920,46.25,76.5,12.25,24.5,0.54184
1920,208.5,372.5,46.25,92.5,0.54163
1920,212.75,256.5,16,32,0.54041
1920,137.25,421.75,20.25,40.75,0.53798
1920,352.5,156.75,12,23.75,0.53448
1920,469,170.25,32.25,64.5,0.53422
1920,244,311,13.5,27,0.5342
1920,496.25,370.25,45.75,91,0.53348
1920,87.5,436.25,14.75,29.5,0.53337
1920,66,423.5,16.75,33.5,0.53098
1920,396.75,9,11.5,23,0.53072
1920,166.75,147.75,12.25,24.5,0.53072
1920,537.75,4.5,52.5,104.75,0.53002
1950,625.5,52,15,30,0.55202
1950,133,135.75,90,180,0.54761
1950,82.25,442.25,12.5,25.25,0.5451
1950,118.5,416.75,23.75,47.25,0.54416
1950,214.25,159.75,154.25,308.25,0.54395
1950,247,438,14.5,29.25,0.54347
1950,196.25,347,12.25,24.5,0.54197
1950,86.25,440.25,12.75,25.5,0.54126
1950,204,274.25,12.75,25.25,0.53981
1950,165.5,437.25,14.5,29,0.53974
1950,352,153.75,12.25,24.25,0.53963
1950,604.5,275.75,14,28,0.53903
1950,536.75,97.25,15.5,31.25,0.53898
1950,26.25,438,14,28,0.53871
1950,165.75,274,18.75,37.75,0.53812
1950,572.5,417.75,24.5,49.25,0.53784
1950,395.75,163.5,13,26.25,0.53769
1950,333.75,419.5,24.5,48.75,0.5373
1950,568.25,300.5,81.75,163.25,0.53672
1950,458.25,15,78.75,157.75,0.5366
1950,19,437.5,14.25,28.75,0.53656
1950,38.25,432.25,16.25,32.5,0.53614
1950,385,8.75,13,26.25,0.5351
1950,438.75,201.25,31.5,63,0.53505
1950,382.5,1,13.25,27,0.53497
1950,179.5,440.75,14.25,28.75,0.53424
1950,531.25,148.5,13.5,26.5,0.53403
1950,17.75,407.25,29.5,58.75,0.53372
1950,260.75,63,17,34,0.53346
1950,43.75,434.5,15,30.25,0.53316
1950,53.5,428.75,17.25,34.25,0.53315
1950,161,444,14,27.75,0.53309
1950,305.5,267.75,24.5,48.75,0.53264
1950,374.25,154.75,13.25,27,0.53233
1950,254.75,361.5,12.5,25,0.53171
1950,264.5,438.75,13,26,0.5315
1950,244.25,401.25,33,66,0.53036
1950,157.25,81,117,234.25,0.53001
