30,264,37,12.75,25.5,0.55926
30,292.75,81,12.25,24.5,0.55332
30,266.25,48,15.75,31.25,0.54899
30,331.25,8,18.75,37.25,0.54763
30,311.5,28.75,12.25,24.25,0.54688
30,384.75,142,24.75,49.5,0.54588
30,222,282,27.75,55.75,0.54348
30,300.5,39.75,12.5,24.75,0.54311
30,618.75,88.25,21.5,43,0.54202
30,248.25,136.5,14.75,29.5,0.54092
30,317.5,408.5,24,48.5,0.53968
30,521.75,164.5,12.75,25.75,0.5388
30,122,28.75,12.75,25.25,0.5387
30,476.5,46.5,38.5,77.25,0.53713
30,608.75,77.75,19.75,39.5,0.53604
30,348.5,54.5,13.5,26.75,0.53535
30,565,120.25,13.25,26.75,0.53519
30,604.25,153.75,12.25,24.25,0.53507
30,578,220.75,12.25,24.75,0.53464
30,606.75,270,14.25,28.25,0.53462
30,-1.75,330.5,14.5,29,0.53434
30,33.5,158.5,17.5,35.5,0.53372
30,618.25,67.75,22.25,44.75,0.53243
30,441,178,15,30,0.53076
30,103.75,172,41.75,83.5,0.53069
30,590.75,11,13.5,27.25,0.53065
30,26.5,100.75,26,52,0.53046
30,310.25,36,14.25,28.75,0.53003
60,136.75,33.75,12,24.25,0.55701
60,259.75,65,16.25,32.5,0.55086
60,620.25,83.75,20.25,40.5,0.5458
60,136,16,12.75,25.5,0.54259
60,228.25,41,12.25,24.75,0.54157
60,53.5,279.25,17,34,0.54083
60,49,202.5,28,56,0.54054
60,246.5,65,16,31.75,0.54034
60,624.25,102,14.5,29.25,0.53868
60,-4.5,225.75,36.5,73.25,0.53853
60,24.5,103,25,49.75,0.53758
60,108,27,16,32.25,0.53685
60,358.25,128,17.75,35.75,0.53642
60,610.75,80.25,18.75,37.75,0.53624
60,256.5,138.75,12.75,25.5,0.53604
60,18.25,272,13.25,26.5,0.53603
60,616.25,250,26,52,0.53588
60,172.25,13.5,12.75,26,0.53549
60,212,168,12.75,25.5,0.53485
60,216.5,302.75,13,25.75,0.53427
60,220,3,11.75,23.5,0.53347
60,156,22.5,12.75,25.75,0.53301
60,239,143.25,18.75,37.5,0.53267
60,311.25,84.75,12.75,25.5,0.53248
60,52.5,238.25,19.5,39,0.53248
60,116.25,44.5,17.75,36,0.53223
60,108.25,27.25,18.75,38,0.53216
60,50.5,191.75,13.75,27.5,0.53195
60,567.25,409.25,12.5,25.25,0.53153
60,151,340.75,12.5,25,0.53114
60,103,184.5,11.75,23.5,0.53106
60,105,249.5,18.25,36.5,0.53099
60,127.25,20.75,14,28,0.5307
60,438.25,95.5,19.5,38.75,0.53042
60,232,28,12.75,25.75,0.53037
60,224.75,148.5,42,83.75,0.53036
60,278,22.25,13.25,26.5,0.53028
90,160.25,385,11.75,23.5,0.57217
90,327.25,136.5,17,34,0.55239
90,69.75,176.75,20.5,41.5,0.54901
90,294.25,398,13.5,26.75,0.54866
90,167.75,344.5,12.75,25.5,0.54842
90,317,416.75,15.25,30.75,0.54615
90,172,399.75,15.5,31.25,0.5447
90,180.75,293.25,14,28,0.54362
90,126.25,351.75,12.5,25.25,0.54217
90,188.75,395.25,13.25,26.75,0.54215
90,237.5,379.5,16.25,32.75,0.54209
90,229.25,58.75,14.25,28.25,0.54075
90,208.25,321,12,24.25,0.54048
90,389,345.75,15.5,30.75,0.53793
90,288,8.5,12.25,24.5,0.53786
90,420,327.75,13.25,26.5,0.53682
90,277.5,432.5,14.75,29.25,0.53623
90,356,137.75,30.25,60.75,0.53607
90,381.5,423,13,26,0.53591
90,135.75,424.75,12.75,25.25,0.53585
90,221.25,422.25,13,26.25,0.5356
90,333,407,13.5,27,0.53532
90,172.75,289.5,15.25,30.5,0.53531
90,306.5,305.75,12.5,24.5,0.53477
90,29.75,398,13,26.25,0.53466
90,229.5,17,13.25,26,0.53464
90,434.25,95.75,18.25,36.25,0.53456
90,243.5,414.75,12.5,25,0.53429
90,77,357.25,14.25,28.25,0.53409
90,406.25,20.75,12,24,0.53353
90,583.75,222.25,15.25,30.75,0.53343
90,351.5,153.5,66.25,132.5,0.53337
90,366.25,375,13,26.25,0.53322
90,214.25,170.75,12.25,24.75,0.53321
90,164.5,344.25,13,26,0.533
90,229.75,379.75,13.75,27.25,0.53292
90,134.5,57.75,13,25.75,0.53275
90,196.75,394.75,14,28,0.53271
90,177.75,407.75,18,35.75,0.53271
90,252,63.5,16.75,33.5,0.53252
90,308.25,384,16.5,33.25,0.53233
90,102.5,408,15.5,31,0.53217
90,323.25,328.75,18,35.75,0.53185
90,236.5,376.5,27.75,55.5,0.53179
90,263.5,342,12.25,24,0.53126
90,190.25,162.25,13.5,27.25,0.53106
90,269,349,13.25,26,0.53103
90,144.5,425.75,11.5,23.25,0.53073
90,285,376.75,15.5,31,0.53068
90,278.25,39.75,12.25,24.75,0.53063
90,116.5,58,12.25,24.25,0.53042
90,153.75,344.75,15,30,0.53038
90,204.5,379.5,15,29.75,0.53021
120,76,282.25,12,24.25,0.56
120,348.5,372.25,15.5,31.25,0.55056
120,105.75,44.5,12.5,24.75,0.55034
120,127.25,236.25,14.25,28.5,0.54564
120,424.75,94.5,19.25,38.5,0.54554
120,69.5,349.5,13.5,26.5,0.5447
120,311.25,23.5,12.5,25.25,0.54457
120,227.75,357.75,12.75,25.75,0.54386
120,316,368.75,12.25,24.25,0.54336
120,499.25,95.5,35.25,70.5,0.5413
120,311.5,32.25,12.5,25.25,0.53928
120,229.5,6.5,13.75,27.5,0.53919
120,77.75,383.75,12.75,25.5,0.53696
120,179.75,282.25,12.25,24.5,0.53682
120,190.25,168,12.75,25.25,0.53635
120,62.5,166.5,15.25,30.5,0.53613
120,76.25,344.75,12,24,0.53549
120,100,395.5,15.25,30.5,0.53533
120,-1,160.75,15.5,31.25,0.53496
120,100,44.5,12,24,0.53489
120,255,242,15.25,30.25,0.53414
120,254.25,413.25,12.5,24.75,0.53403
120,285.25,343.75,15,30,0.53339
120,117,370,14.5,29,0.53327
120,390.5,394.25,12.5,25,0.53303
120,143,207,39,78,0.53289
120,226.25,154.75,20.5,41.25,0.53232
120,419,69.25,31.25,62.5,0.53146
120,326,398.75,13,26.25,0.53044
120,372.75,381.5,16.75,33.5,0.53024
120,306.25,304,15.5,31.25,0.53023
120,592,403,12.75,25.5,0.53015
120,84.5,421.75,16,31.75,0.53003
150,260.25,405.25,16.5,33,0.55617
150,67.25,297,12.75,26,0.55464
150,333,177.75,12.5,25,0.55186
150,116.25,393,13,26,0.55132
150,287.25,306.75,15,29.75,0.54967
150,327.75,45,12.25,24.5,0.54929
150,153.75,347,15,30,0.54909
150,592,316,17,34.25,0.54883
150,371.75,446,15.5,31,0.54816
150,44.75,395.25,13.25,26.75,0.54755
150,29.5,365.75,13,25.75,0.54574
150,268.75,383.25,14.75,29.25,0.54502
150,231.25,80.75,12.25,24,0.54497
150,128.5,356.5,11.75,23.5,0.54322
150,394.5,389.25,17.25,34.5,0.54254
150,516.5,419.25,13.75,27.75,0.54235
150,20.5,429,12.25,24,0.54231
150,261.25,43.75,14.25,29,0.54129
150,191.75,334.5,12.5,25,0.54051
150,588.5,428.5,14.25,28.5,0.53926
150,268.75,43.75,14.5,29.25,0.53918
150,427.5,85.75,20.5,41.25,0.53889
150,470.5,425,12.25,24.5,0.53819
150,20.5,414.5,14.25,28.75,0.5381
150,460.5,232,14,27.75,0.53748
150,226.75,21,14.75,29.5,0.53641
150,81.75,12.5,18.75,37.25,0.53551
150,368,276.25,12,24.25,0.53498
150,196.75,20,15.25,30,0.53498
150,70,398.25,13.25,26.75,0.53493
150,221,412.75,13,26,0.53453
150,285.5,402,23.5,46.75,0.53451
150,-2.5,125.75,19.75,39.75,0.53393
150,473,379,13.5,26.75,0.53375
150,420.75,26.75,31,62,0.53375
150,116.5,411.75,16,31.5,0.5337
150,303.5,153,13.25,26.5,0.53357
150,309.25,338.25,13.25,26,0.53349
150,195.5,335,16.25,32,0.53325
150,269,84,13.25,26.75,0.53314
150,331.75,428.25,16.25,32.5,0.53282
150,243,404.75,17.75,35.5,0.53278
150,102.75,435,11.5,23,0.53265
150,340.75,332.5,12,24,0.53185
150,317.75,13.75,17.5,35,0.5317
150,197.75,391.5,15.25,30.75,0.53148
150,157.5,72.75,17.75,35.5,0.53043
180,347,15.25,17.25,34.5,0.57896
180,261,410.25,13.75,27.25,0.56495
180,489.75,380.5,12.75,25.5,0.55691
180,482.25,379.75,12.75,25.5,0.55649
180,363.5,33.5,15.5,31,0.54313
180,342,322.5,14.25,28.5,0.5429
180,187.5,398.75,12.75,25.5,0.54137
180,132.75,339.75,11.5,23.25,0.54004
180,374.5,440,12,24.25,0.5379
180,477.25,71.25,24.5,49,0.53789
180,307.75,336,12.5,24.75,0.53783
180,253,409,13.75,27.75,0.53724
180,388.75,24.5,11.75,23.75,0.53682
180,267.25,387.75,17.75,35.25,0.53671
180,432.75,448,11.5,23,0.53659
180,421.25,95.5,19.5,39.5,0.53566
180,343,153,12.75,25.5,0.5356
180,404.25,331.75,12.25,24.5,0.53532
180,246.25,391.75,13.5,27,0.53514
180,380.5,22.5,12.5,25,0.5351
180,228.5,424.5,15.5,30.75,0.53504
180,114.5,386.5,12.5,25,0.53461
180,276.5,381,12.25,24.75,0.53441
180,243.25,408.75,12.25,24.75,0.53417
180,378.5,426.75,14.75,29.75,0.53413
180,363.25,12,15.75,31.25,0.53402
180,355.75,33.75,15.75,31.5,0.53344
180,41.5,399.5,15.25,30.5,0.53299
180,475.25,174.75,20.25,40.5,0.53296
180,623,10,15.75,32,0.53283
180,248,311.75,12.5,25,0.53261
180,466.25,442,18,36,0.53241
180,33.5,155,13.25,26.5,0.53188
180,624.25,159.75,16.5,33.25,0.53175
180,448.75,421.5,23.25,46.5,0.53173
180,291.75,401.5,18.25,36.75,0.5311
180,483,48,13,26.25,0.53088
180,179.25,370.75,13.75,27.75,0.53086
180,244.75,427.5,15,30,0.53078
180,357.25,43.75,14,28.25,0.53072
180,242.5,318,12,24.25,0.53034
180,408.25,127.25,12,24.25,0.53029
180,468,377.5,14.25,28.5,0.53026
180,268.5,304.75,14.5,28.75,0.53023
180,338.25,132.75,23.25,46.25,0.53008
180,160.25,196.25,12,24,0.53006
210,382.5,399.5,12.75,25.5,0.55461
210,83.75,380.5,15.5,31.25,0.5538
210,563.25,392.5,12.25,24.75,0.55326
210,380.25,372.25,13.25,26.5,0.55106
210,82.25,426.75,12.25,24.5,0.54585
210,348,11.75,12,24,0.54569
210,493.25,408,13.25,26.5,0.54388
210,175.75,359.75,12.5,25.25,0.54367
210,102.75,377.75,14,28,0.54356
210,205.75,366.75,13,26.5,0.54201
210,156.25,414.5,14.25,28.5,0.54171
210,331.5,53.75,13.25,26.75,0.54136
210,189.75,371.25,12.75,25,0.54121
210,72.5,207,14.25,28.5,0.54082
210,69,380.25,14,28.25,0.53963
210,8,108.75,20.5,40.5,0.53922
210,419.75,169.25,14,28,0.53857
210,467.5,442.75,16.5,33,0.53841
210,132,419.75,12.5,25,0.53771
210,72.75,187.5,14.75,29.75,0.53763
210,117.25,44.75,13.5,26.75,0.53759
210,351.5,370.25,12.75,25.75,0.53694
210,190,235.75,13.5,26.75,0.53611
210,268.5,55.75,13.25,26.75,0.5359
210,597.75,396,13.75,27.5,0.53588
210,376.5,30,12,23.75,0.53532
210,261.25,424,14.75,29.5,0.53499
210,450.75,447,15.75,31.25,0.53428
210,240.5,288.75,11.75,23.75,0.53321
210,243.75,300.5,12.5,25.5,0.53302
210,475.75,391,12.75,25.5,0.53287
210,379,32,16,31.5,0.53281
210,504.25,453.25,12,24.25,0.53233
210,277.75,384.5,44.25,88.75,0.53231
210,190.25,223.75,13.5,27.25,0.53173
210,168.25,372.5,12.5,25.25,0.53171
210,252.5,398.75,27.75,55.25,0.53166
210,330.25,62,15.75,31.5,0.53143
210,334.75,275.5,12.5,25,0.53089
210,514.75,248.75,12.25,24.5,0.53072
210,431,193.25,14,27.75,0.53058
210,124.5,420.25,14.75,29.5,0.53001
240,404.5,363.25,15.5,31,0.57696
240,419.25,379,14.5,29,0.55808
240,249.5,398,25,50,0.5547
240,580.25,428,15,29.75,0.55224
240,69,388.25,14.5,29,0.54966
240,306.75,357,19.75,39.5,0.54833
240,348.25,427.5,14.25,28.5,0.54731
240,215.25,371,12.5,25,0.54497
240,366,404.75,28.5,57,0.54474
240,340.75,270.5,14.25,28.5,0.54472
240,249.75,346,12.75,25.75,0.54273
240,397.25,446.5,13.5,27.25,0.54241
240,434.5,453,12.5,25.25,0.54141
240,388.5,98,12.75,25.5,0.54098
240,188,382.25,12.5,25,0.54097
240,397,361.25,13.5,26.75,0.54083
240,173,376.5,12.25,24.5,0.54037
240,388.75,359.25,12.75,25.5,0.54008
240,334,268.5,13.75,27.5,0.53994
240,604.75,414.5,14.75,29.5,0.53969
240,429.25,444.5,12.5,25,0.53875
240,383.75,172.5,20.5,40.75,0.5378
240,-11,56.5,90.5,181,0.53743
240,364.25,397,16,32,0.53709
240,405,443.5,15.25,30.75,0.5368
240,339,44,13.25,26.25,0.53624
240,60.25,384.25,16,31.5,0.53577
240,353.75,428.75,19.25,38.75,0.53567
240,350,27.75,20.5,41,0.53554
240,491.75,450.25,13.25,26.75,0.53509
240,300.75,317.75,13,26,0.53496
240,189.75,383.25,18.25,36.5,0.53455
240,315.75,349,13.75,27.5,0.53439
240,364.75,33,11.5,23,0.53438
240,428.5,259.5,13.75,28,0.53408
240,412,445.5,13,26,0.53404
240,584.25,117,13,26.25,0.53403
240,428.25,385.25,15.5,30.75,0.53368
240,419.5,165,14.25,28.75,0.53365
240,45.75,184,16.25,32.5,0.53339
240,270.25,173.75,11.75,23.25,0.53324
240,183.25,234.25,14,28.25,0.53296
240,-2.25,11,33.75,67.25,0.53272
240,364,350,17.25,34.75,0.53178
240,575.5,86,31,62,0.53177
240,197.5,206.25,12.5,24.75,0.53153
240,188,328.5,12.25,24,0.53151
240,149.25,429,13.75,27.25,0.53058
240,146.75,171,11.5,23,0.53045
240,588.5,387.5,12,23.75,0.5302
240,558.5,153.5,13,25.75,0.53008
270,378.25,320,12.75,25.25,0.58413
270,120,8,12.75,25.5,0.57244
270,423,407.75,13.5,26.75,0.55828
270,69.5,28,14,28.5,0.55412
270,277.25,441.75,14.5,28.75,0.55377
270,333,27.75,15,30,0.55182
270,347.5,25.5,15.25,30.75,0.55122
270,453,446,14,27.75,0.55013
270,141.5,433.5,15.5,30.75,0.54966
270,391.5,99.25,60.5,121.25,0.54939
270,19.25,185,17.75,35,0.54935
270,276.25,32.75,16.5,33.25,0.54873
270,261.25,43.75,14.25,29,0.54853
270,125.25,355.75,14.5,29,0.54659
270,137.25,7.75,13,26,0.54638
270,613,68,27.5,55,0.54578
270,76.25,28.25,12.75,25.5,0.54487
270,541.75,342,14.25,28.5,0.54477
270,329.25,9.25,12.25,24.25,0.5445
270,69.75,282.25,12,24.25,0.54305
270,349.5,286.25,14.75,29.5,0.54297
270,303.75,26.25,21.75,43.25,0.54267
270,317.5,452.5,13.25,26.5,0.5426
270,566.25,400,12.75,25.5,0.54237
270,108.5,358.25,13,26.25,0.5418
270,364.75,8.25,12,24,0.5417
270,84.25,302.25,12.5,25.25,0.54115
270,357,285.75,15.25,30.75,0.54107
270,382,76.5,12,24.25,0.54053
270,191,437,13.75,27.75,0.53876
270,284.75,57.75,16,31.75,0.53861
270,284.75,27,14.75,29.5,0.53855
270,327.75,92.25,12.5,25,0.53729
270,361.25,344.75,17.75,35.5,0.53728
270,293.75,31.5,16.75,33.5,0.53711
270,75.75,396.25,18.25,36.75,0.53656
270,355.25,269.25,12.5,24.75,0.53652
270,244,326,13,26,0.53618
270,60.25,300.5,13.25,26,0.53557
270,363.75,357.5,12.5,24.75,0.53544
270,147.25,431.75,14,28,0.53536
270,264.25,80.25,13,25.75,0.53486
270,350,128.5,23.25,46.75,0.53432
270,343.5,297,12.75,25.25,0.53404
270,474,271.25,15,29.75,0.53392
270,326.25,399.5,13.5,26.75,0.53387
270,180.5,346.25,14.5,29,0.53377
270,334,276.5,12.5,25,0.53368
270,384.25,190.75,12.5,24.75,0.53327
270,86.25,410,13,26,0.53323
270,54.75,303,12.25,24,0.53322
270,100.5,412.75,14.25,29,0.53317
270,348.25,20,13,26.5,0.53314
270,612.5,358.5,13,25.75,0.53307
270,284.5,12.5,17.75,35.5,0.53301
270,276,356,14.25,28.5,0.53278
270,412,426.5,14.5,29,0.53269
270,28.75,85.25,17,34.25,0.53258
270,142,248,14,28,0.53223
270,343.75,273.5,13,25.75,0.53193
270,363.75,272.75,16.25,32.75,0.53184
270,99.5,14.5,16.25,32.75,0.53174
270,296,13.75,17.25,34.5,0.53163
270,429.75,394.25,12.5,25.25,0.53147
270,214.25,410.75,12.75,25,0.53137
270,268.25,413.75,17.25,34.25,0.53115
270,314.25,320.5,11.75,23.75,0.53112
270,302.25,166.75,26,51.75,0.53104
270,340.5,27.75,15,29.75,0.53101
270,381,169.75,15.75,31.5,0.53095
270,271,129.25,31.5,63.25,0.53095
270,336.25,405.5,12.5,25.25,0.53033
270,311.5,9.75,12.5,24.75,0.53002
300,188.5,420.5,12.75,25.5,0.56027
300,68.25,412,16,32,0.55623
300,595.25,337,12.25,24.75,0.55613
300,422.5,406.5,13,26.25,0.55101
300,230.25,441.25,13.5,27.25,0.55079
300,324.5,337.25,12.5,25,0.54888
300,132,448.75,14.25,28,0.54788
300,99.5,383.75,12.5,25,0.54679
300,308.25,433.75,12.5,24.75,0.54641
300,394.5,441.5,13.75,27.5,0.54623
300,412,397.75,16.75,33.75,0.54575
300,77,423.5,13.25,26.5,0.54554
300,375.5,168.75,13.5,26.75,0.5426
300,183.75,371.5,13,25.75,0.5416
300,246,368.75,13,26.25,0.54128
300,60,413.25,15.75,31.75,0.5411
300,436.75,286.5,15.5,31,0.54047
300,92.5,383.5,13,26.25,0.54032
300,620.25,388.75,12.25,24.25,0.53984
300,466.75,112.25,12,24,0.53894
300,419,432,17,33.75,0.5385
300,327.5,387.75,37.5,74.75,0.53823
300,278.75,320.5,13.25,26.5,0.53802
300,72.75,391.5,29.25,58.25,0.53801
300,308.75,387.25,15,30.25,0.538
300,300,414.25,14,27.75,0.53786
300,75.75,394.75,14.75,29.25,0.53703
300,523.75,410.25,14.25,28.75,0.53695
300,308.25,49,16.75,33.5,0.53682
300,536.25,401.25,12.5,25,0.53655
300,141.5,397.25,13.25,26.5,0.53648
300,445,443.75,13.75,27.5,0.53626
300,508.25,388.5,13.5,27,0.53614
300,141,335.75,16,32,0.53589
300,294.25,311.5,13,26,0.53579
300,455.5,411,13.25,26.25,0.53569
300,477.25,341.75,16,32.25,0.53567
300,40.25,384,12.5,24.75,0.53564
300,229.75,429.75,13.25,26.5,0.53544
300,575,383.25,13,26.5,0.53541
300,317.5,385.25,15.5,31,0.53533
300,380.5,68.5,11.75,23.75,0.53526
300,467.75,432.25,16.5,33,0.53503
300,187.25,228.25,13,26,0.53494
300,181,430.75,14.25,28.75,0.53487
300,378.25,402.75,16.5,33,0.53482
300,88.25,280.25,12,23.75,0.53451
300,389.25,383.5,15.5,30.75,0.53445
300,603.5,339.75,15.5,31,0.53413
300,20,299.25,13.75,27.75,0.53406
300,295,63.25,13.5,27.25,0.53392
300,270.75,63,13.5,26.75,0.53389
300,44.75,423.25,13.75,27.5,0.5336
300,406.5,276.5,12.75,25.5,0.53352
300,435.75,397,14.25,28.25,0.53322
300,251.5,195.75,13.25,26.25,0.53294
300,399,178.25,16.25,32.5,0.53293
300,250.75,17.25,14.5,29,0.53255
300,346,121.25,26.75,53.25,0.53237
300,189.5,61.75,19,38,0.53219
300,196.25,381,14.5,29,0.53174
300,331.25,384.75,14,27.75,0.53171
300,325.5,315.25,15,30,0.53147
300,134.25,139,14.25,28.75,0.53121
300,394.75,381.25,19.75,39.5,0.53119
300,379.25,349,60.5,121,0.53118
300,236,171.5,32.5,65,0.53112
300,393.25,315.5,22,44.5,0.53061
300,201.5,430.75,22.75,45.5,0.5306
300,85.25,379.75,14.5,29.25,0.53057
300,284.5,85.75,12.25,24.5,0.53053
300,568,365.25,12,23.75,0.53053
300,148,178,15.75,31.5,0.5305
300,133,394,12.25,24.75,0.53033
300,34.5,275.5,14.25,28.5,0.53032
300,220.5,333.25,12,24,0.53021
300,291.75,386.25,14.5,28.75,0.5302
300,298.75,328.75,18.25,36.5,0.53003
330,476.25,381.25,12.5,24.75,0.56068
330,468,445.25,15,29.75,0.56054
330,445.5,402.5,13.25,26.5,0.55422
330,380,66.25,12.5,24.75,0.55418
330,245,3,14.5,29,0.55354
330,284,310.75,13.75,27.75,0.55183
330,335.75,343.25,65.75,131.5,0.55011
330,271,402,12,24,0.5491
330,12.5,402.25,11.75,23.75,0.54664
330,519.25,299.5,12.75,25.5,0.54624
330,428,396,13.5,26.75,0.54588
330,180.75,389.25,13.75,27.5,0.54418
330,196.25,419.25,16,32,0.54402
330,275.5,305.75,14.5,29,0.54276
330,236.5,3.25,13.75,27.75,0.54272
330,325,44.75,14.5,29.25,0.5421
330,253.5,22.25,13.25,26.5,0.54208
330,155,369.5,13.25,26.75,0.54206
330,357.5,360.25,13.25,26.25,0.54053
330,309.25,59,15,30,0.53978
330,84.25,420.5,13.5,27.25,0.53975
330,133,426.5,12.5,25.25,0.53902
330,16.5,100.5,16.75,34,0.53872
330,229.5,313.75,13,26.25,0.53864
330,139.5,424.75,23,46.25,0.53858
330,477.5,444.5,12.5,25,0.53852
330,582.25,441.5,12.5,24.75,0.53851
330,330,408.25,32.75,65.75,0.53821
330,380,371,12.75,25.5,0.53821
330,613.25,430.5,13,26.25,0.53811
330,324.5,3,15.25,30.25,0.53808
330,76.25,424.5,13,26.25,0.53781
330,15,327.75,13,26,0.53759
330,300.25,288.75,14.25,28.75,0.53738
330,333.25,1.5,15.5,31,0.53694
330,300,384,16,32.25,0.53692
330,108.75,412,14.25,28.25,0.53677
330,90.75,359.5,13.5,27.25,0.53668
330,221,420.25,11.5,23,0.53647
330,35.75,383,16.75,33.5,0.53603
330,378.25,150.75,34,67.75,0.53592
330,64.5,281,11.75,23.75,0.53551
330,163.75,402.5,15.75,31.25,0.53545
330,125.75,369.75,12.5,25,0.53509
330,230,361.5,12.25,24.75,0.5349
330,463.25,187,18.25,36.25,0.53462
330,298,317,20.25,40.25,0.53447
330,181.25,410,13.25,26.75,0.53445
330,300.5,331,13,26.25,0.53427
330,225,380.75,13,26,0.53423
330,375,398,38.5,77,0.53411
330,380.5,399.75,15,30,0.53406
330,212.5,394.5,15,30.5,0.53392
330,415.75,361.5,12.75,25.25,0.53387
330,311,330.25,13.25,26.5,0.53355
330,116.75,409.75,15.5,31,0.53345
330,261,18.75,14.5,28.75,0.5334
330,27.75,424.75,12.75,25.25,0.5331
330,108.25,211,26.75,53.25,0.53269
330,371.5,364.25,13.25,26.25,0.53268
330,469.5,351.5,15.75,32,0.53258
330,518,47.5,13.25,26.75,0.53256
330,398.75,180.25,17.75,35.25,0.53243
330,428,47,14.25,28.25,0.53233
330,264,310.75,12.25,25,0.53184
330,333,323.5,15.25,30.5,0.53183
330,483.25,373.75,15.25,30.75,0.53178
330,25.5,107.25,12,24,0.53176
330,-19,146,163.75,327.25,0.53152
330,299.25,36.75,18.5,37,0.53131
330,438,330.25,14.25,28.75,0.53125
330,616,59.5,25.75,51.5,0.53101
330,235.75,320.25,17,34,0.53094
330,6,298.25,12,23.75,0.53077
330,427.75,421.25,14.75,29.5,0.5306
330,501.75,446.5,14,28,0.53057
330,543.75,360.75,13,26,0.53055
330,308,43.75,16.5,32.5,0.53051
330,533.5,429.25,14.25,28.75,0.53043
330,244.25,414,12,24,0.53016
330,392.25,188,13.25,26.5,0.5301
360,319.75,287.5,12.25,24.75,0.55618
360,382.25,61.75,12.75,25.25,0.55152
360,333.75,300.5,13.5,27.25,0.5505
360,457.75,201.75,13.75,27.75,0.55036
360,23,416.5,12.5,25.25,0.54313
360,398.25,180.75,19.25,38.25,0.54312
360,385.5,192,13.75,27,0.54082
360,572,415.75,15.75,31.5,0.54045
360,247,3.5,14.25,28.25,0.54023
360,406.25,139.5,13,25.75,0.53972
360,260.75,18.5,14.75,30,0.53969
360,534.25,371.5,12.5,24.75,0.53885
360,450.75,145.75,25.5,51.25,0.53833
360,101.75,268.5,17.75,35.25,0.53807
360,403.5,66,84.25,168.5,0.53807
360,289.75,65,18,35.75,0.53738
360,243.75,415,14.5,29,0.53702
360,128.25,369,12.75,25,0.53689
360,390.75,407,15.25,30.5,0.53653
360,19.25,418,11.75,23.5,0.53481
360,384.5,347.25,12.5,24.75,0.53459
360,612.75,404.75,14.5,28.5,0.53441
360,143.75,368.5,12.25,25,0.53332
360,313.75,453,13,26,0.53329
360,20.75,314.25,13.25,26.5,0.53326
360,533.25,419.75,14,28.5,0.53301
360,245.5,131,12.5,25,0.53235
360,292,297,14.5,28.75,0.53223
360,620.5,205.75,21.5,43.25,0.53219
360,198.25,314.5,16,31.75,0.53182
360,124.25,369,12.5,25,0.53157
360,56.5,163,12.25,24.5,0.53153
360,54,20.75,14,27.75,0.53106
360,16.5,186.75,12,24,0.53098
360,238,340.5,14.25,28.75,0.53089
360,604.75,416,15.5,31.5,0.53014
390,333.5,442.25,14.25,28.5,0.56055
390,188.75,323,12.5,25.25,0.55942
390,463.5,278.25,13,26,0.55461
390,349,369,15.75,31.25,0.55118
390,92.5,426.5,15,29.75,0.54872
390,246.25,427.5,12,24.25,0.54784
390,119.75,370.75,14.25,29,0.54746
390,460.25,133.75,46.75,93.5,0.54703
390,261.25,442.75,14.5,29.25,0.5457
390,421.25,447.25,15.25,30.5,0.54556
390,151.25,418.75,12.75,25.5,0.54442
390,429.75,428.25,12.75,25.75,0.54417
390,402,413.5,12.5,25,0.54358
390,212.75,177,33,65.75,0.54291
390,100.25,412.75,14.25,28.75,0.5419
390,348.5,437.75,14,28,0.54177
390,284.5,429.75,17.5,35.25,0.54049
390,250.75,68.25,12.5,25.25,0.53816
390,427.75,153.5,27.5,54.75,0.53811
390,40.25,40.75,12.5,24.75,0.53736
390,324.5,364.75,14.5,29.25,0.53657
390,169.75,48,16.75,33.25,0.53646
390,558.25,449.25,12,24,0.53608
390,114.25,371.25,13,26,0.53581
390,278.75,215,13,25.75,0.5357
390,187,415.25,17.5,35,0.53532
390,397,428.25,12.75,25.5,0.53526
390,295,325,14,28,0.53507
390,525.5,452.5,13.25,26.5,0.5345
390,387.25,52.75,13,25.75,0.5344
390,84.25,220.5,15.75,31.5,0.53373
390,364,37.5,16.5,33.25,0.5337
390,445,419.5,12.5,25,0.53333
390,12.75,29.25,17,34.25,0.53324
390,559.5,340.5,14,27.75,0.53319
390,179.75,416.75,15.25,30.5,0.53318
390,428.75,133,25.25,50.5,0.53301
390,391,350.5,12.25,24.75,0.53294
390,76.25,58,12,23.75,0.53273
390,367.25,297.25,13.75,27.75,0.53245
390,274.25,425,11.75,23.5,0.53231
390,280,430.5,13.25,26.5,0.53225
390,358,412,14.5,28.75,0.53216
390,508.25,424.5,11.5,23.25,0.53149
390,479.25,201.5,14,28,0.53144
390,51.75,417,15.5,31,0.53137
390,19.5,51.5,14.25,28.25,0.53134
390,40,293.75,12.75,25.5,0.53124
390,112.5,425.75,12,24.5,0.53116
390,233.5,428,12.5,25.25,0.53061
390,484.5,414.75,13.75,27.5,0.53015
420,31.75,17.5,14.5,29.25,0.57201
420,490.75,24,38.75,77.75,0.55614
420,252.5,433.5,15.5,31.25,0.55069
420,552,210.25,12.75,25.75,0.5501
420,547,195,21.25,42.5,0.54991
420,261,420.5,15,29.75,0.54612
420,149.75,438,13.25,26.5,0.5449
420,322.75,331.75,18.75,37.75,0.5447
420,387.25,41.5,13.25,26.5,0.54396
420,297,316.5,24,48.25,0.54213
420,477,436.5,14,28,0.54212
420,385,43.5,12.25,24.75,0.5399
420,508,423,13,26,0.53975
420,163.75,432.25,13.5,26.5,0.53867
420,324.25,400.25,12.5,25.5,0.53852
420,360,17.5,12.25,24.5,0.53824
420,422,352.5,13.25,26.5,0.5381
420,580,331,12.75,25.5,0.53786
420,467.75,432.5,16.75,33.25,0.53767
420,499.5,62,20,40,0.53717
420,387.5,171.5,14.25,28.25,0.53627
420,612.25,415.25,15.25,30.5,0.53603
420,244.5,435.5,14.75,29.5,0.53583
420,502,196,17.5,34.75,0.53536
420,144,434.75,15,30.25,0.53526
420,465.75,112,65.5,131.25,0.53507
420,172.75,381,11.75,23.75,0.53472
420,590.25,395,12.75,25.25,0.53375
420,400.5,280.25,11.75,23.5,0.53335
420,452.5,374,14,28.25,0.53305
420,167.75,438.75,13,25.75,0.53302
420,107.75,117.75,22.5,45,0.53274
420,269,417.75,13.75,27.5,0.53251
420,298.75,334,17,33.75,0.53241
420,340.75,364.75,12.25,24.5,0.53238
420,139.5,437.25,13.25,26.75,0.53224
420,456.5,149.25,12,24.25,0.53194
420,416.25,154,12.25,24.75,0.53184
420,-2.75,156.25,22.5,44.75,0.53181
420,388.5,287.5,17,34,0.5315
420,258.25,133,13,26.25,0.53149
420,27.75,382,14.75,29.75,0.53148
420,427.75,147.5,35.25,70.25,0.53102
420,429.25,348,23.75,47.5,0.53097
420,506,183.75,12.5,25.25,0.53094
420,336.5,31.75,13,26,0.53073
420,232.25,440,12.25,24.25,0.53039
420,322.5,36.75,11.75,23.75,0.53036
420,324.5,343.5,14.25,28.5,0.53022
420,98.5,392,12.75,26,0.53007
450,389,362,15,30,0.57142
450,-2.75,186.75,23.75,47.75,0.54908
450,373.25,408,13,25.75,0.54802
450,148.75,333.5,13.5,27.25,0.54491
450,397,365,13.5,26.75,0.54332
450,603.75,218,16,32.25,0.54319
450,599,6.5,43.5,87,0.54304
450,490.5,43.5,27.25,54.5,0.54261
450,361.25,376.75,17.25,34.75,0.54163
450,140.75,324.75,13.5,26.75,0.54157
450,265.5,7.25,12.75,25.5,0.54142
450,164,338.5,12.25,24.25,0.5412
450,309.5,62,14,28,0.54028
450,260.5,7.75,12.5,25,0.54026
450,339.5,14.25,13.75,27.5,0.54004
450,85.75,381.5,13.75,27.5,0.54002
450,605.25,443.75,15.5,31.25,0.53999
450,68.75,392,14.25,28.25,0.53989
450,236.75,45,12,24.25,0.53969
450,289.75,431.25,13.5,26.75,0.53949
450,404.75,425,13.5,27,0.53944
450,123.75,413.5,15.5,31,0.53919
450,413,177,22.75,45.25,0.53859
450,433,345.75,13,26,0.53766
450,531.75,339.75,14.75,29.5,0.53681
450,8.5,211.25,13,26,0.53663
450,245,131.75,13.75,27.25,0.53604
450,360.5,393.25,11.75,23.75,0.53604
450,600,177.25,11.75,23.5,0.53507
450,491.5,114,67.5,135,0.53499
450,257.5,426.75,19.25,38.5,0.5348
450,397.5,425,13.25,26.25,0.53475
450,183,418,13.75,27.5,0.53352
450,302.5,317,12.5,25.25,0.53313
450,366.5,160.25,28,56,0.53298
450,365.25,182.75,16.75,33.5,0.53295
450,225.25,415.5,20.75,41.5,0.53267
450,427.75,332.5,14,27.75,0.53253
450,181,352.5,15.25,30.5,0.53242
450,412.5,423.75,13.75,27.25,0.53223
450,132.25,406,16.25,32.75,0.5322
450,309.75,360.5,13.25,26.75,0.53172
450,107.5,356.25,16.25,32,0.53154
450,75.5,385.25,15,30.25,0.53135
450,197.25,192.25,32,63.75,0.53099
450,266.5,362,17.5,35,0.53069
450,308.75,409,13.25,26.25,0.53059
450,356.25,287.5,13,25.75,0.53037
450,84,160,19.75,39.5,0.53027
480,582,391.25,15.25,30.25,0.56722
480,548.75,408.25,12.5,25,0.56249
480,332,34.5,16.5,33,0.54976
480,461.25,432.75,13.75,27.75,0.54957
480,268.5,60.5,12,24.25,0.54819
480,596.25,428.25,14.25,28.25,0.54798
480,534.25,381.5,12.25,24,0.54788
480,72.75,131.25,15.5,31.5,0.54758
480,296,251.25,12.25,24.75,0.5468
480,380,292,13,26.5,0.54631
480,103.5,439.25,13.5,26.75,0.54576
480,500.5,416,12.5,25,0.54489
480,136.75,265,11.5,23,0.54458
480,532.75,412.25,14.25,28.25,0.54398
480,396.75,396,12.25,24.5,0.5438
480,400,394.25,12.25,24.5,0.54364
480,139,396.25,12.25,24.5,0.5423
480,340.5,32.25,12.25,24.75,0.54109
480,20.5,16,12,24,0.54075
480,-1.75,134,26.75,53.75,0.54071
480,534,314.5,12.75,25.5,0.5404
480,327.25,44.5,12,24,0.53872
480,421,411,14.75,29.5,0.53811
480,441.5,412.75,13.5,27.25,0.5379
480,364.25,448,13.25,26.5,0.53789
480,519,431.5,12.75,25.5,0.53785
480,149.75,442.25,12,23.75,0.53781
480,412.25,394,12.25,24.25,0.53744
480,374,449,13,25.75,0.53709
480,182,437.75,14,28,0.537
480,127.75,387.5,14.75,30,0.5366
480,413.5,137.5,12.75,25.5,0.53642
480,173.75,438.75,14.25,28.25,0.53622
480,115.5,441.25,16.75,33.5,0.53598
480,534,401.5,15.25,30.75,0.53555
480,428.5,399.5,12.25,24.75,0.5351
480,67.25,109.25,24.75,49.25,0.53495
480,496.25,336.25,12.75,25.5,0.53447
480,187.5,384.75,15.5,30.75,0.53409
480,133.75,395,13,25.75,0.53408
480,548.25,328.25,13,25.75,0.53347
480,340.5,368.5,15.25,30.75,0.53318
480,381.75,162.25,24.5,49,0.53268
480,295.5,84.5,13.5,27.25,0.53258
480,374.75,23,14.25,28.25,0.53224
480,228,42.75,12.75,25.75,0.53203
480,389,442.25,14.75,29.5,0.53175
480,135.5,75.75,23.75,47.5,0.53167
480,252.5,12.25,14,27.75,0.53156
480,243.25,56.25,14.25,28,0.53098
480,185.5,313,22.25,44.5,0.53095
480,182.5,344.5,14.5,29.25,0.53094
480,363,302.5,20,40,0.5306
480,412.25,142,39.75,79.25,0.53055
480,283.75,156.5,12.75,25.5,0.5305
480,568,395.75,12,24,0.53029
480,213.5,50.75,14.5,29.5,0.53028
480,51.5,420,16.25,32.5,0.53018
480,98.75,367.75,13.25,26.25,0.53013
480,123,386.75,14.75,29.5,0.53007
510,248.25,38.25,13,26,0.55725
510,359.75,320.75,11.75,23.5,0.5552
510,493.75,429.75,13.5,27,0.55207
510,260.75,345.75,15,30,0.54914
510,93.25,20.75,12,23.75,0.546
510,372.75,426.75,14.25,28.75,0.5456
510,371.5,286.75,13.25,26.25,0.54443
510,380,343.75,14.5,29.25,0.54424
510,285.5,360.5,13.75,27.5,0.54415
510,21.25,317.75,13.5,27,0.54405
510,124.5,401.25,15.25,30,0.54339
510,347.5,409.5,16.25,32.5,0.5421
510,223,59.5,15.75,31.75,0.54207
510,381,433.75,15,30,0.54177
510,221,405.5,15,29.5,0.54171
510,-2,130.25,27.25,54.75,0.54165
510,152,399,11.75,23.75,0.54095
510,244.5,348,15,29.75,0.54051
510,366,11.75,12.25,24.75,0.54012
510,212.75,411.5,15.5,30.75,0.539
510,27.5,216,12.75,25.5,0.53892
510,178,406.75,16.75,33.25,0.53856
510,389,434.5,15,29.5,0.53837
510,437.75,200.75,12,24,0.5381
510,264.25,35.5,14.25,28.75,0.53777
510,397,160.75,11.75,23.75,0.53677
510,220.25,383.25,16.5,33.25,0.53614
510,22,412.75,14.25,28.75,0.5359
510,132.75,437.75,12.5,25.25,0.53571
510,295.25,423,12.75,25.75,0.53544
510,453,413.25,14.25,28.75,0.53511
510,366.25,43.25,13.25,26.75,0.53466
510,139.75,403.25,13,25.5,0.53455
510,311.25,402.5,12.25,24.75,0.53374
510,131.75,409.5,15.75,31.75,0.53312
510,309,93.75,13.5,27,0.53289
510,355.75,340.5,15.25,30.5,0.53262
510,311.25,414.25,12.75,25.25,0.53232
510,37.25,138.25,45,90,0.53224
510,372.5,331.25,13,26,0.53214
510,36.5,214.75,12.25,24.5,0.53174
510,28,317,12.5,24.75,0.53172
510,199.5,275.5,14.5,28.5,0.53161
510,508.5,431.75,12,24,0.53157
510,372.75,339.75,13,25.75,0.53144
510,59.25,141.5,44.5,88.75,0.53131
510,116.75,433,16,32.25,0.53128
510,147.75,346.75,12.75,25.5,0.53128
510,268.75,366.5,14.5,29.25,0.53093
510,396.75,188.5,15.5,30.75,0.53077
510,332.75,45,11.5,23,0.53075
510,391.5,153,31.5,63,0.53072
510,128.25,360.25,13,26,0.53069
510,395.25,184.25,13.75,27.5,0.53068
510,357,371.5,14,27.75,0.53064
510,526,299.5,13.75,27.25,0.53063
510,44.25,330.5,14.75,29.5,0.53061
510,177,170,11.75,23.5,0.53033
540,262.75,163.5,12,24.25,0.56332
540,367.5,262.25,12.75,25.75,0.55684
540,549.75,386.75,12.75,25.25,0.55619
540,466.5,400.5,12,23.75,0.55153
540,409.25,156.75,31,61.75,0.54919
540,436.25,406.25,13.5,26.75,0.54701
540,422.75,411.75,13.5,27,0.54249
540,205,177.5,55.75,111.75,0.54209
540,392.25,408,12.25,24.25,0.54009
540,499.5,65.5,16.5,33,0.53936
540,341.25,302,13,26.25,0.53877
540,394.25,160,31,62,0.53877
540,450.75,193.5,12.25,24.75,0.53817
540,419.75,195,13.25,26.5,0.53802
540,76.5,28.75,11.75,23.5,0.5377
540,356,338.25,16.5,33.25,0.53744
540,462.75,199.75,14,28,0.53714
540,411.75,412.75,17,34.25,0.53713
540,288.75,194.25,15.25,30.75,0.53679
540,435.5,411.25,16.75,33.75,0.5362
540,625.5,159.5,16.25,32.5,0.53576
540,360,61.25,12.5,25,0.53544
540,117,384.75,15.5,30.75,0.53482
540,502,445.75,12.75,25.5,0.53411
540,459.75,406.75,15,29.75,0.53362
540,40.5,312.25,12.25,24.5,0.53355
540,452.25,409.25,15.25,30.5,0.53287
540,405,416.75,14.5,29,0.53277
540,511.25,380.5,14.75,30,0.53277
540,625.25,101.25,15.25,30.5,0.53272
540,11.75,308.25,14,28,0.53237
540,346.75,269.5,18.5,36.75,0.53224
540,374.5,379,12,23.5,0.53193
540,212.25,369.5,16,32,0.53179
540,389.75,36.25,14,28,0.53141
540,236.5,319,16.75,33.5,0.5311
540,157,432.5,13.5,27,0.53097
540,184.75,413,11.5,23,0.53096
570,460.75,425.5,11.5,23.5,0.56271
570,86,39.25,13.5,26.75,0.56264
570,277,18.25,15.5,31,0.55291
570,90.75,47,12.75,25.75,0.55285
570,311.75,354.75,12,24,0.55127
570,95.25,287.25,13.75,27.75,0.55016
570,355.25,17.25,13.5,27.25,0.54956
570,109.5,201.75,16.75,33.5,0.54794
570,529,104.5,66.5,133,0.54695
570,364,438.25,13.75,27.5,0.54687
570,253.25,18.25,15.25,30.5,0.54577
570,436.5,361.25,16.5,33,0.54534
570,364,350.5,13.25,26.5,0.54445
570,451.75,362.75,12.75,25.5,0.54332
570,26,158.75,12.75,25.5,0.54331
570,396,321,15.25,30.5,0.54327
570,459.5,141,16,32.25,0.54286
570,329.25,408,20,40,0.54286
570,438.75,380.75,13.25,27,0.54259
570,473.5,193,12.5,25,0.54249
570,-4.25,143.5,34.25,68.75,0.54238
570,309,385.5,15.5,31.25,0.5418
570,323.75,386.75,15.75,31.25,0.54166
570,436.5,195.75,13.75,27.75,0.54152
570,324.75,304,16,32.25,0.53896
570,157.5,216.5,25.5,50.75,0.53883
570,0,179.75,21.75,43.5,0.53747
570,370.75,440.5,12,24,0.53745
570,543.5,181,21.5,42.75,0.5371
570,420.25,27.5,12.25,24.25,0.53646
570,202.5,34.5,14.75,29.5,0.53599
570,261.25,283.25,14.75,29.75,0.53555
570,407,144,39.75,79.5,0.53554
570,348.5,316.75,13.75,27.75,0.53534
570,467.75,36,16.75,33.5,0.53534
570,313.75,22.5,22.75,45.75,0.53519
570,270,161.75,12.75,25.25,0.53513
570,234,46.5,17,34.25,0.53496
570,208,32.25,13.25,26.75,0.53456
570,358,394,12.75,25.5,0.53432
570,277.25,427.25,14.75,29.25,0.53431
570,325.5,334.75,14.25,28.75,0.53395
570,413,25,13,26,0.53387
570,519.5,49.75,26.25,52.5,0.53362
570,381.25,34,15.25,30.5,0.53362
570,603,398.25,12.5,25,0.53333
570,190.5,170.25,13,26,0.53329
570,286,408,12.75,25.5,0.53317
570,348.25,72.75,13.5,27.25,0.53245
570,181.75,430.5,12.75,25.5,0.53209
570,246.25,371.25,13.75,27.75,0.53203
570,77.75,23.5,12.75,25.75,0.5319
570,539.25,415.75,12.75,25.5,0.53185
570,341,314.5,15.25,30.5,0.53144
570,384.5,199,18.5,36.75,0.53139
570,156.25,439.75,15.5,31,0.53119
570,437,415.75,15.75,31.5,0.53109
570,188.25,416.25,14,28,0.53101
570,246.5,385,11.75,23.5,0.53074
570,413.75,425.5,12.5,25,0.53073
570,61.25,429.25,13.5,27.25,0.53029
570,392.5,309.5,12.75,25.25,0.5301
570,333.5,51.75,12.5,25.5,0.53006
600,536,111,30.75,61.5,0.55955
600,316,427.25,12.5,25.25,0.55687
600,474.75,194.75,13,25.75,0.55454
600,492,377.25,13,25.5,0.55429
600,357.75,260,15.25,31,0.5512
600,350.5,275.5,14.5,29,0.54832
600,600.75,390,11.5,23,0.54639
600,300.75,21,13.5,27,0.54582
600,198.5,174.5,12.25,24.25,0.54493
600,196.25,367.75,12.5,25,0.54465
600,253,16.25,15.25,30,0.54302
600,500.5,150.5,18,36.5,0.54204
600,119.75,263,12.5,25,0.54099
600,380.25,357,13,25.5,0.54044
600,348,140.25,22.75,45.25,0.54004
600,268.5,34.75,14.25,28.5,0.53999
600,439.75,447.25,12.25,24.25,0.53905
600,360,44.25,12.25,24.5,0.53862
600,292.25,16.25,12.25,24.5,0.5382
600,491.75,404,13.5,26.75,0.5381
600,479.75,194,13.5,26.75,0.53807
600,278.25,39.25,13,26,0.53748
600,175.25,24.5,14.75,29.5,0.53732
600,28.75,338.5,12.25,24.5,0.5366
600,340.75,47,14.25,28.5,0.53639
600,-19.5,123,167.5,335,0.53632
600,86.25,415.75,13.25,26.75,0.53618
600,187.75,341,13,26,0.53559
600,470.25,133.25,55,110.25,0.53544
600,253.25,44.25,15,30,0.53518
600,436,197.75,14,28.25,0.53485
600,216.75,116,63,126,0.53458
600,524,39.75,35.5,70.75,0.53435
600,628,5.25,12.5,25.25,0.53432
600,6.25,113.75,15.25,30.5,0.53416
600,83.25,303.5,17,34,0.53377
600,558,425,13,26,0.53299
600,377.75,297.25,12.25,24.75,0.53239
600,247,209.5,19,38.5,0.53225
600,316.5,378.75,13.25,26.25,0.53177
600,627.75,18,13,26,0.53145
600,405.5,338.5,29,58,0.53117
600,116.75,37,21,42.25,0.53104
600,300.5,306.25,12.25,24.25,0.53066
600,365.25,400.25,14.5,29.25,0.53062
600,508.75,419.25,13.5,27,0.53045
600,364.25,297.25,12.5,24.75,0.5301
600,332.75,58.75,15.75,31.5,0.53009
600,110,418.25,15,30,0.53007
630,604.5,384.25,12.5,25.25,0.56404
630,470.5,399.5,13.75,27.5,0.55349
630,-2.75,204,22.25,44.25,0.5525
630,229,19.25,15,30.25,0.55163
630,277.75,11.5,13.25,26.5,0.54962
630,356.25,16.25,16,32,0.54953
630,430.75,201,12.75,25.5,0.54391
630,342,13.25,13,26.25,0.54348
630,531.75,428,13.25,26.5,0.54322
630,564.5,173.25,29,58,0.5428
630,375.75,308.25,13,26,0.54277
630,125.5,168.25,30.75,61.5,0.54178
630,284.5,10.75,11.75,23.75,0.54153
630,141.25,447.75,14.5,29.25,0.54113
630,317.25,385,14.25,28.5,0.54014
630,332,327.75,14.5,29.25,0.53993
630,403.75,353.5,20.5,41.25,0.53929
630,390.5,414.5,13.25,26.75,0.53854
630,392,398.75,37.25,74.5,0.5382
630,103,406,14.25,28.5,0.53798
630,307.25,296.75,11.75,23.25,0.53788
630,348,16.25,15.75,31.75,0.53785
630,475.75,204,12.75,25.5,0.53782
630,107.25,442.5,16.75,33.5,0.53691
630,332.5,13.75,16,32,0.53691
630,208.75,241,11.5,23,0.53656
630,200.5,416.75,12.25,24.75,0.53641
630,470.5,401.25,17.25,34.5,0.53599
630,200,364,15.75,31.5,0.53581
630,549.5,121,12.5,25,0.53542
630,318.25,49.75,12.25,24.75,0.53527
630,292.5,154.25,14,28,0.53509
630,184.75,61,11.5,23,0.53486
630,260.25,448.5,13,25.75,0.5344
630,325.5,375.5,13.25,26.75,0.53419
630,316,314.75,16.75,34,0.53404
630,302.25,338,13.5,27,0.53393
630,116,31.75,16,32.25,0.5332
630,163,217.5,23.75,47.25,0.53316
630,332.5,416.75,12,23.75,0.53289
630,415,392,14.25,28.25,0.53287
630,497.5,399.25,17.5,35.25,0.53279
630,293.75,389,13.5,26.5,0.53278
630,588.25,373.75,15,30,0.53275
630,364.25,13,12.75,25.25,0.5325
630,222.25,327.25,11.75,23.75,0.5324
630,285,62,14,28,0.53234
630,424.5,104.5,12.5,25,0.5319
630,372.25,10.25,12,24,0.53189
630,60.5,343,12,24.25,0.53187
630,309,390.5,12.5,25,0.53168
630,103.75,381,12.5,25.25,0.53159
630,477.5,405.75,16,32.5,0.53151
630,381.25,420.5,20.5,41.25,0.53148
630,460.75,393.25,12.5,25,0.53103
630,441.5,171.75,26.5,53,0.531
630,210.25,274,14.5,28.75,0.53093
630,388.5,144,33.75,67.5,0.5309
630,405,153.5,29.5,59.25,0.53069
630,126,396.5,15.25,30.75,0.53007
660,382,378.25,13.25,27,0.56317
660,351.75,316.75,16,31.75,0.55733
660,380,399,13.25,26.5,0.55335
660,234,408.75,13.5,27,0.55005
660,343.5,44.25,13.5,27,0.54794
660,404.25,398.75,14.5,28.5,0.54738
660,269.25,357,13.25,26.5,0.54704
660,397.25,311.5,13,26,0.54696
660,251.75,394.5,13.25,26.75,0.54621
660,355.5,406.75,13,26.25,0.54566
660,412,394.75,14.25,28.75,0.54465
660,149.5,183.5,13.25,26.75,0.54441
660,247.25,410.5,13,26,0.54344
660,334.25,162.75,11.75,23.75,0.54321
660,555.25,175.75,15.5,30.75,0.543
660,236.25,14,12.75,25.5,0.54244
660,387,434.5,15,30,0.54231
660,412.25,406.25,14,28,0.54167
660,561.5,390.5,15.25,30,0.54093
660,93,418.5,14,28.5,0.54035
660,12.75,333.5,13.25,26.25,0.53924
660,30,398.25,12,24.25,0.53885
660,389.25,395.75,14,28,0.53882
660,578.25,391.75,12.25,24.25,0.53864
660,220.25,335.5,14.25,28.25,0.53863
660,320.75,418.25,12.75,25.25,0.53862
660,98.5,15,17.25,34.75,0.53852
660,619.75,382.25,12.75,25,0.53804
660,160.5,219.5,19.5,39.25,0.53792
660,254.75,14.5,13.5,27,0.53775
660,590.25,177,25.75,51.5,0.53763
660,55.25,35.75,25.25,50.5,0.53662
660,397,382.5,14,27.75,0.53579
660,13.5,292.25,13,25.75,0.53547
660,53,395.5,14.75,29.5,0.53468
660,42.25,137.5,17,34,0.53423
660,464.75,368.25,12,24,0.53364
660,66,203.25,18.75,37.5,0.53334
660,314.75,413.75,30.5,60.75,0.53327
660,260.5,394.5,13.25,26.75,0.53298
660,8.5,152,47.25,94,0.53228
660,411.5,348,16.75,33.75,0.53215
660,567.25,367,12.25,24,0.53213
660,438.75,452.5,13.25,26.5,0.53199
660,317.5,78.5,13,26,0.53173
660,147.5,10,13.25,26.75,0.5315
660,352,444.75,11.75,23.5,0.53138
660,307.5,348.25,12.5,25.25,0.53098
660,322.75,136.25,23,45.75,0.53093
660,448.25,444.5,12,24,0.53078
660,53.75,21.75,27.5,55,0.53047
690,220,16,13.25,26.5,0.5683
690,466.25,205.75,13,26.25,0.56203
690,516,442.25,15.25,30.75,0.55477
690,460.75,359,14,28,0.55323
690,364.75,399.5,15.75,31.75,0.55211
690,343.75,400,12.75,25.5,0.55042
690,248,35,12.75,25.5,0.54518
690,387.75,418.75,15.75,31.75,0.54269
690,324.75,171,36,71.75,0.53948
690,355.5,341.25,13,26.25,0.53863
690,22.75,320,15.75,31.75,0.53857
690,516.75,276,14,28,0.53813
690,310.5,27.5,13.5,27.25,0.53783
690,232.25,24.75,12.25,24.5,0.53732
690,143.5,181.5,13.25,26.25,0.53731
690,610.5,72,14.5,28.75,0.53723
690,227,446.5,14.25,28.5,0.53721
690,305.5,420.25,12.75,25.5,0.53662
690,236.25,408.5,11.75,23.75,0.5365
690,551.5,385.75,12.75,25.5,0.53635
690,422.75,293,11.75,23.5,0.53613
690,15.5,131.5,18.75,37.25,0.53578
690,342.25,421,12.5,25.25,0.53574
690,47.25,350.25,13,25.75,0.53493
690,508.75,446,14.5,29.5,0.53482
690,50.5,312.75,12.25,24.5,0.53481
690,234.75,17,16.25,32.75,0.53453
690,294.5,91.75,13.5,27,0.5345
690,285.5,426.5,13.5,27,0.5345
690,80.25,30.75,12.25,24.5,0.53424
690,220.25,388.5,12.5,25.25,0.53422
690,37.25,331.75,14,27.5,0.53383
690,349.75,401.75,14.75,29.5,0.53343
690,515.25,429.25,12,24.5,0.53336
690,340,409,14.5,29,0.53335
690,523.75,429.75,16,32.25,0.53334
690,341,371.25,33.5,67,0.5331
690,406.25,185.75,12,24.25,0.53275
690,267.5,450.5,13,26,0.53229
690,382.75,144.75,35.75,71.5,0.53197
690,67.5,387.5,13.5,27,0.53108
690,117,453.75,12.75,25.25,0.53065
690,388.75,362,15.5,30.75,0.53045
690,288,315,13,25.75,0.53043
690,580.5,259,12,24,0.53041
690,419.5,432.5,12.25,24.75,0.53033
690,625.25,82.5,15,29.75,0.53031
690,426.75,237,11.5,23,0.5303
720,358.75,303.25,13.75,27.5,0.58134
720,319.75,301,12.75,25.75,0.55015
720,332.5,416.75,15.25,30.5,0.54828
720,212,367.5,12.75,25.5,0.54551
720,388.25,35,14,28,0.5444
720,285,294.5,13.5,27.25,0.54418
720,460.25,419.75,13.5,27.5,0.54371
720,276.5,305.25,16.25,32.25,0.54343
720,487.25,414,13.25,26.5,0.5434
720,38.75,321.25,15.25,30.5,0.54254
720,197,433.5,14.75,29.5,0.5422
720,93.75,164,33.75,67.75,0.54156
720,436.25,375.75,12.75,25.5,0.54095
720,251.5,395.75,14.75,29.5,0.54048
720,243.75,398.25,14,28,0.54033
720,195.75,388.25,41.25,82.5,0.53943
720,402,377.25,12.75,25.75,0.5394
720,91.25,407,13.25,26.5,0.53914
720,231.75,16,12.5,25,0.53826
720,146,190.75,17.5,35.5,0.53703
720,365,445.75,16.25,32.5,0.53675
720,96.5,408.5,13.25,26.25,0.53623
720,344.75,157,11.5,23,0.53603
720,82.75,404.75,12.5,25,0.53535
720,158,431.5,12.25,24.5,0.53531
720,29,17,13.25,26.25,0.53504
720,420.75,442.75,15.25,30.25,0.535
720,463.75,326,13,25.5,0.53426
720,399.5,174.5,21.25,42.5,0.53409
720,248.25,207.5,14.25,28.5,0.53396
720,347.5,432.5,16.75,33.5,0.53356
720,370.25,28.5,12,24.25,0.53313
720,314,200.5,18.25,36.5,0.5331
720,188.25,342,16.25,32.25,0.533
720,420.75,415.25,16.5,32.75,0.53256
720,375.25,419,13.5,27.25,0.53236
720,188,450,13.75,27.25,0.53225
720,174.25,447.75,12.5,25,0.53188
720,-5.25,115.5,43.75,87.75,0.53159
720,296.75,28.5,12.25,24.5,0.53156
720,360.25,407.75,12.25,25,0.53152
720,534.25,296.75,15.25,30.25,0.53151
720,196.75,47,11.5,23,0.53139
720,454.5,90,73.5,146.75,0.53103
720,310.75,303.75,12.75,25.75,0.5308
720,491,432.5,17.75,35.5,0.53064
720,454.5,408.75,11.75,23.5,0.53038
720,570.25,378.25,14.5,28.75,0.53031
750,445.5,443,14.5,29,0.55896
750,476.5,434.5,14.75,29.5,0.55813
750,514.5,448.25,13,26,0.54819
750,227.25,452.5,12.5,25,0.54647
750,320.25,433.75,12.25,24.5,0.54631
750,307.5,390.75,13.5,27,0.54586
750,139.25,416.5,18,35.75,0.54535
750,108,447,15.5,30.75,0.54466
750,125.25,444.75,14.5,28.75,0.54346
750,210.5,380.75,36.25,72,0.54297
750,27.75,311.75,13.25,26.5,0.54114
750,144,364.25,12.25,24.5,0.54111
750,607.5,355,14.75,29.5,0.54086
750,438.5,445.25,13.25,26.5,0.5407
750,36.25,28.75,12,24,0.54051
750,395.25,389.25,13.25,26.75,0.54015
750,470.75,160.75,24,48,0.54004
750,31.25,309.5,13.5,27.25,0.54003
750,582,367.5,13,26,0.53836
750,246.5,374.5,15.5,31.25,0.53835
750,172.25,445.25,16.25,32.5,0.53811
750,300.75,335.25,12.25,24.75,0.53785
750,243.25,402.25,16.75,33.25,0.53773
750,6.5,291.75,12.75,25.25,0.53767
750,307,424.75,12.5,25,0.53755
750,421.5,448,14.75,29.5,0.53741
750,325,432.5,12.5,25.25,0.53729
750,132.5,428.25,13,26.5,0.53721
750,524,446.75,12.75,25.5,0.53721
750,487.75,391,12.5,24.75,0.53703
750,79,160.5,35.75,71.5,0.53657
750,391,288,12.5,25.25,0.53623
750,458.5,410.5,12.25,24.25,0.53603
750,215.75,408.75,22,44,0.53568
750,508.5,451.25,12.25,24.5,0.5356
750,382.25,139.25,19.5,38.75,0.53547
750,407.25,391.25,13,26,0.53525
750,536,445.25,12.5,25.25,0.53517
750,335.75,281.25,13.75,27.5,0.53504
750,357.25,407,13,25.75,0.53491
750,560,123.5,12.25,24.75,0.53465
750,408.75,172.75,17.25,34.75,0.53455
750,492.25,393.75,15.75,31.25,0.53439
750,493.75,442.25,13.25,26,0.53435
750,555,301,12,23.75,0.53385
750,450,425.25,19.25,38.5,0.53382
750,378.75,452.75,11.75,23.5,0.53319
750,509.25,398.75,13.75,28,0.53223
750,185.25,393.25,13,25.75,0.53205
750,345.5,161.25,32,64,0.53136
750,522.5,202.5,18.75,37.25,0.53117
750,291,15,14.5,29.5,0.53067
750,470.5,418.75,14.5,28.75,0.53056
750,284,395.25,13.5,26.75,0.53028
750,524.25,430.75,17.75,35.75,0.53024
780,418,9.25,12.5,25,0.55449
780,124.75,158.25,33,66.25,0.55398
780,93.5,295.75,13,26.5,0.54586
780,254,204,13.25,26.75,0.54578
780,29,308.75,14.25,28,0.54399
780,58.25,9.25,11.75,23.75,0.54301
780,208,349.25,13.5,27,0.54274
780,299.25,438.25,16.5,33.25,0.54204
780,396.25,416.75,12.5,24.5,0.5415
780,77.5,10.75,13.25,26.5,0.5408
780,300.5,12.75,12.5,25.25,0.54014
780,542.75,434.25,13.25,26.5,0.54005
780,131.75,181.75,20.25,41,0.53855
780,239,32.5,13.25,26.75,0.53822
780,118.5,157,14.5,29.5,0.53805
780,50.5,10.75,18,35.5,0.53661
780,197.25,210,16.75,33,0.53629
780,329,198,13,25.75,0.53618
780,356.5,347.75,15.5,30.75,0.53553
780,68.75,156.5,38.25,76.5,0.53536
780,248.5,364.5,12,23.75,0.53469
780,89.25,184.5,22.5,45,0.53467
780,212.5,41,12.5,25,0.53423
780,300,358.5,13.5,27.25,0.53416
780,537,63.75,82.5,165,0.53403
780,292.5,369.5,16.25,32.5,0.5339
780,448,63.5,12.5,24.75,0.53316
780,316.25,294,13.25,26.75,0.53293
780,104.75,190.25,14.25,28,0.53282
780,412.5,288.75,13,26,0.53277
780,35.25,13.75,17.75,35.75,0.53274
780,328.25,65,11.75,23.75,0.53186
780,277.5,382.75,13.75,27.25,0.53141
780,468.5,30.25,35.75,71.75,0.53083
780,93.25,99.25,13.75,27.5,0.53061
780,252.25,47.25,13,26.25,0.5304
780,259.25,206.75,39.25,78.25,0.53016
810,252,431.25,17,34.25,0.56725
810,333.25,419.5,14.75,29.5,0.55269
810,308.75,321,13.75,27.75,0.55238
810,469.25,443.5,13.75,27.75,0.55123
810,260.5,447.5,14.25,28.25,0.55024
810,435.5,354.25,12,24,0.54909
810,299.75,403,16.25,32.75,0.5468
810,232,24.75,12,24,0.54484
810,364.25,325,12.25,24.75,0.54322
810,296.75,405,11.5,23,0.54289
810,298,296,12.75,25.5,0.54275
810,197.25,338.75,13.5,26.75,0.54229
810,203.75,203.75,17,34,0.54176
810,220.25,432.75,15,30,0.54165
810,87,420.5,15.5,31,0.54134
810,52.5,147.5,42.75,85.5,0.54114
810,204,420,15.75,31.5,0.53983
810,316.5,370,15.5,30.75,0.5398
810,389.25,419.25,14.5,29,0.53941
810,280.5,9.25,11.75,23.5,0.53894
810,376,371.75,12.5,25,0.5388
810,180.5,10.5,11.75,23.5,0.53863
810,340,311.75,17.25,34.5,0.53861
810,275.5,419.75,14,28,0.53859
810,190.25,452.75,13,26.25,0.53836
810,184,27.25,12.5,25,0.53778
810,101,189.25,18.25,36.5,0.53734
810,412.5,423,13.25,26.5,0.53704
810,43.5,20.25,13.25,26,0.53658
810,332.25,369.75,15.25,30,0.53547
810,514.25,129,62.5,125,0.53519
810,196,396,12.5,24.75,0.53506
810,502.25,450,12.75,26,0.53499
810,104.25,36.75,11.75,23.5,0.53477
810,231.25,447.75,13.75,27.5,0.53476
810,52,157.5,23.5,47.25,0.53429
810,213,442.25,14.75,29.25,0.53424
810,72.25,432.25,23.25,46.75,0.53411
810,207,329,11.75,23.5,0.53401
810,155.25,429.5,17.75,35.5,0.53375
810,198.25,448.5,12.25,24.5,0.53318
810,119.75,161,32.25,64.5,0.53285
810,36.5,447.75,15.75,31.25,0.53247
810,132.5,28.75,11.75,23.5,0.53237
810,115.75,23,12.5,25,0.53225
810,148,13.75,13,26,0.53217
810,495.75,90,52.5,105.25,0.53201
810,470.25,421.75,13.25,26.5,0.53151
810,586.5,170.75,15.5,31.25,0.53109
810,220.25,408.25,13.25,26.75,0.53095
810,447.75,341.25,13,26,0.53041
810,373.5,116.25,21,41.75,0.53036
840,314.75,14.5,16,32.25,0.56002
840,28.25,6.5,12,24.25,0.5562
840,300,13.5,13.75,27.75,0.55557
840,550.25,184,37,74,0.55249
840,44.25,143.75,44.5,89,0.54664
840,317,10.75,13.75,27.25,0.54623
840,510.25,140.25,27.5,55,0.545
840,382.5,443,14.25,28.5,0.54381
840,286.5,342,12,23.75,0.54186
840,176,11.75,19.25,38.25,0.54159
840,276.25,142.25,12.5,25,0.54149
840,627,185,14,28.25,0.54067
840,270.25,6.75,13,25.75,0.54045
840,547,52.5,90.75,181.5,0.53958
840,496,140.75,27,54,0.53914
840,92.25,187,19.75,39.75,0.53892
840,197.5,12.25,15,30.25,0.5388
840,411.25,442,16,31.75,0.53868
840,454.75,447.75,15,30.25,0.53795
840,506.5,78.25,29.25,58.25,0.53755
840,385.75,172.5,28.5,56.75,0.53712
840,372.75,425,13,26,0.53701
840,412.25,185.5,37.5,75,0.53624
840,309.25,338.5,15,30,0.53563
840,204.5,9,12,24.5,0.53475
840,416.75,422,13,26.25,0.53469
840,250.75,355.5,14,28.25,0.53462
840,186.75,317.5,18,36,0.53452
840,374.5,334.25,12,23.75,0.5343
840,164,384.75,12.5,25.25,0.53332
840,138.75,52.5,14,27.75,0.53304
840,344.75,1,12,24,0.53253
840,476.5,262.5,12.5,25,0.5324
840,114,196,14,28,0.53222
840,496.25,448.25,13.25,26.25,0.53169
840,269,48.25,13,26,0.53167
840,332.25,58.5,47.25,94.75,0.53163
840,182,329,12.5,25,0.53158
840,589.25,107.75,13.5,27,0.53148
840,325.25,439.25,14,28.25,0.53109
840,358,356.75,34.25,69,0.53107
840,389,403.5,13,26,0.53044
840,419.75,442,15.25,30.5,0.53016
870,343.75,439.5,12.75,25.5,0.56726
870,292.25,384.75,12.75,25.25,0.56324
870,40.5,1.5,12,24,0.55081
870,430.25,15,13,25.75,0.55016
870,384.25,167.25,31.5,63.25,0.54667
870,420.75,448.75,11.75,23.5,0.54653
870,378.75,138.5,45,90,0.54078
870,116.25,3.5,14.75,29,0.54054
870,133.75,44.75,14.5,29.25,0.54025
870,14.25,47.25,13.5,27,0.53975
870,307.5,31,17.75,35.25,0.53933
870,101.25,281.75,17.25,34.25,0.53851
870,108.75,196,13.5,26.75,0.5358
870,284.25,344.5,12.75,25.25,0.53579
870,52.5,15.5,13,25.75,0.53537
870,130.5,4.75,12.25,24.25,0.53516
870,514.25,231,13.75,27.25,0.53502
870,269,384,14.5,29.5,0.53474
870,426.25,136.5,29.75,59.5,0.53443
870,276.75,64.25,15,30,0.53442
870,510.75,439,12.75,25.75,0.5342
870,285,381,14,28.25,0.53405
870,397.5,448,13,26,0.53295
870,150,6.75,13.5,27,0.53279
870,348.5,390.5,13.75,27.25,0.53242
870,28,30.25,17.5,34.75,0.53235
870,420.5,7.25,17,34,0.53228
870,287.5,344.25,13,25.75,0.53214
870,70.25,43,11.75,23.75,0.53103
870,99.75,191.5,13.75,27.75,0.53078
870,464,402.5,25,50.5,0.5307
870,108.75,154.5,31.25,62.25,0.53041
870,150.5,124.75,12,24,0.53024
870,300.5,451.5,13.25,26,0.53002
900,596.25,103.75,13.25,26.75,0.55361
900,300.5,28,12.25,24.75,0.55253
900,564.75,303.75,19.5,39,0.55037
900,197.5,27.75,12.75,25.75,0.54662
900,338.75,116.75,14.75,29.5,0.54613
900,399.25,453,13,26,0.54454
900,276.5,67.75,16,32.25,0.54147
900,111.25,159.75,23.25,46.25,0.54092
900,199.5,423.5,13,25.75,0.53965
900,142.75,45,11.5,23,0.53913
900,276.25,44.25,14.5,29.5,0.5391
900,542.25,69,12.5,25,0.53856
900,141.5,10.25,18.75,37.5,0.53631
900,180.75,389.25,14,28,0.53547
900,440.75,135.75,12.5,24.75,0.53444
900,267.75,139.25,12.5,25,0.53299
900,253,36.25,14.75,29.5,0.53232
900,269.25,61.75,12.75,25.75,0.53199
900,221.5,181.25,24,47.75,0.5317
900,63.25,309,11.5,23,0.53098
900,264.25,380.5,12.5,24.75,0.53082
900,28.25,150.25,12.5,25,0.53075
900,203.75,424.5,12.5,25,0.53062
900,332.75,437.5,14.25,28.5,0.53056
900,334,356,13.5,26.75,0.5305
900,452.25,80.75,15,30.5,0.53024
930,426,8.5,13,25.75,0.55322
930,400,195,63,126.25,0.5527
930,203.75,187.25,29,58,0.55228
930,264.25,22.25,13.25,26.25,0.54502
930,595.25,171.75,15.75,31.75,0.54388
930,231.25,20,13,26,0.54328
930,502.25,46,95,190.5,0.54184
930,295,42,12.75,25.25,0.54085
930,93.25,201.75,13,26.5,0.54003
930,284.5,32.75,11.75,23.75,0.53877
930,493,420,19.5,39,0.53781
930,379.25,141,43.75,87.5,0.53755
930,54.75,183,23,46,0.53677
930,268.75,43.75,14.25,28.5,0.53654
930,606,276.25,12.25,24.25,0.53527
930,36,280.25,15.5,30.75,0.53505
930,283.5,49.75,13.25,26.5,0.53484
930,462.75,359.5,12.75,25.5,0.5347
930,224.5,220.75,11.75,23.5,0.53353
930,248.75,11.75,12.25,24.5,0.53331
930,35,294.5,14.25,28.25,0.53306
930,264.75,138.25,12.5,25,0.53293
930,83.75,197.5,13.5,27.5,0.53293
930,-7.5,345.75,61,122,0.53292
930,132,433.25,15.25,30.75,0.53279
930,445.5,14.75,15.25,30.75,0.53241
930,-2.5,362.75,20.5,41,0.53224
930,179.5,433.5,12,24.25,0.53205
930,352.75,17,11.5,23,0.53191
930,277.5,46.25,14.5,29.25,0.53185
930,232,201.75,15.75,31.5,0.53135
930,263.75,413,12,24.25,0.53131
930,399.75,412,12.25,24.75,0.53116
930,200,90.25,34.5,69.5,0.5307
930,75.5,428.75,16.25,32.5,0.53047
930,514.5,187.25,12.5,24.75,0.53034
930,252.5,360.5,12,24.25,0.53021
930,300.75,8.25,11.75,23.5,0.5302
960,92.75,1,13.75,27.5,0.56218
960,260,33.25,16.25,32.5,0.5619
960,491.25,157.5,28.25,56.5,0.55186
960,285,370.5,15.5,31,0.54823
960,98,152.75,37.75,75,0.54582
960,112.5,16.5,11.75,23.5,0.54286
960,503.75,43.5,94.5,189,0.54183
960,119.25,132,59.25,118.75,0.54025
960,391.5,152.5,15.5,31.5,0.54001
960,267.75,32.25,17,33.75,0.53879
960,605,294.75,12.5,24.75,0.53827
960,219,77,22.25,44.5,0.53771
960,624.75,168.25,14.5,29.25,0.53736
960,171.5,419.25,13.75,27,0.53651
960,206.5,230.75,30.5,61,0.53613
960,421.75,162.5,14,28,0.53555
960,284.25,32.25,12.25,24.5,0.53436
960,92.25,192.75,16.25,32.25,0.53371
960,294.5,32.25,12.25,24.75,0.53271
960,325.75,394,15,30.25,0.53244
960,192.5,82.5,40.75,81.25,0.53175
960,505.75,178.25,16.75,33.75,0.5317
960,491.75,14.75,12.75,25.5,0.53162
960,148,22.5,13,26,0.53145
960,188.75,5.5,21.25,42.25,0.53088
960,264.5,138.25,12.75,25.25,0.53038
960,252.25,33.75,16.5,32.75,0.53022
960,453,135.25,19.5,38.75,0.53017
990,27.5,28.25,12.25,24.75,0.55895
990,604.25,102.5,13.75,27.25,0.55056
990,61.25,286.25,14,27.5,0.54728
990,193.75,88.75,37.25,74.5,0.54693
990,26.5,160.75,15.5,31,0.54592
990,204,9.25,12.25,24,0.54138
990,164.5,152,12,24.25,0.53854
990,142.25,48,12.5,25,0.5355
990,303,143.75,12,24,0.53528
990,509,90,14.25,28.25,0.5352
990,540.5,410.75,11.75,23.5,0.53502
990,440.5,10.75,12.5,25,0.53434
990,286,9.25,12,24.25,0.53422
990,568.25,178.75,80.25,160.25,0.5332
990,220.25,12.75,18.25,36.75,0.53313
990,156,127.75,23.25,47,0.53263
990,103,141.25,15.25,30.75,0.53218
990,314.25,428.25,21.75,43.5,0.5318
990,280.25,43.25,12.75,25.5,0.53141
990,449.5,135.75,13.5,26.75,0.53139
990,609.25,239.5,36.25,72.25,0.53125
990,329,432,19.5,38.5,0.531
990,390.75,362.75,12.25,24,0.53073
990,580,240.25,33.5,67,0.5305
990,491,153.75,29.75,59.25,0.53001
1020,496.5,275.25,12.25,24.75,0.55537
1020,538.5,264,23.75,47.75,0.55124
1020,405,448.25,14.25,28.5,0.54612
1020,268.75,49,11.5,23,0.54529
1020,28,28,12,24,0.54371
1020,603.25,102,14.5,28.75,0.54313
1020,310.25,30.25,13,26,0.54088
1020,388,449,13,26,0.54081
1020,164.25,8.75,13.5,26.5,0.535
1020,336.75,402.75,11.5,23.25,0.53488
1020,99.25,170.25,12.25,24.5,0.53455
1020,597.75,93.75,13.5,26.5,0.53438
1020,608.75,273.25,14.25,28.75,0.53428
1020,252.75,426,14.75,29.75,0.53362
1020,247.5,39,13.5,27.25,0.53278
1020,174.5,31,13.25,26.5,0.53218
1020,129.5,200.5,21.25,42.75,0.53177
1020,204.5,76.75,11.75,23.75,0.53121
1020,183.25,182.25,93,186.25,0.53116
1020,172.5,12.25,16.75,33.5,0.53115
1020,144,48.25,12.75,25.75,0.53079
1020,182.75,14,11.75,23.5,0.53073
1020,122.5,51.75,15.25,30,0.53062
1020,152.75,67,11.5,23,0.53044
1020,395.25,393,16,31.5,0.53023
1050,212.5,384.5,15.5,31,0.56393
1050,149.75,411.25,12.75,25.5,0.55981
1050,361,288.25,37.75,75.75,0.55836
1050,259.5,415.75,16.25,32.75,0.55035
1050,347.75,393.25,15.5,30.75,0.54914
1050,21.5,142,48.5,96.75,0.54896
1050,213.5,13.75,13.5,26.75,0.54721
1050,286.25,369,12,24.25,0.54636
1050,277,75.25,15.25,30.5,0.54595
1050,292,378.25,13,26.25,0.54382
1050,389.75,388.5,13.5,26.75,0.54336
1050,340.75,380,15,30,0.54306
1050,156.5,310.5,11.75,23.5,0.54241
1050,108.25,329.25,14,28,0.54213
1050,599.5,176,43.5,87.5,0.54193
1050,493.5,292.25,13.75,27.25,0.54175
1050,301.25,290.25,35.75,71.75,0.54087
1050,517,451.25,12.5,25,0.54056
1050,86,3.25,13.75,27.25,0.53943
1050,220.5,371.5,14,28,0.53823
1050,618.25,99.25,12,23.75,0.53782
1050,362.5,147.5,35.25,70.5,0.53758
1050,284.75,68,12.75,25.5,0.53737
1050,532.75,286,13.75,27.25,0.53698
1050,101,260,24,48,0.53578
1050,434.5,350.5,18.5,36.75,0.53517
1050,364.5,385.5,14.75,29.5,0.53474
1050,286.5,412.25,14.5,29.5,0.53411
1050,511,15.75,12,24,0.5341
1050,357.5,400,13,25.75,0.53403
1050,29,245.5,13.5,27,0.534
1050,460.75,65,11.5,23,0.53379
1050,405.5,278,13.5,27,0.53366
1050,411.5,172.5,23.75,47.5,0.53361
1050,404.5,192,16.25,32.5,0.53266
1050,469.25,80.25,14,27.75,0.53257
1050,220.75,25.75,15.25,30.5,0.53192
1050,99,387.25,11.75,23.5,0.53169
1050,-5,152.25,43,86,0.53163
1050,582.25,311.75,12.5,25.25,0.53102
1050,460.25,79,15,29.75,0.5309
1050,258.25,328,19.75,40,0.53088
1050,60.25,240,12.25,24.75,0.53058
1050,484,18.75,13.25,27,0.5304
1050,581.75,432.75,16,32,0.5303
1050,345.5,293.75,34.25,68.5,0.53025
1050,325,385.5,15.5,30.75,0.53009
1080,280.75,24,12.25,24.5,0.55731
1080,14.75,140.25,48.75,97.25,0.55528
1080,612.5,187.5,31.25,62.75,0.54972
1080,100.25,8.25,12.5,25,0.54526
1080,140.5,55.75,12.75,25.5,0.54436
1080,130.75,45,12,24.25,0.54236
1080,292.75,291,43.25,86.5,0.54225
1080,280.5,152.25,13.25,26.75,0.53815
1080,342,405,13.25,26.25,0.53784
1080,304.75,164.5,28.5,57.25,0.53739
1080,120.5,8,12,23.75,0.53712
1080,601.25,52,40.25,80.75,0.53596
1080,368,203.5,14.5,28.75,0.53451
1080,234.25,27.5,12.25,24.25,0.53428
1080,554.75,192,29,58,0.53362
1080,284.75,429,11.5,23,0.53312
1080,70,40.25,12.5,25,0.5329
1080,69,75,14.75,29.5,0.53289
1080,613.5,207.75,28.5,57,0.5325
1080,71,188.75,21.5,43,0.53175
1080,586.5,120,13.25,26.75,0.53163
1080,-4.5,164,37.5,75.25,0.53157
1080,245.5,336,23.5,47,0.53066
1080,124,8,16.25,32.25,0.53055
1080,360.5,153,24,48.25,0.53041
1110,85.5,4.25,14,27.75,0.54677
1110,230.25,356,31,62,0.54422
1110,76,183,23.5,46.75,0.54077
1110,118.25,4,12.5,25,0.53813
1110,191.75,88.5,38.75,78,0.53737
1110,311.75,11,12.25,24.5,0.53732
1110,60.5,100.75,12,24,0.53722
1110,92.5,199.75,13.75,28,0.53711
1110,447.5,201.25,13.25,26.75,0.53672
1110,389.75,387.75,14.75,29.25,0.53584
1110,59.75,189.5,17.5,35.25,0.5356
1110,460.5,401.75,12.75,25.5,0.53508
1110,619.75,99.5,20.75,41.5,0.53394
1110,11.25,160,21.5,43,0.53384
1110,198.25,200,12.25,25,0.53366
1110,579,114.5,24,48,0.53358
1110,313,201.5,13.25,26.5,0.53337
1110,522,437.75,19.25,38.75,0.53235
1110,431,205.5,12.25,25,0.53139
1110,279.25,155.25,41,82,0.53104
1110,619.5,76.25,21,42.25,0.53102
1110,516.25,101.5,12,24,0.5308
1110,357.75,151.5,36.25,72.25,0.53077
1110,280.25,23.5,12.25,24.5,0.53068
1140,212,376.25,37.5,75.25,0.54382
1140,135,16.5,12.5,25.5,0.53997
1140,520.75,430.5,24,48,0.53913
1140,75.5,193.5,19.25,38.5,0.53782
1140,151.25,18.25,14.5,29,0.53635
1140,232.75,201.75,68.75,137.75,0.53626
1140,70.75,312.25,11.75,23.75,0.53605
1140,587.25,374,18,35.5,0.53562
1140,481,156.5,12.25,24.75,0.535
1140,296,63.5,12.5,25,0.53435
1140,87.75,202.25,14,28.25,0.53351
1140,458.5,164.5,14.25,28.75,0.53347
1140,449,15.25,19.5,39.5,0.53269
1140,497.75,167.5,25.5,51.25,0.5325
1140,27,313.5,13,25.75,0.53231
1140,378.5,139.25,11.75,23.75,0.53199
1140,292.5,19.25,15.75,31.25,0.53163
1140,72.75,89,11.5,23,0.5307
1140,397.25,269.75,13,26.25,0.53029
1140,303,166.25,31,61.75,0.53002
1170,140.25,421,21.5,42.75,0.54843
1170,204,384.75,39.25,78,0.54382
1170,190.75,213.5,13.25,26.75,0.5433
1170,-2,271,16.25,32.5,0.53986
1170,123.75,415.5,20.75,41.25,0.53968
1170,131.5,46.5,17.25,34.25,0.53951
1170,349,302.75,67.25,134.5,0.53883
1170,428.5,10.25,12.5,25,0.53737
1170,183,87.5,42,84,0.53714
1170,198.5,79.5,11.75,23.5,0.53711
1170,125.75,47,13,26,0.53517
1170,71.25,166.75,12,24,0.53502
1170,261.25,49.75,14.5,29.25,0.53482
1170,164.25,28.25,12.25,24.25,0.53465
1170,274.25,74,11.75,23.5,0.5342
1170,91.25,13.25,12.5,25,0.53413
1170,20.25,300.25,14.25,28.5,0.53353
1170,433,141.75,37.25,74.25,0.53298
1170,252,380.75,47,94.25,0.53165
1170,9.75,259.25,30.5,61.25,0.5313
1170,130.5,412.75,18.75,37.5,0.53095
1170,494.25,10.75,14.25,28.75,0.53059
1200,188.25,28.25,12,24,0.56916
1200,297.25,19.5,14.25,28.75,0.5547
1200,122.5,28.25,14.75,29.25,0.54739
1200,460,63.25,12.25,24.75,0.54536
1200,251.25,379.75,47,94,0.54193
1200,103,9.75,13.5,26.75,0.54183
1200,282.75,83,14,27.75,0.54128
1200,145,389.75,43.5,87,0.54059
1200,203.75,387.25,39.25,78.25,0.53946
1200,325.25,11.5,14.5,29.5,0.53842
1200,566.75,283.5,15.5,31,0.53772
1200,407.5,388.5,41,81.75,0.53632
1200,282.75,210.75,23.5,47,0.53526
1200,190.5,214,12.75,25.5,0.53507
1200,547,39,90.25,180.75,0.53422
1200,489.5,441,13.5,27.25,0.53397
1200,467.25,268,17.5,35,0.53392
1200,296.5,91.5,12,24.5,0.53389
1200,248.5,28.5,12.25,24.25,0.53382
1200,141,428,19.25,38.25,0.53365
1200,462,10.75,119.5,238.75,0.53262
1200,258.5,252.75,18,36,0.53262
1200,46.5,198,21.5,43.25,0.53119
1200,140.75,10.25,20.5,40.5,0.53113
1200,297.75,62.25,13.25,26.5,0.53077
1200,457,164.5,15,30.5,0.5307
1200,244.5,15.5,12.5,24.75,0.53038
1200,507.25,407,32.5,65.5,0.53026
1230,203,385.5,41,82.25,0.5587
1230,540.5,441.5,12.75,26,0.5489
1230,483.75,304.5,13.25,26.5,0.54492
1230,452,136.75,24.25,48.75,0.54431
1230,457.5,166,15,29.75,0.54317
1230,357.25,157.5,36,72.25,0.54074
1230,281.75,209,25.25,50.25,0.53928
1230,38,84,15.75,31.5,0.53814
1230,274,151,12.75,25.75,0.53622
1230,253.25,385,45.5,91,0.53618
1230,406.5,387,41.5,82.75,0.53586
1230,180.5,18.5,14.75,29.5,0.53512
1230,607.25,301,12.25,24.75,0.5348
1230,539,35.25,104.5,208.75,0.53456
1230,292,15.75,16.25,32.5,0.53413
1230,10,395.75,18,35.5,0.53314
1230,557.25,302.5,14.75,29.75,0.53306
1230,139.25,424.25,21.75,43.5,0.53305
1230,199.25,212,66.5,133.5,0.53209
1230,276,61,16.5,32.75,0.53158
1230,627.75,202.75,12.75,25.5,0.53128
1230,468.25,62.5,87.25,174.25,0.53104
1230,594.25,217.25,13,26.25,0.53103
1230,579.5,238.5,11.75,23.5,0.53103
1230,414.5,175.75,11.75,23.5,0.53002
1260,214.25,22.25,12.75,26,0.55307
1260,75,199.75,14.25,28.5,0.55047
1260,202.75,386.5,40.5,80.5,0.55035
1260,437.25,7,15.5,30.75,0.54766
1260,273.5,150.75,13.25,26.25,0.54397
1260,253.5,7,14,27.75,0.53901
1260,455.75,94.75,12.5,25.25,0.53814
1260,356,159.25,35,69.75,0.53784
1260,5.25,141,51,101.75,0.53766
1260,513,250,12,24,0.53659
1260,69.25,158.75,30.75,62,0.53646
1260,253.5,386,45,90,0.53615
1260,205,25.5,21.75,43.5,0.53614
1260,125,395,38,76,0.53393
1260,620.75,391,11.5,23,0.5338
1260,530.75,24.25,120.75,241.5,0.53369
1260,440.75,49,11.5,23,0.53341
1260,120.75,420,23,46,0.53338
1260,277.5,70.25,13.75,27.5,0.53307
1260,149,420.25,12.5,25,0.53301
1260,391.75,383.5,44.25,88.5,0.53288
1260,452.75,27,13.75,27.25,0.53277
1260,218,191.5,40.5,81.25,0.53275
1260,405.25,385.5,42.25,84.75,0.53225
1260,304.25,153.5,89.25,178,0.53141
1260,114,188.5,16.75,33.5,0.53132
1260,64.25,319.25,12,24,0.5307
1260,45.75,192.25,13,26,0.53067
1260,596,285.5,15,30,0.53044
1260,282.25,209,24.5,49,0.53023
1290,203.25,386.5,40.5,80.75,0.54365
1290,2.25,137.5,53.75,107.75,0.54361
1290,153,13,27.25,54.5,0.54358
1290,236.5,13,13.5,27.25,0.54266
1290,405.75,386.25,41.75,83.25,0.54237
1290,87.5,2,15.25,30.5,0.54039
1290,118.75,17.5,15.5,31,0.5401
1290,539.75,29.25,105.75,211.5,0.53731
1290,281.5,27,26.75,53.5,0.53663
1290,71.5,185.25,22,44.25,0.536
1290,626.75,204,13.75,27.75,0.53514
1290,156.5,216,12.25,24.25,0.535
1290,468,80.5,14.5,29,0.53488
1290,620.75,331,20,40,0.53468
1290,272.5,150.75,14.5,29,0.53465
1290,298.75,150.75,92.75,185.5,0.5341
1290,357.75,154.25,35.5,70.75,0.53396
1290,85.5,203.25,14.75,29.25,0.5334
1290,252.5,380.5,46.25,92.25,0.53329
1290,496.25,162,30,60.25,0.53249
1290,252,54.75,16.5,33,0.53241
1290,540.25,441.75,12.75,25.25,0.53072
1320,203.25,387.25,39.75,79.5,0.5567
1320,188.25,39,13,26,0.5522
1320,55,72,12.5,24.75,0.54835
1320,553,56.25,76.5,153.25,0.54625
1320,357,156.5,35,70.25,0.54504
1320,477,91.5,13.25,26.25,0.54307
1320,252.25,383.75,45.75,92,0.54123
1320,138.75,423.5,22.5,44.75,0.53884
1320,68,106.25,16.25,32.75,0.53744
1320,266.75,313.25,77.75,155.5,0.53632
1320,305.75,161,90.75,181.75,0.53606
1320,40,115,13,26,0.53349
1320,85.5,199.75,16.5,32.75,0.53282
1320,449,41,12,23.5,0.53266
1320,504.75,261,11.5,23,0.53153
1320,194.75,38.5,13.5,27,0.53139
1320,502.25,161,16.5,33,0.53091
1320,454.75,206.25,35.5,71,0.53085
1320,130,422,13.25,26.5,0.53074
1320,491.75,267.75,13.25,26.75,0.53065
1320,152,48.25,12.75,25,0.53035
1320,379,390.25,15.75,31.5,0.53034
1350,165.5,19,14.5,28.75,0.55711
1350,252.75,382.25,46,91.75,0.54868
1350,203.75,387,39.25,78.5,0.54648
1350,172.75,19.25,14.5,29.25,0.54645
1350,138.75,420,23.25,46.25,0.54026
1350,296,55.75,12.5,25.25,0.53717
1350,82.25,243.25,18.5,36.75,0.53678
1350,543.25,37.25,100.5,201,0.53617
1350,461.25,21.75,117.75,235.5,0.53583
1350,119.75,217.5,12.25,24.75,0.53436
1350,63.75,319.25,13,26,0.53402
1350,460.25,29,12,23.5,0.53381
1350,576,198.5,32.25,64.25,0.5338
1350,156.25,215.5,12.25,24.5,0.5336
1350,277.75,386.75,42.25,84.25,0.53339
1350,379,389.25,15.75,31.25,0.53315
1350,97.75,144.5,20.75,41.5,0.53283
1350,357,157.25,35,69.75,0.53261
1350,142.75,3.5,18.5,37,0.53193
1350,122,15.5,15,30,0.53144
1350,56.75,81,11.5,23,0.53137
1350,299.75,160.25,91.25,183,0.53043
1380,291.75,53.25,13.75,27.5,0.55044
1380,203.75,389.5,39,78,0.55019
1380,224.25,16.5,14.5,29,0.54643
1380,118,13.25,17.75,35.25,0.54424
1380,108.25,145.75,12,23.75,0.54285
1380,213.75,8,13,25.5,0.54039
1380,252,8.5,12.25,24.25,0.53965
1380,144,13.75,14,27.75,0.53896
1380,131.25,15,16.75,33.75,0.53876
1380,558.25,353,13.5,27,0.53819
1380,99,139.75,16.25,32,0.53681
1380,533,27,118,235.75,0.53655
1380,400.25,124.25,15.5,31.5,0.53616
1380,429,9.5,12.75,25.5,0.53588
1380,495.25,160,31,62.5,0.5353
1380,378,142.5,12,24.25,0.5337
1380,275.75,46.5,13.25,26.25,0.53337
1380,479.25,159,12.75,26,0.53302
1380,253,384,46,92,0.53296
1380,281,209,25.75,51.25,0.53276
1380,307.25,161.75,88.25,176.75,0.53242
1380,299.75,53.75,13,25.75,0.53239
1380,514.25,252,12,23.75,0.53221
1380,267,159.25,51.75,103.75,0.53219
1380,424.25,61.75,12.25,24.75,0.53133
1380,379.25,390.5,15.5,31.5,0.53081
1380,172.5,11.5,14.75,29.5,0.53063
1380,479,434,18,36,0.53036
1380,294.5,8,12.25,24.5,0.53028
1410,148.75,41.25,16,32,0.55951
1410,204,388.5,39,78.25,0.54776
1410,377,142,12.25,24.75,0.54705
1410,202.5,13.25,16.5,32.75,0.54693
1410,213,12.5,17.5,34.75,0.54648
1410,156.25,9.25,11.75,23.75,0.54616
1410,399.5,123.25,16.5,32.75,0.54479
1410,479.25,158.25,13.25,26.5,0.54437
1410,460.25,84.75,12,24.25,0.54294
1410,296.25,76.5,12.5,25,0.54219
1410,581,330.5,15,30.25,0.5414
1410,271,158.75,43.5,86.5,0.53812
1410,220,43.5,11.75,23.75,0.53807
1410,132.5,43,15,30,0.53802
1410,461,452.5,13.25,26.5,0.53758
1410,196.5,24,12.25,24.75,0.53664
1410,198.5,82.5,12.75,25.25,0.53638
1410,245.75,19.75,12.75,25.25,0.53603
1410,123.5,422,19.5,39,0.53598
1410,502.75,295.75,12,23.75,0.53554
1410,276.5,105.75,12.25,24.25,0.53539
1410,249.5,383.25,47.5,94.5,0.53483
1410,196.25,15.5,16.5,33.25,0.53422
1410,130,423.5,14,28,0.53372
1410,414.5,175.25,13.75,27.5,0.53346
1410,569,52.5,15.5,31,0.5334
1410,447.5,143,15.75,31.5,0.53328
1410,569.75,168.75,18,36,0.53288
1410,495.75,256,22.5,45,0.53242
1410,627.25,31.75,13.5,27,0.53159
1440,423.75,7.75,13,26.25,0.55524
1440,222.75,12.25,17,34,0.54387
1440,548.75,49.75,82,164,0.54131
1440,415.25,187.25,54.75,109.75,0.54093
1440,204,391.25,38.5,77,0.54092
1440,86.5,205.25,14.5,29,0.54037
1440,332.25,16.5,12.75,25.25,0.54018
1440,571.25,133.5,39.75,79.5,0.53914
1440,189.5,12.25,12.75,25.5,0.53821
1440,216.5,30.75,15.75,31.5,0.53558
1440,355.25,159,36.25,72.5,0.53521
1440,370.75,155.25,14.25,28.5,0.53486
1440,124.25,44,12.5,25,0.53477
1440,443.75,224.5,12.5,24.75,0.53458
1440,452.25,182.75,13.25,26.5,0.5344
1440,331.5,145.5,14.5,29,0.53287
1440,140,423.5,22,43.5,0.53248
1440,524.25,445.5,16.5,33,0.5323
1440,214.25,256.25,44,87.75,0.53209
1440,63.75,322,12.75,25.5,0.532
1440,626.25,30,14.25,28.5,0.53065
1440,39.25,91,13.75,27.5,0.53064
1440,280.75,208.25,26.5,53.25,0.53064
1440,232.75,13,16.5,33,0.53057
1440,308,208,13.5,27,0.53051
1440,155.5,8.5,12,24,0.53028
1440,436.25,11,14.25,28.5,0.53001
1470,605.75,339.75,14.5,29.25,0.54465
1470,242.75,29.25,16,32,0.54461
1470,-0.25,242.25,14,28,0.54451
1470,569.5,216.5,77.75,155.5,0.54265
1470,435.5,12.25,11.75,23.5,0.54139
1470,536.5,35.25,105.25,210,0.54114
1470,204.25,390.5,38.25,76.5,0.5409
1470,338.5,61.25,13.5,26.75,0.53977
1470,306.25,207.75,15,30,0.53959
1470,94.75,13,12.25,24.5,0.53944
1470,124,41,12.5,25,0.53936
1470,285,56.5,12.5,25.25,0.53925
1470,303.25,159.25,91.75,183.75,0.53506
1470,42.75,435.75,21.5,43.5,0.53451
1470,40,104.75,13.25,26.5,0.53395
1470,282,210.5,25.75,51.25,0.53363
1470,458,152,34.5,69.25,0.53346
1470,496.25,193.5,12.25,24.75,0.5332
1470,140.25,424.75,21.5,42.75,0.53303
1470,534.75,185,23.5,46.75,0.53222
1470,374.25,212.75,30.75,61.5,0.53203
1470,85.25,203.5,15.25,30.5,0.53177
1470,316,30.25,14.25,28.5,0.53166
1470,18.75,321.5,12.5,25,0.53129
1470,275.25,160.75,41.75,83.5,0.53105
1470,332,144.25,15.75,31.5,0.53032
1470,143.75,388.5,45,90,0.53012
1500,428.75,16,12.25,24.25,0.55193
1500,195,100.25,74,148,0.54934
1500,514.25,289.25,13.5,27.25,0.54501
1500,411.75,160.75,15,30.25,0.5436
1500,203.75,389.25,39.25,78.5,0.54335
1500,140.25,425.5,21.5,43.25,0.54259
1500,292.25,12.25,14.5,29,0.54154
1500,576.75,129,23,46,0.54088
1500,144.25,11.5,12.5,24.75,0.54044
1500,280.75,208.75,27,54,0.53971
1500,332,148,13.5,27,0.53891
1500,473.5,269.5,13,26,0.53861
1500,301.5,161.25,90.5,181.25,0.53713
1500,549.25,226,13.75,27.25,0.53705
1500,281.5,26.75,19,38,0.53263
1500,359.75,192,20.75,41.5,0.53237
1500,64.25,321.75,12.5,25.25,0.53234
1500,261,91.5,16,32.25,0.53103
1500,251.75,386,46,92.25,0.53075
1500,54.5,115.5,12.5,24.75,0.53027
1530,277.5,94,13.75,28,0.55751
1530,503,161.5,14.75,29.75,0.55173
1530,204.5,390.75,37.75,75.75,0.55002
1530,140,428,21.5,42.75,0.54641
1530,109.25,15,13.75,27.75,0.54536
1530,276.25,13.25,16.5,32.75,0.544
1530,251.75,386,46,92.25,0.54238
1530,261.75,25.5,14,28.25,0.54179
1530,541,182.5,20.75,41.75,0.54106
1530,349.25,7.5,12.75,25.75,0.53971
1530,397.5,274.75,13,25.75,0.53796
1530,338.5,61.25,13.5,26.75,0.53635
1530,180.5,4.25,15.5,31,0.5358
1530,316,6.5,12.75,25.75,0.53507
1530,532,22.5,120.5,241,0.53484
1530,331.5,147.5,13.75,27.5,0.53463
1530,557.75,350,15,30,0.53423
1530,318,256,12.5,25.25,0.53275
1530,479.25,161,12.75,25.5,0.53267
1530,134.25,227.25,14.25,28.5,0.5322
1530,461.25,445.75,13.5,27,0.53197
1530,385.75,386.75,43.5,87.25,0.53164
1530,302,154.75,94,188.25,0.53034
1530,53.25,387.25,14,28,0.5302
1530,356.5,161.25,35.5,71,0.53019
1560,349.5,7.25,14.25,28.5,0.56024
1560,539.75,183.5,14.5,28.75,0.55698
1560,122.5,32.5,16.75,33.25,0.55381
1560,230,12.5,12.75,25.25,0.55116
1560,219.75,14.5,16.75,33.25,0.54658
1560,496.75,163.75,29,58,0.54424
1560,518.25,187,20.25,40.25,0.5436
1560,120,418.25,25,49.75,0.54339
1560,92.75,8,12.25,25,0.54285
1560,150,13.5,13,25.5,0.54246
1560,478.75,158.75,12.75,25.75,0.54137
1560,204,390.25,38.5,76.75,0.54076
1560,69,95,13.25,26.5,0.54062
1560,397.5,274.25,12.75,25.25,0.54042
1560,141.5,12,14.25,28.5,0.53958
1560,355.5,158,36.75,73.75,0.53788
1560,440.75,171,11.5,23,0.53766
1560,530,24.5,118.75,237.5,0.53756
1560,188.5,12.75,12.25,24.5,0.53626
1560,228.5,17.5,16,31.75,0.53458
1560,383,139.75,46,92.25,0.53442
1560,195.75,33.75,15.75,31.75,0.53403
1560,203.75,164,13.75,27.5,0.53363
1560,336,217,63.75,127.5,0.5333
1560,381,385.5,25,50,0.53326
1560,308.5,10.25,13,25.75,0.53282
1560,212.75,11.5,15.5,31,0.53251
1560,576.25,282.25,12,24.25,0.53215
1560,494.25,14.25,12,24,0.53212
1560,138.5,422,13.25,26.5,0.53208
1560,273.25,159.5,42.75,85.5,0.53141
1560,134.25,421.5,13.75,27.25,0.53139
1560,117.25,61.5,13.5,27.25,0.53079
1560,228.25,33,16.25,32.5,0.53057
1560,7,217.25,12.5,24.75,0.53047
1560,117.5,11,13.5,27.25,0.53036
1590,204.25,390,38.5,77.25,0.55332
1590,539,343,12.75,25.5,0.54782
1590,134.75,250.75,15.25,30.5,0.54521
1590,125.5,395.5,37.5,75.25,0.54362
1590,414.5,175.25,12,23.75,0.54306
1590,476.5,92.5,13.25,26.5,0.54068
1590,252.75,11,12.25,24.5,0.53702
1590,252.75,382,46.25,92.5,0.53689
1590,527.5,253,12.5,24.75,0.53678
1590,377.75,142,12.5,24.75,0.53661
1590,298.75,63.5,17.75,35.5,0.5365
1590,303.25,156,93.5,186.75,0.53633
1590,419.75,13,13.25,26.75,0.53497
1590,474.5,15.5,12.5,25,0.53449
1590,359.75,189.5,124.75,250,0.53438
1590,228.25,17.5,17,34.25,0.53392
1590,452,138.75,24,47.75,0.53384
1590,-3.25,158.25,29.5,59,0.53318
1590,293.5,12,14.5,29,0.5331
1590,122.25,418,23,46,0.53289
1590,496,193.75,12.75,25.75,0.53282
1590,268.25,18.25,15.75,31.25,0.53251
1590,132,421.25,14.25,28.75,0.53213
1590,259.5,24.25,17.25,34.25,0.53183
1590,219.75,15.75,16.5,33,0.53178
1590,354.75,157.5,38.25,76.25,0.53162
1590,487.5,289.5,12.75,25.75,0.53159
1590,479.75,160.25,12.5,25,0.53156
1590,443.75,11.25,12.25,24.5,0.5313
1590,84.75,9.75,11.75,23.5,0.53129
1590,93,8.5,11.75,24,0.53126
1590,229.75,11.75,12.5,25,0.53124
1590,531.75,30.5,115.25,230.5,0.53091
1590,620.25,386.75,12,24,0.53072
1590,349.25,9.5,15.5,31,0.53059
1590,540,258,13.5,26.75,0.53044
1620,421,11.75,14.25,28.75,0.56426
1620,328.5,7.5,11.75,23.5,0.5631
1620,68.75,9.75,14.5,29,0.55337
1620,203.75,389.5,39,77.75,0.55188
1620,229.75,11,13,26.25,0.54976
1620,55,92,13,26,0.54873
1620,436.25,333.25,12.5,25,0.54566
1620,229.75,32,13.25,26.5,0.54432
1620,550.25,229,12,24.5,0.54297
1620,524.25,293.75,15.5,31.5,0.54285
1620,252.25,10.75,12.5,24.75,0.54254
1620,379,389.5,15.75,31.75,0.54052
1620,293.75,14.75,13.75,27,0.5401
1620,124.25,48.25,12.5,24.75,0.53995
1620,414.5,175.75,12,24.25,0.53982
1620,578.75,229.25,15.5,31,0.53969
1620,124.25,64.25,12.5,25,0.5388
1620,378,142.5,12,24.25,0.5388
1620,127.25,396.25,36.75,73.75,0.53848
1620,434.75,14.5,12,24.5,0.53818
1620,585.25,225,26.5,53,0.53747
1620,252.25,383.25,47.25,94.5,0.53716
1620,554.75,49.75,74,148.25,0.53716
1620,348.75,10.5,12.5,25,0.53559
1620,188.75,13.5,12,24.25,0.53515
1620,130.5,423,13.5,27,0.53489
1620,49.5,228,27.75,55.75,0.53395
1620,331,144.25,14.75,29.5,0.53373
1620,477.5,245.75,14.25,28.25,0.53351
1620,68.25,233.5,13.25,26.25,0.53287
1620,529.75,186.75,17,34.5,0.53277
1620,268.75,45.25,13.75,27.5,0.53191
1620,308,162.25,90,179.75,0.5318
1620,204.75,13,14.75,29.5,0.53173
1620,628.5,193,12,23.75,0.53121
1620,140.75,33.25,14.75,29.5,0.53084
1620,355,156.75,38.75,77.5,0.53007
1650,101.75,229,12.25,24.75,0.54985
1650,460.25,446.75,15.25,31,0.54789
1650,204.25,390,38,75.5,0.54594
1650,119.25,422.75,23.25,47,0.54571
1650,503,162,15.25,30.5,0.54278
1650,140.75,420.25,21.75,43.5,0.54152
1650,129.5,420.25,15.25,30.75,0.53965
1650,292.25,52,15.75,31.25,0.53853
1650,101.75,136,66.75,133.25,0.53818
1650,54.75,47,12.75,25.5,0.53794
1650,83.75,226.25,26,52.5,0.53783
1650,397.5,448.25,12.25,24.75,0.53746
1650,460.75,45.75,11.5,23.25,0.53724
1650,53.25,181.25,53,106,0.53638
1650,377,142,12.25,24.75,0.53614
1650,44.5,378,12.5,25.25,0.53574
1650,135.5,63.75,12.25,24.5,0.53495
1650,445.5,14.5,13.25,26.5,0.53458
1650,404,214.75,12.25,24.75,0.53438
1650,305.25,160.5,90.75,181.5,0.53428
1650,139,14.75,14.25,28.75,0.5337
1650,276.5,82,15.75,31.5,0.5336
1650,400,385.75,30,60.25,0.53333
1650,273,152,14,28,0.53309
1650,249.5,383.25,47.5,94.5,0.53302
1650,143.75,386.5,44,88.25,0.53259
1650,236.75,11.75,12.75,25.75,0.53218
1650,159.75,242.5,13.25,26.75,0.53209
1650,275,160.75,40.25,80.25,0.53164
1650,1.5,138.75,55.25,110.5,0.53156
1650,199.5,28.25,14.5,29,0.53146
1650,407,387.75,40.75,81.5,0.5312
1650,213,253.25,45.5,91.5,0.53025
1680,310,31.5,13.25,26.5,0.56496
1680,483.75,186.5,19.5,38.75,0.55724
1680,285,13.75,14.25,28.5,0.55246
1680,203.75,389.25,39,78,0.55078
1680,174.25,6.5,13.25,26.25,0.54871
1680,277.75,11.5,14,28,0.54305
1680,188.5,15.75,12.75,25.75,0.54302
1680,468,179.5,23.75,47.5,0.54275
1680,377,142,12.25,24.5,0.53963
1680,105.25,218.5,24.75,49.75,0.53758
1680,294,23.5,13.25,26.75,0.53746
1680,140,423.75,21.75,43.5,0.53714
1680,278,45.5,14.5,29,0.53709
1680,124,418.75,20.25,40.25,0.53632
1680,133,421,13.75,27.75,0.53433
1680,365,316.5,41,82,0.53396
1680,267,43.25,25,50,0.53357
1680,175.75,16.25,12.25,24.5,0.53305
1680,144,388.5,42.75,85.5,0.53269
1680,75,183,49.5,99,0.53218
1680,119.25,209,15.75,31.75,0.53187
1680,221.25,5.25,14.75,29.25,0.5317
1680,212.5,253.25,45.5,91.25,0.53164
1680,503,160.75,14,27.75,0.53126
1680,528.75,259.25,26.25,52.75,0.53088
1680,179.5,17.75,15.5,31.25,0.53051
1680,3,143.25,51.75,103.75,0.53016
1710,228.5,13.75,16.5,33,0.56717
1710,175.25,8.25,12.75,25.5,0.56018
1710,139.5,15.75,13.25,26.75,0.55274
1710,140.25,424.75,21,42,0.54827
1710,293.5,23.5,13.25,26.25,0.54818
1710,127,420.25,16.75,33.5,0.5471
1710,415.25,174.75,12.5,25,0.5456
1710,477.5,93.25,13.5,27,0.54485
1710,148,32.75,16.25,33,0.54445
1710,278,11.75,13.5,27,0.54382
1710,204.5,390.5,38,76,0.54266
1710,251.75,381.75,46,92.5,0.54242
1710,139.25,211,23,46,0.54202
1710,285.25,13.5,14,27.75,0.54109
1710,76.25,80.5,12.25,24.5,0.54045
1710,487,279.75,12.75,25.5,0.53981
1710,378,142.5,12,24.25,0.53885
1710,220.25,4.5,15.5,30.75,0.53716
1710,428.25,11.75,13.75,27.5,0.53685
1710,322.25,16,13,25.75,0.53681
1710,327.5,15.75,12.75,25.25,0.53553
1710,197.75,82.5,12.5,25.25,0.53501
1710,212.5,33.5,15.75,31.5,0.53469
1710,245.75,11.75,13.25,26.25,0.53461
1710,398,123.75,15.75,31.75,0.53451
1710,117.25,66,15,30.25,0.53434
1710,379,390,15.75,31.75,0.53397
1710,277,18.75,15.25,30.5,0.53384
1710,99.75,144.25,15,30,0.53363
1710,149.5,296.5,13.5,27,0.53226
1710,408.25,96,13,26,0.53204
1710,331,145,14.75,29,0.53145
1710,0.5,139.25,54.25,108.75,0.53129
1710,188,16.25,13.75,27.75,0.53006
1740,292.5,21.5,13.75,27.75,0.5527
1740,185.75,232,12.75,25.5,0.55046
1740,204,389.5,38.75,77.75,0.5498
1740,310.5,167,87.75,175.5,0.54426
1740,228.75,16.75,15.5,30.75,0.54167
1740,94,17,12.5,25,0.54031
1740,146,212.5,21.5,43,0.54013
1740,189.25,15,13.5,27.25,0.53914
1740,212.5,33.75,15.5,30.75,0.53795
1740,269.25,98.5,12.5,25.25,0.53773
1740,259.75,27.5,16.5,32.5,0.5373
1740,174.75,7,13,26,0.53717
1740,126,395.75,37.5,75,0.53688
1740,276.25,93.75,16.25,32.25,0.53647
1740,119.75,420,24.5,49.25,0.5358
1740,140.25,33.25,15.75,31.25,0.53557
1740,380.25,386.25,27.25,54.5,0.53505
1740,456,166.5,15,30,0.53463
1740,5.75,155.5,14.75,29.25,0.53347
1740,410.75,218.5,14.75,29.5,0.53298
1740,428.25,11.5,13.5,27,0.53229
1740,124.25,33.25,13.25,26.25,0.53153
1740,67.75,320.5,12,24,0.53128
1740,126.25,217.25,22.5,45.25,0.53115
1740,262.5,253.25,16,31.75,0.53111
1740,450.5,230.25,14.25,29,0.53102
1740,144.25,386.5,43.5,87.25,0.53102
1740,146.5,14.25,12.5,24.75,0.53097
1740,355.5,162.75,12,24.25,0.53089
1740,327.25,15.75,12.75,25.25,0.53086
1740,100.75,11.5,14,28,0.53022
1740,244.5,10,13.75,27.5,0.53019
1770,307.5,8,12.75,25.25,0.55964
1770,100.75,10,14.25,28,0.5596
1770,204.75,390.5,38,76,0.55863
1770,461,452.75,13,26,0.55597
1770,53.75,195.75,17,33.75,0.55532
1770,414.25,176.75,13,26.25,0.55514
1770,174.25,9.75,13.25,26.25,0.55445
1770,271.5,160,47.75,95.75,0.5518
1770,275.5,14.75,14.5,29,0.55066
1770,261.25,59.25,14.5,29,0.54861
1770,301.75,159,89.25,178.25,0.5455
1770,150.25,216.75,20.25,40.75,0.54423
1770,327.75,16,12.5,24.75,0.54335
1770,474.75,415.25,16,32,0.5424
1770,72,188.75,22.5,45,0.54023
1770,626,30,15.5,30.5,0.54018
1770,188.25,15.75,13,26,0.53994
1770,291.75,26,15.25,30.25,0.53986
1770,3.5,145.5,51.75,103.25,0.5396
1770,148.25,31,17.75,35.25,0.53948
1770,139.75,425,22,43.75,0.53846
1770,254.75,11,12.75,25.5,0.5374
1770,54.25,77.25,14,27.5,0.5371
1770,260.5,10.75,13,25.75,0.53671
1770,6.75,38,12.25,24.5,0.53625
1770,387.5,134.75,18.75,37.25,0.53611
1770,534,35.75,111.5,223,0.53523
1770,133.25,219,20,40.25,0.53461
1770,147.25,15.25,12.5,25.25,0.53393
1770,427,11.25,13.75,27.75,0.53339
1770,110.25,204.5,18,36.25,0.53313
1770,428,165.75,17.5,35,0.53282
1770,108.5,8.75,13.25,26.75,0.53254
1770,332.25,150.75,12.75,25.75,0.53241
1770,460.5,63.25,12.5,25,0.53184
1770,315.75,7.5,12.5,24.75,0.53132
1770,554,301.75,18,36.5,0.53131
1770,317,163.5,39,78,0.53117
1770,124,32.25,12.5,25,0.53086
1770,516.5,104.75,12.5,25.5,0.53052
1770,359,192,20.5,41,0.53042
1770,85.75,205.75,14.5,29.25,0.53036
1770,369,221.5,25.25,50.5,0.53009
1770,171.5,213.75,18.75,37.75,0.53004
1800,204,390,39,78,0.55723
1800,491.75,276,13.75,27.75,0.55351
1800,265.5,159.25,51.5,103,0.55264
1800,1.5,140,55,109.75,0.55178
1800,109.5,9.25,12.5,25.25,0.54852
1800,418,10.5,12.25,24.75,0.54783
1800,437,15,13,25.75,0.5428
1800,133.5,218.25,20.75,41.5,0.54196
1800,151.75,218,20.75,41.25,0.54193
1800,85.5,204.75,14.75,29.25,0.54146
1800,358,192,20.25,40.5,0.54126
1800,397.75,447.5,12.5,25,0.54084
1800,251.75,386,46,92.25,0.54036
1800,291.75,26,15.25,30.25,0.53986
1800,307,7.5,12.5,25.5,0.53962
1800,298.25,158.5,91.5,182.75,0.53902
1800,174,10.75,13.25,26.5,0.53859
1800,123.75,33,13.25,26.25,0.53801
1800,260.75,58,15,30,0.53601
1800,413.75,176.75,13.25,26.5,0.53577
1800,-4,159,31.75,63.5,0.53496
1800,140.5,428.25,20.25,40.5,0.53405
1800,331.25,149,14.25,28.75,0.53398
1800,327.5,15.25,12.75,25.75,0.53381
1800,162.25,278.5,12.25,24.5,0.53324
1800,300.5,107.25,13,26,0.53254
1800,260.5,12.25,12.75,25.25,0.53142
1800,433.75,392.75,20.5,40.75,0.53141
1800,549.75,53.5,80.25,160.5,0.53126
1800,143.75,386.5,44,88.25,0.53085
1800,424,63.25,12.5,24.75,0.53039
1830,151.5,216,21.5,43.5,0.55258
1830,458.25,166.5,14.75,29.5,0.54611
1830,204,389.25,39,77.75,0.54311
1830,477,92,12,23.75,0.5427
1830,271.75,159,45.25,90,0.54268
1830,121.75,419.25,22,44,0.54153
1830,300.75,160.25,89.75,179.75,0.53842
1830,133.75,219,20.5,40.5,0.5383
1830,478.5,159.75,14,27.75,0.53736
1830,300.5,52.25,15.25,30.25,0.53713
1830,375.5,384.75,12.75,25.5,0.53588
1830,119.25,215.25,26,52,0.5357
1830,126.25,415.75,19.5,39.25,0.53497
1830,54,30.75,13.75,27.25,0.53493
1830,479,435.5,18,36,0.53362
1830,63.25,208,13.5,27.25,0.53313
1830,249.5,383.25,47.5,94.5,0.53273
1830,496.75,29.5,120,240,0.53202
1830,140.25,423.75,20.75,41.75,0.53195
1830,106,362.25,13.25,26.25,0.53089
1830,397.25,446.5,12.75,25.75,0.53021
1830,3.5,141,53.25,107,0.53005
