30,295.5,81.75,35.75,71,0.55027
30,322.25,43,16.25,32.25,0.53854
30,167.75,183.25,20,40,0.5379
30,403.25,163,13.5,27,0.53687
30,356,4.25,12,24,0.53197
30,63.75,444.25,12,24,0.53177
30,157.75,3,12.5,25.25,0.53126
60,213.25,444.25,13.75,27.25,0.54761
60,295.25,83.25,34.75,69.5,0.54595
60,30.25,59.25,13.75,27.25,0.54338
60,589.25,55.75,13,25.75,0.54087
60,627.75,155.5,12.75,25.5,0.5396
60,513.25,29.5,16,32.5,0.53951
60,43.75,202.75,12,24.25,0.53578
60,160.25,112.25,14,28,0.5352
60,17.5,111.75,14.25,28.25,0.53467
60,336.5,448.25,12.75,25.5,0.53263
60,112,6.5,13,25.75,0.53009
90,4,127.25,12,24,0.54571
90,554.5,139.5,28,55.5,0.54354
90,528.25,72.75,22.5,45.25,0.54235
90,296.25,82.75,34.25,68.5,0.53935
90,356.25,4.75,12,24,0.53158
90,161.5,112.25,13.25,26.25,0.53116
90,523.25,86,12.5,25,0.53044
120,295.5,82.25,35.5,70.75,0.54958
120,66,121.75,18.5,37.25,0.54021
120,375.75,25.75,12.75,25.5,0.53461
120,571.5,155.5,17,33.75,0.5334
120,184,174.5,21.25,42.25,0.53335
120,428.25,107.25,13,26.25,0.53187
120,552,140.25,32.5,65,0.53093
120,158.75,111.25,16,31.5,0.53076
120,588.5,56.5,13,25.75,0.53059
150,295.25,82.75,35.75,71.25,0.54878
150,516.25,151.75,40.75,81.25,0.5377
150,118,4.75,12.5,25,0.53494
150,320.5,41.25,18,36,0.53275
150,27.75,92.75,13,26,0.53141
150,355.25,3.25,12.75,25.5,0.53025
180,295.75,83,35,70.25,0.54148
180,161,63.5,16.75,33.25,0.54137
180,438.75,70.75,13.5,27.25,0.54137
180,15.5,112.25,15.5,30.75,0.53915
180,487,342.75,13.5,26.75,0.53499
180,479.75,390.25,14,28,0.53111
180,34,304.25,15.5,31,0.53042
210,496,40,22.5,45.25,0.54361
210,159.75,113.25,13.5,27,0.54354
210,294.25,83,36,72,0.54126
210,286,39.25,54,108.25,0.53794
210,40.25,135.5,12.5,24.5,0.5368
210,420.25,336.75,12.25,24.5,0.53399
210,-1.75,103.5,13.75,27.25,0.53163
210,617.75,2.25,23.25,47,0.53138
210,292.5,220.75,12.25,24.5,0.53115
240,293.75,81.5,38.25,76.5,0.5506
240,320.5,42.25,17.75,35.75,0.53819
240,130.5,434.25,17.5,35,0.53648
240,487.75,341,12.5,24.75,0.53629
240,12.5,113.25,14,28,0.53317
240,517,28.75,13.25,26.75,0.53315
240,42.25,28.5,13.75,27.25,0.53238
240,205,162.25,14.25,28.5,0.53144
240,-1.5,128,12,23.75,0.53095
240,536,33.5,12.75,25.75,0.53016
270,-1.5,169,12.5,25.25,0.5403
270,576.25,308.25,12,24,0.5364
270,503,34.75,24.5,48.75,0.53631
270,290.75,87.25,43.5,87,0.53592
270,443,69,13.75,27.25,0.53534
270,93.5,374.25,12.25,24.25,0.53227
270,211.25,419.25,16.25,32.5,0.53083
300,294,94.5,38,76.25,0.55862
300,-1.75,175.75,13.25,26,0.54529
300,33.5,217,12.75,25.25,0.53925
300,559.5,151.75,27,54,0.53109
300,189.5,185.25,19.25,38.75,0.53014
330,295.25,100.25,35,70.25,0.55404
330,588,45.25,15.25,30.5,0.54723
330,-1.5,183.5,12.5,25,0.54066
330,485.75,100,15.25,30.25,0.54007
330,572,56,12.75,25.75,0.53792
330,276.75,250,12.75,25.5,0.53631
330,537.25,84.5,26,52,0.53446
330,157.5,128,13.25,26.5,0.53414
330,524.25,102.5,11.75,23.5,0.53181
330,309,241.5,14,27.75,0.53161
330,356,19.75,12.25,24.5,0.53152
330,452,68.75,14.5,29,0.53048
360,291.75,103.5,43,86,0.55684
360,212.75,439.5,14.75,29.25,0.54928
360,355.75,21.5,12.5,24.5,0.54172
360,110.25,21.5,12.75,25.5,0.54044
360,571,30.5,18,36,0.53998
360,278.75,54.25,12.25,24.75,0.53783
360,520.75,123,11.5,23,0.53753
360,276.5,250.5,11.75,23.75,0.53718
360,588,48.5,14.75,29.75,0.53529
360,264.75,406.75,26.5,53,0.53328
360,502.5,50.75,26.75,53.25,0.53302
360,278.5,445.5,13.25,26.5,0.5328
360,560.25,158.5,26,52.25,0.53104
360,582.25,120.75,12,24,0.53074
360,-1.5,186.25,12.5,25.25,0.53072
360,246.25,22.25,14,28,0.53048
360,541.25,49.75,13.75,27.5,0.53026
390,293.5,104,39.5,79.25,0.55144
390,437.75,439.5,15.5,31,0.54612
390,294.75,171,11.75,23.5,0.54467
390,302.25,244,14.25,28.75,0.53789
390,226.75,412.75,11.5,23.25,0.53498
390,572.25,61.75,12.5,25,0.53453
390,588,48.25,14.75,29.5,0.53451
390,19.25,283.75,12.5,24.75,0.5336
390,538,90.75,25,49.75,0.53308
390,420,105.75,12.75,25.5,0.53187
390,247.75,22.75,12.5,25.5,0.53159
390,190.25,124.5,13.25,26.75,0.5303
420,293.75,103.5,39,77.75,0.54321
420,571.5,61.5,13.25,26.75,0.5413
420,549,33.5,16.5,33,0.54001
420,283,47.5,62.5,125.25,0.53684
420,157.5,132.75,13.5,26.75,0.53555
420,331.75,175.75,17,34,0.53426
420,149.25,450.25,12,24,0.53122
420,510,298,17,33.5,0.53095
420,246.25,25,13.75,27.5,0.5309
420,424.5,431,22.75,45.5,0.53087
420,406,371.75,12.5,25,0.5307
420,233.5,429.25,19.5,39.5,0.5304
450,524.5,241.5,14.5,28.75,0.5863
450,373,332,14.5,29.25,0.57518
450,604,162,15,30.25,0.56939
450,484.5,106.5,14.25,28.25,0.56684
450,165.75,230.25,13.5,26.75,0.56267
450,539.75,111,14.5,28.5,0.56146
450,460.75,405.75,14.25,28.75,0.55836
450,164.25,321.75,15.5,31.5,0.55793
450,100,402,15.25,30.5,0.55654
450,373.25,141.25,13.75,27.25,0.55654
450,341.75,411.75,13.25,26.5,0.55646
450,579.25,321.25,16.75,33.25,0.55631
450,581.25,379,14.25,28.5,0.55521
450,540.5,374.25,13.5,27,0.55464
450,237,259.5,13.75,28,0.55123
450,389,332.25,14.25,28.25,0.5509
450,531.75,110,15,30,0.55042
450,317,166.25,13.75,27,0.55017
450,164,272.25,15.5,31,0.54976
450,220.75,374,13.75,27.5,0.54955
450,197.5,341,13.75,27.5,0.54924
450,116.75,412.5,15.5,31,0.54776
450,68.25,424.25,15.75,31.5,0.54755
450,525,392.75,13.5,27.25,0.54714
450,411.5,312,16.5,33.25,0.54645
450,187.5,273.75,14.25,28.5,0.54634
450,253.75,334.25,13.5,27.25,0.54627
450,262,245,13.5,26.75,0.54519
450,517,206.5,14.5,28.75,0.54472
450,421.5,432.25,15.75,31.5,0.54441
450,442.25,248.75,11.75,23.5,0.54294
450,572,247.5,13.5,26.75,0.54259
450,180.75,382.5,16,32.25,0.54227
450,404.75,381,14.75,29.5,0.54222
450,364.75,336.25,15.25,30.5,0.54199
450,614,270.25,13.25,26,0.54159
450,396.75,201.25,14.25,28.5,0.54153
450,524,319.5,14.5,29.25,0.54135
450,311,151.75,12.75,25.5,0.54122
450,340.75,157.75,14.5,28.75,0.54114
450,204.25,329.75,13.5,27,0.54095
450,533.5,262.25,14,28,0.5407
450,51.5,408.5,16.25,32.25,0.54061
450,181,277.25,13.75,27.5,0.54044
450,69.25,413,14.25,28.5,0.54022
450,284.75,223.75,15.5,31,0.54021
450,212,384.25,15.5,31,0.53995
450,188,296,16,32.25,0.53994
450,524.5,105,12.75,25.5,0.5399
450,572,330,15.75,31.5,0.53959
450,357.75,337.25,13,25.75,0.53956
450,373.25,434.5,14.75,29.5,0.53931
450,556,209.25,13.25,26.25,0.53913
450,403,318.75,17,34.25,0.53906
450,259.75,330.75,15.75,31.5,0.53846
450,292,352,15.25,31,0.53843
450,389.25,440.75,12.75,25.75,0.53835
450,236.25,205.5,14,27.75,0.53781
450,204.25,353,15.75,31.5,0.5377
450,148,400.75,16,32.25,0.53769
450,349,407.5,16,32.25,0.53733
450,301.5,423.5,13,26.25,0.53662
450,515.75,239,16,31.75,0.53643
450,452.25,378.75,14.5,29.25,0.53635
450,277.5,159.25,13.25,26.75,0.53631
450,310,229,13.75,27.5,0.53606
450,187.25,360.5,16.25,32.25,0.53576
450,531,367.25,14.5,29,0.53576
450,364.75,151.75,15,30.5,0.53566
450,611.75,352.75,13.5,26.75,0.53563
450,268.5,423,13.5,27,0.53562
450,204.5,392.75,12.5,24.75,0.53536
450,260.25,385,14.75,29.25,0.53536
450,556,114.75,15.75,31.75,0.53534
450,198,224,13,26,0.53519
450,588.25,379.75,14.75,29.5,0.53494
450,157.25,131.5,14,28,0.53486
450,316.75,330.25,15.25,30.25,0.53479
450,380.25,334.75,14.75,29.75,0.53457
450,244.5,300.25,14.75,29,0.5345
450,238.25,292,14,28,0.53436
450,44.25,418.25,14.75,29.75,0.5343
450,325.5,147.5,14.25,28.5,0.53419
450,428.75,398,13,26.25,0.53418
450,245.5,267.25,13.5,27.25,0.53391
450,511.25,393,20.5,41.25,0.53388
450,333,156,15.25,30.5,0.53383
450,330.75,249.75,18.5,36.75,0.53382
450,444.75,64.75,16,32.25,0.5338
450,588,418.75,14.5,28.75,0.53368
450,299.75,331,16.5,33,0.53362
450,308.75,94.25,21,41.75,0.53351
450,389.75,358.25,13.25,26.25,0.53331
450,587.5,253.75,16.5,33.25,0.53326
450,548,123.25,14.75,29.5,0.53293
450,265.5,126.25,15,30.25,0.53277
450,324.75,329.5,15.75,31.25,0.53272
450,300.25,287.25,13.25,26.5,0.53272
450,517.25,320.25,13,25.75,0.53242
450,580,402,13.5,26.75,0.53226
450,260.25,272,15.75,31.75,0.53216
450,293,363.5,14.5,29.25,0.53204
450,547.25,377.75,16.5,32.75,0.53201
450,92.25,418,15.5,30.75,0.53199
450,580,303.25,16,32.25,0.53197
450,195.5,271.25,15,30,0.53184
450,429,370.25,15,30,0.5318
450,580.25,131,13.75,27.5,0.53176
450,516.5,108.25,14.5,29.25,0.53171
450,572,260,13.75,27.5,0.53162
450,174,276.75,14,28,0.53159
450,278.25,56.75,12.5,25.25,0.53157
450,291.75,431.5,16.75,33.25,0.53148
450,213.5,276.25,13.25,27,0.53139
450,563.75,254.75,16,32,0.5313
450,348,150.75,15.25,30.75,0.53127
450,189.5,216.75,13.5,27.25,0.53102
450,247.5,353.25,12.75,25.5,0.53076
450,483.5,267.25,18.25,36.75,0.53075
450,292.5,235.75,15.5,31.25,0.53042
450,285,157.5,14,27.75,0.5304
450,571.5,3,12.25,24.75,0.53039
450,331.75,337.75,16.75,33.75,0.53037
450,238.25,240.25,12.75,25.25,0.53034
450,278.25,271.25,13.25,26.5,0.53032
450,276.5,243.5,16,31.75,0.53025
450,86.25,108.75,15.75,31.5,0.53017
450,502.75,321.75,16.75,33.25,0.53011
450,468.25,319.5,12.5,24.5,0.53007
450,340.75,247.75,13,25.75,0.53006
450,60,415.25,16.25,33,0.53003
480,291.5,107.25,42.25,84.75,0.54762
480,541.75,47.25,16.5,33.25,0.54155
480,204.25,183,15.25,30.25,0.54108
480,620,183,12.75,25.5,0.53664
480,355.75,24.25,12.25,24.5,0.53618
480,386.75,94.25,12.5,24.75,0.53581
480,318,152.75,22.25,44.25,0.53572
480,550.75,38.5,12.75,25.5,0.53305
480,-1.75,188.5,14,27.75,0.53252
480,342,11,12.5,24.75,0.53167
510,293.75,104,38.5,77,0.54201
510,84.5,108.5,15.75,31.25,0.53654
510,149.75,18.25,13.5,26.5,0.53544
510,113,99.75,21.5,42.5,0.53469
510,285,53.75,57.5,115.25,0.53465
510,311.75,63,33.5,67,0.53378
510,105.25,17.75,15.5,31.25,0.53345
510,143.75,26.75,12.25,24.75,0.53296
510,212.75,446.25,12,24,0.53181
540,179.25,159.5,19.5,39.5,0.54693
540,149,19.75,15.5,31.25,0.54347
540,294,105.25,37.5,75,0.54285
540,50.25,216,22.75,45.5,0.54265
540,76.5,231.75,14.25,28.5,0.54262
540,261,154.75,19,38,0.54189
540,84.75,107.25,16.75,33.75,0.53901
540,-1.75,187.25,13.25,26.5,0.5388
540,259.5,155,54.5,109,0.53731
540,421.75,136.25,13.25,26.5,0.53715
540,349,250.75,12.5,24.75,0.53644
540,239.5,176.25,42.25,84.25,0.53245
540,476.25,30.5,13.75,27.75,0.53147
540,275.5,227.5,16.75,33.25,0.53075
570,484,120.75,12,24,0.54904
570,548.5,127,13.75,27.75,0.53963
570,186,183.75,27.5,55,0.53589
570,434,439,20,40.25,0.53516
570,587.25,46.25,17,34.25,0.53438
570,284.25,48.25,62,123.75,0.53387
570,484,108.5,13,26,0.5334
570,332.75,66,15.75,31.25,0.53302
570,628.25,50.5,12.5,25,0.53296
570,246,25,14.25,28.25,0.53244
570,-1.5,183,12.25,24.75,0.53216
570,157.5,134.75,13.5,26.75,0.53209
570,516.75,72,12.5,25,0.53069
600,572.25,196.5,15,30,0.55929
600,506.5,193,25.75,51.5,0.55432
600,539.75,195.5,15,30.25,0.54628
600,-1.5,92.5,12.5,25,0.54524
600,293,105.25,38.5,77.25,0.54407
600,548.25,150.75,14.75,30,0.54397
600,447.25,114.75,13.75,27.75,0.5436
600,564.25,197.75,15.25,30.5,0.54263
600,542.5,43.75,12.25,24,0.53991
600,412.75,140,13,26,0.53822
600,536.25,196,12.5,25.25,0.53671
600,26.25,357.25,20.5,41.5,0.53635
600,351.5,439.25,13.25,26.75,0.53472
600,587,47,16.75,33.5,0.53393
600,604.75,288.5,12.5,24.75,0.53374
600,212.5,402.25,12.25,24.75,0.5334
600,7.75,134.5,13.25,26,0.53321
600,38.25,331.25,12.25,24.5,0.53296
600,341.75,398.75,32,64,0.53296
600,146.75,184.5,16.75,34,0.53242
600,579.5,292.75,17,34.25,0.53239
600,396,243.5,15.75,31.75,0.53238
600,586,290.25,17.25,34,0.53218
600,579.5,189.5,13.75,27.25,0.53173
600,531.5,195,15.25,30.25,0.53086
630,292.75,107.5,35.25,70.25,0.54457
630,533,13,37,74,0.53815
630,206.5,417,25,50,0.53732
630,355.75,24.75,12.5,24.75,0.53689
630,364.25,85.75,13,25.5,0.53387
630,426.75,101.75,15,30,0.53142
630,477,33.5,12.25,24.75,0.53025
630,112.5,27,20.5,41.5,0.53019
630,-1.5,189.75,12.75,25.5,0.53014
660,598,223.5,13.25,26.25,0.5566
660,564.5,327.25,15,30.5,0.55593
660,596.75,141.25,13.75,27.75,0.54805
660,412.75,276,15.5,31.25,0.54755
660,293.75,107.25,34.25,68.5,0.54633
660,390.5,119,34.5,69,0.54536
660,380.5,243,90,179.75,0.54534
660,73.25,189.5,20.5,41.25,0.54509
660,302.75,210,15.75,31.25,0.54116
660,327,207.5,13.5,27.25,0.54019
660,507.5,261.25,14,28,0.53931
660,359.5,331.75,12.5,25,0.53838
660,348,253.5,14.75,29.25,0.53833
660,581.25,265,14.75,29.75,0.53823
660,516.5,328.75,14.5,28.75,0.53811
660,572.25,135.5,12.25,24.5,0.53753
660,385.5,136.25,17.75,35.5,0.53688
660,284.25,200.75,12.5,25,0.53669
660,296.5,208.25,12,24.5,0.53652
660,376,199.75,12.5,24.75,0.53643
660,322.5,64.75,16,31.75,0.53573
660,-3.75,73.25,29.5,59,0.53542
660,430.75,140.75,13,26,0.53537
660,346.5,199,13.25,26,0.53461
660,277.25,243,15.25,30,0.53444
660,334,160.25,12.5,25.25,0.53442
660,497.25,26.75,17,34.5,0.53424
660,316.5,256.25,16,31.75,0.53413
660,428.5,276.25,13.5,27.25,0.53367
660,358.25,423,14.75,29.75,0.53329
660,308.75,320.25,12.75,25.25,0.5332
660,604.25,260.5,14.25,28.5,0.53287
660,564.5,264,15,29.75,0.5325
660,524.25,128.75,13,26.25,0.5322
660,276.5,210,15.75,31.25,0.53219
660,351.25,201,13,26,0.53214
660,406,280,12.75,25.5,0.53148
660,175.25,203,20.25,40.5,0.53044
690,229.5,183.75,13.5,27.25,0.55661
690,554.75,377,11.75,23.5,0.54856
690,292.75,110.75,33.75,67.5,0.54763
690,-1.75,162.5,13.75,27.25,0.54532
690,503.25,61.5,25,50,0.53386
690,71.25,150.75,25,50,0.53333
690,428.25,384.5,12.5,25.25,0.53112
690,217,395,20.25,40.25,0.53102
690,251.5,322.5,66.25,132.5,0.53039
690,571,37.5,16.5,33.25,0.53009
690,20.5,62.75,12.5,25.5,0.53007
720,260.75,330.25,15.5,31,0.55236
720,91.5,295.75,12.75,25,0.54867
720,318.5,63.5,12.25,24.75,0.54798
720,251.25,148.75,45.75,91.5,0.54572
720,365.5,348,14.25,28.25,0.54409
720,404,444.25,12.5,25,0.54377
720,196.5,353.25,14.75,29.25,0.54347
720,100.25,330.75,15.25,30.75,0.54274
720,439.75,444.25,12.5,24.75,0.54262
720,604.5,360.5,12.25,24.5,0.54085
720,626.75,25.25,13,25.5,0.54081
720,68.5,332.75,15.25,30,0.53934
720,180.25,280.5,15.5,31.5,0.5363
720,156.25,342,15.5,30.75,0.53596
720,84.75,361,11.5,23,0.53507
720,305,51.25,12.25,24.5,0.53465
720,148.75,327.5,14.75,29.5,0.53392
720,68.25,351.75,15.5,31.25,0.5334
720,491.75,142,23,46,0.53326
720,140.75,321.75,15.25,30.25,0.53279
720,133.25,324.5,14,28,0.53273
720,276.25,324,13.5,27.25,0.53219
720,356.5,308.75,14,28,0.53199
720,569.75,5,25.75,51.25,0.53193
720,228.75,331.75,13.75,27.75,0.53192
720,83.25,220.25,16.75,33,0.53153
720,282.75,103.75,17.5,35,0.5315
720,12,190.25,14,28.25,0.53129
720,60.75,330,14.25,28,0.53074
720,555.5,335,16.5,33,0.53031
750,36.75,416.5,14.75,29.25,0.56019
750,229.25,428.25,13.75,27.75,0.55689
750,68.25,423.25,14,27.75,0.55565
750,405.75,449.25,12.5,25,0.5509
750,324,40.5,12.5,25,0.54929
750,14.75,126.25,13.5,26.75,0.54686
750,332.5,70.5,12,23.75,0.54674
750,28.5,418,16,32,0.54494
750,484.75,428.25,14.5,29,0.54371
750,492,423.5,13.25,26.5,0.54237
750,179.75,446.25,15.75,31,0.54129
750,197,401.5,14.75,29.75,0.54015
750,252,129.75,19.75,39.5,0.53988
750,519.75,424.75,12.25,24.75,0.53851
750,171.25,212.25,19,38.25,0.53849
750,197.25,387,14.25,28.75,0.53693
750,388.75,410.5,15.5,31.25,0.53666
750,541.25,158,17,34,0.53581
750,518.5,303.75,14.5,29,0.53569
750,25.25,311.75,14.25,28.75,0.53525
750,428.75,121,11.5,23,0.53491
750,100.25,376.5,15,30.5,0.53369
750,462,69.75,20.75,41.25,0.53367
750,542.5,134.75,12.5,25.5,0.5335
750,516.5,110.75,12.75,25,0.53322
750,20.75,427.5,14.5,29,0.53321
750,208.75,357,11.5,23,0.53183
750,291.5,346.75,14.75,29.5,0.5318
750,461.5,412,20.5,41.25,0.53159
750,36.25,403.5,15.75,31.25,0.53156
750,580.75,421.25,14.75,29.75,0.53131
750,44.75,101,12.5,25,0.53121
780,284.75,429.5,13.25,26.75,0.56311
780,61.5,321.5,14.25,28.25,0.55788
780,69.5,420,14,28,0.55634
780,100.5,420.25,14.25,28.5,0.554
780,588.25,433.5,14.5,29,0.55387
780,221.25,280,13.75,27.25,0.55079
780,596.25,433,15,30,0.549
780,204.5,442.5,15,30.5,0.54791
780,108.75,426.75,14.25,28.75,0.54742
780,409.25,386.5,15,30,0.54672
780,301.25,83.25,48,96.25,0.54649
780,156.5,306.25,15,30.25,0.54644
780,236.25,320.75,15.75,31.5,0.54632
780,117.75,342.75,12.75,25.5,0.5456
780,164.75,306.5,15,30,0.54435
780,84.25,430.75,13,26,0.54377
780,260.5,418.5,15.5,31.25,0.54334
780,156.5,345.75,15,30,0.54324
780,204.5,418.25,15.5,31,0.54267
780,124.25,322.75,15.5,31.25,0.54037
780,625.5,61,15.75,31.75,0.5396
780,131.5,138.5,14.75,29.75,0.53944
780,356.25,42,16.5,33,0.53818
780,406.25,375.5,12,24,0.53817
780,21,419.75,14.25,28.5,0.5381
780,125.75,397.25,13.5,26.75,0.53723
780,101.25,334,13.5,27.5,0.53721
780,214,338.25,13.75,27.5,0.53712
780,28.25,355.5,12.5,24.75,0.53687
780,581.25,23.5,17.75,35.5,0.53575
780,250.75,297.75,11.5,23.25,0.53555
780,28.75,420,14.5,29,0.5345
780,620,144.75,12,24,0.5344
780,212.75,284,14.25,28.25,0.53393
780,199.25,168.5,28.5,56.75,0.53383
780,484.5,362.75,13.75,27.75,0.53376
780,158,444.5,12.5,25,0.53368
780,419.75,107.25,18,35.5,0.53339
780,301.75,308.25,15.5,31,0.53338
780,271.5,435.5,12.75,25.25,0.53309
780,163.5,210.75,13.25,26.5,0.53262
780,34.75,292.25,14.25,28.5,0.53236
780,535,124.5,18.75,37.5,0.5323
780,140.25,344.75,12.25,24.25,0.53221
780,173.5,297,14.25,28.75,0.53213
780,134.25,84.5,14.25,28.75,0.53206
780,406,42.75,12.5,25.25,0.53197
780,596.25,424.5,12.75,25.75,0.53159
780,-1.25,24.75,16,32,0.5312
780,220.25,323,16,32,0.53047
780,338.75,185.75,12,24,0.53024
810,148,398.75,16,32,0.56462
810,132.5,360,14,28,0.55909
810,550.25,446,12.75,25.25,0.55682
810,277,394.75,14.5,29.25,0.55007
810,117,407.25,15.25,30.75,0.54843
810,565,449.5,13.5,27,0.54704
810,340.5,366.75,14.25,28.5,0.54558
810,414.5,428.75,12.5,24.75,0.54521
810,190.5,200,41.75,83,0.54438
810,167.5,408.75,12.75,25.25,0.54431
810,500,432.25,15,30,0.54366
810,484.25,380.25,14.25,28.25,0.54314
810,69.5,369.75,14.25,28.5,0.5431
810,23.75,383,13,25.75,0.54236
810,61.5,414.25,13.5,26.75,0.54167
810,139.75,448.5,12.5,24.75,0.54147
810,107.75,410.5,16,32,0.54141
810,73.75,21,29.25,58.25,0.54119
810,139.25,399.25,16.75,33.5,0.5408
810,320.25,87,13,26,0.5407
810,44.75,450.25,13,26.25,0.54007
810,388,420.5,18.5,36.75,0.53998
810,480.75,19.75,33.5,67,0.53988
810,117,378.5,15.75,31.25,0.53982
810,293.5,398.75,13.5,27.25,0.53917
810,261.25,401.5,14.5,29,0.5382
810,460.5,428.5,14.25,28.5,0.53782
810,173.25,407.5,13.75,27.75,0.53773
810,365.75,429.5,13.75,27.5,0.53672
810,491.5,445.25,13.5,26.75,0.53591
810,236.75,432.5,16,32.25,0.53554
810,585.25,55.25,16.75,33.25,0.53543
810,438.5,369.75,12,23.75,0.53508
810,236.75,421.75,14,28.25,0.53478
810,616.25,334.25,12.5,25,0.53448
810,108.25,451.75,12.5,25,0.5341
810,125.25,362.75,13,25.75,0.53375
810,315.75,84.75,62.75,125.25,0.53339
810,325.25,162,16,32,0.53318
810,502.25,387.75,13.75,27.75,0.53315
810,90.5,45.75,19,38.5,0.53306
810,172.25,368.75,15,30.25,0.5326
810,100.5,424.5,15,30,0.53222
810,-2,37,17,33.75,0.53219
810,-1.5,75.25,13,26,0.53211
810,172.5,424.5,15.25,30.25,0.53194
810,584.5,71.75,12.25,24.5,0.53146
810,487.75,251,12,24,0.53088
810,469.5,387.75,14.75,29.75,0.53076
810,468.75,417.25,15.75,31,0.53064
810,108,175.5,14.5,29.25,0.53046
810,324.25,444.75,14.5,29,0.53042
810,563,49.75,19.5,38.75,0.53034
810,405.25,345.75,23,46,0.53013
810,-2.5,53.5,19.5,38.75,0.53003
840,364,419.5,12.75,25.25,0.56245
840,309.25,315.5,14.5,29.25,0.56032
840,155.75,418.25,13.5,27.25,0.55208
840,285.25,347.75,13.5,27.25,0.55023
840,621.5,32.5,13.25,26.25,0.5499
840,375.75,423.75,12.5,25,0.54896
840,282,13.5,90.25,180.75,0.54787
840,37,428.75,13.75,27.75,0.54712
840,393.75,453.5,12.25,24.5,0.54619
840,474.75,125.25,16.5,33.25,0.5444
840,460.25,306.75,15,30,0.5441
840,277.5,285.5,14,28,0.54391
840,37.75,335.75,13,25.75,0.54379
840,229.25,333,14,27.75,0.5427
840,120.75,160.25,52.75,105.5,0.54192
840,304.75,49,11.5,23,0.54138
840,360,298.25,12.25,24.5,0.54117
840,212.5,329.5,15.75,31.25,0.54035
840,228.75,289.75,15.75,31.25,0.54014
840,524.5,429.5,11.75,23.75,0.53939
840,306.75,284.75,15.5,30.75,0.53869
840,428.75,325,12,24.5,0.53844
840,448.25,436.25,12.25,24.5,0.53818
840,205,317.75,14,28,0.538
840,28.25,368.25,15.25,31,0.53725
840,-5,101,41.75,83.75,0.53663
840,341.75,350.25,13,25.75,0.53562
840,248.25,439.25,18.75,37.25,0.53539
840,222,333.75,14,27.75,0.535
840,188.5,315,15.5,31,0.53494
840,324,425.75,12.25,24.25,0.53411
840,293.75,444,15,30,0.53388
840,203.75,438.5,16.5,32.75,0.53387
840,150.5,325.5,13.75,27.75,0.53348
840,329.5,421.5,13,26,0.53312
840,474.5,80.75,14.75,29.25,0.53269
840,112,202.5,33,65.5,0.53269
840,415,141.25,13.75,27.75,0.53267
840,313.25,281.75,20.25,40.75,0.53262
840,511.5,222,13.25,26.25,0.53258
840,197.25,315.75,13.75,27.75,0.5319
840,103.5,291.75,13,25.75,0.53189
840,163.25,395.75,39,78,0.5318
840,262,436,13.75,27.25,0.5317
840,13.5,430.75,13,25.75,0.53169
840,518,3.5,15,30.25,0.53154
840,511,7,27,53.75,0.53145
840,6.75,4.75,14.25,28.25,0.53136
840,451,234.25,14,28,0.5313
840,268.25,351.75,16,31.75,0.53099
840,164.5,329.75,15.5,31,0.53075
840,501.75,451,14,28,0.53054
840,117.25,317.75,13.5,27,0.53026
870,173.75,349.5,13.75,28,0.57421
870,299.5,353.25,17,33.75,0.56151
870,508.75,377,14.75,29.75,0.55923
870,533.5,383.75,13,26,0.55656
870,37.25,347.5,14,28.25,0.55331
870,347.5,419.75,16.5,33.5,0.55298
870,51.25,391.75,16.75,33.75,0.55016
870,415,365.5,14,27.75,0.54927
870,432.5,376.25,12.25,24.5,0.54788
870,54.5,419,14,27.75,0.54691
870,104.75,288.5,12.5,24.5,0.5448
870,68,334,17.25,34.5,0.54424
870,309.75,372.5,14.5,28.75,0.54338
870,117.25,286.75,13.5,27,0.54282
870,275.5,399.5,17.5,35.25,0.54252
870,37.25,325.75,14,28,0.54213
870,156.5,386.75,14.75,29.5,0.5421
870,308,348,17,34,0.54143
870,20.75,379.5,15.25,30.5,0.54078
870,485.25,369,15.75,31.75,0.54064
870,76.75,333.75,14.75,29.75,0.54053
870,580.25,104,12.25,24.5,0.53955
870,499.5,366.5,16,31.75,0.53954
870,69.5,346,13,26,0.53934
870,388.75,432.25,16.5,33,0.53907
870,21,355.75,15.5,30.75,0.53905
870,565,135.25,13.5,27,0.53867
870,208,376.5,13,26,0.53829
870,545.75,131.75,12.25,24.75,0.53825
870,133,385.75,15,30,0.5378
870,246,341.75,13.5,27.5,0.53743
870,454.25,403.25,13.75,27.5,0.53731
870,41.5,384,31.25,62.5,0.53702
870,141.5,382.75,13.5,27.25,0.537
870,282.5,124,19.5,38.75,0.53696
870,89.5,323.75,12.5,24.75,0.5368
870,85.25,402,14.75,29.5,0.53672
870,332,16.25,12.5,25,0.53653
870,477.75,415.25,13.5,27.25,0.53617
870,350.5,30.25,12,24.25,0.53617
870,580,5.75,13.5,26.5,0.53602
870,164.25,124.25,12.25,24.75,0.53578
870,62.5,171,12.5,25,0.53563
870,525.25,383.75,13.75,27.75,0.53557
870,483.25,432.25,15.5,30.75,0.53556
870,92.5,364,15.25,30.5,0.53485
870,37.75,420.75,13,26.25,0.53477
870,452.25,437.75,14.25,28.25,0.53456
870,22.5,242.75,15.25,30.25,0.53415
870,338.25,400.25,15.5,31,0.53401
870,20.75,403.25,15.75,31.25,0.5338
870,571.75,128,12.25,24.75,0.53373
870,581.75,423.75,12.75,25.5,0.5335
870,611.75,432.75,16,31.5,0.5334
870,491.5,430.25,14.25,28.75,0.53324
870,86.75,425.75,12,24,0.53318
870,304.5,48.5,12.75,25.75,0.53301
870,523.25,80.25,16,32,0.53292
870,165.5,355,13.75,27.5,0.53282
870,69.5,395,13.25,26.25,0.53222
870,164.75,386.75,15.75,31.75,0.53215
870,164.75,348,14.5,29,0.53212
870,445.25,347,14.75,29.5,0.53153
870,626.75,241,11.5,23,0.53153
870,236.5,47.25,13,26,0.53145
870,550.5,91.5,16,32.25,0.53136
870,275.75,429,13.75,27.5,0.5311
870,148.25,351.25,15.5,31.25,0.53105
870,516.25,394.75,15,30,0.5309
870,302.25,287.25,12.75,25.75,0.53085
870,1,6.5,14.75,29.5,0.53028
900,508.5,372.25,14.75,29.5,0.57544
900,364.75,335.75,15.25,30.5,0.57145
900,492.25,368.5,14.75,29.25,0.56885
900,613.5,407,13.25,26.5,0.56517
900,373,331.75,15,29.75,0.56471
900,37,379.5,14.75,29.5,0.56466
900,449.75,375,21,42.25,0.56376
900,300.75,328.5,14.5,29.25,0.56093
900,443,380,19.25,38.25,0.5579
900,229,331.25,14.75,29.5,0.55747
900,612,393.75,16.25,32.25,0.5566
900,538,313,18.75,37.75,0.55597
900,580.25,347.25,15,29.5,0.55596
900,347.25,321,18.25,36.5,0.55564
900,355.5,335.75,17,33.75,0.55468
900,557,391.5,14.75,29.75,0.55458
900,276.25,353,16.25,32.25,0.55343
900,427.75,387.25,14.25,28,0.55231
900,500.5,367,15,29.75,0.552
900,493.5,146,14.75,29.5,0.55078
900,460.25,331,14.75,29.25,0.55048
900,476.75,388.75,14.25,28.5,0.55016
900,610.25,57,12.25,24.5,0.55006
900,590.25,334,14.5,29.25,0.54763
900,547.75,384.5,16.25,32.5,0.54582
900,91,331.25,19,38,0.54532
900,564.25,393,15.5,31,0.54457
900,515.5,376.25,16.25,32.75,0.54429
900,397,320.5,15.25,30.5,0.54427
900,405.5,346.75,15.25,30.75,0.54329
900,444.5,370,16.5,33.25,0.54261
900,412,336,16.25,32.5,0.54203
900,468.75,314.75,15,29.75,0.54198
900,428.5,356.5,17.75,35.75,0.54139
900,556.75,91.75,12,24.25,0.54122
900,213.25,333.5,14.25,28.5,0.54117
900,284,327.75,14.5,29,0.54021
900,214.5,358.25,28.25,56.5,0.53973
900,298.5,350,17.5,35.25,0.53948
900,325.25,329,14,28,0.53904
900,99.75,354.5,15.5,31,0.53778
900,516.25,354.75,15,30,0.53776
900,212.5,340.5,15.5,31,0.53748
900,354.5,363.75,18.25,36.75,0.53726
900,166,328,13.25,26.5,0.53725
900,454.25,319.25,12.75,25.5,0.53723
900,266.75,349.5,19.25,38.25,0.53685
900,334,310.75,13.25,26.5,0.53685
900,205.25,332.75,14.25,28.5,0.53663
900,15.75,110.25,25,50,0.53659
900,603.5,391.5,16.75,33.25,0.53656
900,276.25,339.5,16,32,0.53654
900,28.75,380.75,14.25,28.5,0.53637
900,477,394.5,15,30,0.53606
900,124.5,353.75,15.75,31.75,0.53595
900,20.75,392.25,15.5,31.25,0.53562
900,451,193.25,17.5,35,0.53552
900,628.25,351.75,12.25,24.75,0.53548
900,572.25,354,15.75,31.5,0.53529
900,484.75,389.25,16.5,33.25,0.53516
900,411.75,319.25,16.75,33.25,0.53498
900,477.25,331.75,14,28,0.53444
900,443.25,348.25,19.25,38.75,0.53436
900,268.75,328.25,13,26,0.53425
900,389,329.5,15.5,31,0.534
900,452,371.75,15.5,31,0.53357
900,228.5,317.75,17,34,0.53351
900,220.75,285.75,14.75,29.5,0.53333
900,572.75,326.5,14.75,29.25,0.53324
900,197.75,343.5,13,26.25,0.53304
900,141.75,347.5,13.5,27,0.53276
900,220,383.5,16.25,32.5,0.53268
900,361,90.5,14.25,28,0.5326
900,160.5,327.75,12.75,25.75,0.53244
900,565.25,320.25,15.25,30.75,0.5323
900,100,349.25,15.25,30.75,0.53164
900,538,23.75,38.5,77,0.53141
900,437.75,311.75,12.5,24.75,0.53115
900,268,366.25,17,33.75,0.5306
900,493,395.25,15.5,30.75,0.53055
900,428.5,376.25,12.75,25,0.5305
900,405.25,322,14,28,0.53046
900,555.5,358,17.5,35,0.53015
900,29.5,288.25,12.5,25,0.53002
930,156.75,377,14.25,28.75,0.58673
930,508.5,385.25,15,29.75,0.57696
930,452.25,380.5,14.5,29,0.57327
930,148.5,383,15,30.25,0.57196
930,557.25,383.25,15,30,0.57145
930,165,381.25,14.5,29.25,0.56166
930,107.75,11.75,12.5,25,0.56147
930,141.5,382.5,14,28,0.55625
930,219.25,375.5,14,28,0.55552
930,373.75,347.5,13.5,26.75,0.55199
930,325.25,347,13.75,27.25,0.54943
930,424.25,61.75,33,66,0.54507
930,476.75,395.25,16.75,33.5,0.54459
930,248.5,385,12,24,0.54168
930,563.5,383,16.25,32.5,0.54096
930,181,380.75,13.75,27.5,0.54066
930,100,389.5,15,29.75,0.54047
930,148.25,367.5,15.75,31.75,0.54026
930,506.25,327.25,17.75,35,0.53982
930,459.5,367.75,16.5,32.75,0.53925
930,540.25,390,13.75,27.25,0.53909
930,45.5,375,12.75,25.75,0.53905
930,580.25,384.25,15.25,30.75,0.53865
930,278,397.5,13.5,27,0.53849
930,213,373,15.5,31,0.53804
930,485.5,401.75,13.5,27,0.53745
930,42.5,196,20,40.25,0.53565
930,171.75,363.5,17.25,34.5,0.53507
930,508.5,156.25,94.25,188.25,0.53445
930,572.75,399,13,26,0.53429
930,467.75,367.25,17,34.25,0.53425
930,572.5,381,14.5,28.5,0.53346
930,341.25,400.5,14.5,29.25,0.53316
930,173,344.5,13.75,27.5,0.53311
930,357,25.5,11.5,23.25,0.53275
930,205.5,364.5,13.5,27.5,0.53265
930,116.25,364.75,13,26.25,0.53175
930,291.5,232.5,21.25,42.25,0.53162
930,494.25,356.75,12,24,0.53136
930,220.5,364.5,13.5,27,0.53121
930,534.5,361,12.25,25,0.53093
930,358.25,265,34.5,69.25,0.53087
930,332.25,265.25,38.5,77,0.53055
930,29,129.5,13.25,26.5,0.53021
960,132,302.25,16,32.25,0.57693
960,492.75,411.5,15,30.25,0.5649
960,267.75,262.5,17.75,35.5,0.55726
960,132.25,380.25,14,28,0.5562
960,333.25,370.5,13.75,27.5,0.55608
960,53.25,236.25,13.75,27.75,0.55491
960,562,412,18.5,37,0.55425
960,212.5,283,15.5,31,0.55376
960,100.25,315,15.25,30.5,0.55353
960,84,306.25,16.25,32.25,0.55108
960,506.25,352.25,47.25,94.25,0.55097
960,356.25,360,14.5,29.5,0.55091
960,188.25,393.5,15,30.25,0.55056
960,309.25,235.5,15,29.75,0.55047
960,555.75,411.5,16.75,33.5,0.54908
960,84.75,238.75,15.25,30.5,0.54804
960,173.5,202.25,12.5,25.25,0.54614
960,226.5,382.25,19.75,39.75,0.54609
960,500.25,254,15.5,30.5,0.54587
960,443.75,348.5,13.75,27.25,0.54457
960,308,288,16.25,32.5,0.54453
960,308.5,383.25,16.25,32.75,0.5445
960,221.75,389.75,13.5,27.25,0.54374
960,598.75,385.25,12.5,25.25,0.5433
960,540,260.25,14,27.75,0.54297
960,244,372.25,15.5,31,0.54275
960,110.25,114.75,11.75,23.5,0.54267
960,117.5,364.25,36.5,73.25,0.54248
960,483.75,411.5,15,30,0.54223
960,180.5,383.75,14.25,28.25,0.5419
960,533.75,263.75,13.25,26.5,0.54153
960,478,411.25,14.5,28.75,0.54085
960,581.25,114.5,13.75,27.75,0.54014
960,28.5,298.5,15,29.5,0.5401
960,340.75,234.75,14.5,29.5,0.54002
960,308.5,355.75,16,32,0.53944
960,349.25,283,15.5,31,0.53916
960,261,207.25,15,30.25,0.53899
960,460.75,251.5,14.25,28.75,0.53884
960,587.75,403.25,15.25,30.5,0.53856
960,341.5,365.75,13.25,26.75,0.53826
960,364.75,370.5,15.75,31.5,0.53818
960,332,346.25,15,30,0.53817
960,164,379.75,15.75,31.75,0.53809
960,332.25,239.5,15.25,30.5,0.53772
960,239.25,360,12.5,24.75,0.53765
960,124.5,291.25,15,30,0.53736
960,284.75,405.25,14.5,29.25,0.53707
960,196,372,13,26,0.53703
960,325.5,214,13.5,27,0.53678
960,203.5,367.5,17.25,34.5,0.53677
960,236.25,372.25,15,29.75,0.53626
960,494.75,366.75,12.75,25.25,0.53623
960,324,351.25,16.75,33.75,0.53598
960,300.5,217.25,16.5,33,0.53578
960,523.25,408.75,16.5,33.25,0.53572
960,445.5,34.25,16.75,33.5,0.5357
960,319.25,367.75,13.25,26.5,0.53569
960,581.5,279,13.5,26.5,0.53556
960,196.5,226,15.25,30.75,0.53533
960,97.5,393.25,21.25,42.5,0.53528
960,324.75,197.5,15,30.25,0.53517
960,289.5,360.75,18.75,37.75,0.53506
960,135,288.25,13,25.75,0.53503
960,100.5,305.75,14.75,29.5,0.53453
960,236.75,378.75,14,27.75,0.53396
960,196.5,274.75,15.5,30.75,0.53374
960,548.5,398.25,13.75,27.25,0.53369
960,595.25,376,16.25,32.25,0.53343
960,42,390.75,25.5,50.75,0.53341
960,348.25,364.75,14,27.75,0.53339
960,356.25,288.5,16,32,0.53301
960,232,110.25,13,26,0.5328
960,173.75,380.25,13.25,26.75,0.5328
960,290.25,76,12.5,25,0.53262
960,340.5,206.25,14.75,30,0.53253
960,355.5,184.5,12.5,24.75,0.53232
960,419.5,380.75,17.75,35.5,0.53219
960,508.5,412.5,14.75,29.25,0.53214
960,457.75,382.5,32.5,65.25,0.53205
960,423.75,91.75,14.25,28.25,0.53202
960,211.5,365.75,17.5,35.25,0.53178
960,356.25,257,16.75,33.25,0.53164
960,205,221.25,14.25,29,0.53163
960,487.5,358.5,44.25,88.25,0.53147
960,21,298.75,15.5,30.5,0.53142
960,316,349.75,18.25,36.25,0.53113
960,547.25,388.75,16.25,32.75,0.531
960,115.5,234,17.75,35.25,0.53099
960,358,112.25,12,24,0.53091
960,101.75,52,16.75,33.5,0.53051
960,229,243.25,14.75,29.75,0.5305
960,277.75,397.25,13.75,27.5,0.53049
960,333,251.5,14.75,29.75,0.53048
960,598.75,361,11.5,23,0.53041
960,68.5,291.25,15.5,31,0.53035
960,204.75,385.5,14.5,29.5,0.53029
960,84.75,321,12.5,24.75,0.53025
960,571,409,17.75,35,0.53008
960,51.75,323,15.25,30,0.53008
990,203.75,394,16.75,33.25,0.5607
990,198.5,327.5,12.75,26,0.55795
990,100.75,299.5,14.5,28.75,0.55708
990,37.25,332.5,14,27.5,0.55593
990,180,224.5,12.5,25,0.55172
990,172.75,386.25,15.25,30.75,0.55087
990,204.5,385.25,15.25,30.25,0.55086
990,268.5,390.75,15.75,31.75,0.55076
990,212.25,395.25,15,29.75,0.54897
990,238,401.5,12.5,25.25,0.54774
990,524.75,299,14.5,28.75,0.54731
990,127.75,334.25,13.25,26.75,0.54704
990,76,400.75,16,32.25,0.54666
990,187.5,362.25,15.25,30.25,0.54654
990,364.25,390.75,12.75,25.5,0.54575
990,21,274,14.75,29.25,0.54546
990,220.5,337.75,16,32,0.54509
990,356,401.25,15.75,31.5,0.54396
990,412.25,328.25,12.5,25.25,0.54267
990,172.25,309.75,25,50,0.54227
990,604,354.5,14.75,29.5,0.54219
990,317.25,297.75,14,28,0.54156
990,20.5,384,15.5,31,0.54078
990,36.75,394.75,14.5,29,0.54037
990,71,219,13.5,27.25,0.53998
990,276.75,389.5,15.5,30.75,0.539
990,269,236.75,14,28,0.5387
990,373.25,299.75,14.5,29,0.53827
990,93,307.25,14.5,28.75,0.53789
990,285.5,391.5,13.25,26.5,0.53778
990,237,232,12.75,26,0.53738
990,220.5,237.75,14.25,28.75,0.53736
990,245.25,396,14.75,29.25,0.53674
990,100.5,363.75,14.5,29.25,0.53639
990,236.25,321.5,11.75,23.75,0.5363
990,186.25,164.75,21.25,42.25,0.53612
990,284.5,397.5,15,29.5,0.53612
990,301,401,14.25,28.5,0.53566
990,237,273.25,15.75,31.75,0.5355
990,333.75,296.75,13.5,27,0.53519
990,85,323.5,15.25,30.25,0.53397
990,482.25,23.5,28.75,57.25,0.53386
990,156,226.5,16,32,0.53373
990,108.5,298.25,14.75,29.75,0.53359
990,232.25,218.25,11.75,23.75,0.53358
990,186.75,344.75,17.5,35.25,0.53319
990,389.25,274.5,15.25,30.5,0.53278
990,268.75,308.75,14.75,29.75,0.5327
990,-1.5,89,15.75,31.25,0.53264
990,482,359,14,28.25,0.53254
990,516,297.5,16,32,0.53239
990,0,207,24.75,49.5,0.5323
990,92.5,258,14.75,29.25,0.53222
990,459.5,384,16.25,32.25,0.53219
990,366,64,12,24,0.53205
990,292.25,285.5,14,28,0.53177
990,121,263.5,26,51.75,0.53169
990,61.25,351.75,13,26.25,0.53155
990,221.75,322.75,14.25,28.5,0.5314
990,68.75,279.25,14.5,28.75,0.53111
990,140,391.5,12.75,25.5,0.53111
990,619.25,393,13.25,26.5,0.53093
990,580,314,14.25,28.25,0.53078
990,459.75,405,15.75,31.75,0.53075
990,557.75,400.5,15.25,30.75,0.53074
990,108.25,321.25,15.5,31,0.53065
990,261,239.75,15,30.5,0.5305
990,-1.75,396.75,14.5,28.75,0.53043
990,545.5,34.25,14.75,29.75,0.53043
990,253.75,389,13.75,27.75,0.53031
1020,284.5,339,15,30,0.58732
1020,381,373.25,14.75,29.75,0.57103
1020,292.25,338.75,15,30,0.56768
1020,68.75,401.25,14.5,29,0.56249
1020,84.75,393.5,15,30.25,0.56089
1020,485,392,13.75,27,0.55739
1020,277.5,247.5,13.75,27.25,0.55697
1020,164.25,424,15.75,31.25,0.55457
1020,596.5,316.25,14.25,28.5,0.55262
1020,229.5,331,13.75,27.75,0.55257
1020,148.5,313.25,14.75,29.75,0.55086
1020,268.25,259,15.75,31.5,0.5494
1020,165.5,333.5,14.25,28,0.54929
1020,357.25,414,13.25,26.75,0.5486
1020,132.5,246.5,13.25,26.25,0.54643
1020,399,336,12.75,25.75,0.54639
1020,0.25,102,21,41.5,0.546
1020,300.75,237.25,14.25,28.25,0.54597
1020,627,147.25,14,27.75,0.54554
1020,284.75,288.25,13.5,27,0.54535
1020,311.75,326.5,12.5,25,0.54531
1020,326.25,344.5,12.5,24.75,0.54519
1020,420.5,360.5,16.25,32.25,0.54426
1020,50.75,373.25,17.75,35.5,0.54387
1020,148.5,368.25,12.75,25.75,0.54341
1020,373,394.5,14.5,29.25,0.54332
1020,316.75,386.25,15.25,30.75,0.54331
1020,212,335.5,16,32,0.54276
1020,348.25,409.25,14.25,28,0.54271
1020,388,282.25,12.5,25.25,0.54231
1020,301.25,350,14.75,29.5,0.54222
1020,398.25,390,13.5,27.25,0.54212
1020,195.75,342.25,16.5,33,0.54187
1020,535.75,103.75,13.5,27,0.54179
1020,204.75,319.25,13.5,26.75,0.54175
1020,43.25,402.25,13.75,27.75,0.54167
1020,181,296,13.5,27,0.54141
1020,452.75,356.5,14.5,29.25,0.54092
1020,117,284.75,14,28,0.54085
1020,389.25,324.25,14,28.25,0.54054
1020,20,394.75,16,32,0.54018
1020,178,51.5,17.5,34.75,0.53953
1020,365,294.25,13.5,27.5,0.5395
1020,558,102.5,13.5,27,0.53927
1020,316.5,344,12.5,25.25,0.53925
1020,69.5,278.5,13.5,27,0.53909
1020,381.25,283.25,13.5,27.25,0.53892
1020,468,363,15.5,31.25,0.53863
1020,51.25,288,16.5,33,0.53848
1020,75.75,269.75,15.75,31.75,0.53841
1020,317,414,13.25,26.25,0.53823
1020,295.75,16.25,12.75,25,0.53766
1020,236.25,266.25,16.5,33,0.5374
1020,532.75,277,14.25,28.25,0.53714
1020,54.75,278.5,13,26,0.53658
1020,508.75,284.5,14.5,29.25,0.53633
1020,388.75,376.5,12.75,25.25,0.53619
1020,536.5,375.25,38.75,77.5,0.53616
1020,373.25,408.75,14.5,29,0.53597
1020,437.5,331,14.75,29.25,0.53595
1020,341,26.75,13.75,27.5,0.5358
1020,205.25,340,14.25,28.25,0.53543
1020,299.5,400.25,16,31.75,0.53539
1020,140.25,367.5,16,32.25,0.53524
1020,253.25,277.5,14.75,29.75,0.53512
1020,575.75,391.5,12.75,25.5,0.53501
1020,279,328.5,12.25,24.5,0.53487
1020,108,275.25,15.75,31.75,0.53455
1020,-1.75,58.75,15.25,30.5,0.53455
1020,285,266.5,14.25,28.75,0.53435
1020,307.75,291.25,16,32.5,0.53428
1020,164,408.5,16.25,32.75,0.53412
1020,578.25,393,12.25,24.25,0.53412
1020,300,321.25,13,25.5,0.53392
1020,516.5,427.75,14.25,28.5,0.53388
1020,295.25,8,13.25,26.5,0.53387
1020,221.25,332,14.25,28.75,0.53368
1020,603.25,335.5,16.75,33.25,0.5336
1020,379.75,236.5,17.25,34.5,0.53349
1020,212.5,395,15,29.75,0.53348
1020,283.75,7.5,13.25,26.75,0.53322
1020,195.25,329.75,18.25,36.5,0.53308
1020,483.75,350.75,12.25,24.5,0.53308
1020,222.25,232.75,12.25,24.75,0.53303
1020,365.5,393.5,14.5,29,0.53209
1020,228.5,285,16,32.5,0.53208
1020,325,301.75,15,30.25,0.53198
1020,224.25,312.75,21.25,42.25,0.53192
1020,341.25,382.75,13.75,27,0.5318
1020,356.5,398.25,14.5,29,0.53172
1020,261,259.25,14.75,29,0.53158
1020,157,312,12,23.75,0.53153
1020,267.5,313,18.5,37,0.53151
1020,212.5,331.5,14.75,29.75,0.53148
1020,174.25,326,13.5,27,0.5314
1020,59.75,285.25,17,34,0.53126
1020,124.5,368,16.25,32.25,0.53114
1020,91,381.25,18,36,0.53108
1020,172.25,347.5,16,32,0.53103
1020,197.75,278.75,13,26,0.53098
1020,236.75,330.75,14.5,29.25,0.53092
1020,28.25,274.75,14.75,29.75,0.53091
1020,411.75,319.25,17,34,0.5308
1020,171.5,265.25,17.5,35.25,0.53067
1020,36,331.75,15.75,31.5,0.53064
1020,308.5,350,14.5,29.25,0.53051
1020,315.75,45,26.25,52.75,0.53036
1020,428.25,362.25,15.5,31.25,0.53006
1020,603.25,54.5,26.25,52.75,0.53006
1020,261.75,266.25,14,28,0.53001
1050,197.75,333.75,13.5,27.5,0.56081
1050,252.5,360.75,15.25,30.5,0.56044
1050,359,290,12.75,25.75,0.55989
1050,557.5,99,14,28.25,0.55782
1050,117.5,329.5,14,28.25,0.55696
1050,293.5,334.25,14.25,28.25,0.55692
1050,610,198,33.75,67.5,0.5566
1050,191.75,399.75,12.5,25,0.55556
1050,124.5,423.75,15.25,30.75,0.55396
1050,140.75,285,15.25,30.25,0.5536
1050,324,366.75,17,34,0.55355
1050,21.25,413.5,14.75,29.75,0.55269
1050,205.5,319,13,26,0.55108
1050,60.25,349.5,16.25,32,0.55062
1050,125,339.25,14.5,29.5,0.55053
1050,155,365.25,13.5,27,0.54991
1050,357.25,375.25,13.5,26.75,0.54944
1050,133,418,15.5,31,0.54926
1050,253.5,422,13.5,27,0.5486
1050,204.25,408.25,16.5,32.75,0.54714
1050,147.5,414.5,17,34.25,0.54621
1050,164.5,411.75,15,30.5,0.54596
1050,269,349.5,14,28,0.54575
1050,285.75,348.75,13.5,27,0.5457
1050,181,358.5,13.25,26.25,0.54498
1050,422,367,13.75,27.5,0.54487
1050,44.75,341.75,12,24,0.54423
1050,455,173.5,19.25,38.75,0.54382
1050,390,319.75,13.25,26.25,0.54341
1050,290.25,375.5,18.25,36.5,0.54309
1050,347.5,380,16.25,32.5,0.54256
1050,196.75,353.5,15.5,31.25,0.54246
1050,156.5,425.5,14.5,28.75,0.5423
1050,316.25,335.75,16.75,33.25,0.5423
1050,100,400.75,14.75,29.25,0.54227
1050,460.5,383.5,16.5,32.75,0.5422
1050,109,327.5,13.5,27,0.54197
1050,156,414.25,15.25,30.5,0.5419
1050,125,284.75,14.5,29.25,0.54087
1050,422,392.25,12.75,25.25,0.54069
1050,196.5,409,15.5,30.75,0.54056
1050,411.25,339.5,16.25,32,0.54033
1050,436.5,361,16.25,32.5,0.53967
1050,61,298.75,14.5,29,0.53949
1050,213.75,344.5,12.75,25.25,0.53945
1050,44.5,358,13.5,27,0.53924
1050,463.25,92.5,35.5,71,0.53904
1050,243,179.5,15,29.75,0.53896
1050,436,347,14,27.75,0.53844
1050,141,344.75,13.75,27.25,0.53839
1050,298.25,330.5,18.25,36.5,0.53815
1050,219.25,315.25,17.25,35,0.53784
1050,396.25,315.25,15.25,30.75,0.53782
1050,597.5,286.75,13.5,27,0.53754
1050,317.25,353.25,14.25,28.25,0.53723
1050,77.25,319.5,13.5,27,0.53719
1050,84.25,348.25,17.5,35,0.53716
1050,164.5,402.75,15.25,30.25,0.53699
1050,35.75,362.5,16.5,32.75,0.53668
1050,100,415,15.25,31,0.53665
1050,285,269.5,13.5,27,0.53617
1050,276.25,322,13.5,27.5,0.53599
1050,320,41.25,30.25,60.5,0.53594
1050,171.5,333.75,17.5,35,0.53557
1050,380.5,361.25,14.25,28.5,0.53547
1050,300.25,348.75,15.75,31.5,0.53543
1050,308.5,330.75,15.5,31.25,0.53532
1050,263.75,290,13,26,0.53521
1050,68.75,334,16,31.75,0.53486
1050,284.75,390,14.5,29,0.53485
1050,579,30.5,15.75,31.5,0.53428
1050,493.5,362.5,12.75,25.75,0.53342
1050,589,296.5,14.25,28.5,0.53338
1050,260.25,321.25,15.75,31.25,0.53332
1050,454.75,32,12.5,25.5,0.53326
1050,165,312.25,14.5,29.25,0.53293
1050,348.25,335.25,13.75,27.25,0.53289
1050,373.25,379,14,27.75,0.53224
1050,104,295.25,26.25,52,0.53219
1050,548.5,433.75,15.25,30.5,0.53215
1050,116.25,277.5,17,33.5,0.53214
1050,138.75,137,11.5,23,0.532
1050,243.5,302.25,13.5,26.5,0.53168
1050,470,386.75,14.5,29.25,0.53132
1050,421,336.25,16.25,32.75,0.53127
1050,340.75,383.25,15.25,30.5,0.5311
1050,396.5,425,15.5,31,0.53095
1050,221.75,378.25,14,27.75,0.53069
1050,263.25,263.5,12,24,0.53055
1050,607.75,94.5,15.5,30.5,0.53046
1050,222.25,400.75,15.75,31.75,0.53042
1050,124,415.75,15.5,31,0.5304
1050,349.75,8.25,16.5,33,0.53034
1050,269,419,13.75,27.5,0.53002
1080,69.5,379.75,14,28.25,0.57722
1080,72,359.5,12.5,25.25,0.55807
1080,220,365.25,16.25,32.5,0.55295
1080,340.75,399.75,14.75,30,0.5529
1080,220.25,394.25,16,32.25,0.55275
1080,412,397,14.25,28.5,0.55237
1080,252.75,379.5,14.25,28.75,0.55177
1080,229,410.75,14.75,29.75,0.55076
1080,260.75,370,15.25,30.5,0.55025
1080,267.5,365.5,18,36,0.5481
1080,384.75,74.75,11.5,23.25,0.54793
1080,435.5,366.25,14.5,28.75,0.54762
1080,182.5,388.75,14.25,28.25,0.54535
1080,37.25,301.5,14,28,0.54309
1080,491.75,390.25,13.5,27,0.54299
1080,196.75,361.75,14.5,29,0.54244
1080,444.75,392.25,16.25,32.25,0.54084
1080,76.25,379.5,15.75,31.25,0.54056
1080,173,338.5,14.75,30,0.54013
1080,452.5,365.5,14.25,28.25,0.54002
1080,348.75,380.75,13.75,27.5,0.53968
1080,20.5,353.25,16.25,32.25,0.53963
1080,197.25,375.75,13.25,26.5,0.53926
1080,324.75,382.25,15.25,30.5,0.53895
1080,604.75,315.75,14,28,0.53864
1080,181,363.25,13.75,27.5,0.53837
1080,28.5,356.25,14.25,28.5,0.53798
1080,171.5,383.5,17,33.75,0.53781
1080,199,377.5,27.25,54.25,0.53745
1080,277,366,13.5,27.25,0.53714
1080,229.5,364.75,13.5,27,0.53714
1080,509.25,389.25,13.75,27.5,0.53697
1080,85.25,356.25,14.5,29.25,0.53672
1080,125.5,312.25,15.75,31.25,0.53577
1080,411.5,384,15.75,31.5,0.53559
1080,84.25,366.25,16.25,32.25,0.53555
1080,364.25,213.5,14,28.25,0.53545
1080,399.25,326.75,13,26.25,0.53544
1080,420.25,409.75,15.25,30.5,0.53525
1080,253,402.25,15,30,0.53508
1080,397,348.5,14.25,28.25,0.5346
1080,388.75,370.25,14.5,28.75,0.53413
1080,0.25,40,14,28,0.53409
1080,308.75,360.25,14,28,0.53409
1080,7.25,340.75,12.5,25.5,0.53404
1080,404.5,370.25,14.5,28.5,0.534
1080,180.75,401,15.75,31.5,0.53369
1080,470.25,342.25,13.5,27.25,0.53363
1080,134.25,354,13.25,26.75,0.53345
1080,21,409.5,15.5,30.75,0.53344
1080,540.5,424.25,12.5,25,0.53337
1080,328.25,27,27,54,0.53337
1080,116,339.75,16.75,33.25,0.53319
1080,92.5,365.5,14.75,29.5,0.53315
1080,604.75,344,13.5,26.75,0.5329
1080,176.75,407.75,12.5,25,0.53265
1080,549.25,296,12.5,25,0.53263
1080,60.5,401.5,15.75,31.75,0.53261
1080,117.25,371,15.25,30.75,0.5323
1080,387.5,360.25,16.5,33,0.5319
1080,301,360.5,13.75,27.5,0.53102
1080,564.25,314.5,15,29.75,0.53093
1080,147.75,380.5,17.25,34.25,0.5309
1080,36.75,401.25,15.5,30.75,0.53087
1080,172.75,358.25,13.75,27.25,0.53068
1080,29,326.25,13.75,27.5,0.53062
1080,403.75,392.5,15.5,30.75,0.53021
1080,234.75,68,16,31.75,0.53017
1080,459.75,366.75,16,32,0.53009
1110,141,379.75,14.5,29.25,0.56493
1110,220.75,364.75,13.5,27.5,0.5631
1110,277.5,371.75,13.75,27.5,0.55687
1110,68.75,396.75,14.25,28.5,0.55437
1110,148.25,378.5,15.5,31,0.55404
1110,476.75,386,15.25,30.25,0.55289
1110,189.25,366.75,13.75,27.25,0.55197
1110,156.75,368.5,13.25,26.5,0.54725
1110,116.5,384.5,15.75,31.25,0.5466
1110,466,410.75,19.5,38.5,0.54629
1110,92.25,379.25,15,29.75,0.54502
1110,508.5,413.5,15,30,0.54469
1110,43.75,319.75,15,30,0.54247
1110,384.5,54,13,26,0.54188
1110,20.75,388.25,15,30,0.54082
1110,100.25,379.5,15,30,0.54072
1110,602.25,395,27,54,0.54061
1110,447,413.5,19.5,39,0.53984
1110,492,337,12.75,25.75,0.53909
1110,354.5,406.75,22.5,44.75,0.53881
1110,216.25,342.5,12.75,25.5,0.53861
1110,131.25,366.5,17.25,34.75,0.53849
1110,278.75,351.5,12.25,24,0.53779
1110,105.25,249,16,32.5,0.53633
1110,554.5,417,18.25,36.25,0.53614
1110,22.75,378.75,12.5,24.75,0.53599
1110,196.25,367,16.25,32.5,0.53597
1110,612.75,418.25,15.75,32,0.53585
1110,180.5,364,14.5,29,0.53548
1110,387.5,400.5,12.5,25.25,0.53535
1110,108,387.25,15.5,30.5,0.53514
1110,204.25,269.5,12.5,25,0.53487
1110,76,362,12.25,24.5,0.53453
1110,516.75,109,11.5,23,0.53435
1110,490.75,411.75,18.25,37,0.53401
1110,628.25,148.5,12,24,0.53377
1110,382.25,266.25,14.25,28.25,0.53375
1110,13.75,396,14.25,28.75,0.53362
1110,66.75,371.5,13.25,26.25,0.53361
1110,27.75,274.5,16.5,33,0.53359
1110,582.5,400,12.25,24.25,0.53348
1110,214.5,331.25,13,25.5,0.53264
1110,582,84,13,25.75,0.53255
1110,524,407.5,12.5,24.75,0.53214
1110,445.25,378.75,13.25,26.25,0.53203
1110,27.75,324.75,14,28.25,0.53188
1110,107.5,92.25,30.25,60.5,0.53177
1110,55.5,394,13,25.75,0.53162
1110,418.75,404.25,18.25,36.75,0.53137
1110,14,187.75,15.5,31.25,0.53124
1110,44.5,266.25,13.5,27.25,0.53055
1110,483.75,376.25,15,29.75,0.53015
1110,292.25,341,13.5,26.75,0.53013
1110,443.5,412.75,13.75,28,0.53001
1140,452,357.75,15.75,31.75,0.5587
1140,124.25,321.5,13.75,27.5,0.55862
1140,85.75,369.25,14,27.75,0.55772
1140,20,294.5,13.25,26.75,0.55394
1140,108.25,319.5,14.5,29.25,0.55203
1140,468.25,403.5,13.75,27.5,0.55132
1140,213,364.75,14.5,29,0.54987
1140,276.5,324.75,15.5,30.75,0.5495
1140,61.5,299.75,14.25,28.5,0.5481
1140,166.5,385.75,15.25,31,0.54677
1140,464.25,69.5,12.25,24.75,0.54617
1140,300.5,362.75,14.75,29.5,0.54609
1140,70,384.75,12.5,25,0.54565
1140,565.25,28.5,13.5,27,0.54564
1140,19.25,177,15,29.75,0.5451
1140,333,339.5,14.75,29.5,0.54434
1140,484,368.25,12,24.25,0.54292
1140,382,354.5,12.75,25.75,0.54249
1140,16.25,296.75,11.75,23.75,0.54237
1140,69.25,291.75,14.5,29,0.54107
1140,180.75,395.75,14.25,28.5,0.53838
1140,261,305,14.75,29.25,0.53786
1140,279.5,45.5,13,25.75,0.53744
1140,534.25,17.5,15.5,31.25,0.537
1140,472,346.75,12.25,24.75,0.53689
1140,603.25,264.75,17,34.25,0.53643
1140,461,366.25,13,26,0.5355
1140,284.25,322,12.5,25.25,0.53485
1140,205,363,14.5,29.25,0.53452
1140,414.25,137.5,152,304.25,0.53451
1140,431.25,217.25,12.25,24.25,0.53436
1140,381.5,332,15,30,0.53433
1140,27.75,289.25,15.5,31.25,0.53416
1140,100,371,15,30.25,0.53414
1140,340.75,339.25,15.25,30.25,0.53379
1140,124.25,282.25,12.25,24.5,0.5337
1140,236.5,338.25,14.5,28.75,0.5336
1140,383,144.25,135,269.75,0.5334
1140,221,339.5,14.25,28.5,0.53324
1140,373.25,231,16,31.75,0.53322
1140,332.5,334.75,14.5,29.25,0.53304
1140,228.25,371,15.25,30.75,0.53271
1140,269,363.5,13.25,26.75,0.53263
1140,458.75,308,64.75,129.75,0.53219
1140,276.75,360.75,15,30.25,0.53198
1140,204,383.5,16.25,32.5,0.53158
1140,355,331.75,16.25,32.75,0.53139
1140,613.25,171.25,14,28,0.53082
1140,44.5,318.25,13.25,26.5,0.53077
1140,51.5,313.5,16,32.25,0.53072
1140,189.25,394.5,12.5,24.75,0.53043
1140,588,375.75,12.25,24.75,0.53013
1170,612.75,386.75,15,30,0.56178
1170,525,366.5,13.5,27.25,0.56093
1170,205,276.25,13.5,27,0.56067
1170,567,356.5,14,28.25,0.55799
1170,411.5,401,18.5,36.75,0.55398
1170,349.75,300.75,13.5,26.75,0.55077
1170,116,258.5,13.5,27.25,0.54975
1170,500.25,353,16,31.75,0.54907
1170,29,407,13.5,27.25,0.54712
1170,628.25,70,13,25.75,0.54648
1170,604,375.75,16.25,32.25,0.54645
1170,530,271.5,17,33.75,0.54226
1170,211.75,383.25,16.75,33,0.54184
1170,538.5,271,18,35.75,0.54183
1170,299.5,367.75,16.25,33,0.54165
1170,511.25,49.75,14.75,29.75,0.54095
1170,312,347,12.75,25.75,0.54025
1170,68,274.25,13.75,27.5,0.53955
1170,494.5,270,13.75,27.75,0.53942
1170,540,358.5,14.25,28.5,0.53926
1170,263.25,59.75,13.75,27.5,0.53919
1170,493.75,374.75,13.75,27.5,0.53917
1170,210.25,282.25,18.75,37.75,0.53902
1170,281,38.25,13.5,26.75,0.53735
1170,328,8.5,103.5,207,0.53669
1170,268.5,400.25,16.25,32.75,0.53657
1170,556.75,309.75,14.25,28.75,0.5363
1170,88.5,312.5,11.75,23.5,0.53619
1170,170.25,309,11.5,23,0.5361
1170,292.75,324,13.25,26.25,0.53578
1170,54,319.5,13.25,26.5,0.53569
1170,428,413.75,15,30.25,0.53524
1170,444,398.5,17.75,35.75,0.53524
1170,566,319.25,12.75,25.75,0.53511
1170,308.25,367.25,16.5,33.25,0.53463
1170,580.75,322.5,14.75,29.75,0.53432
1170,552,73.25,19.25,38.5,0.53427
1170,599.5,87.75,13.75,27.75,0.53394
1170,524.25,345.75,13.5,26.75,0.53392
1170,117,379.75,14.25,28.75,0.53376
1170,572.75,317,14.25,28.25,0.53364
1170,492.25,269.75,13,26.25,0.53341
1170,516.5,342.5,12,24,0.53334
1170,597,333,14,28,0.53327
1170,613.25,324.25,14.25,28.5,0.53314
1170,583.75,47.5,27.75,55.5,0.53306
1170,340.5,342.25,17,34.25,0.533
1170,578.5,332.75,17.75,35.25,0.53293
1170,256.5,66.75,12,24,0.53289
1170,109.25,269.25,13.5,26.75,0.5328
1170,325,359.75,14.75,29.5,0.53204
1170,87.25,377,11.5,23,0.53198
1170,277.75,393,13.25,26.5,0.53173
1170,59.75,292.25,17.75,35.75,0.53127
1170,420.5,354,16,32,0.53125
1170,104.75,282.75,11.5,23.25,0.53118
1170,229,84,15.25,30.25,0.53115
1170,628.75,105.5,12.25,24.75,0.53097
1170,44,7.5,13.5,27,0.53094
1170,83.75,274,14.25,28.5,0.53077
1170,319.75,348.75,13,26,0.53074
1170,291.75,370.25,15.25,30.25,0.53043
1170,581.5,299.5,14,28,0.53032
1170,196.75,274.75,14.75,29.25,0.53019
1200,277.75,24.5,13.75,27.25,0.56171
1200,468.25,385,16.75,33.5,0.55357
1200,212.75,363.75,13.25,26.5,0.55218
1200,69,348.25,14,27.75,0.55079
1200,283.75,215.75,12.75,25.75,0.5503
1200,51.75,369.5,15.25,30.5,0.54742
1200,458.5,375.75,12.5,25.5,0.54548
1200,256.25,45.75,13,26,0.54548
1200,145.75,358.75,12.75,25.5,0.54498
1200,371.25,334.75,12.5,25.25,0.54465
1200,196.5,346,15.5,31.5,0.54364
1200,371.75,350.25,12,24,0.54322
1200,293.25,363.75,13.25,26.25,0.54289
1200,542.5,133,15,29.75,0.54022
1200,430.5,342,14,27.75,0.53989
1200,491,383.75,17.25,34.5,0.53973
1200,44.25,370,14.5,29,0.53962
1200,261.25,347.5,14.5,29.25,0.53805
1200,467,311.5,16.75,33.25,0.53746
1200,117.75,331,13.25,26.75,0.53714
1200,205.5,365.5,13.5,27,0.53699
1200,408.25,322,12.25,24.5,0.53692
1200,318.25,315.75,13,26.25,0.53668
1200,51.25,340.75,16.75,33.25,0.53608
1200,412.5,287.25,12.25,24.5,0.53603
1200,54.75,33.5,13.25,26.75,0.53556
1200,252,48.75,13,26.25,0.53549
1200,314.75,351.5,23.75,47.5,0.53386
1200,331,341.25,27.5,55,0.53383
1200,109.25,217.5,17,34.25,0.53365
1200,172.75,360.75,11.5,23.5,0.53352
1200,276.25,353.25,16.5,33,0.53349
1200,221.75,363.5,13,26.25,0.53341
1200,594.75,396.25,18,36.25,0.53329
1200,485.25,363.25,13.75,27.25,0.53197
1200,215.5,56.75,21,42,0.53161
1200,253,343.75,14.75,29.5,0.53123
1200,586.75,324.5,12,24.25,0.53118
1200,308.75,364.25,16,32.25,0.53112
1200,503,274.25,13.5,26.5,0.53078
1200,236.75,346,17,34,0.53063
1200,586.75,396.25,16.75,33.25,0.53059
1200,452.5,359,13,26.25,0.53021
1200,92.75,24.5,28,56,0.53002
1230,21.25,299.75,14,28.25,0.57713
1230,268.75,386.25,13.75,27.5,0.55905
1230,198.5,391.5,13,26.25,0.55686
1230,262.25,390.25,13.25,26.5,0.55387
1230,36.75,300.5,14.5,29.25,0.5534
1230,579.5,281.75,14.25,28.75,0.55293
1230,534,274.5,15,30,0.54945
1230,499.5,332,13.5,27.25,0.54942
1230,606.25,292.5,14,28.25,0.5489
1230,235.5,45,16.75,33.5,0.54743
1230,459.25,271,13,26,0.54694
1230,435.25,267.75,12.25,24.75,0.54684
1230,399.75,318.75,12.75,25.5,0.5468
1230,613,291.75,15,30.25,0.54629
1230,116.5,411.75,15,30,0.54561
1230,442.5,330,14.75,29.75,0.54525
1230,323.5,311.25,12.5,24.75,0.54521
1230,614.25,386.25,27.75,55.75,0.54443
1230,101.75,336.5,12.75,25,0.54396
1230,533.25,299.25,15,30,0.54311
1230,16.75,375.75,13.5,27,0.54311
1230,125.5,348.75,13.75,27.5,0.54311
1230,186.25,389.75,11.75,23.5,0.54292
1230,427.75,415.5,14.25,28.75,0.54229
1230,483.75,324.25,14.5,28.75,0.54217
1230,466.25,402.5,18.5,37.25,0.54177
1230,172.75,405.25,15.5,31.25,0.54157
1230,598,295.25,13.75,27.25,0.54128
1230,36.75,357,14.25,28.5,0.54121
1230,229.75,304.5,12,24,0.54103
1230,60,296.25,15.75,31.5,0.54087
1230,-3.75,175,29,58,0.54069
1230,294,345.25,13,26,0.54057
1230,292.25,283.5,12.25,24.5,0.54051
1230,202.5,273.25,11.5,23.25,0.54028
1230,84.5,392.75,15.75,31.5,0.54015
1230,368.5,311,66.75,133.75,0.53992
1230,273.25,22.5,14,27.75,0.53991
1230,542.5,360.75,18.75,37.5,0.53967
1230,148.75,310.25,14.25,28.75,0.53891
1230,412.75,336.25,13.75,27.25,0.5387
1230,468.75,98.25,15.5,30.75,0.53835
1230,477,283,13.5,27,0.53814
1230,445,404,14.75,29.5,0.5381
1230,277.25,349.5,14.5,29.25,0.53803
1230,556.75,305.25,15,30,0.53776
1230,164.25,389.75,15.75,31.75,0.53762
1230,468.25,377.25,33.5,67.25,0.53759
1230,284.5,409.5,15.25,30.25,0.53757
1230,388.5,410.75,15.25,30.75,0.53727
1230,190.5,390.5,13.25,26.5,0.53724
1230,29,302.25,13.5,26.75,0.53695
1230,613.75,303.25,13.25,26.75,0.5368
1230,23.5,358.25,12.5,25,0.53675
1230,28.75,348.25,13.5,27.25,0.53652
1230,556.75,265.25,13,25.75,0.53651
1230,547.75,270.25,15.75,32,0.53634
1230,545,386,25.25,50.5,0.5361
1230,235.25,299.75,14.25,28.75,0.53599
1230,83.25,380.75,18.25,36.5,0.53564
1230,507.25,271.5,16.5,33.25,0.53495
1230,451.5,328.5,16,31.5,0.53467
1230,429.25,375.25,14,27.75,0.5346
1230,215.5,337,57.75,115.5,0.53445
1230,428,326.25,13.75,27.25,0.53443
1230,148.75,383,14.5,29.25,0.53434
1230,574.75,364.75,17.25,34.5,0.53359
1230,156.5,377.5,14.5,29.25,0.53357
1230,76,380.5,14.75,29.75,0.53278
1230,252,302.75,12.75,25.5,0.53255
1230,21.25,342.5,13.5,27,0.53236
1230,258.5,325.25,60.5,121,0.53224
1230,133.75,345.25,14,28,0.53213
1230,141.25,290.5,14.5,29,0.53207
1230,364.75,393.5,15.75,31.25,0.53175
1230,490.75,310.25,17.75,35.25,0.53136
1230,123.75,395.5,16,31.5,0.53102
1230,394,401,19.75,39.5,0.53083
1230,148.25,281,15.75,31.5,0.53066
1230,140.75,392.5,15,29.75,0.53055
1230,157.5,237.5,90.75,181.25,0.53055
1230,487.25,373,33.5,67,0.53015
1230,556,288,17,34,0.53014
1260,484,404.5,15,29.75,0.55693
1260,116.25,408.5,16.25,32.5,0.5472
1260,498.5,403,15.75,31.5,0.54365
1260,315.5,259.75,13.25,26.75,0.54355
1260,328.5,342.75,16.75,33.25,0.54282
1260,299.25,263,17,33.5,0.54235
1260,149,286.25,13.75,28,0.54212
1260,457,409,12.5,24.75,0.54049
1260,20.75,285,14,27.5,0.53864
1260,589,290.5,11.75,24,0.538
1260,443.25,77.75,13.25,26.25,0.53757
1260,332.75,268.25,15,30,0.53723
1260,231,113,21.75,43.5,0.53722
1260,462.5,361,12,24,0.53708
1260,259.5,13.5,13.25,26.75,0.53609
1260,132.75,296.25,14.75,29.75,0.53554
1260,141.25,293.75,14.75,29.5,0.53501
1260,270.25,181,14.75,29.5,0.53474
1260,316.25,380.75,12,23.75,0.53462
1260,237.25,236.75,18.5,36.75,0.53367
1260,348.75,253,13.25,26.5,0.53367
1260,412.5,380.75,12.25,24.5,0.53306
1260,28.25,358,13.75,27.25,0.53295
1260,625.5,194.5,15.25,30.25,0.53277
1260,340.75,269.25,16,32,0.53269
1260,306.5,237.25,15.5,31,0.5326
1260,179.75,301,16,32,0.53227
1260,350,406.25,14.25,28.25,0.53192
1260,100,290.25,14.75,29.5,0.53157
1260,108,281.75,15.5,31,0.53129
1260,582.75,339,27,54,0.53099
1260,128,23.25,12.75,25.5,0.5306
1260,327,262.75,13.5,27,0.53033
1260,625.5,91,15.75,31.5,0.53009
1290,253,370.25,14.5,29.5,0.55403
1290,325.75,355,15,29.75,0.55321
1290,261.5,374.75,14.25,28.75,0.55304
1290,628.5,10,12.25,24.25,0.55164
1290,628.25,37.75,12.5,25,0.55004
1290,269,387,14.5,29,0.54588
1290,325.5,367,13.75,27.75,0.54522
1290,236.75,374.75,14.75,29.5,0.54255
1290,295.75,54.25,12.5,25,0.54158
1290,483.75,135.25,12.75,25.25,0.54155
1290,538.75,350,12,24.25,0.53945
1290,583.25,62,15.5,31.25,0.53934
1290,246.5,5,14.25,28.25,0.53898
1290,341.75,365.75,13,26,0.53863
1290,155.75,384,12.25,24.75,0.53815
1290,395,15.75,15.25,30.5,0.53758
1290,437,354.5,14.25,28.25,0.53712
1290,333.5,129,12.5,25.5,0.53609
1290,468,359,16.25,32.75,0.53501
1290,189.5,344,15.5,31.25,0.53479
1290,212.25,377,15.25,30.25,0.53465
1290,77.25,364,13.75,27.75,0.53421
1290,236.25,341,17.5,35.25,0.53387
1290,296,32.5,12,24,0.53323
1290,558.75,320.5,12.5,25,0.53315
1290,267,349.75,20.5,41,0.53222
1290,542.5,349.75,12.25,24.25,0.53182
1290,68.75,354.75,15.5,31,0.53161
1290,189.5,294,13.75,27.25,0.53022
1290,168,352,12.5,25,0.53003
1320,613.25,355.75,14.5,29,0.57615
1320,357,388,14.5,29.25,0.57202
1320,540.75,333.75,17,33.75,0.56583
1320,556.25,338.5,13.75,27.5,0.56395
1320,564,327.5,15.75,31,0.56368
1320,373.5,384.25,15.75,31.5,0.56318
1320,605.75,357.25,14,28,0.56269
1320,126.25,311,13,25.75,0.56236
1320,588.75,365.5,13.75,27.25,0.55948
1320,509.25,356.75,13.75,27.5,0.55897
1320,567.25,359,13,26,0.55863
1320,341.5,380.25,14,28.25,0.55783
1320,366.25,388.5,14.25,28.25,0.55438
1320,462,337.5,14,27.75,0.5526
1320,542,331.75,14.5,29,0.55238
1320,436.5,361,14.5,28.75,0.55123
1320,532.75,398.25,14,27.75,0.55119
1320,284.25,11,12,24,0.55092
1320,405,370.5,14.25,28.5,0.54987
1320,220.75,359.5,12.25,25,0.54968
1320,390.75,376.5,12.75,25.5,0.54938
1320,428,332.5,14.5,28.75,0.54843
1320,326.25,335.25,13.25,27,0.54781
1320,53.25,269.5,18.25,37,0.54768
1320,220.5,379.25,14,28.5,0.54767
1320,613.5,316,14,28.25,0.54762
1320,490.75,383.75,18.5,36.5,0.54749
1320,421.25,379,14.25,28.5,0.54712
1320,60.75,366,13.75,27.5,0.54691
1320,261.5,377.5,14.25,28.5,0.54658
1320,164.75,348.5,14,28,0.5457
1320,558.5,313,12.75,25.5,0.54463
1320,580.5,315.75,15,30,0.54407
1320,532.5,347.25,14.75,29.75,0.54346
1320,546.5,350,17.75,35,0.54147
1320,516,337.75,15.75,31.5,0.54129
1320,611.75,76,14.5,29,0.54121
1320,339.5,346,13.25,26.25,0.54112
1320,603.25,364.25,17.5,34.75,0.54099
1320,524,324,16.25,32.25,0.54083
1320,196.75,334.25,17,34,0.54076
1320,302.25,236.75,13.5,27.25,0.53969
1320,523.75,400.75,16.75,34,0.53851
1320,584.25,73,12.5,25,0.53802
1320,612.75,377.75,15,30,0.53784
1320,131.25,402.5,16.5,32.75,0.53736
1320,317.25,235.75,14.5,29,0.53687
1320,613.75,331.25,14,28,0.53673
1320,336.25,314.75,12.25,24.5,0.53623
1320,175.5,322,24.5,48.5,0.53599
1320,462.25,323.5,15,30,0.53579
1320,56.75,367,35.25,70.75,0.53578
1320,22.5,367,13,25.75,0.53566
1320,326.5,347.25,12.25,24.5,0.53526
1320,77.5,293.25,13.5,27,0.53517
1320,53,219,111.75,223.5,0.53514
1320,405.5,240,15.5,30.75,0.53505
1320,571.75,316.5,16.5,33,0.53407
1320,385.75,57.5,13,26.25,0.53396
1320,115.75,380.5,17.25,34.25,0.53389
1320,547.5,319.25,13.75,27.25,0.53343
1320,507.75,151.5,24.5,48.75,0.53306
1320,156.5,349.25,14.75,29.5,0.53299
1320,581.5,331,13.75,27.5,0.53253
1320,44.5,366.75,37.75,75.5,0.53246
1320,396,372,15,30.25,0.53236
1320,100,366.25,14.75,29.5,0.5323
1320,71.25,87,12.5,25.25,0.53216
1320,541.75,341,14.5,29,0.53206
1320,325.75,236,14.75,29.25,0.5316
1320,196,366.5,16.5,33,0.53153
1320,621.75,59.5,13.5,26.75,0.53149
1320,283,337,14.25,29,0.53114
1320,428.5,374.75,13.5,27,0.53061
1320,177.25,154.25,15.25,30.75,0.53059
1320,356.5,241,16,31.5,0.53051
1320,563.75,313.5,16.25,32.5,0.53045
1320,276.5,280.75,14,27.75,0.53031
1320,547.75,258,19.5,38.75,0.53011
1320,123.75,370,14.25,28.25,0.53001
1350,267.75,336.5,12.25,24.25,0.56515
1350,148.5,329.5,15.25,30.5,0.5609
1350,148.5,385,14.5,29,0.55783
1350,188,154.5,14.5,29,0.55648
1350,570,399.25,26,51.75,0.55539
1350,420.25,414.25,17,33.75,0.55478
1350,200,41,12,24,0.55053
1350,232.25,336.25,12.5,25,0.54994
1350,380.25,382.5,12.5,24.75,0.54829
1350,370.5,324.75,11.75,23.5,0.54741
1350,396.5,328,15.5,31,0.54613
1350,627.75,48.75,13.25,26.5,0.54599
1350,20.75,374.25,15,30.25,0.54385
1350,222.75,274,12.75,26,0.54252
1350,211.5,418.75,15.25,30.5,0.54249
1350,252.25,352,16.25,32.75,0.54232
1350,220.5,369.75,15.5,31,0.54128
1350,537.25,286.5,14.25,28.25,0.54055
1350,356,334,16,31.75,0.54048
1350,462,299.75,14.75,29.5,0.54012
1350,141.25,331.5,14.5,29.25,0.54005
1350,482.5,286.25,17.25,35,0.53989
1350,613.25,417.75,14.25,28.5,0.53919
1350,404.75,410.75,18.25,36.75,0.53908
1350,44.25,386.25,14,27.75,0.53901
1350,454.75,368.75,12.25,24.5,0.53888
1350,202.5,310.75,13.25,26.75,0.5386
1350,171.75,318.75,17.75,35.25,0.53846
1350,444.75,416,14.5,29,0.53786
1350,628,13,12.75,25.5,0.53642
1350,548.75,355.75,14.5,29,0.53639
1350,-2.25,44.25,18.25,36.75,0.53637
1350,428.5,414.25,17.25,34.5,0.53594
1350,412,316,13.25,26.25,0.53579
1350,468.75,293,13.75,27.75,0.53536
1350,299,345.25,17.25,34.25,0.53519
1350,456.5,313.5,12,24,0.53478
1350,524.5,290,12.25,24.5,0.53478
1350,430.75,301.75,14.25,28.75,0.53462
1350,347.75,330,15.25,30.5,0.53436
1350,603.25,416,17,34,0.53428
1350,572.25,332.5,12.75,25.25,0.53392
1350,270,284.25,12.5,25,0.53386
1350,65.25,52.5,15.5,31,0.5337
1350,236,328.25,12.5,25,0.53331
1350,580.25,3.25,13,26.25,0.53327
1350,278.25,337.75,36.75,73.75,0.53299
1350,67.25,367.5,41.5,83,0.53286
1350,454.5,8,13.25,26.5,0.53219
1350,139.75,117.5,13,26.25,0.53208
1350,29.5,380.25,13.5,27.25,0.53163
1350,158.75,27,11.5,23,0.53152
1350,242.75,337.5,15.75,32,0.53122
1350,586.75,257,17,34.5,0.53121
1350,284.5,267.25,15.25,30.5,0.53087
1350,210.75,317.75,17,34,0.53073
1350,148.25,322.5,16,32,0.53061
1350,364.75,305.25,16,32,0.53025
1350,477,349,13.25,26.25,0.53002
1380,261.25,371.25,14,28,0.57405
1380,132,329.5,17,34.25,0.57148
1380,389.75,295.25,13.25,26.5,0.56349
1380,180.75,316.25,13.75,27.25,0.55436
1380,580.75,344.5,14.75,29.75,0.55358
1380,332.5,364.25,15.25,30.25,0.55291
1380,229.5,380.5,14.25,28.25,0.55187
1380,436.75,336.5,15.5,30.75,0.54962
1380,476.75,337.25,15,30,0.54953
1380,231.75,304.75,12.75,25.75,0.54851
1380,212,345.75,15.5,31.25,0.54797
1380,374.25,105.5,14.75,29.75,0.54631
1380,149.25,219.25,13.75,27.75,0.54576
1380,60.5,354.5,15.25,30.75,0.54481
1380,116.5,202,14.75,29.5,0.54321
1380,596.25,347.25,14.75,29.75,0.5428
1380,148.25,304.5,15.5,31,0.54158
1380,28.25,329.75,15.5,31,0.54144
1380,389.25,336,14.75,29.25,0.54129
1380,156.5,188.75,12.75,25.25,0.54118
1380,371.25,54.25,15,30,0.54065
1380,252.25,174.25,12.5,25.25,0.54048
1380,168.25,302.25,12.25,24.75,0.53972
1380,491.25,334.5,17.5,34.75,0.53936
1380,590,177.5,19.5,39,0.53892
1380,363.75,300.25,14,28,0.53869
1380,420.75,347,15.25,30.25,0.53842
1380,188.5,309.75,15.5,31,0.53813
1380,333.5,374,14,28,0.53795
1380,205,314,15.5,31.25,0.53789
1380,322,123,13.5,26.75,0.53737
1380,83.5,317,17.5,34.75,0.53713
1380,100,354,15.25,30.5,0.53695
1380,156.75,234.75,14.5,29.5,0.53673
1380,50.75,221.75,17.75,35.5,0.53662
1380,187.5,225.25,17,33.75,0.53628
1380,600.75,21,11.5,23,0.53594
1380,276.25,305.25,16,31.75,0.53572
1380,116.75,310.5,15.25,30.5,0.53557
1380,132.5,324.5,13.75,27.5,0.53516
1380,147.25,309.75,17.25,34.25,0.53457
1380,159.5,301.5,12.75,25.75,0.53435
1380,276.5,352.5,15.75,32,0.53347
1380,117.25,352.5,13.25,26.75,0.53344
1380,163.75,336.25,16.25,32.5,0.53341
1380,299,320.75,17.5,34.75,0.53332
1380,19.75,287.75,16.75,33.25,0.53323
1380,-5.5,39.5,45,89.75,0.5332
1380,253,370.75,15,30.25,0.53318
1380,421.25,356,14.25,28.5,0.53305
1380,404.25,132.75,22.75,45.5,0.5328
1380,11.75,283,17.5,35,0.53247
1380,325,354,15.25,31,0.53243
1380,421.5,305.75,14.25,28.5,0.53229
1380,357,388,13.75,27.25,0.53213
1380,500.5,336.5,12.5,25.25,0.5321
1380,109,202.25,13,25.75,0.53207
1380,140.75,314.75,15.25,30.25,0.53168
1380,445.5,352,12.75,25.25,0.53167
1380,341,355.75,14.5,28.75,0.53142
1380,140.75,305,15.25,30.25,0.53137
1380,388.25,354.75,16.75,33.5,0.53133
1380,357.25,355.75,13.25,27,0.5312
1380,140.75,212,14.75,29,0.53109
1380,269.75,192.5,12.25,24.25,0.53078
1380,429.5,116.75,47.75,95.75,0.53073
1380,164,205.5,16.5,33.25,0.53071
1380,93.75,159.5,12.75,25.75,0.53065
1380,220,172.25,16.25,32.75,0.53024
1410,164.25,226.25,12.5,24.75,0.56772
1410,116.5,292.75,15,29.75,0.56767
1410,500.5,321.25,15.5,31,0.5599
1410,269,390.25,16.25,32.5,0.5574
1410,229.25,281.75,14.25,28.75,0.55552
1410,372.25,288.25,12.5,25,0.55269
1410,611.75,315.5,16,32,0.55118
1410,596.5,366.5,14.75,29.5,0.5503
1410,509,332,14.25,28.5,0.54961
1410,244.25,272.75,16.25,32.5,0.5477
1410,540,310.5,13.25,26.25,0.54737
1410,124.25,288,12.5,25.25,0.54494
1410,197.25,252,14.25,28.5,0.54487
1410,163,344,17.25,34.25,0.54427
1410,108.75,291.5,14.5,29,0.5439
1410,410.75,394.5,18.5,37,0.54284
1410,588.25,357.5,14.5,29,0.542
1410,68,257.75,16.5,33.25,0.54182
1410,483.75,327.25,13,26.5,0.54148
1410,435.75,267.25,13.75,27.5,0.5409
1410,188,232,12.75,25.5,0.54077
1410,299.25,302.25,17,34,0.5404
1410,317.5,268.5,14,28,0.54016
1410,238.25,359.25,13,26,0.5399
1410,187.75,240.25,12.25,24.25,0.53967
1410,92.75,288.75,12.5,25.25,0.53965
1410,440,398.25,17,33.5,0.53922
1410,84.5,247.75,13,26,0.53914
1410,205.75,359.75,12.75,25.75,0.53907
1410,516.25,331,15,30,0.53907
1410,346,374.25,27.75,55.25,0.539
1410,84.75,290.25,15.5,31.25,0.53877
1410,93,267.75,14,27.75,0.53824
1410,484.25,332,15.75,31.5,0.53822
1410,155.75,238.5,16.5,32.75,0.53819
1410,91,115.25,13.25,26.25,0.53809
1410,277.25,340.25,14.5,29.25,0.53705
1410,272,310,12.5,24.75,0.5367
1410,125.5,300.5,13.75,27.75,0.53658
1410,60.75,346.5,14.75,29.75,0.53601
1410,332.25,277.75,12.25,24.75,0.53533
1410,59.5,287.5,18.5,37,0.53518
1410,13,379,14.75,29.5,0.53505
1410,415,345.25,19.5,39,0.53501
1410,309.25,265.75,15.25,30.5,0.53366
1410,317,325.5,13.75,27.25,0.53344
1410,426.5,54.75,12.75,26,0.53323
1410,140.75,267.75,15.25,30.75,0.5329
1410,357,291.5,15.75,31.75,0.53279
1410,187.75,78,13.25,26.25,0.53275
1410,331.5,17.25,13.5,26.5,0.53266
1410,308.75,332,14.5,29.25,0.53224
1410,404.75,285.25,13.5,27.25,0.53216
1410,102.25,256,13,26,0.53189
1410,103.5,243.75,13.25,26.5,0.53188
1410,470.5,266.5,12.75,25.75,0.53176
1410,37,324,14.5,29.5,0.53142
1410,447,357.25,13.5,27,0.5313
1410,139.75,240.75,16.25,32.5,0.53057
1410,278.25,349.5,12.75,25.75,0.53053
1410,236,270.25,18,36,0.53053
1410,285,276.5,14.5,28.75,0.53045
1410,156,266.25,16.75,33.5,0.53043
1410,373.25,361,16.25,32.5,0.53001
1440,348.5,269.5,13.5,27.25,0.57188
1440,246.25,332.5,12.5,25.25,0.55488
1440,392,383.25,12.5,25,0.54914
1440,36.25,332.5,15.25,30.5,0.54779
1440,172.75,352.5,15.25,30.5,0.5477
1440,455.75,377.75,14,27.75,0.54585
1440,278,216.75,12.75,25.25,0.54295
1440,595.25,168.75,16.25,32.5,0.54266
1440,23,300.75,12.75,25.75,0.54218
1440,108.5,321.5,14.5,29.25,0.54151
1440,244,352.5,14,27.75,0.54104
1440,149,220.75,14.25,28.75,0.53974
1440,44.5,334.25,14,27.75,0.53872
1440,246.5,301,11.75,23.5,0.53854
1440,563.5,189.75,13.75,27.5,0.53813
1440,232,327,13,25.75,0.53769
1440,461,283.5,13.5,27,0.53758
1440,405.75,283,13.5,27.25,0.53682
1440,238.75,129,11.5,23,0.53598
1440,404,274,15.25,30.25,0.53582
1440,538.5,364.75,16.5,33.25,0.53508
1440,252.75,345.75,15.75,31.5,0.53434
1440,154.25,187.25,18.5,37.5,0.53322
1440,60.25,244,13,26.25,0.53265
1440,109.75,290.25,14,27.75,0.53253
1440,556.75,186.5,15.5,31,0.53243
1440,285.5,234.25,13.25,26.5,0.53236
1440,60.25,337.25,12.5,25,0.53218
1440,149.25,378.5,14.25,29,0.53171
1440,207.25,320,16.25,32.5,0.53169
1440,23.25,324,13,25.75,0.53142
1440,252.5,350.75,16.25,32.25,0.53113
1440,385,276.75,12.25,24.75,0.53111
1440,92,221.25,15.5,30.75,0.53079
1440,301,273.75,15.25,30.75,0.53066
1440,85.75,364.5,14.25,28.25,0.53031
1440,591.5,384.5,12.25,24.75,0.53021
1440,479.25,370,13.5,27.25,0.53019
1470,516.5,379.5,14.5,29.25,0.58337
1470,498.75,395.25,16.5,32.5,0.57591
1470,452.5,324.75,14.25,28.25,0.57237
1470,517.75,365,13.75,27.25,0.55526
1470,69.75,317.75,13.5,26.75,0.55378
1470,467.75,336,16,32,0.55275
1470,407.5,344.5,13,26,0.55197
1470,595.25,288.25,16,32.25,0.55156
1470,588.5,391.75,12.75,25.5,0.55029
1470,603.75,276.5,12,24.5,0.54946
1470,172.5,354.25,14.75,29.25,0.54926
1470,99.75,300.75,16,32.25,0.54857
1470,370.75,322,14.75,29.75,0.54683
1470,420.75,346.75,15,30,0.54645
1470,165.25,234.25,13.5,27,0.54482
1470,156.75,275.75,15,29.75,0.54301
1470,53.5,369.5,14.25,28.75,0.5423
1470,501,361.5,14,27.5,0.54196
1470,459.25,360.5,27,54,0.5407
1470,197.25,346.25,14.5,29.25,0.5405
1470,87.25,373.25,13.5,27.25,0.54012
1470,595,150.5,13.75,27.5,0.54001
1470,605.25,342.5,15.25,30.25,0.53964
1470,132.75,233.5,12.5,24.75,0.5396
1470,316.75,262,91.75,183,0.53949
1470,395.25,359.75,12.5,25,0.53929
1470,524.5,378.25,15,30,0.53851
1470,21.5,365.5,13.75,27.75,0.53818
1470,484.5,392,14.5,29.25,0.53793
1470,134.75,321.75,13,26.25,0.53731
1470,212.5,385.25,15.5,30.75,0.53723
1470,245.25,353.75,15.5,30.75,0.53703
1470,508.75,380,14.75,29.5,0.53701
1470,293,241,13,25.75,0.53655
1470,418.5,50.25,12,23.5,0.53605
1470,454,303.75,12.75,25.75,0.53599
1470,571.25,273.5,17,34,0.53575
1470,450.75,186.75,15.75,32,0.53562
1470,438.5,299,13.75,27.75,0.53561
1470,451.75,370.75,15.25,30.5,0.53542
1470,157,294.75,12,24,0.53528
1470,286.25,402.75,12.25,24.5,0.53527
1470,236.75,330.25,16.25,32.5,0.53456
1470,164.25,118.25,15.5,31.25,0.53339
1470,197,331.75,14,27.75,0.53324
1470,419.5,397,17,34.25,0.53299
1470,608.5,97,16.75,33.25,0.53295
1470,468.25,390.75,14,28,0.5329
1470,124.75,288.25,14.25,28.5,0.53253
1470,311,391.5,12.5,25.25,0.5318
1470,86,304,13.5,26.75,0.53156
1470,565.5,265.25,14,27.75,0.5315
1470,167.5,256.5,13.25,26.25,0.53148
1470,102.25,221,13.5,26.5,0.53134
1470,306.75,377.5,11.75,23.5,0.53115
1470,44,369.75,15.25,30.5,0.53098
1470,493,340.5,14.5,28.75,0.53086
1470,196.5,335,16.25,32.5,0.53083
1470,375,323,13.5,27,0.5307
1500,532.5,387.75,14,27.75,0.57279
1500,69.25,290,14.5,28.75,0.56162
1500,149.25,407.5,13.5,26.75,0.56156
1500,332.75,373.75,13.75,27.25,0.55803
1500,556.25,385.75,15.75,31.5,0.55518
1500,293.75,378,13.25,26.25,0.55235
1500,346,312.5,13.5,27.25,0.55117
1500,276.75,379.5,14.75,29.75,0.54983
1500,387,291.25,14.75,29.5,0.54745
1500,572.5,334.25,13.5,27,0.54582
1500,256,359,13,26.25,0.54544
1500,247.5,331.5,21.25,42.5,0.54426
1500,375.5,370,33.25,66,0.5435
1500,461.25,326.5,14.5,29,0.54061
1500,525,388,14.25,28.5,0.5406
1500,487.75,344,12.5,25,0.54058
1500,92.5,293,14,28,0.54043
1500,454,142.25,13.25,26.5,0.54018
1500,424.5,331.5,12,24,0.53937
1500,331.25,362,37,74.25,0.53934
1500,307.5,362.75,37,74,0.53911
1500,156,401.75,15.75,31.5,0.53899
1500,325.5,374,14,28,0.53781
1500,45,374.25,13.25,26.25,0.5378
1500,380.25,320.5,16,32.25,0.53736
1500,507.25,65.75,24.25,48.5,0.53692
1500,452,328.25,13,25.75,0.53664
1500,326.25,327,12.5,25,0.53649
1500,220.25,362.75,13.75,27.75,0.53639
1500,290.5,363.5,35,70.5,0.53596
1500,309.5,377.25,14,28.25,0.53582
1500,204.25,11.75,12,24.25,0.53566
1500,220.25,267.5,13,25.75,0.53537
1500,500.5,359.25,13,26.25,0.53524
1500,461.5,291.75,12.5,25,0.53518
1500,283.5,262.5,12.75,25.25,0.53485
1500,324.5,264.5,13.25,26.25,0.53452
1500,588,322.25,15.5,31,0.53366
1500,547.25,368,16,31.75,0.53348
1500,171.75,399.75,17,34.25,0.53341
1500,296.75,268.5,11.75,23.5,0.53328
1500,484.5,396.5,15.75,31.75,0.53279
1500,132.75,276.75,12.5,25.25,0.53275
1500,289.5,122,18.5,37,0.53155
1500,460.25,391.25,12,24.25,0.53153
1500,76.5,378,15,30.25,0.53149
1500,143.5,387.25,13.5,27,0.53077
1500,418.75,332.75,11.75,23.5,0.53058
1500,187.5,401,16.5,32.75,0.53036
1500,445.25,394.5,14,28,0.53021
1530,372.5,368,15,30.25,0.56727
1530,403.5,384.75,15.75,31.5,0.55381
1530,116,297.5,15.75,31.25,0.54923
1530,612.75,369,15.5,31.25,0.54916
1530,380.5,368.75,13.25,26.25,0.54619
1530,556.25,283.5,16,31.75,0.54608
1530,460.5,250.5,14.25,28.75,0.54531
1530,604.25,142.25,15.25,30.5,0.54468
1530,451,364.5,17.25,34.5,0.54158
1530,188,371.75,13.5,27.25,0.54104
1530,92.25,356.75,25.5,51.25,0.53978
1530,276.5,351.25,16.5,32.5,0.53939
1530,262.75,280.75,12.75,25.5,0.5386
1530,132.25,253.75,17.5,34.5,0.53832
1530,174.5,294.5,13.25,26.5,0.53828
1530,165.75,358.25,13,26.25,0.53755
1530,330.75,377.25,12.25,24.5,0.53699
1530,601.25,48.25,15,30.25,0.53665
1530,149.5,357,14,27.75,0.53633
1530,53.25,44.75,22.25,44.5,0.5358
1530,317.25,293,14,28,0.5357
1530,53,267.5,14.75,29.5,0.53534
1530,485.25,200.25,12.5,25,0.53503
1530,477,264.75,15,30.25,0.53483
1530,232,320.75,11.75,23.75,0.53457
1530,588.75,355.25,13.5,27.25,0.53422
1530,268.5,351.75,15.25,30.25,0.53399
1530,359,265.75,13.75,27.75,0.53384
1530,188.5,268.75,12.75,26,0.53373
1530,404.25,289.25,12,24.25,0.53292
1530,556.75,96,14,27.75,0.53282
1530,28.75,288.75,13.5,27,0.53273
1530,554.5,400.5,15.75,31.25,0.53261
1530,428.25,34,14,28.25,0.5326
1530,260.25,351.25,16,32,0.53256
1530,348.75,374.25,13.75,27.5,0.53253
1530,373,306.75,14,28.25,0.53223
1530,220.5,299.75,14,28.25,0.53209
1530,261.5,347,45.25,90.75,0.53179
1530,537.5,179.25,20.5,40.75,0.53173
1530,598,395.25,13,25.75,0.53168
1530,147,119.25,17,33.5,0.53155
1530,473.25,197.5,12.75,25.5,0.53137
1530,572,113.5,13.25,26.5,0.53129
1530,421.75,39,14.25,28.75,0.53035
1530,609.5,65.75,17.75,35.5,0.53029
1530,620.25,33.5,12.5,25,0.53023
1530,125,355.25,14.75,29.75,0.53019
1560,99.25,393,17,34,0.57141
1560,476,235,14.75,29.5,0.571
1560,285.25,317.75,13.25,26.25,0.56285
1560,156.25,330.25,15.5,31.25,0.56232
1560,260.75,316.25,14.5,29.25,0.55703
1560,117,318.5,14.5,29,0.55298
1560,493,368.75,15.5,31.25,0.55097
1560,420.75,343.75,14.75,30,0.55093
1560,26.25,299.5,15,30,0.5506
1560,282.75,152.75,14.25,28.5,0.55038
1560,339,343.5,14.5,28.75,0.54876
1560,515.75,376.5,15.75,31.75,0.54862
1560,117.25,325.75,14,28.25,0.54754
1560,420.75,236.75,15.25,31,0.54727
1560,212.75,339,15,30.5,0.54719
1560,323,363,40,80,0.54657
1560,524.25,377.25,15.5,30.75,0.54608
1560,229.5,325.5,14,28,0.54456
1560,125,381,14.25,28.5,0.54452
1560,347.75,340.5,17.5,35.25,0.5444
1560,578.25,55.5,12.5,24.75,0.54392
1560,29,362.25,14.75,29.5,0.54288
1560,245.25,317,13.5,27.25,0.54207
1560,163.75,327,14.75,29,0.54202
1560,460.75,231.5,14,28,0.54188
1560,491.75,236.25,13.5,26.5,0.5407
1560,437,361.25,15.75,31.25,0.53994
1560,130.75,389.75,18.5,37,0.53969
1560,99.75,322.25,15,30,0.53968
1560,188,292,16.5,32.75,0.5392
1560,116.75,381.25,14.75,29,0.53905
1560,107.75,395.5,16.25,32.75,0.53816
1560,509.25,377,15.25,30.5,0.53808
1560,38,363,12.75,25.5,0.53774
1560,445.5,223.5,13,26,0.53699
1560,107.75,328.75,15.5,30.75,0.53656
1560,245,290.25,13.25,26.5,0.53654
1560,109,386.75,28.25,56.75,0.53592
1560,300.5,314.25,15.25,30.5,0.53582
1560,54.5,367.25,13,26,0.53566
1560,165.5,398,13.5,27,0.53554
1560,380.25,229,12.75,25.75,0.53505
1560,55.5,272.5,13.25,26.25,0.53502
1560,13.75,375.5,12.75,25.5,0.53498
1560,140.5,315.25,15.75,31.25,0.53494
1560,355.75,272.75,16,32,0.53452
1560,230.25,338,13.5,27,0.5345
1560,124.5,328.25,15.75,31.5,0.53419
1560,452.5,218.5,12.75,25.5,0.53417
1560,206.75,224.5,12.25,24.5,0.53403
1560,373.5,239,13,26.25,0.53378
1560,396.75,364.25,14,28.25,0.53369
1560,358.75,367,14,28,0.53324
1560,605,298.75,12.75,25.5,0.53315
1560,299,374.5,17,33.75,0.53282
1560,532.25,326.25,17.25,34.25,0.53263
1560,333.25,221.5,13.5,27.25,0.53241
1560,515,264.5,17,34,0.53229
1560,460.25,279.75,14.5,29.5,0.53214
1560,235.75,215.25,13,26,0.53197
1560,406,368.75,12.5,24.75,0.53182
1560,107.25,318.25,17.5,34.5,0.5318
1560,620.25,388,12.25,24.25,0.53173
1560,213,400,14.75,29.5,0.53121
1560,333,346.75,14.5,29.25,0.53115
1560,117.75,223,12.75,25.5,0.53113
1560,141.25,311.5,14,28.25,0.53112
1560,380.75,329,12.5,24.5,0.53067
1560,313.5,215,13,25.75,0.53045
1560,357.5,294.5,13.5,27,0.53032
1560,336.25,209,12.5,25.25,0.53029
1560,310.5,376.25,12.75,25.25,0.53028
1560,285.25,208.25,14,28,0.53021
1560,203.5,319.25,16.75,33.5,0.53021
1560,365.25,173.75,14.5,29,0.53019
1590,291.25,294.5,16,31.75,0.55523
1590,373.75,349.5,12.75,25.75,0.55405
1590,572.25,316.5,15.25,30,0.55369
1590,317.5,320.25,13.25,26.5,0.55199
1590,268.75,282.75,14.75,29.5,0.55048
1590,300.5,43.25,14.75,29,0.55018
1590,572,338,15.75,31.5,0.55005
1590,564.25,318.5,15,30.25,0.54929
1590,-0.25,129.5,13.25,26.25,0.5487
1590,382.25,114.25,12.5,24.75,0.54805
1590,43.25,287.25,18.25,36.25,0.54699
1590,187.75,148.5,16.5,33,0.54623
1590,445,290.25,14.75,29.5,0.54585
1590,254,367.75,12.75,25.25,0.54577
1590,134,303.75,14.25,28.5,0.54512
1590,324.5,173.5,16,32.25,0.54492
1590,244.75,384,15.75,31.75,0.54433
1590,148.75,351.5,14.75,29.25,0.54399
1590,317.75,267,12.75,25.25,0.54208
1590,292.75,296.25,77.25,154.5,0.54205
1590,292.25,47.75,12.75,25.25,0.54197
1590,124,362.5,15.25,30.5,0.54176
1590,309,301.5,14.5,29,0.54094
1590,149,284.5,14,28,0.54048
1590,329.75,370.75,16.5,32.75,0.5404
1590,220.75,347.75,13.75,27.25,0.54029
1590,159,328.5,61.25,122.25,0.53914
1590,580.25,337.75,15.5,31.25,0.53874
1590,140.75,286.25,13.5,27,0.5383
1590,36.25,383.25,15.25,30.5,0.53827
1590,77.25,300.25,14.25,28.75,0.5381
1590,149.5,384,13.25,26,0.53754
1590,158,347.5,12.75,25.75,0.53747
1590,419.75,367,17,34.25,0.53716
1590,316.25,385.75,12,24.25,0.53671
1590,423,351.75,49.75,99.75,0.5362
1590,289.75,285.5,13.75,27.25,0.53581
1590,300.5,285,13.75,27.25,0.53564
1590,76.75,349.25,15,30,0.53545
1590,258.75,364.75,18.75,37,0.53486
1590,626,155.25,14.5,29.25,0.53418
1590,117,367,13.75,27.5,0.53397
1590,437.25,280.25,15.25,30.5,0.53394
1590,132.5,366,13.75,27.5,0.53375
1590,547.5,290,15.75,31.25,0.53342
1590,317.75,287.75,13.5,27.25,0.5334
1590,316.75,311.25,15.25,30.5,0.53252
1590,61,351.25,13.5,27,0.53244
1590,418.5,336,15.5,30.75,0.53203
1590,70.5,286.25,13.75,27.25,0.53198
1590,580.5,164.5,12,24.25,0.53183
1590,-2.75,221.25,21.25,42.25,0.53182
1590,267.75,286.25,34.25,68.5,0.53154
1590,177.25,349.25,21.75,44,0.53129
1590,55,336,56.5,113,0.53116
1590,556.25,313,16,31.75,0.53113
1590,324.75,264.25,12.5,25,0.53024
1590,548,423.25,12.5,24.75,0.53014
1590,181.5,85.5,13,25.5,0.5301
1620,341.5,414,13.5,27,0.57158
1620,100,301.75,15.25,30.75,0.56344
1620,408.5,3,12.75,25.75,0.55846
1620,116,302.5,16.5,33.25,0.55789
1620,53.25,301.5,13.75,27.5,0.55565
1620,572.25,306.5,15.25,30.25,0.55216
1620,452.75,388.5,15,30.25,0.55214
1620,188.25,401.5,16.25,32.75,0.55197
1620,125,319,15.75,31.25,0.54752
1620,472.75,352.25,57,114,0.54743
1620,212.75,318.75,15.25,30.25,0.54702
1620,308.25,384.5,12.5,25.25,0.54673
1620,317,355,15.5,30.75,0.54619
1620,116.5,322.25,15,29.75,0.54616
1620,253.5,316.25,14,28,0.54585
1620,382,303.25,13.25,26.75,0.54505
1620,181.75,400.25,12.5,25.25,0.5449
1620,151.5,313.25,12.25,24.25,0.54477
1620,197.5,414.25,13.5,26.75,0.54474
1620,84.5,283.75,15.75,31.25,0.54403
1620,376.5,180.5,21.5,43,0.54332
1620,84.75,372,45.25,90.75,0.54222
1620,470,390.5,13.75,27.5,0.5422
1620,132.5,400.5,15.75,31.5,0.54197
1620,196.5,385.75,15.5,31.25,0.54184
1620,228.5,295.25,16,32,0.54012
1620,375.25,259.75,13,26,0.53955
1620,32.5,312.75,21.5,43.25,0.53947
1620,253.75,414,13,26,0.53902
1620,134,307.75,14.5,29,0.53891
1620,68.75,292.5,15,29.75,0.53883
1620,178.5,316.5,13,26,0.53847
1620,50.25,377.75,43.75,87.5,0.53847
1620,285.25,357.25,13.75,27.75,0.53739
1620,581,379.25,14.75,29.25,0.53726
1620,354.5,361.25,50.5,101,0.53688
1620,453.5,401.75,14.25,28.5,0.53675
1620,356,269,12.5,24.75,0.53651
1620,235,397,19.25,38.75,0.53646
1620,380.25,267,15.75,31.25,0.53613
1620,508.25,402.5,13.5,27,0.53585
1620,76.5,375.5,43.75,87.5,0.5354
1620,132.5,313,16,32.25,0.53539
1620,525.75,313,14.25,28.25,0.53522
1620,420.75,298.5,15.5,30.75,0.53482
1620,44.25,400.75,15,29.75,0.53477
1620,416.5,144.25,13.25,26.5,0.53475
1620,32,337.25,12,24,0.53462
1620,332,303.75,13,26.25,0.53455
1620,22.25,281.5,12.5,25.25,0.53416
1620,555.5,355.5,53.75,107.75,0.53396
1620,67,319.5,17.75,35.5,0.53373
1620,148.5,291.25,15,30.25,0.53341
1620,220.25,307,16.25,32.25,0.53339
1620,179,151.25,12.5,25,0.53325
1620,501.5,266.25,14.25,28.5,0.53324
1620,262,305,13.25,26,0.53321
1620,342.25,299,12.75,25.5,0.53298
1620,431,364,45,90,0.53275
1620,268.25,364.25,48.25,96.25,0.53231
1620,501.5,413.5,14.25,28.75,0.53207
1620,110.25,385.25,12.25,24.75,0.53202
1620,300,16,13.5,27,0.53201
1620,86,314.25,13.75,27.5,0.53199
1620,127,296,14.25,28.5,0.53166
1620,135.25,294.5,13.25,26.75,0.53164
1620,93,304.25,12.75,25.5,0.5316
1620,45.5,302.75,13.25,26.5,0.53126
1620,167.75,85.75,25.25,50.5,0.53116
1620,268.75,84.25,50.75,101.75,0.53038
1620,483.75,316,13.75,27.25,0.53023
1620,243.75,267.25,16.25,32.5,0.53018
1650,461.25,381.5,13.5,27,0.57532
1650,220.75,410,14.25,28,0.56658
1650,37,378.25,14.5,29.25,0.56389
1650,227.75,400,12.5,25.25,0.56355
1650,572,341.25,14.75,29.25,0.55932
1650,124.5,429,15,29.75,0.55014
1650,299.25,14,18,36,0.54989
1650,436,331,14.25,28.75,0.5498
1650,221,311.75,13.25,26.5,0.54853
1650,51.25,368.25,16.5,33,0.54788
1650,317.25,366,13.75,27.5,0.54637
1650,69.25,396.5,14.25,28.5,0.54584
1650,508,363.25,14,28,0.54532
1650,493.75,395.75,13,26,0.54504
1650,475.25,185.25,31.5,63.25,0.54464
1650,41.75,416,14.5,29.25,0.54441
1650,501.25,326.25,16,31.75,0.54429
1650,351.5,332.5,15,29.75,0.54379
1650,427,309,13.75,27.25,0.54192
1650,172,381.75,16.75,33.5,0.54132
1650,64.5,324.5,14,27.75,0.54114
1650,21.25,330.5,12.75,25.25,0.54059
1650,565.25,351.75,14,28.25,0.54029
1650,92.75,404.75,14,27.75,0.53909
1650,238.25,363,23.25,46.75,0.53787
1650,493.25,371.75,15,30,0.53768
1650,92.75,394.75,14.25,28.75,0.53749
1650,459.75,16.5,23.25,46.75,0.53742
1650,520.75,294,21.5,43,0.53738
1650,57.5,87.25,13,25.75,0.53645
1650,57.5,73.5,14.75,29.5,0.53634
1650,250.75,50,42,84,0.53582
1650,573.5,401.75,13.25,26.5,0.53581
1650,254.25,408.5,12.75,25.25,0.5358
1650,374.25,396.75,12.25,24.75,0.53576
1650,443.75,280.75,12.75,25.5,0.53574
1650,501.5,296.75,14.5,29.25,0.53563
1650,172.75,356,19.5,39.25,0.53531
1650,525,358.5,13.25,26.5,0.53515
1650,445.25,377.25,13.25,26.5,0.53514
1650,603.75,388.5,16.25,32.5,0.53489
1650,181,395.25,14.5,29,0.53447
1650,84.25,400.5,15.75,31.75,0.53402
1650,28,378.75,15.75,31.75,0.53387
1650,38.5,285.5,86.75,173.75,0.53372
1650,438.25,70,13.75,27.25,0.53351
1650,427,160.75,44,88,0.53348
1650,508.5,311,15.5,31.25,0.53345
1650,393.5,365,32.25,64.5,0.53342
1650,366.5,336,14,27.75,0.53272
1650,523.75,400.5,12.25,24,0.5327
1650,380.25,356.25,12.75,25.25,0.53224
1650,164.25,413.75,15,29.75,0.53184
1650,187.75,394.5,16.5,33,0.53145
1650,567.5,332,12.25,25,0.53121
1650,365.25,369.25,15,29.5,0.53088
1650,327.25,343.5,13,26,0.53064
1650,100.25,427,15,30,0.53059
1650,162.25,149.25,18,35.75,0.53054
1650,485,290.5,12.5,25.5,0.53047
1650,278.5,320.5,12.5,25,0.53017
1650,490.75,37,16.25,32.5,0.53014
1650,438.5,143,13.5,26.75,0.53012
1680,493.25,391,13.25,26.75,0.56371
1680,197.75,387.25,14.5,28.75,0.55297
1680,12,73.5,12.75,25.25,0.55178
1680,50.5,380.5,17.75,35.75,0.54603
1680,308.75,406.75,13.25,26.25,0.54597
1680,516,145.25,17,34,0.54546
1680,556.5,402.25,15.25,30.25,0.54202
1680,28.25,351.5,12.75,25.25,0.54186
1680,213.25,372.25,13.25,26.5,0.54103
1680,34.5,368.25,12.25,24.25,0.53992
1680,74.75,174.75,11.5,23.25,0.53989
1680,69.5,409.25,13.25,26.5,0.5396
1680,20.5,377.5,15.5,31,0.53717
1680,28.25,411.75,12.25,25,0.53687
1680,572.75,412.5,14,28.25,0.5364
1680,149.75,301.5,50.75,101.5,0.5349
1680,269,153.75,13,26,0.53475
1680,241,26.25,51.25,102.25,0.5342
1680,133,309.75,38,76,0.53389
1680,308.75,122,14,28,0.53377
1680,568.75,381.75,17.25,34.5,0.53375
1680,56.75,327.75,12.25,24.25,0.53302
1680,530.25,361.75,51.25,102.25,0.5327
1680,213,18,32.5,65.25,0.53167
1680,580.25,405.5,15.5,30.75,0.53138
1680,563,391,12.75,25.5,0.53117
1680,203,385.25,20,40.25,0.53064
1680,464.5,9.5,25.25,50.75,0.53006
1710,120.5,321.5,69.25,138.75,0.56007
1710,502,440.5,13.5,27,0.55456
1710,540.25,438.75,14,28,0.55317
1710,524.25,438.5,13.75,27.25,0.55146
1710,564.5,436.5,14.5,29,0.55143
1710,29.75,175,12.5,25.25,0.55058
1710,572.5,435.25,14.75,29.25,0.55047
1710,469.75,441,13.25,26.5,0.5493
1710,364.75,435,15.5,31,0.54786
1710,509,439.25,14.25,28.75,0.54747
1710,99.5,431.5,16.75,33.5,0.54458
1710,160.25,154.25,12,24,0.54229
1710,189.25,437.75,14,28,0.54197
1710,-0.25,42.5,12.75,25.5,0.54192
1710,174,403,31.75,63.5,0.54151
1710,217,394,36,72.25,0.53978
1710,222,432.75,16,32,0.53843
1710,484.25,435.25,15.5,31,0.53731
1710,204.75,434,15.5,31,0.53695
1710,562.75,406.25,18.25,36.75,0.53676
1710,516.75,439,14.25,28,0.53527
1710,381,435,15.75,31.5,0.5349
1710,42.5,160.5,12.25,24.5,0.53468
1710,323,429.5,18.5,36.75,0.53451
1710,484.5,405,13.5,27,0.53395
1710,389,435.5,14.75,29.75,0.53375
1710,224,144.25,21.5,43,0.5332
1710,341.25,434.5,16.25,32.75,0.53285
1710,61.25,56.25,13,26,0.53282
1710,392.25,294.75,87,173.75,0.53248
1710,160.5,408.5,27.75,55.5,0.5324
1710,257.25,383.25,41.75,83.5,0.53209
1710,280.5,209,11.75,23.5,0.53202
1710,371.75,433.5,16.5,33,0.53162
1710,598.25,447.5,12.5,25,0.53154
1710,123,42.75,25.5,51,0.53113
1710,334,322.5,73.25,146.25,0.53102
1710,85.5,434.5,14.5,28.5,0.53072
1710,549,439.25,14,28,0.53058
1710,190,405.5,27.75,55.5,0.53022
1710,579.75,418.25,15.75,31.25,0.53021
1710,91.5,429.75,19,37.75,0.53008
1740,587.75,414.75,12.5,25,0.548
1740,609.75,434.25,18.75,37.25,0.54563
1740,103,29.25,25.75,51.25,0.54492
1740,467.75,139,23.5,46.75,0.54392
1740,290,408.25,18,36,0.53973
1740,378.75,358,12,24,0.53788
1740,539,432.75,15.75,31.5,0.53685
1740,420.25,217.25,12.5,25.5,0.5362
1740,-1.75,7,22.5,45,0.53562
1740,89.75,54,34,68,0.5356
1740,345.5,397,14.25,28.5,0.5319
1740,-2.25,94.25,16.75,33.25,0.53104
1770,263.25,28,12.25,24.75,0.56405
1770,293.25,5.5,13.75,27.75,0.559
1770,443.5,7.75,13,25.75,0.55305
1770,253,101.5,21.5,43,0.54947
1770,98,49,17.5,34.75,0.54541
1770,166.25,52.5,13.75,27.5,0.54394
1770,420.25,144.25,13.75,27.25,0.54349
1770,271.25,213.75,13,26,0.54082
1770,90.5,56.75,17.75,35.5,0.53484
1770,503.75,33.5,17.75,35.25,0.53444
1770,537,436,21,41.5,0.533
1770,450.5,426,24.5,49,0.5326
1770,438.75,9.5,12.25,24.25,0.53122
1770,410.25,436,18,35.5,0.53115
1770,148,49.25,16.25,32.5,0.53105
1770,146,201,19,38.25,0.53029
1770,422.5,222.75,13.5,27.25,0.53026
1770,392.75,5,11.5,23,0.53012
1800,82,36.5,29,57.75,0.54996
1800,430,228.5,14.75,29.25,0.54975
1800,256.25,5.5,13.25,26.5,0.5492
1800,603,37.75,29.25,58.5,0.53821
1800,395.5,338.5,13,26,0.53624
1800,28,300.25,12,24,0.53605
1800,478.25,69.25,26.5,53.5,0.53582
1800,264,1,11.75,23.5,0.53411
1800,284.75,264.25,14.25,28.5,0.5333
1800,559.25,152.25,23.25,46.75,0.53314
1800,52,8,13.5,27,0.53255
1800,443.75,233.5,13,25.75,0.53199
1800,264.5,351.5,18,36,0.53182
1800,292.25,267,12.5,25,0.53165
1800,259,220.75,14.75,30,0.53075
1830,490,43.25,31.25,62.5,0.54926
1830,-1.25,105.75,13.5,27,0.54761
1830,389.5,258,14,28,0.53875
1830,250.25,93.5,21.5,42.75,0.53625
1830,435.5,219.5,14.75,29.25,0.53545
1830,382.75,75,11.5,23,0.53389
1830,-5.75,37.5,47.5,94.5,0.53274
1830,14.5,269,12,24,0.53169
1830,12.25,378.5,12.25,24.25,0.53104
1830,215,139.75,27,54,0.53076
