30,68.5,360,15.25,30.75,0.56285
30,132.5,7.5,13,26.25,0.56146
30,100.5,341.5,14,28.25,0.55451
30,134.5,312.5,12.75,25.75,0.5435
30,4.75,57.5,12.75,25.25,0.54218
30,594.75,173.5,45.25,90.5,0.54031
30,344.5,156,41.75,83.5,0.53889
30,53.75,330.75,13,25.75,0.53887
30,12.75,317,15.5,30.5,0.5362
30,119.5,304.75,16,32,0.53544
30,53.25,380.75,13.75,27.5,0.53541
30,36.75,342.75,14.5,29,0.53513
30,513.25,352.25,22.75,45.25,0.534
30,183.25,370.75,12,24.25,0.53379
30,414.75,184,13.5,26.75,0.53375
30,29,326.5,13.5,27.25,0.53287
30,281.25,54.25,17.25,34.25,0.53266
30,540.5,105.75,18.5,36.75,0.53192
30,604.75,12.75,13.5,26.5,0.53106
30,427.75,70,21.25,42.25,0.53047
60,28.75,379.25,14.75,29,0.56417
60,141,6.75,13.75,27.5,0.55587
60,76.25,353.5,14.5,29.25,0.55531
60,553.25,2,11.75,23.75,0.54749
60,584,2,13.75,27.5,0.54395
60,588.75,12.25,12,24.5,0.54123
60,406.5,129,11.75,23.5,0.53719
60,425.5,64,25,50,0.53631
60,52.5,374,14,28,0.53616
60,102.5,124.25,12.75,25.5,0.53531
60,507.5,62.5,55,110.25,0.53443
60,36.25,392.25,15.25,30.5,0.53443
60,290.25,323.75,13.5,27.25,0.5344
60,542,95.75,28.25,56.25,0.53414
60,285.75,98.5,12.75,25.5,0.53283
60,30.5,104.5,11.75,23.5,0.53185
60,374,106.5,12.5,25.5,0.53173
60,373.75,93.75,13.5,27.25,0.53152
60,140.5,113.5,13,26,0.53143
60,476.25,135.75,36,71.75,0.53084
60,19.75,180,13.25,26.75,0.53021
90,128.25,196,12.5,25,0.54163
90,43.25,368.25,12.25,24.5,0.53897
90,244.5,186,12.5,25.25,0.53699
90,268.5,74.75,12,23.5,0.5361
90,130.5,195,31.5,62.75,0.5318
90,357.75,193.25,15.25,30.5,0.53177
90,58,367.5,13.25,26.5,0.53175
90,464.75,414.5,12,24.5,0.5315
90,333.75,168,25.25,51,0.53096
90,374.5,88.5,14.25,28.5,0.53093
90,536,49,13,25.75,0.53089
120,147.25,433.25,17,33.75,0.55163
120,23,434.25,12,24,0.5487
120,571.5,76,22,44,0.54618
120,0.5,40.75,12.25,24.5,0.54172
120,49.25,128.75,12.25,24.75,0.54126
120,22,78.25,13,26,0.5373
120,44.75,356.75,12,24.25,0.53723
120,284.5,34,16.25,32.5,0.53283
120,2,138.5,18.75,37.25,0.53282
120,51.75,301.75,15.5,31,0.53225
120,471.5,389.75,20.75,41.25,0.5318
120,120.25,90.25,11.75,23.5,0.53109
120,104.5,424.75,12,24,0.53066
120,524,117.75,24.5,49.5,0.53026
150,298.75,107.5,21.5,43,0.54244
150,399,31.5,13.75,27.5,0.53877
150,264.75,37,11.5,23,0.5369
150,333,447.25,13.5,27.25,0.53592
150,110.5,174.5,12.25,24.75,0.53425
150,236.25,198,14.25,28.5,0.53238
150,114,37.5,14.75,29.5,0.53139
150,131.5,41.25,15.5,31,0.53089
150,355.5,185.5,13,25.5,0.53067
180,212.5,160.25,16.25,32.5,0.56809
180,220,160.25,16,31.75,0.5559
180,252.75,26,14.75,29.25,0.55207
180,453.75,143.75,13.25,26.25,0.54966
180,188.5,103.75,12.25,24.75,0.54757
180,531.5,63.75,12.75,25.75,0.54714
180,332.75,188.25,18.25,36.5,0.54341
180,156.5,317.25,14.25,28.5,0.54285
180,139.75,120.5,13.5,27,0.5398
180,282.5,109.75,19,37.75,0.53913
180,435.5,124.5,15.75,31.5,0.539
180,428.5,177.25,12.25,24.75,0.53898
180,477,135.25,12.25,24.5,0.53869
180,198.5,103.25,13.25,26.25,0.53848
180,316.25,171.5,12.75,25.75,0.53836
180,205,102,13.5,27,0.53816
180,300.5,119.25,12.25,24.5,0.53695
180,243.75,21.25,14.75,29.5,0.53627
180,199.75,145.25,14.25,28.75,0.53585
180,172.5,316.75,14,27.75,0.53524
180,246,130.75,13.5,27,0.53487
180,126,73.5,13,25.75,0.53486
180,392.5,11.25,14,28,0.53443
180,397.25,24.5,12.25,24.25,0.53277
180,540.25,77.5,12.75,25.25,0.53232
180,376,429.75,12.75,25.75,0.53174
180,611,54.5,32,64,0.53148
180,64,135.5,27.75,55.25,0.5314
180,28,128,13.25,26.25,0.53057
210,130,28.75,18.75,37.5,0.57372
210,147.25,30,16.75,33.5,0.5696
210,452.5,410.25,15,30,0.55136
210,124.25,44.5,12.75,25.5,0.54969
210,468,425,15.5,31,0.54697
210,528.25,198,11.75,23.75,0.54494
210,123,30.25,17.25,34.5,0.54493
210,138.75,31,18.25,36.5,0.54385
210,588.5,436.5,13.75,27.75,0.54305
210,539.25,386.75,16,32.25,0.54185
210,492.25,435.25,12,24.25,0.54149
210,460.75,363.25,13.5,27.25,0.53918
210,133,423.75,12.75,25.75,0.53906
210,532.5,418.25,16.75,33.25,0.53902
210,340.75,344.25,15,30,0.53868
210,172.5,394.5,15.25,30.5,0.53829
210,483.25,85,13.75,27.25,0.53759
210,139.25,46,17,33.75,0.53754
210,181.25,391.75,13.25,26.5,0.53713
210,36,282.25,16,31.75,0.53557
210,242.75,12,18.25,36.25,0.53547
210,581.25,393,13.75,27.5,0.53546
210,453.5,332.75,14,28,0.53545
210,567.75,76.5,12,24.25,0.53539
210,148.25,43.75,12.25,24.75,0.53531
210,480,407.25,12.75,25.25,0.53513
210,389.5,285,13.75,27.75,0.53511
210,300.5,427.75,15.5,31.25,0.53489
210,402.75,284.5,17,34,0.5348
210,545.5,103,20.25,40.75,0.53477
210,429.5,410.75,14.5,28.75,0.53472
210,181.25,254.5,15,29.75,0.53438
210,286,39.75,114.75,229,0.53421
210,174.75,30.25,17,34.25,0.53314
210,20.75,405,15,30,0.53252
210,406.5,431,13,26,0.53242
210,148.5,402.25,15.25,30.5,0.5323
210,299.5,2.25,14.25,28.5,0.53223
210,232.25,273.5,12,24,0.53185
210,77.5,408.75,13.25,26.5,0.53151
210,188.5,412.25,14.75,29.75,0.53144
210,475.75,418.5,14.75,29.5,0.53079
210,397.25,286.5,13.5,27,0.53058
210,483.75,405,14,27.75,0.53047
210,204.25,424.5,15.75,31.5,0.53039
210,261,281.75,14.75,29.25,0.53028
210,11,303.5,16.5,33,0.53005
240,379.25,429.75,15.75,31.75,0.56601
240,220.5,422,13.25,26.75,0.56305
240,20.5,416.25,15.5,30.75,0.56302
240,534,293.25,13.25,26.5,0.55863
240,612,39.25,14,27.75,0.55695
240,588.5,332.5,14,28,0.55623
240,212.5,299.5,15,30,0.55622
240,220.25,52.75,14.5,28.75,0.55471
240,123.5,309.25,13.75,28,0.55468
240,548.25,378.75,14.25,28.5,0.55177
240,198,335.25,13,26,0.5507
240,373.5,438.5,13,25.75,0.55053
240,277,66.5,15.25,30.5,0.55047
240,395.75,433.5,16.25,32.5,0.54955
240,174.5,269.25,13.25,26.25,0.54921
240,1.5,21.75,53.5,107.5,0.54699
240,155.75,224,12.75,25.25,0.5467
240,539.5,350.25,17,34,0.54662
240,68.25,413,16.5,32.75,0.54625
240,62,419.25,14,27.75,0.54586
240,77.5,417,13.25,26.25,0.54547
240,518,20.25,37.5,75.25,0.54516
240,92.75,57.5,12.75,25.5,0.54513
240,116.75,252.5,14.25,28.75,0.54356
240,208,408.75,12,24.25,0.54277
240,168.5,345,12,24,0.54236
240,62.25,305,15.75,31,0.54233
240,327,389.5,13.5,26.75,0.54217
240,267.5,46.25,17.5,35,0.54188
240,403.5,427.5,16.75,33.75,0.54166
240,251,44,18.5,37.25,0.54131
240,267,374.25,13.5,27,0.54086
240,243.25,31.25,16.75,33.75,0.54012
240,396,14.75,14.25,28.25,0.53999
240,556.75,427,14,28,0.53985
240,599.25,24.75,12,23.5,0.5398
240,372,20.5,14.25,28.25,0.53943
240,551.25,25.25,25.25,50.5,0.53912
240,100.25,40.75,12.25,24.5,0.5391
240,204.75,299,14.75,29.75,0.53857
240,132,323,15.75,31.5,0.53848
240,588,369,14.5,29,0.53837
240,269.5,254,12.5,25.5,0.53834
240,476,367.25,16,32,0.5382
240,272.25,13.5,12,23.75,0.53813
240,149,411.25,14,27.75,0.53765
240,272.5,362.25,19.25,38.5,0.53749
240,308.25,378.25,17,34,0.53747
240,364.75,32,12.5,25,0.53747
240,486.5,421.75,12.25,24.5,0.53739
240,220.75,301,15.25,30.5,0.53699
240,156,281.75,14.25,28.25,0.5368
240,493.5,321.5,15.75,31.25,0.53666
240,439.75,308,12.25,24.25,0.53664
240,276.5,48.25,12.25,24.25,0.53661
240,7,322.5,13.25,26.75,0.53615
240,188.25,333.75,13.5,27.5,0.53519
240,164,357.25,13.75,27.75,0.53509
240,603.5,443,16.75,33.5,0.53494
240,91.5,290.5,12.75,26,0.53468
240,578.25,351,18.5,37,0.53462
240,32,331.5,13,26,0.53436
240,246.5,53.25,14,28.25,0.53431
240,564.25,375.75,12.75,25.75,0.53346
240,415.75,323.75,12.5,25.5,0.53327
240,533.5,335.75,13.25,26.75,0.53326
240,516,396.5,15.75,31.25,0.53325
240,509.5,326.5,13.75,27,0.53322
240,548.5,297.75,14.25,28.5,0.53318
240,174,349.5,15.5,31.5,0.53296
240,253.25,378.75,14.75,29.75,0.53255
240,572,405.5,14,27.75,0.53215
240,410,12.5,17.75,35.5,0.53199
240,239.75,288.5,12.25,24.5,0.53146
240,403.75,431.5,16.25,32.25,0.53137
240,293.75,11.25,14.5,28.75,0.53129
240,132,75.25,26.75,53.25,0.53114
240,-4.25,32,30.75,61.5,0.53114
240,470.25,303,13.25,26.25,0.53102
240,604.25,346.5,14.75,29.25,0.5309
240,563.75,337,11.75,23.5,0.53072
240,183,368,12.25,24.75,0.5306
240,492,298.75,13,26,0.53044
240,149.5,242,13.75,27.5,0.5304
240,611.25,16.75,16.25,32.25,0.53028
240,411.5,278.75,25,50,0.53006
270,92.5,357.25,14.75,29.5,0.56595
270,275.25,333.25,18,35.75,0.56154
270,291.75,12.75,18.25,36.5,0.56072
270,340.75,282.75,15.5,31.25,0.55688
270,269,333,13.5,27,0.55566
270,276.5,401.5,15.5,31,0.55552
270,533.25,38.5,13.25,26.5,0.55537
270,405.25,398.25,15.25,30.25,0.55523
270,140.25,336.5,15.5,31,0.55337
270,516,338.25,12.25,24,0.55205
270,452.25,419.25,15,30,0.55135
270,314.25,49.25,30,60,0.55038
270,125,380.75,14.5,29,0.54978
270,269.5,326.75,13,26,0.54908
270,60.5,395,14.75,29.5,0.54639
270,397.5,22.5,13.25,26.75,0.54604
270,327.25,26.75,13.25,26.5,0.54563
270,212.75,182.25,21.25,42.25,0.5452
270,550.75,19.75,13.75,27.25,0.54453
270,300.75,391,13.25,26.5,0.54334
270,420,414.25,17,34,0.54309
270,178.5,336,14,27.75,0.54282
270,349,24.25,12.5,24.75,0.54164
270,43.5,380.25,16,32,0.54159
270,66,329.75,20.5,40.5,0.54153
270,604,296,14.75,29.75,0.5413
270,372.75,344,14.75,29.75,0.54084
270,380.5,403.25,14.5,28.5,0.54078
270,207.25,261.75,13.25,26.5,0.54037
270,373.75,411,13.75,27.5,0.54033
270,582,321.25,12.75,25.25,0.53955
270,180.25,384.25,16.25,32.5,0.53952
270,197.25,261.25,14.25,28.25,0.53944
270,384.5,31.25,12.75,25.75,0.53934
270,92.25,304.5,15.75,31.5,0.53871
270,279.25,263.25,12.75,25.5,0.5386
270,439.75,364.25,12,24.5,0.53852
270,412.75,23.25,13,26,0.53832
270,411.75,385.75,14.75,29.5,0.53802
270,293.75,256.5,15.5,31.25,0.538
270,366,21,14,27.5,0.53788
270,598.25,368,12.5,24.75,0.53775
270,427.25,18.5,15,30,0.53744
270,302.75,328.75,15.5,31,0.53723
270,92.75,269,14.25,28.25,0.53718
270,236.75,318.25,13.25,26.5,0.53659
270,549.75,393.5,15.75,31.5,0.53653
270,427.75,403.75,14.75,29.25,0.53609
270,404,23.75,12.75,25.5,0.53543
270,287.25,382.5,13.25,26.25,0.53536
270,598,283.75,14.5,29,0.53492
270,179.25,342.25,13,25.75,0.53451
270,453,380.25,13.5,27,0.53447
270,364.25,297.75,13,25.75,0.53416
270,419.5,21.75,13.75,27.5,0.53415
270,44,394.5,16,32.5,0.53406
270,309,380.5,14.75,29.25,0.53374
270,98.75,362.75,17.75,35.5,0.53372
270,271.75,263.25,13,26,0.5336
270,140.75,361.75,14.25,28.25,0.53348
270,291.75,285.5,14,28,0.53341
270,404,31.5,12.5,25.25,0.53319
270,260.75,399.75,15.5,31,0.53316
270,350.25,422.25,13.5,26.75,0.533
270,76.25,365.25,16.5,32.75,0.53295
270,565,408.5,13.75,27.75,0.53258
270,547,23.75,12.5,24.75,0.53247
270,480.5,24.75,11.75,23.5,0.53235
270,133.75,299.5,13.75,27.25,0.53226
270,44,321,12.25,24.5,0.53224
270,243,187.5,14.5,29,0.53215
270,368,409.5,12.5,25,0.5318
270,340.75,254.5,16.5,32.75,0.53142
270,61,314.25,15.75,31.5,0.53123
270,574.75,380.5,13.5,27.25,0.53111
270,53,408.5,14,27.75,0.53102
270,161.5,349.5,38.25,76.75,0.53079
270,196.25,326.75,13.5,27,0.53077
270,165.5,317.25,13.25,26.75,0.53032
270,324,306.5,14.75,29.25,0.5301
270,148,367,15.25,30.5,0.53004
270,331.5,28.75,13.75,27.75,0.53002
300,188.25,278,13.5,27.25,0.57254
300,533,5.25,14.5,29,0.56715
300,363.5,311.25,13.25,26.25,0.56011
300,276.75,377.75,15.5,30.75,0.56003
300,204.5,298.25,14.75,29.75,0.55837
300,316.25,19.5,16.5,33,0.55715
300,299.25,416.25,16.5,32.75,0.5561
300,269,430.5,14,28.25,0.55594
300,259.25,366.5,17.5,35,0.55418
300,40,385,13,26,0.55407
300,277.25,366,15.5,30.75,0.55346
300,223.25,314.75,15.75,31.75,0.55316
300,284.75,379,15,30,0.55117
300,372.75,413,15,30,0.551
300,295.75,52.5,13,26.25,0.55055
300,36.25,412,13,25.75,0.55053
300,253.75,327,13,26,0.5479
300,261,309,14.5,28.5,0.54759
300,516.5,361.75,15.75,31.5,0.54714
300,84.25,336,16,32.5,0.54704
300,406.5,248.5,12.25,24.5,0.54597
300,524.5,17.25,14.75,29.75,0.54591
300,397,332.5,13.25,26.5,0.54547
300,207,287.5,13.25,26.5,0.54495
300,324.5,7,16,32,0.54435
300,149.5,269,13.25,26.5,0.54433
300,381.75,335,13.25,26.25,0.54419
300,308.75,410.5,12.75,25,0.54415
300,220,426.5,15,29.5,0.5436
300,144,310.5,13,25.5,0.5434
300,325,328.25,15,30.25,0.54314
300,317,28,14.75,29.25,0.54298
300,340.75,324.5,14.25,28.75,0.54275
300,277.25,298,15,30,0.54259
300,384.75,227,11.5,23,0.54256
300,348.5,8,12.75,25.5,0.54243
300,516.25,26,15,30.25,0.54221
300,349.5,305.75,15.25,30.5,0.54211
300,28,374.5,12.5,25.25,0.54196
300,388.75,411.25,14.5,29,0.54149
300,237,299.75,15.25,30.5,0.54142
300,125.5,330.75,14.25,28.5,0.5412
300,326.25,91.5,12.5,24.75,0.54063
300,253.25,237.5,14,28,0.54057
300,236.5,391,12.25,24.75,0.54022
300,340,407.25,13,25.75,0.54017
300,347.75,28.5,15.5,31.25,0.54011
300,396.5,398,15,29.75,0.53982
300,44.5,428.25,14.25,28.25,0.53966
300,180.25,272,14.75,29.5,0.53961
300,523.5,362,16,31.75,0.53883
300,229.25,427,14.5,28.75,0.53868
300,355.25,45.5,18.25,36,0.53867
300,77,365.25,14.25,28.5,0.53857
300,292.25,305.75,15,30.25,0.53794
300,460.25,403.25,14.5,29,0.53767
300,605,397.5,13.75,27.25,0.53737
300,347.25,46.75,17.75,35.25,0.53734
300,357.5,310.5,13.25,26.25,0.5373
300,412.5,252.25,14.75,29.5,0.53721
300,396.25,316.75,14.5,29,0.53702
300,317,6.5,14.25,28.75,0.537
300,273.25,251,20.25,40.25,0.53695
300,220,370.25,15.75,31.5,0.53677
300,355,29.75,17.5,35,0.53667
300,428.75,32.5,12.25,24.25,0.53659
300,116.5,397.25,15.5,30.75,0.53658
300,156,311.75,12.5,25,0.5365
300,357.25,318.5,13.25,26.5,0.53639
300,227.75,398.5,17.5,34.75,0.53638
300,332.25,408.5,12.5,25,0.53638
300,206,416.5,12.25,24.5,0.53603
300,487.75,36.75,12,24,0.536
300,132.5,267.5,16,32.25,0.53573
300,76.25,336,15.25,30.75,0.53572
300,333.25,398,14,28,0.53571
300,396.25,423.25,15.25,30.5,0.53551
300,454.5,424.5,12.75,25.75,0.53531
300,221,328.5,13,26.25,0.535
300,67,409,17.75,35.5,0.53493
300,340.5,282.25,12,24.25,0.53489
300,30.75,328,12.75,25.25,0.53487
300,76.25,282.75,15,29.75,0.53467
300,403.5,237.25,16.25,32.5,0.53427
300,284.75,301.75,17,34,0.53411
300,242.25,279,13,25.5,0.53405
300,308.5,246.25,14.5,29,0.53397
300,507.75,5,13.25,26.5,0.53366
300,507.5,279.75,15.75,32,0.53358
300,84,363.25,15.5,31,0.53326
300,236,424.5,15.25,30.75,0.53319
300,66.5,149.5,25.75,51.75,0.53316
300,412.75,333,13.25,26.5,0.53312
300,171.5,336.25,16.5,32.75,0.53279
300,28.5,305.25,16,32,0.53258
300,304.75,12.75,21.25,42.5,0.53257
300,396.75,285.5,12.75,25,0.53235
300,50.75,369.75,12,24,0.53228
300,108.75,386.25,15,30.25,0.53221
300,232,278,12.75,25.5,0.53215
300,204.25,287.5,13.25,26.5,0.53196
300,468.5,306.75,15.5,31,0.53195
300,149,386.5,14.25,28.5,0.5319
300,92.5,397.75,14.5,29,0.53179
300,205,320.5,12,24.25,0.53167
300,204.5,359.5,12.5,25.25,0.53147
300,268.75,284.75,15.25,30.25,0.53138
300,581.5,21.75,14.25,28.5,0.53133
300,427,367,17.25,34.25,0.53125
300,597,342.25,14,27.75,0.53112
300,611.5,40.25,14.25,28.5,0.53096
300,220,287.5,17.25,34.5,0.53078
300,292.75,379.25,14,28,0.53063
300,364.25,51.5,23.5,47.25,0.53063
300,245.5,238.5,13.25,26.5,0.53061
300,293.75,1,11.75,23.5,0.53054
300,540.5,5.5,13.75,27.75,0.53044
300,166.5,313.5,12,24,0.53036
300,508.75,363,14.75,29.25,0.53004
300,374.5,55,13,26,0.53001
330,379.5,62.5,14.25,28.75,0.56519
330,374.25,6.5,13.25,26.5,0.56445
330,397.25,400.75,13.25,26.5,0.56099
330,243,339,15.5,30.75,0.56015
330,326,27.25,13,26,0.55751
330,461.75,388,14.25,28.75,0.5573
330,245.5,406,13.5,27,0.55687
330,205.75,400.25,12.75,25.5,0.55617
330,51.75,424.75,15.25,30.5,0.55296
330,84.75,305.75,15.75,31.75,0.55182
330,295,390,13,26.25,0.55066
330,226.75,349,17.25,34.75,0.5501
330,573.25,11.5,13.5,27.25,0.54981
330,229.25,302.5,13.75,27.5,0.54798
330,477.75,383.75,15,30,0.54652
330,468,288.25,16,32,0.54612
330,236,291,14.75,29.75,0.54521
330,186.75,187,26,52,0.54422
330,204.25,305.25,15.5,31,0.54394
330,87.25,371,15,30.25,0.54383
330,220.5,302.5,14,27.75,0.54378
330,332.5,349.75,16.75,33.5,0.54333
330,324.75,339.5,15.5,31,0.54297
330,277,413.75,14.5,29,0.54268
330,341,36,14.25,28.5,0.54242
330,289.75,286.5,17.5,35.25,0.54149
330,36.25,320.75,15.5,31.25,0.54138
330,338.75,407,21.25,42.25,0.54072
330,37.25,300,14,28.25,0.5406
330,172.75,412.5,12,24,0.54025
330,332.5,379,17,33.75,0.54004
330,197.25,397.5,14.25,28.5,0.53959
330,620,101.25,12.25,24.25,0.5395
330,21.25,304.25,13.5,27.25,0.53914
330,484.25,403.25,15.25,30.5,0.53909
330,332.5,44,15,30.25,0.53874
330,76.25,362.25,15.5,31.5,0.53871
330,422.25,28.5,13,26.5,0.53868
330,444.75,414.5,16.75,33.5,0.53868
330,494,17.25,14.75,29.75,0.53756
330,381.5,300,15,29.75,0.5369
330,108.5,385.5,12,24.25,0.5368
330,149.75,392.75,12.75,25.5,0.53632
330,443.75,377.75,13.75,28,0.5357
330,155.5,338,16.25,32.5,0.53549
330,35.25,414.75,16.5,33.25,0.5354
330,405.25,393,13.75,28,0.53506
330,12.5,389,13.25,26.75,0.53505
330,211.5,399.75,17.25,34.25,0.53489
330,582,344.25,13,26,0.53482
330,502.25,18.5,15,30,0.5344
330,92.5,349.75,12,24,0.53438
330,484.5,325,13.75,27.25,0.53414
330,221,342.25,13.25,26.5,0.53381
330,333,312.25,15,30,0.53366
330,196,369.75,15,30,0.53355
330,330,92.5,19,37.75,0.53348
330,236.75,405.75,13.75,27.5,0.53314
330,524.5,299,11.75,23.5,0.53306
330,77.5,433.75,14.5,29.25,0.53304
330,361,20,30.25,60.25,0.53302
330,181,318.5,13.75,27.25,0.53289
330,76.5,307.75,15.5,31,0.53281
330,283,300.75,14,28,0.5328
330,28.25,313.75,15.75,31.5,0.53263
330,164.75,351.75,13.5,27,0.53245
330,341.25,364,14.5,28.75,0.53237
330,421.75,400.25,13,25.75,0.53225
330,196.5,339.5,16,32.25,0.532
330,243.5,315.75,13.5,27,0.5319
330,348,4.75,14.25,28.75,0.53176
330,468,409,15.75,31.5,0.53175
330,15.25,297.25,12,24,0.5316
330,478.75,416.5,13,26.25,0.53159
330,29.25,424.25,13.75,27.25,0.53153
330,151,352.5,12.5,25,0.53125
330,134.5,419,13.5,27,0.53074
330,329.25,275.25,19.75,39.5,0.53065
330,502.5,12.25,12.75,25.5,0.53061
330,397,442.75,14.25,28.5,0.53054
330,52.25,393.5,15.75,31.5,0.53021
330,125.5,69,30.5,61.25,0.53018
360,204.25,321,15.75,31.5,0.56467
360,549,367.25,15.25,30.5,0.56187
360,275.75,297.5,17,33.75,0.56016
360,20,402.25,15.5,31.25,0.55975
360,380,399.75,12.5,24.75,0.5593
360,163.5,416.25,16,31.75,0.55841
360,550,400.25,12.75,25.25,0.5562
360,141.5,381.25,14,27.75,0.55511
360,51.75,377.5,15.25,30.5,0.55453
360,341,286.75,14.25,28.25,0.55396
360,299.75,299.25,16.5,33.25,0.55304
360,156,417.75,14.75,29.25,0.5529
360,149.25,336.5,14.5,29,0.55238
360,44,377.25,15.5,30.75,0.55231
360,357.5,278.75,13.25,26.5,0.55161
360,605.25,346.25,14,27.75,0.55024
360,236,290.5,14.5,29.25,0.55
360,347,270.5,16.75,33.25,0.54994
360,149.25,350.25,13.75,27.5,0.54903
360,397.5,368.25,12.5,25,0.54834
360,347.75,293.75,26.5,53,0.54655
360,212.25,332.75,16,31.75,0.54614
360,285.5,349.75,13.25,26.75,0.5459
360,308.75,328.5,15.5,31,0.54547
360,269.5,310.25,13.25,26.75,0.54522
360,51.75,394.25,15.25,30.75,0.54461
360,76.25,387.5,15,30.25,0.54416
360,621,86.75,13.75,27.75,0.54416
360,550.75,29,14,28,0.54415
360,174.25,375,13,26.25,0.54388
360,380.25,40,12.75,25.25,0.54386
360,325.75,392,14.5,29,0.5435
360,220.75,405,14.25,28.5,0.54349
360,68.75,396.25,14,27.5,0.54327
360,37.5,357.25,13.75,27.5,0.54321
360,580.75,408.25,15,30.5,0.5427
360,260.75,378.5,36.25,72.25,0.5427
360,243.75,270,14.75,29.25,0.54238
360,222.75,348.75,13.25,26.75,0.54207
360,108,402,13.5,27,0.54129
360,208.25,10.5,28.75,57.75,0.54093
360,334,318,13.5,27.25,0.54078
360,299.5,326.75,16.75,33.75,0.54034
360,237.25,422,13.25,26,0.54017
360,412.5,13.75,16.5,33.25,0.54004
360,587.75,361,15.75,31.25,0.53992
360,260.5,270.5,13.75,27,0.5391
360,557,365,15.25,31,0.53882
360,244.25,256.75,12.25,24.75,0.53868
360,262.75,318.5,13.25,26.75,0.53846
360,220.25,432,15.75,31.5,0.53831
360,284,303.25,16.75,33.25,0.53831
360,236.5,403.75,16.25,32.25,0.53808
360,556.25,324,14.25,28.75,0.53737
360,310.5,32.25,12.25,24.25,0.5373
360,389,321.5,14.5,29,0.53683
360,411.25,377.5,17,33.75,0.53672
360,196,425.25,15.75,31.75,0.53665
360,460,441,14.75,29,0.53664
360,532.5,360.5,14.5,29,0.5364
360,56,359.5,12.5,24.75,0.53625
360,292.5,414.5,12.25,24.75,0.53619
360,324.5,377.75,14.25,28.75,0.53605
360,440,400.25,12.5,25,0.53599
360,85,385.5,15.5,31,0.53578
360,180,280.5,12.5,24.75,0.53578
360,454,431.25,13,25.75,0.53572
360,341.25,375.25,12.75,25.5,0.5357
360,348.25,374.75,13.5,27,0.53557
360,316.75,329.5,15.5,31,0.53527
360,413.25,331.25,14.75,29.75,0.53494
360,294.75,325.25,28.75,57.75,0.53492
360,339.25,270.25,14.75,29.75,0.53478
360,-1.5,261.75,12.5,25.25,0.53469
360,382,335.25,13.25,26.5,0.53454
360,116.75,441,14.25,28.5,0.53452
360,300,268.75,13.25,26.5,0.53375
360,267.75,391.5,16.75,34,0.53365
360,180.75,366.75,14.25,28.5,0.53352
360,291.25,401.5,15.75,31.75,0.5334
360,182.25,363.75,30.5,61,0.53336
360,267.75,282.25,15.25,30.75,0.53327
360,142.25,399,13.25,26.25,0.53327
360,311,16.25,12.5,25,0.53299
360,396.75,19.75,14.5,29,0.5329
360,339.5,263,15.25,31,0.53276
360,548.5,376.75,14.25,28,0.53274
360,572.5,422.75,15.25,30.5,0.53274
360,172.5,347,15.75,31.25,0.53232
360,285,295.25,13.75,27.75,0.53226
360,174,264.5,13.5,26.75,0.53195
360,334,439,12.75,25.75,0.53156
360,408.5,31.25,11.75,23.75,0.53155
360,204.75,309.25,14.75,29.5,0.53144
360,220.25,292.5,15,30.25,0.53122
360,348.5,384.5,12.5,25,0.53097
360,325,305.75,15.5,30.5,0.53081
360,588.5,398.5,13.25,26.5,0.53081
360,36.75,377.75,15,30.25,0.53047
360,181.25,419.25,15.25,30.75,0.53043
360,309.75,19.25,14.25,28.75,0.53035
360,204.25,360.75,12.5,24.75,0.53019
360,101,192.5,17.5,35,0.5301
390,438,429.5,15.5,31,0.56837
390,308.25,381,14.25,28.5,0.55886
390,394.75,10.75,21.75,43.5,0.55637
390,364.25,21.25,25,49.75,0.55072
390,428.25,12.25,13.25,26.5,0.54732
390,108.5,332.75,15,30.25,0.54333
390,436.25,372,14.75,29.25,0.54307
390,546.5,339,12.75,25.5,0.54226
390,141,359.75,15,30,0.54135
390,228.5,280.5,12.5,25,0.54117
390,374,396.25,12.5,24.5,0.54067
390,567.75,375.25,12.75,25.75,0.54001
390,404.25,41.5,14.25,28.75,0.53992
390,60.25,360,15,30.25,0.53982
390,476.75,428,14.25,28.5,0.53966
390,121.5,69.5,28,56,0.53924
390,380.25,25.25,13,25.75,0.53914
390,125,392,14,28,0.53812
390,274.25,327.25,20,40.25,0.53787
390,460.5,351.75,12.5,25,0.53744
390,94.5,365.75,15.5,31.25,0.5362
390,116.25,315.75,16,32,0.5359
390,294.5,315.5,13,26,0.53511
390,171.5,339,16.25,32.5,0.53465
390,341,310,14.5,29,0.5345
390,300,36,13.75,27.25,0.53448
390,73.5,87.5,12.5,25,0.53433
390,444.75,384.25,15.25,30.5,0.5343
390,316.25,395.5,12,24.25,0.53393
390,348.75,58.75,15.5,31.25,0.53368
390,75.75,361.5,16.75,33.25,0.53296
390,374,441.75,12.5,25,0.53245
390,284.5,381,12.5,25.25,0.53197
390,52.25,400.75,13.25,26,0.53188
390,308.75,262.5,13.25,26.25,0.53133
390,152,270.5,12.25,24.5,0.53115
390,460,261.25,15,29.75,0.53097
390,131,307,12.5,25.25,0.53097
390,381.5,429.75,14.5,29,0.53097
390,122.5,311.5,19.25,38.5,0.53081
390,511,399.75,12.25,24.25,0.53072
390,588.5,380.25,14,28.25,0.53063
390,188.5,328.75,13.25,26.75,0.53016
420,327.75,20.25,15.75,31.5,0.56773
420,300.5,303.75,12.75,25.75,0.55953
420,84.25,350.25,16.75,33.25,0.55211
420,287.5,373.5,13.75,27.5,0.551
420,107,381.5,14.25,28.5,0.54931
420,598.5,445.25,13.25,26.25,0.5486
420,483.75,441.5,15.25,30.75,0.5485
420,315.25,39,13.5,26.75,0.54793
420,372.75,15,15.5,31.25,0.54716
420,252.75,239.75,12.25,24.5,0.547
420,364.5,15.5,16.5,32.75,0.54597
420,547.5,385.75,15,30.25,0.54548
420,197.25,288.25,12.25,24.25,0.54412
420,253.25,422.25,14.5,29,0.54362
420,420.5,15.5,12.25,24.75,0.54335
420,524.75,437.75,14.75,29.75,0.54303
420,195.5,381.5,14,27.75,0.54229
420,610.25,172.75,33.5,67.5,0.54192
420,461.25,444.75,13.5,27,0.54184
420,364.25,314.25,17.25,34.5,0.54097
420,156.25,375.5,12.25,24.75,0.54087
420,406.5,418.75,12.75,25.5,0.54028
420,140,364.5,13,25.75,0.53924
420,28.5,395.5,14.5,28.75,0.5381
420,394.25,28,14,28,0.53773
420,298.75,448.5,11.75,23.5,0.5375
420,148.75,375,14.5,29.25,0.53744
420,187.5,346.25,15.75,31.5,0.53741
420,44.25,342,13.75,27.25,0.53697
420,383.75,18.25,14.5,29,0.53681
420,260.75,407,11.5,23,0.53658
420,243.75,410.75,13.75,27.5,0.53657
420,36.5,350.5,15.5,31.25,0.53638
420,219.75,248,13.75,27.75,0.53566
420,196.75,273.25,15.75,31.25,0.53557
420,173.25,367.25,15.75,31.5,0.53543
420,324.75,287,15.5,31.25,0.53517
420,333.25,331,14,28,0.53507
420,83.5,338.75,17.5,35,0.53471
420,614.25,331,13.25,26.5,0.53454
420,269.25,438,14.5,29.25,0.53451
420,134.75,404.5,13,26,0.5344
420,380.5,367.75,12.5,24.75,0.53421
420,243.75,420.5,12.25,24.25,0.53319
420,292.5,375.75,12.25,24.5,0.5331
420,204.25,444.25,12,24,0.53297
420,204.5,399.25,14.5,29,0.53292
420,394.25,85.75,19.75,39.5,0.5323
420,149,398.25,14.25,28.5,0.53229
420,196,395,13.25,26.75,0.53221
420,203.5,339.25,13.75,27.5,0.53205
420,310.25,16.5,23.25,46.5,0.53191
420,132.75,297,12.5,24.75,0.5319
420,373,314.5,15.5,31,0.53184
420,342.5,368.75,11.75,23.5,0.53184
420,124.5,336.25,16.75,33.5,0.53181
420,521.5,158,13.5,27.5,0.53179
420,180.75,326.5,14.5,29,0.53177
420,294.5,360.5,28.5,57.25,0.53172
420,243,48.75,15.75,31.25,0.53151
420,460.5,395.25,14.25,28.5,0.53121
420,317.25,291.25,14.5,28.5,0.53079
420,332.5,293.25,12,24.25,0.53075
420,500.25,407.75,15.75,31.5,0.53067
420,300.5,404.75,12.5,25.5,0.53057
420,572.75,383,15,30,0.53053
420,117.25,441.75,13.25,26.5,0.53049
420,359.25,396.75,13,26,0.53033
450,340.5,340.5,14.25,28.5,0.59206
450,165,285,14,28,0.58636
450,389.5,90.25,21.75,43.75,0.58462
450,268.75,298.75,14.5,29,0.56304
450,341,75.25,13.25,26.5,0.55355
450,260.75,380.25,14.75,29.75,0.5529
450,180,282.5,14.75,29.5,0.55214
450,332.75,320.25,15.75,31.5,0.55207
450,340.25,326.75,13.25,26.5,0.55046
450,356.5,47,16,31.75,0.54892
450,245.25,275.5,14.5,29,0.54721
450,303.25,335,13.25,26.25,0.54628
450,508.5,137.75,19,37.75,0.54375
450,221,360,14.5,29.25,0.54359
450,232.75,43,18.75,37.25,0.54302
450,600.75,76.25,22.5,45,0.54275
450,207.25,349.25,14.25,28.5,0.54236
450,269,345.75,13.25,26.25,0.54221
450,348.75,330.25,13.25,26.5,0.54184
450,364.25,32.5,13,25.75,0.5416
450,459.75,441.5,15.75,31.25,0.5414
450,420.75,92.5,12,24,0.54121
450,460.25,420.5,14.75,29.5,0.54042
450,251.75,361.75,13.5,27.25,0.53985
450,386.25,417.75,17,33.5,0.53982
450,253.5,419.75,13.75,27.25,0.53979
450,324,320,17,33.5,0.5397
450,93.25,393.75,12.75,25.5,0.53961
450,172.25,320.5,13.5,27.25,0.53924
450,19.75,412.5,13,26.25,0.53909
450,368,380,13.5,27,0.53907
450,315.5,266.25,16.75,33.75,0.53889
450,292,323.75,13.5,26.75,0.53827
450,290.5,64.25,15.75,31.25,0.53798
450,212.75,366.75,14.75,29,0.53796
450,317.75,386.5,12.25,24.75,0.53777
450,268.5,270.25,15,29.75,0.5377
450,364.25,447.5,15.25,30.25,0.53756
450,76,307.75,15,30.25,0.53733
450,411,434.5,21.5,43.25,0.53727
450,229,350.75,14.5,28.75,0.53694
450,71.75,379.75,12.25,24.25,0.5368
450,347.5,32,16.25,32.5,0.53669
450,372,34,13.5,26.75,0.53634
450,396.75,407,13.5,27.25,0.53624
450,285,341.5,14.75,29.75,0.53617
450,254,343.25,13,26,0.53608
450,141.5,354.75,14.25,28.75,0.53588
450,341.5,12.75,13.25,26.75,0.53573
450,509.5,74,11.5,23.5,0.53516
450,292.75,258,16.25,32.5,0.53449
450,216.75,424.5,12.5,25.25,0.53405
450,229.25,339.5,13.75,27.5,0.53403
450,164,215,12.5,25,0.53397
450,90.75,306,13.75,27.25,0.53386
450,355.75,32.5,16.25,32.75,0.53363
450,291.25,337.25,12.25,24.5,0.53329
450,253.25,305.75,14.75,29.25,0.53316
450,425.75,430.75,13.75,27.5,0.53308
450,476.75,436.75,13.5,26.75,0.53292
450,323,402.5,18.25,36.5,0.53287
450,380.5,441.5,16.25,32.5,0.53284
450,359.5,382,13.25,26.25,0.53258
450,236.75,368.75,13.25,26.5,0.53192
450,412,381,16.75,33.5,0.53174
450,308.75,433,13.5,27,0.53162
450,71.5,370.75,13.25,26.5,0.53143
450,355.25,332.25,13.25,26.5,0.53122
450,85,195.75,14,28.25,0.53121
450,96.5,352.5,20.75,41.5,0.53097
450,525.5,9,11.5,23,0.53077
450,284.75,397.5,14.75,29,0.53075
450,-2,113,15.75,31.25,0.5307
450,243.75,423.75,13.5,26.75,0.53042
450,243,348.75,16.25,33,0.53026
450,317,259.25,15,30.25,0.53006
480,368,347.5,14.75,29.5,0.56281
480,435.5,431,12.75,25.5,0.56187
480,270,372,12.25,24.75,0.55956
480,325,82.25,14.75,29.5,0.55814
480,375.5,335.75,12.5,25.25,0.55798
480,341,81.5,14.5,28.75,0.5568
480,375,26.75,13.25,26.5,0.55342
480,164.25,409.25,14.25,28.5,0.55298
480,196.5,344.25,15.75,31.25,0.55262
480,159.25,301,13,25.75,0.55216
480,204.25,318.75,16,31.5,0.5508
480,331.25,81.5,16,31.75,0.54962
480,283.75,351,12.75,25.25,0.54922
480,197.5,317.5,15,30,0.54658
480,624,124.25,12.5,25.25,0.54639
480,394.5,32.75,16.5,33,0.54467
480,275.75,307,16.25,32.5,0.54408
480,46.75,10.25,13.5,27,0.54332
480,148.5,321.5,14.75,29.5,0.54329
480,628.75,73,11.5,23,0.54309
480,168.5,368.25,12,24.25,0.54246
480,13,427.25,13.75,27.5,0.54227
480,100.25,451.5,13.5,26.75,0.53975
480,386.25,31.75,17,33.75,0.53965
480,366.25,451.5,13.25,26.25,0.53936
480,467.75,390.5,13.25,26.5,0.53781
480,229.75,342.25,12.5,25.5,0.53683
480,172.25,298.75,13,26,0.53663
480,108,339.75,14.75,29.25,0.53598
480,63.5,206.25,37.25,74.5,0.5357
480,60.25,401.25,15.5,31.25,0.53564
480,460.25,443.25,15.25,30.5,0.53533
480,245.75,403.5,13.75,27.5,0.53523
480,284.5,373.75,17,34.25,0.53498
480,86,207.75,31,62,0.53481
480,317,367.25,15.5,31.25,0.53471
480,336.5,261.25,12,24,0.53444
480,76.5,352.5,12.75,25.5,0.53425
480,358.5,100.25,123.75,247.75,0.53404
480,244,300,14.25,28.75,0.53371
480,220.5,83,16,32.5,0.5336
480,168,358.75,13,26,0.53358
480,426.5,17.25,15.75,31.5,0.53309
480,445.75,405.75,13.25,26.75,0.53307
480,173,367.75,16.25,32.5,0.5329
480,619.25,79,20.75,42,0.53282
480,626.75,171,13.5,27,0.53268
480,309.5,375.75,15,29.75,0.53238
480,419.75,422.25,17.5,35,0.53227
480,6.75,194.5,11.75,23.75,0.53203
480,214,336.5,12.75,25.75,0.53178
480,315.75,324.5,12.5,25,0.53158
480,510.25,442,16,31.75,0.53157
480,16.5,77.75,11.5,23.25,0.53137
480,123.75,382.5,16,32,0.53133
480,599.5,388.25,13,25.75,0.53128
480,306.5,303.75,14.5,29.25,0.53114
480,541.25,357.25,13.5,27,0.53092
480,336.5,352.25,12,24,0.53066
480,453.75,422.5,13.25,27,0.53033
480,63.5,135,24.5,48.75,0.53026
480,348.25,360.75,15,30.25,0.53021
510,293.75,295.5,12.75,25.75,0.56627
510,91.25,120,17.75,35.75,0.56087
510,403.75,328.75,15,30.25,0.56014
510,420,344.5,16.5,33,0.55932
510,407.25,430.75,13.25,26.25,0.55741
510,428,13.5,13.5,26.75,0.55518
510,355.75,287.25,13,26,0.55486
510,316,7.25,12.5,25.25,0.55309
510,141.25,333.25,14.25,29,0.55121
510,363.75,434.5,14.5,29,0.55066
510,55.5,345,12.25,24.5,0.54888
510,324.75,288.25,16,32.25,0.54875
510,28.25,297,12.25,24.25,0.54813
510,20.75,155.75,15.25,30.5,0.54768
510,131.75,315.5,15.5,30.75,0.5474
510,77.25,114.75,19.5,39.25,0.54733
510,103.5,227,21.75,43.5,0.54732
510,350.5,7.25,23.25,46.5,0.54524
510,83.75,333.75,16,32,0.54473
510,307.5,9,15.5,31.25,0.54452
510,282.25,107.25,12.5,25.5,0.54326
510,244.25,276.75,13,26.25,0.54268
510,191.25,308.25,12.5,25,0.54267
510,44.5,395.25,14,28,0.54241
510,150,382.75,13.5,26.75,0.54055
510,292.5,299.75,14.5,29,0.5392
510,198,445,13,26.5,0.53886
510,291.75,254,15.75,31.25,0.53793
510,331.75,247.5,13.25,26,0.53783
510,45,352.25,12.25,24.5,0.53776
510,125,325,14.25,28.25,0.53724
510,163.75,390.25,16.75,33.75,0.53722
510,60.75,348.75,14.25,28.5,0.5372
510,269.5,391.25,12.75,25.5,0.53709
510,459.5,384.75,16,32,0.53703
510,413,10.5,17.5,35.25,0.53636
510,117.75,317.25,13.5,27.25,0.53584
510,63,436.5,13.5,26.5,0.5358
510,597,442.75,16.25,32.75,0.5354
510,29,168.25,13.25,26.5,0.5352
510,361.75,78.5,13,25.75,0.53491
510,596.25,311.75,12.25,24.25,0.53475
510,395,57.75,13.5,27,0.53426
510,347,298.25,16.75,33.5,0.53399
510,208.5,286.75,12,23.5,0.5339
510,327.25,368.75,12,24,0.53365
510,263.25,375.5,12.75,25.5,0.53348
510,236.25,345,13.5,27.5,0.5328
510,317,291.5,15,30,0.53235
510,357,21,15.25,30.25,0.53214
510,420.25,429,16.75,33,0.53207
510,380.75,279.75,13,26.25,0.532
510,411.25,360.75,18,36,0.53185
510,28.25,284.75,12,24.5,0.5316
510,227.25,343.75,12,24.25,0.53148
510,137,154,12.75,25,0.53136
510,189.5,328.25,23,46,0.53064
510,348,428.75,14.25,28.5,0.53062
510,428.25,362.5,18.5,37.25,0.53035
510,29.75,89.5,13.25,26.75,0.53022
510,260.75,253.25,14.25,28.5,0.53012
540,404,421.5,14,27.75,0.56941
540,44.5,424.25,13.75,27.5,0.56719
540,253,367.5,13.75,27,0.56393
540,312.75,35,13.25,26.25,0.55799
540,268.5,302.5,15,29.75,0.55731
540,196,419,13.75,27.5,0.55571
540,76,368.5,12.25,24.75,0.55414
540,317.75,326,13.75,27.25,0.55163
540,172.25,336,15.5,31,0.55005
540,132.75,329,15.25,30.75,0.54897
540,403.25,441.25,16,32,0.54812
540,455.5,427.25,13.25,27,0.54729
540,236,385.75,15.25,30.75,0.54711
540,246,311.25,13.25,26.25,0.54698
540,252.5,331.5,13.5,27.25,0.54686
540,368,11.5,13.25,26.25,0.54589
540,123.25,336.5,16.25,32,0.54232
540,392.75,452.75,11.5,23.25,0.54147
540,114.75,440.75,19,38,0.54147
540,269,432,14.25,28.5,0.54095
540,470,352.5,12.25,24.75,0.54086
540,86.25,296,12.5,24.75,0.54048
540,328.25,401,11.75,23.75,0.53935
540,356,15,17.5,35,0.5391
540,516.75,429.25,15,30,0.53776
540,154.5,433.75,18,35.75,0.5377
540,439,375.75,12.5,25,0.53765
540,212.75,385.25,15,30,0.53743
540,31.25,433,12.5,24.75,0.53738
540,245.5,332,31.5,63.25,0.53723
540,326.75,327.75,13,25.75,0.53714
540,141.5,375.25,13.5,26.75,0.53691
540,308.75,320.25,15.75,31.5,0.53689
540,343.75,22.25,13.25,26.5,0.53659
540,350,20,14,28,0.53622
540,7.25,127,12.75,25.25,0.53599
540,315,346.25,15,29.75,0.53597
540,364.75,387.75,16,31.75,0.53557
540,400,27.75,12.5,24.75,0.53529
540,520.75,123,11.5,23,0.53521
540,268.75,370.25,15,30.25,0.53437
540,324.25,419.75,13.5,27,0.53417
540,156.25,368.75,12,23.75,0.53379
540,156.5,377.75,15,29.75,0.53334
540,25.25,212.5,59.5,119,0.53289
540,499.5,429.75,16.5,33,0.53277
540,326.25,12.5,12.75,25.75,0.53261
540,163.75,411.75,14,28.25,0.53201
540,292,418,14.75,29.25,0.5318
540,243,335,17.25,34.5,0.53168
540,270.25,382.5,28.25,56.5,0.53159
540,76.5,356.5,12.5,25,0.53156
540,306.5,52,13.75,27.25,0.53141
540,292.5,285.5,14,28.25,0.53123
540,260.25,314.5,16.25,32.25,0.53116
540,412,421.25,14,28.25,0.53112
540,196.75,401.5,15.5,30.75,0.53111
540,60.25,418,15.25,30.25,0.53109
540,445,345.5,14,27.5,0.53104
540,179,395,12.25,24.25,0.53071
540,396.5,367.25,15.25,30.25,0.53058
540,338.5,73.25,16.25,32.75,0.53041
540,324.5,85,11.75,23.5,0.53037
540,245.5,242.75,14.75,29.5,0.53032
540,612.75,158.25,17.25,34.5,0.53027
540,200.25,191.75,18,36,0.53009
570,476.5,365.5,15.25,30.25,0.55901
570,477.75,381,13.75,27.5,0.55741
570,229.5,428,13.75,27.5,0.5533
570,220.25,273.25,12.25,24.5,0.55175
570,213.5,407,12.75,25.5,0.55152
570,60.5,433.25,13.25,26.5,0.54926
570,340.5,58.25,15,30,0.54882
570,412.25,87.75,49.75,99.75,0.54875
570,324.5,81.75,15.75,31,0.54666
570,461.25,388.75,13.75,27.25,0.54512
570,330.75,58.75,18.25,37,0.54507
570,28.25,379,14.75,29.75,0.544
570,388.75,17.5,15.75,31.75,0.54358
570,181,335.75,13.25,26.25,0.54326
570,618.5,65.5,23.25,46.5,0.54319
570,318,80.5,12.75,25.5,0.54292
570,315.75,333,16.5,33.25,0.54147
570,360.75,8.25,28.75,57.25,0.54106
570,141.75,414.5,13.25,26.25,0.54093
570,485.75,358.75,12.75,25.5,0.54085
570,381,10,15.25,31,0.54024
570,116.75,385.5,15,30.25,0.54011
570,189.5,406,13.75,27.25,0.54
570,221,425.5,14.75,29.25,0.53945
570,294.75,87.75,12.75,25.75,0.53904
570,220.25,336.75,15.75,31.5,0.53899
570,180.75,412.5,14,27.75,0.53877
570,177.75,400.25,12.25,24.75,0.53826
570,229,361.25,15.25,30.25,0.53807
570,157,412,14.25,28.5,0.53782
570,429.5,383.25,13,26,0.53772
570,172.25,406.75,14.75,29.75,0.53746
570,188.5,337.75,14,28,0.53691
570,482.25,380.75,17.25,34.75,0.53667
570,258.75,384.75,12.75,25,0.53643
570,52.5,400.75,14.5,28.75,0.53641
570,336.25,331,18.75,37.5,0.53623
570,131.75,400.5,16.25,32.5,0.53582
570,411.5,384.5,15,30.25,0.53577
570,229,335.25,14.5,28.75,0.53553
570,252.5,423.75,15,29.75,0.53506
570,252,395.75,13.25,26.25,0.53503
570,140,423.5,16.25,32.5,0.53472
570,212.5,48.75,12.25,24.5,0.53418
570,213.75,326,13.25,26.75,0.53379
570,28.5,440,15.25,30.5,0.53374
570,277.75,400.25,12.75,25,0.53344
570,412.75,367.5,13,25.75,0.53339
570,405.25,413.5,14,28,0.53329
570,333,433.25,15.25,30.75,0.53307
570,60.5,382.75,15.5,31,0.53299
570,117,269,13.75,27.5,0.5327
570,260.75,440.75,15.75,31.25,0.53229
570,355,310.75,17.5,34.5,0.5319
570,-2,8.25,16,31.75,0.53182
570,285.75,311,12.75,25.5,0.53178
570,388.5,392.75,15.25,30.75,0.53178
570,348.5,393.75,17,34,0.53141
570,376.75,227,11.5,23,0.53103
570,220.75,405.5,13.5,26.75,0.53025
600,402.5,30.25,17.5,34.75,0.55674
600,-3.5,198,29,58,0.5529
600,445.75,149.5,12.5,24.75,0.55216
600,36,389.5,15.75,31.25,0.55146
600,308.75,4,16,32.25,0.54974
600,472.75,370,12.75,25.5,0.54917
600,92.25,420.5,16.25,32.25,0.54895
600,61,324.25,13.75,27.5,0.54847
600,69,395.25,14.5,29,0.54679
600,421.5,2.5,14.25,28.5,0.54563
600,349.25,20.25,37.75,75.75,0.54391
600,340.5,15,15.75,31.5,0.54367
600,300.25,8,13.5,27,0.54355
600,429.75,118.75,14.5,29.5,0.54339
600,396.75,409.25,13.75,27.5,0.54331
600,373.5,409.5,14,28.25,0.5423
600,180.75,357,11.5,23,0.54216
600,365,408,15.25,31,0.542
600,76,323.25,13.5,26.75,0.54155
600,454.75,16,13.5,27.25,0.54136
600,404.75,370.5,14.5,29,0.54122
600,246.75,339.5,67.5,135.25,0.54092
600,610.25,64.25,32,63.75,0.54037
600,347.25,429,16.25,32.5,0.53994
600,339.5,56.75,19,37.75,0.53887
600,242.5,81.5,26.5,53,0.53841
600,317.75,80.5,12.75,25.25,0.53751
600,460.25,389.25,14.25,28,0.53706
600,555.25,28.25,23,46.25,0.53638
600,446.25,387.25,14.5,28.75,0.53557
600,69.5,331.75,12.5,25,0.53513
600,60.25,419.25,16,32,0.53457
600,127.25,182.5,13,26,0.53424
600,28.5,374.25,14.75,29.25,0.53368
600,348.5,7.25,13,25.75,0.53358
600,438.75,439,11.5,23,0.53345
600,100.75,338,13.75,27.75,0.53304
600,457.25,360.25,34.5,68.5,0.53298
600,40.25,344.25,12.5,24.5,0.53286
600,19.5,333.75,13.25,26.5,0.53155
600,102.5,316.5,13.25,26.25,0.53135
600,105.25,391.5,30.5,60.75,0.53035
600,619.75,212,12.75,25.5,0.53017
630,93.75,433,12.5,25.25,0.56821
630,509.75,144.25,13.25,26.25,0.55828
630,103.25,186.5,13.75,27,0.55315
630,332.75,60.5,14,28.25,0.54508
630,93.25,395.75,12.5,25,0.54472
630,276.75,318.5,13.5,26.5,0.54464
630,424.25,252.25,12.25,24.5,0.5446
630,413.25,26.75,14.75,29.25,0.54
630,342,423,13,26,0.53836
630,365.5,410.5,13.5,26.75,0.53636
630,445.5,18.5,15,30,0.53614
630,324.25,46.75,16.25,32.5,0.53561
630,610.25,28,33.5,67.25,0.53515
630,425.75,116.75,16.5,32.5,0.53503
630,-9.5,60.75,82.25,164.75,0.53442
630,324.5,74.75,15,29.75,0.53438
630,610.5,60,32.25,64.5,0.53377
630,24,175.75,32.25,64.75,0.53377
630,350.25,417.25,14.75,29.5,0.53353
630,418.25,424,12,24.25,0.53319
630,34.25,159,16.75,33.5,0.53189
630,407,46.25,14,27.75,0.53178
630,546.75,105.25,12,24,0.53169
630,145.75,11.25,17.75,35.75,0.53101
630,352,7.75,22,44,0.53068
630,212.75,213,15.25,30.75,0.53047
630,284.75,430,13.75,27.5,0.53009
630,221,392.25,12.5,25.25,0.53005
660,453,21,14,28.25,0.55909
660,396,41.5,12.25,24.5,0.55067
660,331.5,55.75,17.5,35,0.54612
660,-3,87.5,24,48.25,0.54367
660,423.5,68.25,27,53.75,0.5431
660,206,211.75,18.25,36.5,0.54277
660,308.75,370.75,14.5,29.25,0.54277
660,112.25,165,18.25,36.25,0.54133
660,365,50.75,15,30,0.5397
660,458.5,351.75,12.75,25.5,0.53762
660,60.5,349.25,15.5,30.75,0.53699
660,445.5,19.5,14.75,29.75,0.5364
660,50.75,345.75,17.75,35.25,0.53369
660,154.25,86.25,12.25,24.25,0.53247
660,317.25,352,14.5,29.25,0.53145
660,68.5,351.5,15.5,30.75,0.53129
660,436,16.25,12,24,0.5312
660,568.5,96.5,12,24.5,0.5307
660,626.75,29.75,15,30,0.53063
690,364.75,29,15.5,31,0.56473
690,476.75,56.25,12.25,24.5,0.56383
690,53.25,376.25,13,25.75,0.56049
690,496.25,284.75,12.5,24.75,0.54908
690,20,273,16.5,32.75,0.54268
690,262.75,403.5,12.75,25.25,0.54255
690,519.75,141,13.75,27.5,0.5402
690,84,190,14,28,0.53806
690,426.75,75.25,21.25,42.5,0.53707
690,230.75,86.5,23.25,46.75,0.53377
690,422.75,256.5,14,28.25,0.53276
690,426.5,65.25,22,44,0.53234
690,125,410.25,12.5,25,0.53021
690,203,382.25,13.25,26.25,0.53019
720,476.25,59.75,12.75,25.5,0.5446
720,326.75,44.75,12.25,24.5,0.54075
720,206,109,13.25,26.75,0.53897
720,427.75,10,14,28,0.53751
720,366.25,277.25,13,25.75,0.53737
720,341.5,45.75,13.5,26.75,0.53706
720,308,75.75,17.25,34.5,0.53411
720,519,347.25,12.25,24.75,0.53373
720,420.75,66.5,30.25,60.75,0.53263
720,371.75,301.5,13,26,0.53185
720,397,8.5,12.75,25.25,0.53147
720,102.75,24.5,15.25,30.5,0.53105
720,133.25,187.75,12.5,25.5,0.53087
720,396.25,28.75,17,34.25,0.53035
750,348.5,5.5,13,26.25,0.54884
750,431,137.5,12.75,25.5,0.54535
750,356.75,62.75,14.5,28.75,0.54369
750,313.5,221.5,35.25,70.25,0.54049
750,37.25,225.75,14,28.25,0.53921
750,6.75,233.75,12.5,25.25,0.53684
750,24.5,225.5,12.25,24.5,0.53475
750,34.5,83,13.5,27,0.53432
750,430.75,66.75,12.75,25,0.53337
750,291.75,15.5,16.5,32.75,0.53136
750,367.25,8.5,15.25,30.75,0.53108
750,347.75,59.5,15.25,30.5,0.53104
750,74.25,252.5,19.25,38.75,0.53095
750,395.5,54.5,16,32,0.53076
750,579.25,292,15.25,30.25,0.53004
780,396.25,33.25,15.5,31.25,0.57199
780,428.25,10,19.5,39,0.55501
780,316.25,13,12,24,0.5523
780,296.25,14.5,33.25,66.25,0.55102
780,202.25,215.5,20,40,0.54517
780,379.75,19.75,14.75,29.5,0.54486
780,300,43.25,15.5,30.75,0.54376
780,275.75,275.75,14,27.75,0.53925
780,84,188.25,13.25,26.75,0.53564
780,396.5,43.25,14.5,29,0.53505
780,381,73.25,15.75,31.25,0.53505
780,403.5,31.25,16,32,0.53492
780,337.75,14.25,18.25,36.5,0.53446
780,619.75,36.75,12.75,25.75,0.53338
780,331.25,18.25,28,56,0.53321
780,521.25,144.75,13.75,27,0.53261
780,386,30,18.75,37.75,0.53186
780,586.25,92.75,16.5,33,0.5315
780,396.75,12.25,14,28,0.53134
780,360.25,13.25,11.75,23.5,0.5304
780,47.75,20,99.75,199.75,0.53003
810,307.75,63.5,16.5,32.75,0.55998
810,533,5.25,13.25,26.5,0.55904
810,132.75,283.5,12.75,25.25,0.55685
810,405,12.5,16.25,32.75,0.55202
810,346,41,25.75,51.5,0.55197
810,455,254.5,14.25,28.25,0.55113
810,412.25,9,12.75,25.75,0.54927
810,620,58.75,12.75,25.5,0.54903
810,333.75,13.25,13.25,26.25,0.54808
810,346.5,11.5,18.25,36.25,0.54523
810,315.75,63.75,17,34.5,0.5446
810,476.25,5.25,12.75,25.75,0.54309
810,323.5,59.25,17.75,35,0.5425
810,430.75,136.75,13,26,0.5398
810,36.25,279.75,12.25,24.5,0.53887
810,85.5,369.5,14.25,28.5,0.53662
810,377.25,39.25,27,53.75,0.53487
810,539.75,376,13.75,27.75,0.53464
810,395.25,17,24.5,49.25,0.53452
810,620.5,78.75,11.75,23.75,0.53338
810,285.75,348.75,12.75,25.75,0.53206
810,253.5,267.75,12.75,25.25,0.53204
810,230.25,378.75,12.75,25.5,0.53131
810,607,380.5,12.5,25.5,0.53101
840,332.75,31.5,14.5,29,0.55559
840,354.5,59.5,18.5,36.75,0.54713
840,370.75,12.5,20,39.75,0.54448
840,164.75,303.75,12.5,24.75,0.54352
840,399.75,32.25,12.5,25,0.54246
840,324.25,32.25,16.5,33,0.53913
840,503.5,185.5,12.75,25.5,0.53896
840,373.5,37,13.5,27,0.53816
840,309.5,53,14.75,29.25,0.53795
840,365.25,45,14.75,29.25,0.53724
840,12.75,84.25,13,26,0.53641
840,293,1.25,14,27.75,0.53612
840,326.75,26.25,12.75,25.5,0.53602
840,380.75,33.5,15.5,31.25,0.5357
840,203.25,216.25,18.75,37.5,0.53553
840,54,25.5,93.5,187.25,0.53457
840,84.75,257,11.5,23,0.53424
840,254.75,366.25,19.75,39.75,0.53422
840,502,185,28.25,56.75,0.53416
840,183,6.25,14.5,29.25,0.53402
840,317,51.5,14.75,29.5,0.53295
840,393.25,22.75,13,25.75,0.53242
840,92.75,221.5,14,27.5,0.53095
840,366.25,315,12,23.5,0.53092
840,302.25,64.25,13.5,27.25,0.53014
870,396.75,37.25,13.5,27,0.56288
870,339.75,14.75,16.75,33.75,0.55139
870,459.25,46,17,34,0.54989
870,420.5,16.25,16.75,33.5,0.5461
870,345.5,22.75,28,56.25,0.54592
870,389.25,50.5,15.25,30.5,0.54563
870,292.5,48.75,15.25,30.5,0.54317
870,202.75,216,19,38.25,0.54146
870,436.75,12.25,14.75,29.75,0.53997
870,429.25,26.75,14.75,29.25,0.53929
870,36,17,15.5,31,0.53741
870,373.25,269.75,15.75,31.25,0.53705
870,405.5,34,13.75,27.75,0.53456
870,364.5,17.75,15.75,31.75,0.53452
870,396.75,48.75,13.25,26.75,0.53368
870,299.25,41.5,21.5,42.75,0.53335
870,437.75,27.75,14.25,28.5,0.53246
870,620,41.5,20.5,41.25,0.53246
870,460.25,10.75,15,30,0.53154
870,571.5,49.25,16.25,32.25,0.53123
870,531.75,370.25,15,30,0.53104
870,431,137.5,13,25.75,0.5302
870,428.25,69.75,19.5,39,0.53011
900,364.25,43.5,14.25,28.5,0.57656
900,374,31,13.25,26.25,0.55632
900,60.5,375.5,12,24,0.55096
900,320.5,12.25,12,24.5,0.5411
900,183,17.25,11.75,23.5,0.53825
900,-11.25,35.25,98,196.25,0.53656
900,292.75,76.75,12,23.75,0.53651
900,348,15.25,16.75,33.5,0.53429
900,424.75,9.25,20.25,40,0.53419
900,419,413.5,14,28,0.53168
900,521.25,145.75,13.5,27,0.53132
900,404.75,10.75,15.75,31.25,0.53121
900,36.75,97,11.5,23,0.53024
930,364.5,43.25,14.5,29,0.5913
930,423.5,6.25,14,27.75,0.56766
930,325.5,77.75,14,28,0.55881
930,381.5,74,14.75,30,0.54624
930,-11.5,28.25,99,198.25,0.54009
930,183,17.25,11.75,23.5,0.53843
930,439,22,13.75,27.25,0.53765
930,304,63.5,16.5,33,0.537
930,83,151.25,36.25,72.5,0.5366
930,83.75,188.75,13.75,27.25,0.5355
930,206.25,43.75,16.5,32.5,0.5353
930,502,185.25,28.75,57.5,0.53491
930,582.5,297,12.25,24.5,0.53231
930,521.5,146.25,13.5,27.25,0.5319
930,309,85,14.75,29.25,0.53073
930,427.5,69.5,21,42,0.53048
960,438.5,261.5,12.25,24.75,0.54976
960,276.25,280.25,12,24,0.54286
960,373.25,53.5,13.75,27.25,0.53879
960,430.75,67.75,12.5,24.75,0.53822
960,133,188,12.5,25.5,0.53651
960,165,303.75,11.75,23.5,0.53539
960,161.25,388.5,20.25,40.25,0.53449
960,155.25,281.75,20.75,41.25,0.5336
960,336.25,77.75,12.5,25.25,0.53165
960,41.75,139.5,14.25,28.5,0.53142
960,117.25,29,14.75,29.5,0.53116
960,77.75,357,15,29.75,0.53089
960,412,3,12.5,24.75,0.53071
960,573.75,42.75,12.5,24.75,0.53057
960,519.25,3.25,13.5,27.25,0.53007
990,445.25,262,14.25,28.25,0.54938
990,294.5,53,14,28,0.54902
990,469.25,55.25,12.25,24.75,0.54425
990,309.25,77.5,15.5,31.25,0.54382
990,487.75,431.75,12.75,25.5,0.54355
990,7,204.5,12.75,25.75,0.54315
990,523.75,146,13,26,0.54267
990,396.75,54.5,13,25.75,0.53779
990,484,432.75,12,24,0.53669
990,531.5,430.25,13,26.5,0.53656
990,320,381,21.75,43.75,0.53568
990,380.75,67,14,28.25,0.53548
990,350.5,353.25,60.5,121,0.53531
990,315.75,78.25,16.5,33.25,0.53523
990,430.75,67.75,12.5,24.75,0.53499
990,106,194,14,28,0.53493
990,403,443.75,15.75,31.5,0.53425
990,165.75,139.25,13,26,0.53412
990,166.25,168.25,12.5,24.5,0.53348
990,544.5,282.5,18.75,37.5,0.53305
990,431.75,139.5,12.5,25.25,0.53145
990,84,404.5,14,27.75,0.53094
990,365,42.75,15,29.75,0.53073
990,51.5,392,16,32,0.53063
990,214.25,348.25,62.75,125.5,0.53051
990,309.5,6.25,13.5,26.75,0.53011
1020,432.75,74,11.75,23.75,0.55042
1020,84.75,168.5,23.75,47.25,0.54128
1020,340,48.75,17.25,34.25,0.54123
1020,540.25,19.5,13,26.25,0.53997
1020,183.25,23.25,13.5,26.75,0.53893
1020,472,59,14.75,29.75,0.53839
1020,212.25,303,12.75,25.5,0.53824
1020,300.5,12.75,12,24,0.53694
1020,-5.75,127.25,48.25,96.5,0.53495
1020,97.5,376.25,12.5,25.25,0.5349
1020,310.75,71.25,13.75,27.75,0.5346
1020,372.75,50.5,14.5,29,0.53443
1020,466,63.25,12.75,25.5,0.53413
1020,594.75,421.5,25.75,51.75,0.53351
1020,272.25,336.5,69.25,138.25,0.53264
1020,356.5,19.5,14.5,28.75,0.53138
1020,66,202,17,34,0.53068
1020,139.25,141.5,31.25,62.75,0.53016
1020,571.5,107,15,30.25,0.53013
1050,515.25,16.25,12.25,24.25,0.55132
1050,345.5,304.75,16.75,33.25,0.54922
1050,210.25,339.5,14.5,29,0.54869
1050,404.25,58.75,19,38,0.54595
1050,259.5,428,17.25,34.5,0.54343
1050,364.75,40.25,12.25,24.75,0.54192
1050,495.5,15,15.75,31.25,0.54162
1050,420.5,314,12.25,24.25,0.54076
1050,483.75,355.25,13,25.75,0.54064
1050,226,355.25,16,32,0.54055
1050,244.25,392.5,12.5,25,0.5396
1050,421.25,4.25,14.75,29.5,0.53877
1050,423.75,70,13.5,27,0.5387
1050,380.75,441,11.5,23,0.53782
1050,42.75,345.25,21.5,43.25,0.53763
1050,331.75,1.75,14.25,28.25,0.53763
1050,284.25,449.75,12,24,0.53733
1050,467.5,336.25,15.75,31.75,0.53729
1050,456.25,407,12.75,25.5,0.53726
1050,258.5,301.75,13.5,26.75,0.53618
1050,475.75,18.25,15.75,31.75,0.53588
1050,579.5,139.75,13.75,27.5,0.53559
1050,501.25,341.5,15,30.25,0.53484
1050,452.75,12,14,28.25,0.53468
1050,496.5,31,12.75,25.75,0.53468
1050,102.75,434,15,30.25,0.5344
1050,467.25,306.5,15.75,31.75,0.53418
1050,152.25,148.5,11.75,23.5,0.53396
1050,241.75,9,85.75,171.25,0.53358
1050,430.25,401.75,14.75,29.25,0.53348
1050,451.75,295.5,12.75,26,0.53324
1050,278.25,12.25,43.75,88,0.53322
1050,596.5,413,14.25,28.25,0.53277
1050,390.75,448.75,12.5,25.5,0.53237
1050,278.25,452.75,13.5,26.5,0.53228
1050,380,63,16.5,33,0.53209
1050,604,280.25,13.25,26.25,0.53208
1050,390,46,13.75,27.75,0.532
1050,412.25,324.75,12,23.75,0.53188
1050,397.5,55.5,21,42,0.53175
1050,582.25,285.5,12.25,24.25,0.53168
1050,423.75,59.75,12.75,25.5,0.53112
1050,456.75,220.5,12,24,0.53038
1050,428.5,377,13,26,0.53004
1080,197.75,428.75,13.5,27.25,0.58276
1080,36,311,13,25.75,0.55783
1080,509.25,429.25,13.75,27.5,0.55713
1080,284.75,331.75,13.5,27,0.55498
1080,69.25,366.5,13,26.25,0.55326
1080,61,432.75,15,30,0.55168
1080,37.75,384.75,15.75,31.5,0.55102
1080,181.25,326.25,13.5,27,0.55044
1080,114.5,359.5,12.5,25,0.54935
1080,108.75,428.75,14,28,0.54775
1080,445.25,418.75,14.25,28.5,0.54729
1080,36.75,87.5,14.75,29.25,0.54428
1080,10,51.5,14.25,28.75,0.54388
1080,84.5,401.75,15.5,31.25,0.54384
1080,190.25,432,12.75,25.25,0.54314
1080,68.5,416.25,13,26,0.5429
1080,36.75,65.5,14.75,29.5,0.54235
1080,399.25,282.5,13.75,27.75,0.54117
1080,291.25,329.25,16,32.5,0.53899
1080,11.75,295.25,16.75,33.25,0.53887
1080,140.75,343,13.25,26.25,0.53835
1080,156.5,342.5,14.5,28.75,0.53829
1080,581,308.5,14,27.75,0.53828
1080,69,387.25,14.75,29.5,0.53812
1080,533,388.5,13.5,27,0.5379
1080,60,365.25,16,32,0.53737
1080,165.25,415.75,13.75,27.75,0.53717
1080,235.5,10.5,15.5,30.75,0.53668
1080,27.75,227.75,14.75,29.75,0.53665
1080,373,331,14.25,28.25,0.53601
1080,229,370,15,29.75,0.53505
1080,491.25,343.75,17.5,34.75,0.53478
1080,348.5,191,13.25,26.25,0.53467
1080,124,71.75,12.5,25,0.53384
1080,614.5,181.75,12.25,24.25,0.53346
1080,356,320.25,13.25,26.5,0.53311
1080,135,336,12.5,25,0.53306
1080,261.5,186,14,27.75,0.53267
1080,68.25,187.5,16,31.5,0.53238
1080,92,360.75,15.25,30.25,0.53236
1080,247,203.75,33.25,66.5,0.53219
1080,94.25,424,12,24,0.53218
1080,28.75,253.25,15,29.75,0.53217
1080,93,122.5,13.5,26.5,0.53216
1080,197.5,321.5,14.25,28.5,0.53211
1080,597,411.75,14.5,29,0.53199
1080,121.25,396,18.75,37.25,0.53177
1080,533.25,412.25,14,28,0.53177
1080,440.25,398.75,13,26,0.53158
1080,189.5,346.75,14.75,29.75,0.53153
1080,556.25,370.5,15.75,31.25,0.53151
1080,92.75,387.5,11.75,23.5,0.53122
1080,61.25,58.75,13.25,26.5,0.53039
1080,329.75,289.25,18.75,37,0.53019
1110,461.5,415.75,14.25,28.25,0.56175
1110,501,433.25,15,29.75,0.56024
1110,52.5,413.5,14.75,29.5,0.55817
1110,599.25,392,13.5,27,0.55817
1110,134.75,30.5,146.75,293.5,0.55791
1110,533.5,415.25,13.5,27,0.55773
1110,172.25,366.25,16.25,32.25,0.55559
1110,246.75,241.5,14.25,28.25,0.55445
1110,419.75,442.5,17.5,34.5,0.55051
1110,100.25,378.75,15,30,0.54957
1110,116.5,384.25,15.5,31.25,0.54951
1110,516.75,415,13.75,27.5,0.54708
1110,581,442.25,14.5,29.25,0.54708
1110,156.5,358.75,13.25,26.5,0.54602
1110,492.25,427.25,15.25,31,0.54403
1110,327.75,237.25,16.75,34,0.54402
1110,155.5,382.75,16.5,33.25,0.54314
1110,509,436.25,14.25,28.5,0.54309
1110,147.5,235.5,14.25,28.5,0.54152
1110,92.25,350.25,15.75,31.25,0.54128
1110,413.75,388.75,13,26.25,0.54086
1110,299.75,242.75,14.25,28.25,0.53928
1110,85.25,348,14.5,29,0.5384
1110,37,337.5,14.25,28.75,0.53788
1110,295.5,54.5,13.5,27,0.53738
1110,28.25,339.5,15.25,30.25,0.53732
1110,540.5,284.25,11.75,23.75,0.53711
1110,239,243.25,14.25,28.25,0.53694
1110,21.75,333.25,13.25,27,0.53687
1110,149.75,179.5,48.5,97,0.53646
1110,392.25,202.5,14,28.25,0.53629
1110,60,343.75,14.5,29,0.53626
1110,100,447.25,15,30.25,0.53625
1110,28.25,380.25,16,31.75,0.53597
1110,308,242.25,15.5,30.75,0.53595
1110,14.5,19.75,14.25,28.25,0.53576
1110,598.25,106.75,12.75,25.25,0.53545
1110,44.5,388.5,13.25,26.5,0.53481
1110,110.25,310.75,17.25,34.5,0.53429
1110,555.25,395.75,19.25,38.25,0.53413
1110,165.75,384.75,13,26,0.53405
1110,174.25,122,12.75,25.5,0.53368
1110,232.25,257.25,31.5,63.25,0.53347
1110,282.75,241.5,14.5,29,0.53341
1110,411,443.25,17.5,35.25,0.53313
1110,307.75,408,13.75,27.75,0.53271
1110,263,417,13.5,27,0.53253
1110,338.25,400.75,14.25,28.75,0.5325
1110,552.25,391.5,12.25,24.5,0.53224
1110,51.25,385,16.5,33,0.53215
1110,321.25,237.25,15.5,31.25,0.53184
1110,109,364.5,13.75,27.25,0.5317
1110,220,439.75,12.75,25,0.53095
1110,-11,57.75,91.5,183,0.53093
1110,291,240.5,15.5,31,0.53091
1110,428.75,452,13,25.75,0.53082
1110,484,408.75,18.5,37,0.53071
1110,116.25,441.5,18,36.25,0.53061
1110,364.5,431,12.25,24.5,0.53054
1110,165,366.75,14.25,28.5,0.53045
1110,247.5,233.25,48,95.75,0.53029
1110,13.5,411.5,12.75,25,0.53012
1140,140.25,429.75,12.75,26,0.59332
1140,252.5,373,15.5,31.25,0.57278
1140,187.75,316,14.75,29.75,0.56629
1140,436.75,389,15,30.25,0.56327
1140,111,375.75,20.75,41.25,0.56062
1140,219.75,399,17,34,0.55791
1140,508.25,434,15,30.25,0.55634
1140,306.75,321.5,12.75,25.25,0.55634
1140,28.25,380.5,14.75,29.5,0.55594
1140,370.75,349,20.5,41,0.55523
1140,24,423.25,13,26,0.5538
1140,44.25,370.25,13,26.5,0.55255
1140,244.25,376,15.5,31.25,0.55224
1140,246.25,359.75,12.75,25.75,0.55051
1140,517,408.5,13,26.5,0.54922
1140,472.5,417.5,11.75,23.5,0.54718
1140,62,309,14,28,0.54711
1140,107.75,379.5,15.5,30.5,0.5469
1140,36,295.75,13.5,27,0.54657
1140,268.5,339.25,14,27.75,0.54633
1140,503,413,13.25,26.5,0.54619
1140,44,420.25,15,29.5,0.54575
1140,56.25,312,12.25,24.75,0.5454
1140,259.25,21.25,14.25,28.25,0.54455
1140,198,381.25,12.75,25.25,0.54419
1140,229,418,15.5,30.5,0.54412
1140,260.75,424.75,13.75,27.25,0.54299
1140,310.75,394.75,13,25.75,0.54236
1140,451.75,403.5,15.75,31.75,0.54218
1140,20,425.75,12.75,25.5,0.54195
1140,372.75,424,14.5,28.75,0.54171
1140,299.75,387.75,13.75,27.5,0.54159
1140,324.5,313,12.75,25.25,0.54128
1140,558.75,453.25,12.25,24.25,0.54127
1140,365.5,359.5,13.75,27.25,0.54107
1140,269.25,372,12.75,26,0.54088
1140,117,359.5,13.25,26,0.54028
1140,235,416,16.25,32.5,0.54004
1140,118.5,289,12.75,25.25,0.53966
1140,121.25,405.5,21,42,0.53931
1140,116.25,401.5,15.25,30.5,0.53852
1140,20.25,380,14.5,29,0.53843
1140,491.5,421.75,13.5,27.25,0.53802
1140,329.5,326.5,13.25,26.25,0.53792
1140,498.25,409,12,24.25,0.53787
1140,91,398.25,31.5,63,0.53773
1140,408.75,173.75,22.75,45.25,0.53748
1140,316.75,404.75,15,30.5,0.53739
1140,356,345.25,14.25,28.5,0.5372
1140,212.25,412,15,30,0.5365
1140,308.75,409.75,15.75,31.25,0.53636
1140,262,143.5,14,28,0.53617
1140,627.5,188,12.25,24.5,0.53607
1140,526.25,45,13.75,27.25,0.53598
1140,414.75,450.5,13.5,27.25,0.53569
1140,131.75,397,15.25,30.25,0.53551
1140,84.25,414.75,15.75,32,0.53528
1140,404,394.5,15.25,30.5,0.53503
1140,-6.75,15.5,62.25,124.75,0.53474
1140,315,351.25,14.5,29,0.5345
1140,46,233,13.25,26.75,0.53442
1140,530,166.75,35.25,70.25,0.53438
1140,205.25,396,14,28,0.53425
1140,216.75,392,11.5,23.25,0.5342
1140,491,398.25,15.75,31.25,0.53404
1140,267,417.5,13.75,27.25,0.53389
1140,314,271,16.5,33,0.53387
1140,238.75,325.25,12.5,25.5,0.53365
1140,331.5,400,12.25,24.5,0.53334
1140,598,414.25,13.25,26.25,0.53328
1140,322.75,391.5,14.75,29.75,0.53311
1140,60,402.75,14.75,29.75,0.5331
1140,75.75,362.5,22.75,45.75,0.53253
1140,229.5,375.5,14,28,0.53229
1140,236.25,190.75,20.25,40.5,0.53218
1140,132,405.25,14,27.75,0.53178
1140,86.25,407.25,12.75,25.5,0.53175
1140,268.25,399.25,23.75,47.5,0.5315
1140,459,416.25,16.25,32.5,0.53149
1140,292.75,369,11.5,23,0.53147
1140,612,403.5,15.5,31,0.53139
1140,509,410.75,14.25,28.75,0.531
1140,68.75,324.25,14.75,29.25,0.53088
1140,529,404,12.75,25.5,0.53029
1140,28.75,373.75,14.5,29,0.53009
1170,516.5,429.25,13.5,27,0.56195
1170,347.25,410.75,17,34,0.55488
1170,572.75,358.25,14,28,0.55256
1170,626.25,185.25,15.25,30.5,0.54893
1170,282.25,25.5,16.5,32.75,0.54875
1170,314.75,388,15.75,31.5,0.54845
1170,485.75,384.5,14.75,29.25,0.54736
1170,567,422.75,13,26,0.54694
1170,-4.25,158.75,32.75,65.25,0.54545
1170,92.25,345,12.5,25,0.54028
1170,236.25,363,13.5,27,0.54021
1170,348,375.25,11.75,23.75,0.54004
1170,454.25,424.5,12.25,24.5,0.53928
1170,364.25,422.5,12.75,25.75,0.53805
1170,277,336.25,15.25,30.75,0.53776
1170,566.25,182.5,24.25,48.75,0.53725
1170,538.25,343.5,12.5,24.75,0.53704
1170,420.25,333.5,14.5,29.25,0.53692
1170,587.75,370.25,16.25,32.25,0.53672
1170,284.75,225.25,17.5,35.25,0.53647
1170,153,73.5,13,26,0.53572
1170,501.5,430.5,13.25,26.5,0.53555
1170,109.25,106.5,13.5,26.75,0.535
1170,148.75,440,14.75,29.25,0.53468
1170,6.25,140.25,13.5,27.25,0.53404
1170,536,423.25,12.75,25.5,0.53391
1170,156.25,117.75,12.25,24.5,0.5338
1170,488.25,399.5,24.5,48.75,0.5336
1170,171.5,119.5,17.75,35.5,0.53348
1170,19.25,21,13,26,0.53332
1170,542.5,424.5,12.5,24.5,0.53302
1170,35,224.75,13.75,27.25,0.53296
1170,517,419,12.75,25.5,0.53193
1170,509.75,423.75,13,26,0.53135
1170,211,369.5,17.25,34.75,0.531
1170,244.25,365.75,12.75,25.5,0.5308
1170,22.5,278.75,13.25,26.5,0.53079
1170,27.25,156.5,22,43.5,0.5307
1170,247,415.25,12.75,25.25,0.53033
1170,437.75,424,12.75,25.5,0.53021
1170,232.25,51,11.5,23,0.53017
1200,604,336.25,14.5,29.25,0.59457
1200,317.25,312.75,14.25,28.5,0.56458
1200,237.25,344.75,13,26,0.56047
1200,220.5,331,14.75,29.5,0.56012
1200,126.75,148.25,13.75,27.25,0.54974
1200,291.75,369.75,15,30,0.54608
1200,172.25,305,15.5,30.75,0.54328
1200,524.5,396.5,12,24.25,0.54273
1200,51.25,303,16.5,33,0.54199
1200,-4.25,38,36,72.5,0.54193
1200,245.5,312,13,25.75,0.54146
1200,586,400.75,19.5,39.25,0.54008
1200,19.75,166.5,13,25.75,0.53946
1200,308.5,303.25,14.75,29.25,0.53922
1200,438,208.5,12,23.75,0.53921
1200,258.75,332.25,15,30,0.53894
1200,348.25,389.25,18.5,37,0.53867
1200,595.5,385.5,15.5,31.25,0.53779
1200,613,114,14.5,29,0.53769
1200,407.5,320.75,13,25.75,0.53749
1200,-1.5,155.75,13,26,0.53714
1200,285.75,2.25,12.25,24.75,0.53656
1200,366,293.25,14.25,28.5,0.53608
1200,620.25,377.75,12.25,24.25,0.53604
1200,-0.25,66.5,12.75,25.75,0.53582
1200,613.25,111.25,30.5,61.25,0.53581
1200,76.5,301.5,14.25,28.5,0.53457
1200,191,64.5,13.75,27.75,0.53389
1200,229.5,331.25,13.5,27,0.53354
1200,317,363,15.5,30.75,0.53351
1200,437,195,14.5,28.75,0.53345
1200,588.25,129.75,13.25,26.25,0.53334
1200,550.25,27.25,12.5,24.75,0.53315
1200,220.75,323.75,15.25,30.5,0.53296
1200,252.5,358.25,12,23.75,0.53228
1200,596,296.5,14.75,29.5,0.53212
1200,620,368.25,12.5,25.25,0.53163
1200,187.25,299.25,17.25,34.25,0.53156
1200,156.5,107.5,28.25,56.5,0.53139
1200,109,349.75,14.5,29.25,0.53123
1200,316.75,288,15.25,30.25,0.53059
1200,421.25,417.75,16,32.25,0.53013
1200,148.75,296.25,14,28,0.53004
1230,253.25,388.75,14.25,28.75,0.55228
1230,92.75,404.75,13.75,27.5,0.55224
1230,365.5,332,13.5,26.75,0.55052
1230,124.25,367.25,12.5,25.5,0.54925
1230,469.5,406,14,27.5,0.5476
1230,44.5,120.5,12.5,25.25,0.5468
1230,604,407.75,14.75,29.75,0.54662
1230,213,390.25,13.5,27.5,0.54625
1230,291.75,361.5,14.25,28.5,0.54294
1230,196.25,392,13,26.25,0.54243
1230,85,411.5,14.5,29,0.54028
1230,82,123.5,13,26.25,0.53959
1230,164.25,418.25,14.5,29.25,0.53893
1230,113,108.5,16.25,32.75,0.53854
1230,44.5,131,13.5,27,0.53832
1230,523.75,360,15.75,31.5,0.53751
1230,357,299.75,13.5,26.75,0.53741
1230,35.75,388.25,13,26.25,0.53729
1230,340.75,341.5,14,28,0.53704
1230,81.75,131.5,13.25,26.5,0.53701
1230,389.75,358,13.25,26.75,0.53564
1230,405.75,357.25,13.75,27.25,0.53471
1230,253.25,315.75,14.5,28.5,0.53455
1230,405,2.25,23.25,46.5,0.53424
1230,238.25,378.25,12.75,25.25,0.53416
1230,81.25,103.25,13.25,26.5,0.53409
1230,132.5,398.5,12.75,25.25,0.53368
1230,181.5,389.25,14.75,29.25,0.53364
1230,116.5,289.75,16,32,0.53311
1230,420.5,352,15.75,31,0.53303
1230,302,250.75,12.25,24.5,0.53299
1230,604.25,74.5,13,26.25,0.53285
1230,539.5,386.5,15.25,30.25,0.53279
1230,301.75,366.5,13.25,26.5,0.53271
1230,109.25,405.75,13.75,27.25,0.53265
1230,563.75,40.5,12.5,25,0.53257
1230,349,333,14.25,28.75,0.53251
1230,404,377.5,12.5,25,0.53239
1230,588.5,379.75,14.5,29.25,0.53219
1230,525.25,242.75,13,25.75,0.5321
1230,150.75,382.5,12.75,25.75,0.532
1230,472.5,367.25,22.25,44.25,0.53177
1230,333.5,410,13.5,27,0.53172
1230,557,10,19.5,39.25,0.5317
1230,516,415.25,15.5,31.5,0.53158
1230,443,164.75,11.75,23.75,0.53147
1230,139.5,385.5,15.5,30.75,0.53128
1230,508.5,324.5,13.25,26.75,0.53126
1230,572.5,415,13,26.25,0.53111
1230,172.25,379,12.75,25.5,0.53102
1230,553,3.25,12,24,0.53102
1230,588.75,321.5,13.75,27.5,0.53096
1230,504,400.75,12,24,0.5309
1230,-2,69,17,34.25,0.5303
1230,245.5,35,14,28,0.53015
1260,617,253.25,21,42.25,0.56119
1260,509,347.75,14.25,28.5,0.56038
1260,556.75,338.75,15,30,0.55966
1260,156.75,349,14.25,28.75,0.55636
1260,99.75,351.25,15.5,31.25,0.55548
1260,610.5,100.25,14.75,29.5,0.55361
1260,628.25,111,12.5,25.25,0.55302
1260,516.5,341.25,13.5,27,0.55273
1260,518.5,326.75,13,26,0.55245
1260,524,330.5,15.5,31.25,0.55159
1260,516.25,347.5,14.5,28.75,0.55085
1260,536,102.5,13,25.75,0.55017
1260,30.25,73.75,12,24.25,0.55012
1260,208.75,362.75,11.5,23.5,0.54967
1260,148.5,338.75,15,29.75,0.54851
1260,588.25,320.5,14.25,28.5,0.54834
1260,598.75,288.75,12,24,0.54764
1260,45,83.25,13.25,26.5,0.54603
1260,-1.5,90.75,12.75,25.75,0.54574
1260,565.25,389.75,13.75,27.5,0.54539
1260,-1.5,115.75,14,27.75,0.54357
1260,397.5,369.75,14,28,0.54355
1260,617.75,289.75,23.5,47.25,0.54324
1260,572.25,323.25,14.75,29.5,0.54295
1260,207.75,309.5,13.5,26.75,0.54279
1260,267.25,335,14,28.25,0.54244
1260,-1.5,78.25,12.75,25.5,0.54212
1260,540,391.25,13.75,27.5,0.542
1260,-1.5,130,13.5,26.75,0.54174
1260,523.5,336,16.25,32.5,0.5399
1260,628.75,73,11.5,23.25,0.53949
1260,159,308.25,12.5,25.25,0.53905
1260,564.75,333.5,13.75,27.75,0.53877
1260,628.5,120,12.5,25,0.53814
1260,547.75,328.75,16.5,33,0.53806
1260,39,150.25,21.5,43.25,0.53778
1260,492.25,328,12,24.25,0.53775
1260,508.25,322,15.25,30,0.5377
1260,210.25,330.75,18.5,37.25,0.53769
1260,-1.75,143,14,28,0.53763
1260,628.25,105.75,12.25,24.25,0.53753
1260,581.25,405.5,14,27.75,0.53753
1260,501.75,217.25,15.5,31,0.53683
1260,229.5,357.25,13.5,27,0.53635
1260,117,366,14,28,0.53629
1260,44.25,297.25,14.75,29.25,0.53601
1260,354.75,334.25,17.5,35.25,0.53588
1260,177.5,378.75,18.25,36.75,0.53543
1260,45,104.5,15.75,31.5,0.5351
1260,332.5,383.5,12,23.5,0.53459
1260,164.75,351.25,14.75,29.75,0.53442
1260,365.25,356.5,14.75,29.5,0.53436
1260,40,344.5,12.5,25.25,0.53431
1260,236.25,292,11.75,23.5,0.53422
1260,184.75,396,11.5,23,0.53396
1260,412.5,377,11.75,23.5,0.53316
1260,-1.75,103.25,13.75,27.25,0.5324
1260,43.75,362,15.5,30.75,0.5323
1260,486.25,385,12,24,0.5322
1260,112,109,12.25,24.5,0.53136
1260,178,28.75,15,30.25,0.53135
1260,572.5,403.25,15,29.5,0.53116
1260,373,380.25,14.75,29.25,0.53113
1260,27.75,284.5,12.75,25.75,0.53083
1260,60.75,386,15,30,0.53048
1260,284.75,345.5,13.75,27.75,0.53034
1260,372.5,355,15.25,30.5,0.53014
1290,333,382,13.5,27.25,0.56482
1290,204.25,385,12.25,24,0.55388
1290,585.75,87.5,16.75,33.75,0.55194
1290,101,397,13.75,27.75,0.5474
1290,260.75,280.5,12.25,24.75,0.54738
1290,-0.5,68.25,15.25,30.5,0.54734
1290,364.5,151,12,24,0.54394
1290,493.25,401.25,14.75,29.5,0.54261
1290,539.75,371.25,15,30.25,0.54237
1290,347.25,285,17,34.25,0.54217
1290,-0.25,83,14.75,29.5,0.54215
1290,315,109.5,26.75,53.25,0.54211
1290,499,205.75,14,28,0.54031
1290,241.75,143.25,13.25,26,0.53979
1290,373,378.25,15.5,31.25,0.53949
1290,-0.5,106.75,15.75,32,0.53947
1290,309,408,14.75,29.5,0.53844
1290,69.25,377.25,13.75,27.5,0.53807
1290,590.25,177.5,24.5,49,0.53759
1290,277,349.75,15,30,0.53738
1290,604.25,60,13,26,0.53704
1290,110.5,348,14.75,29.5,0.5364
1290,210.5,95.5,12.5,25,0.53608
1290,43.5,384.75,16.25,32.25,0.53593
1290,21.25,279,13.25,26.5,0.53545
1290,358,408,12.75,25.25,0.53528
1290,476,371.25,14.75,29.25,0.53495
1290,196.5,297,16,31.75,0.53488
1290,-0.25,94,15.75,31.5,0.53461
1290,608.75,39,19.5,39.5,0.53445
1290,260.75,376.5,13,26,0.53414
1290,228.75,386.75,15,29.75,0.53407
1290,316.75,393.5,15.25,31,0.53393
1290,48.75,248.5,12.25,24.25,0.5339
1290,116.5,341.25,17,34.25,0.53229
1290,69,101.5,14.5,29.25,0.53216
1290,474.75,272,15.75,31.5,0.53172
1290,603.75,328,17,34.25,0.53148
1290,479.5,122.5,14,28,0.53118
1290,438.5,99,13.25,26.75,0.53098
1290,23.5,164.5,13,25.75,0.53087
1290,518.25,286.5,13.75,27.25,0.53083
1290,592.75,80.75,12,24,0.53067
1290,586,12,13.75,27.25,0.53038
1290,52.5,67.25,13.5,27,0.53013
1320,133.25,314.75,14.25,28.5,0.58774
1320,28.5,348.5,12.75,25.5,0.57933
1320,590.5,233.25,12.5,25.5,0.56778
1320,324.25,375.75,15.75,31.5,0.56766
1320,613.25,286.25,14,27.75,0.56619
1320,348.25,301.75,13.75,27.5,0.56511
1320,381.25,360.5,14.25,28.25,0.56183
1320,563.75,264,16,31.75,0.56117
1320,597.25,272.25,15,30.25,0.55836
1320,437.75,302.25,12.75,25.75,0.55823
1320,565,392,13.75,27.5,0.55725
1320,557.25,394.5,14.25,28.5,0.55226
1320,247,287,13,26.25,0.55112
1320,588.25,279.75,15.75,31.75,0.55047
1320,418.5,285.25,19.75,39.25,0.54985
1320,228.75,314.5,15.75,31.5,0.54981
1320,355.75,338.75,13.25,26.5,0.5495
1320,548.5,262,14.25,28.5,0.54921
1320,500.5,393.5,14.75,29.5,0.54768
1320,308,302.75,17.25,34.5,0.54763
1320,316,273,12.75,25.5,0.54748
1320,572.25,284.25,15.5,31,0.54741
1320,382,310,14,28,0.5473
1320,532.75,264,15,30,0.54726
1320,557.75,327,14,28,0.54683
1320,100,320.75,15.5,31,0.54681
1320,389,300,13.5,27.25,0.54658
1320,152.25,304.25,11.75,23.75,0.54473
1320,443,285,16.75,33.25,0.54424
1320,328.5,350.75,24.75,49.75,0.54354
1320,557,18.75,14.75,29.5,0.54334
1320,454.5,265.5,12.75,25.5,0.54234
1320,252.75,392.5,13,26,0.54197
1320,581,271.25,14.75,29.5,0.54192
1320,453.75,295.25,13,26.25,0.54099
1320,104,445.25,12,23.75,0.54048
1320,128.25,300.75,12.75,25.25,0.54043
1320,405,357.75,13.75,27.5,0.54026
1320,516.25,301.75,13.5,27,0.54022
1320,413.75,278,13.25,26.75,0.53989
1320,516.25,289,13.5,26.75,0.5398
1320,597,395.75,14.25,28,0.5398
1320,101,333.5,14,28,0.53942
1320,269.25,372,13.25,27,0.53935
1320,125.75,318.25,13.25,26.5,0.53864
1320,460.75,378.75,14.5,29.25,0.53855
1320,438.25,349,14,28,0.53819
1320,197.5,316,13.5,27,0.53797
1320,298,311.5,12.75,25.5,0.53788
1320,470,371.25,13.5,26.75,0.53777
1320,262.5,380.25,12.75,25.5,0.53764
1320,594,284.25,18.5,37,0.53725
1320,219.75,285,16.75,33.5,0.53717
1320,429,303.5,13.25,26.5,0.53707
1320,396.5,299.5,15,29.75,0.53678
1320,253,300.25,14.25,28.75,0.53646
1320,284.75,336.5,15,30.25,0.53628
1320,572.75,322.75,14.75,29.5,0.53611
1320,445,297,13.75,27.75,0.53609
1320,389.25,359.75,14.5,29.25,0.53604
1320,444.25,248,11.75,23.5,0.53575
1320,532.75,273.5,14.75,29.75,0.53565
1320,619,256,22,43.75,0.53526
1320,467.75,279,16.75,33.25,0.53517
1320,173,324,15.25,31,0.53477
1320,212.25,300,16.25,32.5,0.53428
1320,549.5,281,14.5,29.25,0.53422
1320,389.5,373.25,14,28.25,0.53416
1320,310.5,392.5,14,28,0.53411
1320,172.25,309.25,13.75,27.5,0.53393
1320,50.75,268,12.5,25.25,0.53392
1320,483.25,376.5,15.25,30.25,0.53377
1320,332.25,301.25,12.5,24.5,0.53367
1320,412.5,344.5,14.75,29.5,0.53362
1320,164.5,347.25,15,30,0.53344
1320,373.25,258.5,14.25,28.25,0.53328
1320,244.5,276.5,11.75,23.75,0.53324
1320,514.75,273,16.25,32.5,0.53302
1320,181.5,320,13.75,27.5,0.53295
1320,441.75,147.75,42.75,85.5,0.53277
1320,186,312.75,20.5,41,0.53253
1320,178.5,310.5,12.75,25.75,0.53247
1320,212.5,11,80.25,160.75,0.53196
1320,262.75,264,12.75,25.5,0.5319
1320,605.5,32.25,19.75,39.5,0.53161
1320,524.25,270,16.5,33,0.53153
1320,572,244.5,17.75,35.5,0.53146
1320,611.75,274,13,26.25,0.53067
1320,409,256.25,14.5,29.25,0.5305
1320,539.75,334,15.5,31.25,0.53039
1320,524.75,351.75,14.25,28.75,0.53032
1320,461,236.75,13,26,0.53017
1320,404.25,310.5,15.25,30,0.53013
1320,262.75,37.25,25.5,50.75,0.53013
1350,92,443.75,12.5,25,0.57058
1350,236.25,299,15,30.25,0.55968
1350,156.5,342,14.75,30,0.55321
1350,244.5,284.5,14.25,28.5,0.55226
1350,341,285.5,15,30,0.54936
1350,625.75,61,14.75,29.5,0.54635
1350,613.75,261.5,13.5,27,0.54583
1350,260.5,217.75,28.25,56.5,0.54487
1350,588.5,347,13.25,26.75,0.54366
1350,405.25,398,18.75,37.75,0.54334
1350,598.25,382.5,12.75,25.5,0.54177
1350,438.25,302.75,13.5,27,0.54128
1350,4,52.25,12.25,24.75,0.54102
1350,277.5,294.5,13.5,27,0.54072
1350,348.75,295.75,13,26.25,0.54036
1350,23,443,12.75,25.25,0.54002
1350,491.75,303,16.25,32.75,0.53948
1350,572.5,304.5,14.75,29.5,0.53881
1350,413.5,409,12.75,26,0.53839
1350,44.25,231.75,26.5,53.5,0.53743
1350,385.5,285,18.25,36.5,0.53651
1350,238.75,276.25,14,28,0.53608
1350,103.75,445,12.25,24.5,0.53592
1350,44.25,299.75,14.75,29.25,0.53559
1350,217.5,298.5,20.25,40.5,0.53527
1350,325.5,127.5,13.75,27.75,0.53495
1350,92.75,308.25,14.25,28.75,0.53487
1350,547.75,40.25,12.75,25.75,0.53447
1350,354.75,114.75,167.5,335.25,0.53437
1350,445.25,299.25,14.5,29,0.53412
1350,413.5,280.25,12.5,25.25,0.5334
1350,332.75,291,15.75,31.5,0.53311
1350,516.25,377.5,12,24,0.53283
1350,468,316.25,12.25,24.25,0.53283
1350,51.75,299.5,15.25,30,0.53249
1350,452.75,330.25,15,30,0.53236
1350,556,408,14.75,29.5,0.5321
1350,116.75,354.5,15,30.25,0.53171
1350,298.5,365.5,34.75,69.75,0.53154
1350,60.25,387.5,15.75,31.75,0.53145
1350,164.25,404,15.5,30.75,0.53135
1350,348.75,303.25,12.75,25.75,0.53103
1350,611.25,175,18.25,36.5,0.53055
1350,389.5,88.75,12.25,25,0.53049
1350,432,402.5,16,32,0.53036
1350,447.25,77,31.25,62.5,0.53005
1380,582,381.75,13.25,26.75,0.56837
1380,156.75,373.75,14,28,0.56217
1380,596,281,14.75,29.25,0.55434
1380,165,373.75,14.25,28.25,0.55353
1380,581.25,375.5,14.5,28.5,0.55225
1380,76.25,378.25,15.25,30.5,0.55163
1380,118.75,370,12,24,0.54973
1380,547.5,254.25,14.25,28.75,0.54969
1380,575.5,42.75,43.5,87.25,0.5491
1380,405.5,235.75,14.5,28.75,0.54728
1380,508,89.25,19,37.75,0.54575
1380,558,393.75,13,25.5,0.54511
1380,172.25,345.25,16.25,32.5,0.54341
1380,252.75,384.5,15,29.75,0.54317
1380,299,98.75,32,64.25,0.54219
1380,415.25,215.5,12.5,25.25,0.54203
1380,197.75,340.5,13.25,26.5,0.54165
1380,470.25,360.5,12.25,24.5,0.54114
1380,277,379.75,14.25,28.5,0.54091
1380,253,358.5,14,28.25,0.54061
1380,188.25,313.5,26.75,53.75,0.54035
1380,28,359.75,19.25,38.75,0.54031
1380,44.25,323.25,14.5,29,0.53989
1380,236.75,371.75,14.25,28.25,0.53899
1380,389.75,393,13.25,26.5,0.5382
1380,459.75,366.75,16.25,32.75,0.53807
1380,132,357.25,16,32,0.53806
1380,240.5,131.25,16.5,33.25,0.53772
1380,535.5,310,13.25,26.5,0.53759
1380,452.25,348,14.75,29.5,0.53734
1380,397.5,76,24.75,49.25,0.53727
1380,491,267.75,17.75,35.75,0.53718
1380,92.5,363.5,14.5,29,0.53698
1380,540.25,204.75,13.5,27.25,0.53663
1380,613.25,264.5,14.25,28.5,0.5364
1380,419,92.25,14.75,29.75,0.5354
1380,77.75,53,12.25,24.25,0.53505
1380,509.25,267.25,14,28,0.53459
1380,0.25,183.75,12.75,25.5,0.53422
1380,263,52.25,13,25.75,0.53419
1380,260.75,375.5,15.25,30.75,0.534
1380,587.75,377,15.75,31.25,0.53384
1380,484.75,365.25,14,27.75,0.53378
1380,268.25,351,16,31.5,0.53349
1380,437.5,394.75,14.75,29.75,0.53343
1380,239,17.25,22,43.75,0.53336
1380,580.5,222.25,13.25,26.75,0.53331
1380,470,399,13.25,26.75,0.53322
1380,282.75,269.5,13.25,26.75,0.53301
1380,502.25,375,12.75,25.75,0.53284
1380,384.25,36.25,15.5,31,0.53258
1380,588.25,320.25,15.75,31.5,0.53208
1380,424.25,276.5,12.75,25.5,0.53147
1380,399.5,1.5,17.25,34.75,0.53135
1380,28.5,317,14.5,29.25,0.53132
1380,420.25,397.5,12.5,25,0.53128
1380,468,370.25,15.5,30.75,0.53116
1380,188,337.5,14,27.75,0.53082
1380,213,387.5,14.75,29.5,0.53078
1380,391,91.25,12.25,24.75,0.53064
1380,39.5,368.5,14,28,0.53063
1380,425.5,87.5,62.25,124.5,0.53047
1380,282.75,357.25,18.75,37.75,0.53044
1380,182.75,49.5,14.25,28,0.53009
1410,536.75,325.25,30.25,60.75,0.56678
1410,204.75,243.25,14.75,29.75,0.55559
1410,554,326.75,29.5,59.25,0.55362
1410,383.25,132.75,34.75,69.5,0.55134
1410,549.5,275.75,13.75,27.5,0.54834
1410,238,236.5,12.25,24.75,0.54772
1410,212.75,372,14,27.75,0.54709
1410,284.5,214,12.75,25.5,0.54436
1410,598,228.75,32.5,64.75,0.54388
1410,526.5,303,13.75,27.25,0.54336
1410,424.25,106.75,14.75,29.25,0.54312
1410,541.75,305.25,27.75,55.25,0.54256
1410,342,231.25,13,25.75,0.5425
1410,550.25,282.25,13,26,0.54249
1410,380.25,374,13.25,26.25,0.54233
1410,625.75,255,15.5,31,0.54194
1410,284.5,220.25,16.75,33.5,0.54116
1410,40,33.75,12.75,25.75,0.54081
1410,613,334.75,14,28.25,0.54054
1410,396.5,393.75,23.25,46.75,0.53999
1410,425.25,113.25,37.25,74.25,0.53909
1410,291.25,96.75,19.75,39.5,0.53898
1410,212.5,383.5,12.75,25.25,0.53868
1410,564.25,280.5,15.75,31.75,0.53843
1410,309.25,224.5,16,32,0.53835
1410,258.75,360.25,38.5,76.75,0.53829
1410,244,142,13.25,26.75,0.53829
1410,419.25,374.25,26.75,53.75,0.538
1410,348.5,220,15.5,31.25,0.53793
1410,146.25,77.75,13.25,26.5,0.53776
1410,51,393.75,11.5,23,0.53741
1410,184,367,15.25,30.5,0.5371
1410,353.25,293,11.75,23.5,0.53688
1410,468.25,314,12.25,24.5,0.53673
1410,435,408,16,31.75,0.53611
1410,356.5,419.75,15,30,0.53571
1410,397.25,412.25,13,26.25,0.53541
1410,425.5,405.5,17.75,35.25,0.53523
1410,540.25,303.75,13.25,26.75,0.5348
1410,37,238.75,14.25,28.5,0.53467
1410,430.25,405.5,16.75,33.5,0.53437
1410,379.75,371,32.75,65.5,0.53421
1410,28.5,329,15,30.25,0.53415
1410,391.5,155,142.5,285.5,0.53412
1410,11,407,16,31.75,0.53401
1410,579.5,154,18,36,0.53376
1410,35.75,320.5,15.5,31,0.53361
1410,520.25,239.5,17.75,35.75,0.53354
1410,622.25,56.25,16,31.75,0.53299
1410,172.25,384.25,12.25,24.75,0.5329
1410,476,392.25,13.5,27.25,0.53263
1410,300.75,392.75,27.5,55,0.5321
1410,274.25,374.25,12.25,24.75,0.53209
1410,451.75,210.25,12.75,25.25,0.53178
1410,302.75,90.25,35.25,70.75,0.53162
1410,604.5,322.75,14.5,29.25,0.53159
1410,285.25,394,12.75,25.5,0.53158
1410,59.75,111.75,12.75,25.75,0.53158
1410,229,294.5,13,25.75,0.53154
1410,599.25,89.25,12,24,0.53124
1410,327,232,13.25,26.5,0.53096
1410,533.25,302,14,27.75,0.53088
1410,66.75,297,11.5,23,0.5305
1410,566.5,299.75,11.75,23.75,0.53047
1410,260.25,137.5,13.25,26.75,0.53042
1410,276,72.5,12.5,25,0.53013
1410,390.25,393.5,22.25,44.5,0.53004
1440,93,294.5,14,28.5,0.55431
1440,172.75,378.5,15,29.75,0.5522
1440,228,304.75,16.5,33,0.55204
1440,580.75,322.75,15,29.75,0.5516
1440,479.5,201.75,23.75,47.75,0.55116
1440,348.5,298,15.75,31.5,0.55112
1440,332,376.5,26.75,53.5,0.55105
1440,557.25,318.25,13.75,27.75,0.54963
1440,148.5,263.5,15.5,31,0.54932
1440,324.25,271.5,16,31.75,0.54883
1440,329.25,288.75,27.5,55.5,0.54772
1440,116.25,337.25,15.75,31.25,0.54764
1440,92.75,270.75,14.25,28.5,0.5476
1440,148.5,217.5,15,30,0.54649
1440,429.25,278.5,13.75,27.5,0.54625
1440,571.75,335.75,16.5,32.75,0.54625
1440,172.25,208.25,16.5,32.75,0.54578
1440,60.25,321.5,15.75,31.5,0.54536
1440,325.25,291,15,30.5,0.54517
1440,421.25,298.75,15.25,30.5,0.54495
1440,221,307.75,15,29.75,0.5438
1440,325.25,304.75,14.75,29.5,0.54362
1440,595.75,31.75,44.5,89,0.54336
1440,175.25,93.25,43.75,87.25,0.54324
1440,468,377.5,15.75,31.25,0.54256
1440,107,340.5,17.75,35.25,0.54228
1440,156.25,337.5,12.5,25.25,0.5418
1440,619.25,23.5,22.5,45.25,0.54095
1440,52.5,282.5,15,30,0.5408
1440,376,375.75,30.25,60.25,0.54025
1440,372.25,338.25,15.5,31,0.54003
1440,292.25,323,15,30,0.53936
1440,265,309.5,27.5,54.75,0.53931
1440,413.5,275,15.25,30.75,0.5392
1440,412.75,306,15.5,31.25,0.5391
1440,341.25,267.75,14.5,29.25,0.53909
1440,460.5,372.25,14.25,28.75,0.53888
1440,197.5,383.5,13.75,27.5,0.53872
1440,278,74.25,12.75,25.5,0.53828
1440,372.75,362.5,15,30.25,0.53821
1440,252.75,269.75,15.75,31.25,0.53814
1440,197,203.75,14,27.75,0.53807
1440,153.25,261,17.5,35.25,0.53805
1440,437.75,275.75,14.25,28.75,0.53758
1440,420.75,267.75,15.25,30.5,0.53732
1440,511.5,369,26.25,52.5,0.53699
1440,411.5,317.5,17.5,35.25,0.53665
1440,397,248.5,13.5,27.25,0.53658
1440,44.5,277.5,13.75,27.25,0.53657
1440,516.5,351.5,14,27.75,0.53651
1440,600.75,32.5,12.25,24,0.53635
1440,12,345.5,27,54.25,0.53622
1440,509,230.5,14.25,28.75,0.53604
1440,588.25,246,13.75,27.5,0.53596
1440,563.25,336.75,16.75,33.5,0.53583
1440,457.75,100.75,80,160,0.53565
1440,116.75,403,15.5,31,0.53521
1440,292.25,38.25,13.75,27.25,0.53458
1440,128.25,51,13,26,0.53449
1440,597.75,303,13.5,26.75,0.53412
1440,260.75,271.5,15.5,31,0.53409
1440,445.25,356.25,14.25,28.5,0.53405
1440,404.75,315.25,15,30,0.53397
1440,59.5,304.75,17,34,0.53395
1440,243.5,268,16.25,32.5,0.53389
1440,460.25,106,19.5,39,0.53381
1440,268.25,272.5,16,32,0.53328
1440,28.25,372.75,14.25,28.75,0.53321
1440,60,281,16.25,32.25,0.53314
1440,34.25,295,17.25,34.5,0.53288
1440,500.75,387.25,14.75,29.5,0.5328
1440,602.75,412.75,18.5,37.25,0.53258
1440,286.75,105.25,35,69.75,0.53245
1440,508,393.25,15.75,31.25,0.53187
1440,404.25,329.5,15.25,30.75,0.53186
1440,596.75,370.75,14.75,29.75,0.53165
1440,381.25,314.75,15.25,30.25,0.53157
1440,84,298,15.75,31.25,0.53119
1440,262,149,16.25,32.5,0.53118
1440,380.75,306.25,16,31.75,0.53095
1440,355.5,55.25,14,28,0.53079
1440,68.25,322.75,15.75,31.5,0.53078
1440,372.75,255,13.75,27.5,0.5307
1440,358,383.5,35.25,70.5,0.53063
1440,180.75,375.25,15.75,31.5,0.53048
1440,442.75,311,68,135.75,0.53026
1440,85,220.25,14.25,28.5,0.53017
1440,620.25,362,19.5,39,0.53002
1470,175.25,382.5,12.75,25.5,0.56684
1470,556.5,293.5,14.25,28.25,0.5566
1470,141,405.75,15,30,0.55548
1470,437.5,306.25,14.75,29.75,0.55318
1470,21,248.25,14,28,0.55052
1470,267.25,413,16.5,33,0.54906
1470,156.25,239,15.5,31.25,0.54846
1470,468,384.25,16.5,32.75,0.54686
1470,454,269,13.75,28,0.54671
1470,60.5,248.5,15.25,30.25,0.54573
1470,116.75,395.75,14,28.5,0.54521
1470,249.5,407.75,22,43.75,0.54479
1470,244,417,15.75,31.5,0.54446
1470,298.75,102.25,21.75,43.5,0.5439
1470,107.75,238.25,15.25,30.25,0.54368
1470,294.5,399,28.25,56.25,0.54364
1470,319.25,382.75,36.75,73.25,0.54279
1470,53,249,14,27.75,0.5427
1470,164.75,229.75,14.5,29.5,0.54249
1470,211.5,318,17.25,34.25,0.54111
1470,203.5,405.5,17,34,0.54022
1470,412,309.5,16.25,32.75,0.54001
1470,83.75,229.75,13.75,27,0.53996
1470,356,321.5,15.5,31,0.53961
1470,334.75,372.5,43.25,86.5,0.53888
1470,412.25,393.75,13.75,27.25,0.53866
1470,596.25,15.25,13,26.25,0.53821
1470,109.25,341.5,13.5,26.5,0.53817
1470,301.75,156.25,14.25,28,0.53671
1470,502.75,286.25,13.25,26.25,0.53651
1470,507,274.25,16.5,33,0.53645
1470,475.5,275.25,15.25,30.5,0.53635
1470,308.5,282.75,15.5,31,0.53576
1470,139.75,28.25,12.25,24.25,0.53571
1470,467.75,420,16.75,34,0.53559
1470,197,388,15.25,30,0.5353
1470,124.25,245.75,13.5,27,0.53528
1470,581.5,395.75,14.75,29.75,0.53521
1470,523.75,346,17.5,35,0.53476
1470,220.75,387,12.75,25.5,0.53469
1470,144.75,16.75,12.5,24.75,0.53447
1470,348.75,292.5,12.5,25,0.53425
1470,135,344,12.25,24.5,0.53412
1470,488.75,7.25,79.75,159.5,0.53392
1470,229.75,349.5,13.5,27.25,0.53326
1470,397.25,295.75,13.25,26.25,0.53321
1470,262.25,149,19.25,38.25,0.53319
1470,303.5,415.75,19,38,0.53304
1470,308.75,307.25,15,29.75,0.5327
1470,557,426.75,15.5,30.75,0.53255
1470,616.75,109,11.5,23,0.53245
1470,156.25,401.5,12.75,25.5,0.53228
1470,422.5,353.75,13.25,26.75,0.53217
1470,166.5,126,12.5,25,0.53208
1470,73.25,21.25,18.25,36,0.53182
1470,43.5,336.5,15.75,31.5,0.53152
1470,292.25,317,14,28.25,0.53126
1470,373,306,15.25,30.5,0.53126
1470,100.75,356.75,13.75,27.75,0.53123
1470,433.75,410.75,20.75,41.5,0.53123
1470,132.5,188.5,13,26,0.53072
1470,156.5,232.75,14.5,29.25,0.53062
1470,572.75,409,15.5,30.75,0.53057
1470,68.5,249.75,15.25,30.25,0.53043
1470,260.75,312.5,12.5,24.75,0.53036
1470,196.75,411.75,15.25,30.5,0.53025
1470,331.25,418.75,15.75,31.25,0.53005
1500,460.25,393.75,15,30.25,0.58665
1500,308,335.5,16,32,0.58109
1500,476.25,400.5,12.5,24.75,0.56545
1500,519,378,13.75,27.5,0.56087
1500,277.25,330.5,14.75,29.5,0.55757
1500,133,356.75,14,27.75,0.55725
1500,28,321,16.5,33,0.55686
1500,361.5,375,21.25,42.5,0.55551
1500,316.75,329.75,15.5,30.75,0.55317
1500,294.5,310.75,12.75,25.25,0.55022
1500,444,368.5,16.5,32.75,0.54955
1500,309.75,312,14.25,28,0.54954
1500,179.75,413.5,16.25,32.25,0.54745
1500,588.75,301.5,14,28,0.54639
1500,300.5,336,13,26,0.54614
1500,549.5,300.25,13.5,27,0.54562
1500,502.25,391,13,26.25,0.54484
1500,164.75,399,15,30.25,0.54389
1500,412.25,374,14.75,29.5,0.54297
1500,323.75,247.5,17.75,35.5,0.54297
1500,333.5,347.75,14.5,29,0.54202
1500,37,311.5,14.25,28.5,0.5418
1500,487.75,400.25,12.5,25,0.54175
1500,155.75,392.75,16.5,33,0.54163
1500,260.75,392.75,15,30,0.54156
1500,333,307,19.25,38.25,0.5415
1500,324.5,400,16.25,32.5,0.54078
1500,76.25,286.75,16.5,33,0.54055
1500,373.5,328,13.5,27.25,0.54
1500,244,317.75,13,26,0.53976
1500,187.5,406.5,16.75,33.25,0.53929
1500,28.5,313.25,15.75,31.25,0.53843
1500,107.75,375.25,16.25,32.25,0.53772
1500,423.75,391.5,12.25,24.5,0.53757
1500,395.75,396,15.25,30.25,0.53739
1500,68.75,375.25,13,26,0.53691
1500,168.75,17,11.5,23,0.53677
1500,604.5,81.75,13.25,26.5,0.53674
1500,404.5,420.75,14.5,28.75,0.53671
1500,226.75,400.5,17,34.25,0.53658
1500,172.5,336,16,31.75,0.53649
1500,341.5,340.25,15.25,30.75,0.53619
1500,93.25,416,12,24,0.53603
1500,523,269.5,17.5,34.75,0.53591
1500,296.75,100.25,22.25,44.5,0.53588
1500,476.75,330.75,14.75,29.5,0.53569
1500,182,359,13.75,27.25,0.53555
1500,100,364.5,15.5,30.75,0.53543
1500,148.5,358.75,15,30,0.53533
1500,487.5,408.25,12.5,25,0.53504
1500,172.75,322.25,15.5,31,0.53501
1500,108,305.75,14.5,29.25,0.53499
1500,390.25,390.25,13.25,26.75,0.53497
1500,292,338,18.75,37.5,0.53463
1500,203,360,13,25.75,0.53416
1500,189,400.25,14.5,28.75,0.53386
1500,324.75,336.75,15.75,32,0.53346
1500,333,336.5,15.25,30.25,0.53326
1500,330.5,151.75,15.75,32,0.53323
1500,459.75,376.25,16.25,32.5,0.53305
1500,348.5,339.5,14.75,29.5,0.53301
1500,444,385.25,12.25,24.25,0.53281
1500,92,297,12,24,0.5327
1500,355.25,396,15.5,31.25,0.53267
1500,421.5,369,13.5,26.75,0.53263
1500,266.25,269.5,96.75,193.75,0.53246
1500,292,355.5,14.5,29.25,0.53204
1500,55.25,300.25,13,26,0.53192
1500,420.25,411.25,16.5,33,0.53153
1500,164.5,378,15.25,30.75,0.53146
1500,277.75,359,13.25,26.75,0.53128
1500,363.5,33.75,17.75,35.5,0.53113
1500,124,370.75,15,30.25,0.53104
1500,76.5,278.75,14.75,29.75,0.53104
1500,-1.5,62.5,12,24,0.53018
1500,50.75,323.25,17.25,34.5,0.53001
1530,339.75,406.25,13.25,26.5,0.57503
1530,95.75,407.5,13.25,26.5,0.5681
1530,565.25,379.25,13.5,26.75,0.56676
1530,172,402.75,13.75,27.5,0.55768
1530,147.5,411.5,15.5,31,0.55293
1530,454.75,407.75,12.75,25.25,0.55265
1530,267.75,402.75,15,30,0.55251
1530,109.5,403.75,14.25,28.5,0.5488
1530,200,409.25,12.25,24.75,0.5487
1530,187,412.5,18,36,0.54723
1530,389.25,419.5,14.25,28.5,0.54721
1530,139.75,407.75,13,26,0.54706
1530,223.5,408.25,12.5,25,0.54537
1530,427.25,402.25,15.5,30.75,0.54476
1530,572,387,14.75,29.5,0.54473
1530,268.75,427,14.25,28.75,0.54408
1530,100.5,416.25,15,29.75,0.54401
1530,253.5,420,14.25,28.5,0.544
1530,36,420,14.5,29.5,0.54394
1530,164.25,414.25,14,28.5,0.54364
1530,252,394.25,13,26.25,0.5429
1530,357.5,390,13.75,27.75,0.54223
1530,220.75,395.25,14.25,28,0.54192
1530,508.5,427.5,14.25,28.5,0.54149
1530,260.25,416.75,16,31.75,0.54129
1530,156.25,410.75,15.5,30.75,0.54017
1530,533.75,391.5,12.75,25.5,0.53907
1530,582,396.5,12.5,25.25,0.53859
1530,331.75,393.75,13.5,27,0.53843
1530,60.5,34.75,12,23.75,0.53823
1530,582.25,443.25,15.25,30.5,0.53792
1530,406,406.5,13.25,26.75,0.53703
1530,276.5,428,15.5,30.75,0.53628
1530,461.5,407.25,13,25.75,0.53597
1530,502.5,244.75,12,24,0.53575
1530,212.5,395,15.25,30.5,0.53542
1530,12.75,77,15.25,31,0.53518
1530,85.75,414,14,28,0.53504
1530,551.25,382,13,26.25,0.53483
1530,22,329.5,13.75,27.25,0.53415
1530,390.25,391.5,13.25,26.75,0.534
1530,243.75,257.75,106,212.25,0.53372
1530,542.25,312.5,12.5,25,0.5334
1530,556,321.25,12.25,24.5,0.53322
1530,469.25,403.25,15,30.5,0.53319
1530,297.5,98.75,24.75,49.25,0.53312
1530,27.75,420.5,13.75,27.25,0.53298
1530,135,408,12.5,25.25,0.53279
1530,70,327.75,14.75,29.5,0.53273
1530,51.75,301,12.75,25.25,0.53266
1530,516,439.75,16.75,33.5,0.5324
1530,275.75,417.5,15.5,30.5,0.53218
1530,503,399,37.5,74.75,0.53171
1530,580,384.25,13.25,26.25,0.5317
1530,373,410.75,13.75,27.5,0.53152
1530,402.25,256,108,216.25,0.53111
1530,596.5,308,14.75,29.5,0.53081
1530,491.75,409,13.25,26.5,0.53059
1530,180.75,427.25,14.25,28.5,0.53042
1530,605.5,432.75,20.75,41.5,0.53012
1560,572.25,44.75,15.25,30.25,0.56042
1560,389.5,358.75,14,27.75,0.55851
1560,172.5,417.5,15.75,31.5,0.55314
1560,563.75,407.5,16,32,0.55208
1560,340.25,410.25,16,31.75,0.54978
1560,548.5,441.75,14.75,30,0.54912
1560,413.25,386.5,13.75,27.5,0.54607
1560,134.5,238,13,26,0.54597
1560,220.75,44.25,15.25,30.5,0.54566
1560,276,381.75,16.75,33.75,0.54272
1560,269,397.25,13.5,27,0.54191
1560,141.75,399,13,26.25,0.54072
1560,141.75,237.5,12.75,25.75,0.54012
1560,125,236.25,14.5,28.75,0.5401
1560,227.5,58.5,12.75,25.25,0.53985
1560,516.25,359.5,15.75,31.5,0.53957
1560,388.75,394.5,15.5,31.25,0.53894
1560,557.25,419.25,14.5,29.25,0.53883
1560,491.5,351.25,16.5,33.5,0.53823
1560,373,408.25,15.5,30.75,0.53797
1560,468.25,430.25,14.5,28.75,0.53711
1560,269.25,431.75,12.75,25.5,0.53695
1560,598,425.75,12.75,25.5,0.53671
1560,163.75,406,16.5,32.75,0.5364
1560,403,396.25,17,33.5,0.53633
1560,307.25,90.5,47,93.75,0.53626
1560,107.5,414.75,16.25,32.5,0.53618
1560,579.5,411.5,16.5,32.75,0.53614
1560,572.25,414.25,15,30,0.53588
1560,477,374.5,14.75,29.75,0.53562
1560,559.25,62,27.25,54.25,0.53551
1560,604,372.25,14,27.75,0.53537
1560,236.5,368.5,14.5,29.25,0.53503
1560,190.75,174.75,11.5,23.25,0.53466
1560,253.5,396,14,27.75,0.5343
1560,365,404.25,15.25,31,0.53425
1560,356.25,410.5,15.75,31.5,0.53425
1560,44.25,348,14.5,28.5,0.53422
1560,580.25,430.5,13,26,0.53413
1560,435.75,365.5,16.75,33.5,0.5341
1560,100.5,419,14.5,28.75,0.53356
1560,516,391.75,15.75,31.75,0.53345
1560,213,390.5,13.5,27.25,0.53338
1560,595.5,382.5,16,32,0.53315
1560,444.75,363.25,14.5,28.5,0.5329
1560,402,410.75,18.5,36.5,0.53247
1560,452.5,400,15.25,30.5,0.53247
1560,347.75,392.25,16.25,32.5,0.53244
1560,525.75,399.5,12.75,25.5,0.53239
1560,348,380.75,15.5,30.75,0.53232
1560,69,412.25,15,29.75,0.5323
1560,244,425.25,16.25,32.5,0.53226
1560,164.25,417.75,15.5,31.25,0.532
1560,237.75,235.5,12.5,25.25,0.53196
1560,60.5,233.25,15.25,30.75,0.53185
1560,613.5,400.5,12.25,24.25,0.53133
1560,596.25,410.75,14.75,29.25,0.53131
1560,500.25,417.5,15.5,31,0.53106
1560,558.25,398.5,12.5,24.75,0.53078
1560,605,382.25,15,29.75,0.53055
1560,307.75,378.75,17,33.75,0.53043
1560,204.75,389.75,14.75,29.75,0.53021
1560,507.25,393,17,34.25,0.5301
1590,68.5,273,12,24.25,0.54541
1590,79.25,252.75,17.75,35.25,0.54294
1590,373.25,87.25,15.75,31.25,0.5398
1590,-3,424,24.75,49,0.53667
1590,94.5,116.25,15.5,31,0.53614
1590,11.5,442.25,14,27.75,0.53435
1590,217.75,34.5,25,49.5,0.53396
1590,611.5,88,32.25,64,0.53341
1590,101,397.5,36.5,72.75,0.53279
1590,480.75,384,45.75,91.75,0.53254
1590,380.75,250.25,14.5,29,0.53102
1590,12,325.5,16.5,33,0.531
1590,573.5,45.75,15.75,31.5,0.5309
1590,445.75,73.25,12.5,25,0.53025
1620,584.75,50.25,27.25,54.75,0.54636
1620,116.25,100,16,32.25,0.54176
1620,22.75,448.25,12.75,25.5,0.54076
1620,186.75,198,18.25,36.25,0.53921
1620,181,443.75,13.75,27.75,0.53809
1620,344.5,86.5,12.75,25.75,0.53487
1620,174.75,417.5,26.5,53,0.53301
1620,364,129.25,12,24,0.53182
1620,7,85,13.25,26.5,0.53154
1650,24,12.5,12,24.25,0.54528
1650,208.25,136.5,12,24,0.54415
1650,51.75,445.5,14.5,29,0.54399
1650,603.25,46.75,16.75,33.5,0.5394
1650,83,119.25,15,29.75,0.53811
1650,207.5,203,14,28,0.5377
1650,246.25,151,12.75,25.5,0.53236
1650,208.25,50.5,14,28.5,0.53166
1680,586.5,50.75,31.75,63.25,0.54154
1680,288.5,103.75,29.5,59,0.53677
1680,223.5,147,31.75,63.5,0.53673
1680,7.5,82.25,13.5,26.5,0.53479
1680,82,122.5,16.5,33,0.53427
1680,277.25,449,11.5,23,0.5318
1680,77.25,58.25,12.75,26,0.53024
1710,601.5,101.5,17.25,34.5,0.54819
1710,411.5,219,16.25,32.25,0.54
1710,538.5,192.25,16.75,33.5,0.53724
1710,28.5,453.75,12,23.75,0.53712
1710,83.25,124.25,14.5,29.25,0.53702
1710,494.25,89.75,64.5,128.5,0.53691
1710,223,153.25,30.75,61.75,0.53505
1710,376,453.5,12.5,25.25,0.53435
1710,334,269.75,13,25.75,0.53418
1710,331.5,244.25,14,28,0.53329
1710,190,61,12.75,25.5,0.53206
1710,38.25,72.5,12.25,24.75,0.53101
1710,289,104.75,29.75,59.5,0.53035
1740,83.25,126.75,14.75,29.5,0.54483
1740,27,185.75,14.75,30,0.54051
1740,345.75,435.25,21.75,43.25,0.53788
1740,92.75,57,11.5,23,0.53518
1740,246.25,156.75,12.75,25.25,0.53442
1740,213.25,33.5,25,50,0.53394
1740,517,155,12.75,25.75,0.53333
1740,222.25,152.25,34.75,69.75,0.53198
1740,375,454.5,12,24,0.53151
1740,117.75,97.75,24.75,49.25,0.53129
1740,182.75,96,14.25,28.5,0.53028
1770,286.75,103,35,70.25,0.54787
1770,104.5,102.5,24.5,49,0.5448
1770,246.25,154.5,12.75,25.75,0.54124
1770,83.5,125,14,28,0.53951
1770,534,150.5,12.5,25,0.53905
1770,589,155,25.5,51.25,0.53899
1770,55,194,13.25,26.5,0.53638
1770,527,152,12.5,25.25,0.53478
1770,209.75,54.75,14,28.25,0.53367
1770,64.25,300.25,12,24,0.53264
1770,340.5,259.25,14,28,0.53115
1770,374.75,18.5,11.75,23.5,0.53114
1770,613.75,449.25,12.75,25.5,0.53022
1800,236.75,245.25,15.5,31,0.53797
1800,246,156.75,12.5,25,0.53697
1800,519.5,153,12.75,25.75,0.53661
1800,326.25,284.75,14.5,29,0.5361
1800,592,163.25,22.25,44.5,0.53592
1800,280.5,9.25,11.75,23.5,0.53485
1800,613,452.25,13,26,0.53439
1800,289,102.75,30,59.75,0.5336
1800,212.5,34,26.5,53,0.53051
1800,478.75,77,13,26,0.53041
1830,120.75,1,11.5,23,0.54478
1830,151.75,110.75,12,24,0.54159
1830,246.25,156.5,12.5,25,0.54104
1830,540.5,160.25,13,26,0.53936
1830,-3.75,146.25,30.5,60.75,0.53526
1830,253.5,154.25,14.5,29.25,0.53376
1830,289,106.5,29,58.25,0.53318
1830,116.5,99.5,24.25,48.5,0.53144
