30,356.5,321.5,16,32.25,0.55407
30,416,324.75,13.5,27,0.55378
30,156.5,410.75,14.25,28.25,0.55209
30,284,416.25,12.75,25,0.54966
30,116.75,428.25,14.25,28.25,0.54913
30,492,96.75,13,26.25,0.54838
30,131.75,400.75,16,32.25,0.54337
30,365,329,15,30.25,0.54321
30,52.75,410.75,13.25,26.5,0.54301
30,38,401.75,15.25,30.5,0.53919
30,196.75,387.5,14.25,28.5,0.53822
30,403.75,101.25,12.75,25.5,0.53821
30,596,324.5,14.75,29.25,0.53782
30,236.75,356.75,14,28,0.53666
30,3.5,96,13.25,26.5,0.53642
30,253.75,434,12.5,24.75,0.53551
30,490.75,86.5,17,34.25,0.53512
30,45.75,154.75,160.25,320.5,0.5345
30,253,355.5,15.25,30.25,0.53395
30,210.75,361.5,17.75,35.5,0.53326
30,435.5,405.75,16,32,0.53315
30,201.75,189.75,12.75,25.5,0.53264
30,411.75,326.5,13,26.25,0.53259
30,389.25,326,14.25,28.75,0.53256
30,27,237,12.5,25.5,0.53237
30,336,293,14.75,29,0.53219
30,628.5,172.25,12.25,24.25,0.53167
30,106.5,28,12.25,24.25,0.53017
30,443.75,7.25,12.5,24.75,0.53015
60,181,416.75,13.75,27.5,0.57416
60,173,421,14,28.25,0.56001
60,155.75,411.5,16.5,32.75,0.55326
60,341.25,430.75,14,27.5,0.5515
60,187.25,300.5,16.5,33,0.55061
60,236.5,359.5,13,26.25,0.54993
60,148.25,373,15.25,30.5,0.54751
60,253.75,373,13.25,26.25,0.54565
60,-2.5,7.5,19.25,38.5,0.54471
60,159.25,187,13.5,27.5,0.54206
60,399,374.75,13.75,27.75,0.54013
60,283.75,333.5,12.75,25.5,0.54001
60,477.25,356,12.5,25.25,0.53943
60,391.5,358.5,15,30.25,0.53883
60,84.25,418.75,15.75,31.5,0.53874
60,482.25,201.5,13,25.75,0.53867
60,148.5,427,15,30,0.53864
60,192.25,238.25,12,23.75,0.53821
60,166,169.5,22,44.25,0.53759
60,540.5,430,13.25,26.5,0.53746
60,-8.5,86.25,64.75,129.25,0.53716
60,69.75,418.75,14.25,28.5,0.53661
60,464.25,103.5,23,46.25,0.53564
60,335.75,418.25,13.5,27,0.53443
60,292.75,373.25,13.5,27.25,0.53438
60,467.25,410.5,17.5,35,0.53392
60,198,407.5,12.75,25.75,0.53261
60,125,397.25,14,27.75,0.53229
60,89.75,14.5,15,30,0.53213
60,300.25,407.75,16.25,32.25,0.53205
60,269.5,415,13,25.75,0.53173
60,486.75,405.25,35,70.25,0.53158
60,463.75,392.5,13,25.75,0.53135
60,435.75,128,12.5,25,0.53116
60,172.5,43,12.25,24.5,0.53082
60,307.75,348.75,16,32.25,0.53076
60,243.5,39.75,17,34,0.53051
60,147,274.5,20,40.25,0.53022
60,596,287.5,14.5,28.75,0.53015
90,229,321.25,14.75,29.75,0.57214
90,300,356,15.5,31,0.56237
90,565.75,199.5,13,26.25,0.56167
90,428.75,396,12.5,25.5,0.55256
90,108,379.5,13.5,27.25,0.55137
90,317.75,389.75,13,26.25,0.55129
90,348.5,417.25,15,29.75,0.55025
90,269.25,366.5,13.25,26.25,0.54966
90,109.75,304,13.25,26.75,0.5494
90,244,330.75,13.25,26.25,0.54927
90,380,333.75,13.25,26.5,0.54896
90,204.75,395.25,14.5,29,0.54876
90,260,412.25,15,30,0.54873
90,557,384,12.75,25.5,0.54856
90,428,178,14,28,0.54801
90,126,413.5,12.75,25.5,0.54523
90,581,365.5,16,32,0.54419
90,406,386,15,30.25,0.54411
90,364.5,368.25,15.25,30.5,0.54369
90,604,432.5,15,30.25,0.54363
90,604.25,410,14.5,29,0.54291
90,613,413.5,14.5,29,0.54268
90,613,162.75,14.75,29.5,0.54216
90,252,321.5,14,27.75,0.54163
90,220.25,424.5,15.75,31.5,0.54107
90,92.75,348.25,15,30.25,0.54086
90,116,318.75,16.5,32.75,0.54084
90,584.25,169,12,24,0.54058
90,212.25,368.25,16,32.25,0.54006
90,84.75,360.75,15,30,0.5397
90,23.25,73.75,18.75,37.5,0.53943
90,229.25,296.25,14.25,28.25,0.5391
90,600.25,95.75,40.75,82,0.53849
90,220.5,372.25,14.5,28.75,0.53847
90,187.25,327.75,17.75,35.5,0.53791
90,404.75,67,16.75,33.75,0.53789
90,196,368.75,16,32,0.53786
90,563.75,424.25,16.25,32.25,0.53741
90,608.5,81,11.75,23.5,0.53717
90,525,390.75,13.25,26.25,0.53665
90,466.75,389.75,16.5,32.75,0.53662
90,189.75,424.75,12,24.25,0.53638
90,595.25,383.75,15.75,31.25,0.5361
90,624.75,114.5,16.5,32.75,0.5361
90,300,361.5,14.25,28.25,0.53569
90,443.25,411,14.5,29.25,0.53545
90,86.25,343.5,12.25,24.5,0.53534
90,565.75,327.25,12.75,25.5,0.53528
90,508.75,348.5,14.5,28.75,0.53504
90,80,351.75,12.5,24.75,0.53502
90,354.5,173.25,14,28,0.53486
90,148.75,408.25,12.5,25.25,0.53431
90,259.75,350,16.75,33.5,0.53431
90,82.25,386,19,37.5,0.53402
90,183.5,338.25,12.75,25.5,0.53392
90,86.5,32.25,12.5,24.75,0.53368
90,353.5,86,29,58.25,0.53354
90,195.25,49.5,13.5,27.25,0.53339
90,419.75,351,13.25,26.75,0.53333
90,95,324,14.25,28.25,0.53293
90,580.75,416.75,15,29.75,0.53278
90,459.5,81.5,16.25,32.5,0.53249
90,252,415.5,16.5,32.5,0.53208
90,534,364.5,12.5,25,0.53192
90,134.25,406.75,12.5,24.75,0.53187
90,420,384.75,13.5,27,0.53109
90,412.25,172.5,25,50.25,0.53097
90,52.5,411.25,14.25,28.5,0.53091
90,460.75,121.75,17.75,35.25,0.53072
90,324,373.25,16,32,0.53065
90,412,442.75,15.25,30,0.53025
90,549.5,399.5,13.25,26.25,0.5301
90,324.75,409,14.25,29,0.53004
120,-2,62,16.75,33.75,0.56311
120,428.5,386.75,14.5,29,0.54978
120,452.75,399,14.5,29.25,0.54772
120,445.75,399.25,13,26,0.5459
120,172.75,380.5,14.5,29,0.54522
120,334.75,345.75,16,32,0.54508
120,471,369.5,12.75,25.75,0.54422
120,75.5,337.5,15.75,31.25,0.54376
120,264.25,352.25,12.75,25,0.54367
120,231.25,315.5,14.75,29.5,0.54178
120,528.5,15.25,13.75,27.25,0.53926
120,180.75,372,14.25,28,0.53907
120,196.75,15,15.25,30.5,0.53867
120,43.5,416.5,15.5,30.5,0.53867
120,-1.75,23.25,15.25,30.5,0.53812
120,464,107.25,12.75,25,0.53751
120,587.5,386.5,13.75,27.75,0.53641
120,115.75,421.25,13.5,27,0.53609
120,389.5,175.75,12.5,25.25,0.53603
120,150.5,365,13,25.75,0.53575
120,364.25,160.5,12,24.25,0.53475
120,476.5,360.25,15,30,0.53272
120,146,352.75,12.75,25.25,0.5326
120,296.75,138.25,36,71.75,0.5325
120,356.25,26.25,12.5,24.75,0.53182
120,190.75,257.5,12.25,24.5,0.53173
120,193,92.25,59.25,118.5,0.53136
120,108,376.25,15.75,31.75,0.53089
120,269.5,325.25,12.5,25.5,0.53053
120,140,364.5,14.5,29,0.53049
120,523.5,353.25,14,27.75,0.53037
150,37.5,376.25,12.75,25,0.55455
150,120.5,269,12,24,0.55064
150,260,326.5,67.25,134.5,0.54913
150,466.5,362.25,12,24.25,0.54537
150,550.5,166.5,12.5,25,0.54308
150,436.75,406,13,25.75,0.54097
150,422.25,405.5,12.5,25,0.54064
150,149.25,404.5,13.75,27.5,0.53874
150,452.25,413.25,13.75,27.5,0.53841
150,290.25,118.5,17.5,35.5,0.53822
150,61,406,13.5,26.75,0.53741
150,119.25,77,95.5,191,0.53711
150,333.25,366.75,14,27.75,0.53572
150,-2.25,30.25,18.5,37,0.53505
150,222.5,323.75,68,136.25,0.53493
150,542.5,407.25,12.5,25.25,0.53466
150,259.25,390,37.75,75.25,0.53466
150,263.5,408,12.25,24.25,0.53347
150,157.75,203.75,13.25,26.5,0.53227
150,237.75,333,12.75,25.75,0.53204
150,561.75,417.5,12,24,0.53198
150,547.75,403,18.75,37.5,0.53139
150,128.5,311.5,12.25,24.5,0.53103
180,415.5,143.25,13.75,27.25,0.56009
180,489,411,20.5,41.25,0.55268
180,113,324.5,64.25,128.5,0.55229
180,61,332.25,14.25,28.5,0.54737
180,63.25,101.75,20,40,0.54665
180,55,181.5,12.75,25.25,0.54363
180,227.75,414.75,17.25,34.75,0.54285
180,295.75,109.5,19,37.75,0.54106
180,118.5,396.25,13.5,27.5,0.54001
180,568.25,345,12.5,24.75,0.53896
180,481.5,162,13.5,27,0.53876
180,88.25,327.25,12.75,25.5,0.53841
180,157,374.5,13.75,27.5,0.53823
180,109.5,197.25,17.5,35,0.53782
180,565.25,405,14.25,28.5,0.53685
180,412.25,362,15.25,30.25,0.53682
180,154,144.75,19.75,39.5,0.53561
180,149.25,419,14.25,28,0.53548
180,284.25,117,14,28.25,0.5353
180,249.75,166.75,12.25,24.75,0.5352
180,69.75,334.75,13.25,26.5,0.53498
180,445,410,14,28,0.53477
180,584.75,193.5,19.75,39.5,0.53407
180,492,5.25,12.75,26,0.53401
180,572.5,121.75,13,26.25,0.53387
180,425.75,428.75,17.75,35.5,0.53338
180,62,257.5,12.5,25,0.53335
180,54.25,185,31.25,62.75,0.53262
180,628.5,112.5,12,24.25,0.53259
180,172.5,168.75,12.5,25.25,0.53255
180,363.25,418.75,15,30,0.53176
180,212,380.5,30.5,61.25,0.53131
180,297,279,88.5,177,0.53095
180,37.5,347.75,13.5,27,0.53092
180,543.5,406.25,24.75,49,0.53034
180,593.5,125.25,13.75,27.25,0.53022
210,343.5,396.5,28,55.75,0.56341
210,390,430.25,13.25,26.5,0.55426
210,83.25,333.5,17.75,35.25,0.55168
210,401.75,140,16.5,33.25,0.54759
210,408.75,414.25,17,34.25,0.54538
210,-2.75,243,26,52,0.54509
210,324.5,421.25,15.5,31.5,0.54433
210,459.75,379,15.75,31,0.54417
210,360.5,401.5,25,50,0.54378
210,300,104.5,17.25,34.25,0.54375
210,341.25,170,15,30.25,0.54355
210,551.75,70.5,41.75,83.25,0.54244
210,477.25,408.75,12,24,0.54059
210,516.25,206.75,12.25,24.5,0.54045
210,405.5,424,13.25,26.75,0.53966
210,84.5,352.75,15.75,31.75,0.53938
210,567.25,172.75,22.75,45.5,0.53864
210,44.25,409,14.25,28.5,0.53861
210,307.75,396.75,13.75,27.75,0.53815
210,579,415.5,17.25,34.25,0.53739
210,28.25,368.75,15.5,30.75,0.53697
210,568.5,63.25,12,24.25,0.53651
210,188.25,376.5,34.75,69.75,0.53625
210,245.25,414.5,14,28.25,0.53576
210,-10.5,80.5,91.25,182.75,0.5352
210,81,143.5,16.25,32.25,0.53519
210,499.25,384.5,16,31.5,0.53519
210,381.5,402.5,14,28,0.5343
210,213.25,427.25,14.25,29,0.53404
210,164.25,423.75,12.75,25.5,0.53383
210,261,427,13,26.25,0.53319
210,60.75,402.25,14.75,30,0.53253
210,611.75,418.5,15.5,31.25,0.53246
210,-4.75,184.75,39.5,78.5,0.53199
210,567,422,13.75,27.5,0.53195
210,320.75,166.25,36,72,0.5319
210,167.25,157,24.5,49,0.53186
210,99.5,379,16.5,32.75,0.53166
210,536.25,208.75,12,24,0.53152
210,388.5,376.5,15.5,31,0.53108
210,373.75,402.75,15.5,30.75,0.53056
210,515.75,290.75,84.25,168.5,0.5304
210,550.5,200,12.5,25,0.53016
240,47.75,184,32.5,65.25,0.56386
240,407.5,140.25,18.5,37.25,0.5615
240,164.75,395.75,15,30,0.55395
240,109,411.75,13.75,27.25,0.54802
240,165.5,416.25,12.5,25,0.54483
240,556.5,350.75,12.75,25.75,0.54387
240,59.75,103,17.5,35.25,0.54175
240,196.75,418,15.75,31.25,0.53928
240,60.75,108.5,23,45.75,0.53927
240,83,368.25,18.5,36.5,0.53924
240,266.25,105,17.25,34.5,0.53778
240,288.75,386,37.25,74.5,0.53735
240,148.5,395.5,15,29.75,0.53591
240,269.5,392.75,31.25,62.25,0.53542
240,254.75,66,11.5,23,0.53449
240,187.75,398.75,17.25,34.75,0.53446
240,303.25,102,20.75,41.5,0.53437
240,517,404,12.5,25,0.53432
240,575,69.75,38.75,77.25,0.53411
240,114.25,193.75,20.25,40.5,0.53405
240,192.75,221.5,18.25,36.25,0.53311
240,520,61.75,12,24,0.53284
240,111.75,391.5,12.5,25.5,0.5322
240,20.5,253,13.75,27.75,0.53184
240,460.75,423.25,14.5,29,0.53175
240,60.25,331.5,16.25,32.5,0.53122
240,117.25,213,13,26.25,0.53112
240,529.75,359.5,12.5,24.75,0.53048
240,443.5,423,15.25,30,0.5302
240,492,389,13.75,27.75,0.53007
270,230,391.25,13.75,27.5,0.56208
270,501,407,14.25,28.5,0.55895
270,540,391.75,12.5,24.75,0.54999
270,327,178,59.5,119,0.54539
270,524.25,392,13,25.75,0.54407
270,125.25,127.5,15,30,0.54225
270,498.5,384.25,14.25,28.5,0.54219
270,407,146.5,19,37.75,0.54145
270,496.5,400.5,11.75,23.5,0.54098
270,418,142,19.25,38.25,0.54068
270,583.75,159,13.75,27.25,0.53865
270,452.75,396,15,29.5,0.53801
270,341.25,407.75,14,27.75,0.53489
270,470.75,75,11.5,23,0.5341
270,224,390.75,13,25.75,0.5337
270,11.75,290.25,15.5,31,0.53298
270,525.5,59.25,12.25,24.75,0.53239
270,267.5,106,18.75,37.25,0.53233
270,508.25,401.5,15.5,31,0.53115
270,581.25,310.75,63.5,127,0.53089
270,377.75,286,13.5,27,0.53058
270,0.75,132.25,11.5,23,0.53046
300,431.25,149.25,20.5,41.25,0.59907
300,335.25,192.25,65,129.75,0.55685
300,574.5,317.75,74.25,148.5,0.54499
300,521,162.25,135.5,271,0.5431
300,93,404,13.25,26.75,0.54219
300,61,281.25,14.25,28.25,0.54001
300,470,433,14.75,29.75,0.53945
300,53.25,75.5,14,27.75,0.53915
300,565.25,419.25,14,28.25,0.5388
300,59.25,378.75,19.5,39,0.53877
300,508.25,436.5,14.75,29.5,0.53727
300,576,65,12,24,0.53675
300,274,113,17.75,35.5,0.53604
300,249.5,336.5,12,24.25,0.5355
300,461.25,155.5,17.25,34.75,0.53483
300,600.75,76.75,41.5,83.25,0.53395
300,38,434.75,12.75,26,0.53349
300,447,358.25,56.25,112.5,0.53307
300,538.5,378.5,11.75,23.5,0.53302
300,486,432.5,15.5,31,0.53301
300,220,418.25,13,26,0.5327
300,556.25,175.25,15.25,30.25,0.53243
300,236.5,224.5,12,24,0.53223
300,7,190,12,24,0.5316
300,494.75,435,13.75,27.5,0.5311
300,487,342.25,33.75,67,0.53092
300,445,391.75,21.75,43.25,0.53083
300,274.25,31.25,18.75,37.5,0.53035
300,77,254.75,16,32.5,0.53035
300,622.75,63.5,16.75,33.75,0.53025
300,-13,142.75,109.25,218.5,0.53014
330,540.25,71.25,12.25,24.5,0.55887
330,439,174.25,13.25,26.75,0.55322
330,446.5,162.5,19.5,38.75,0.55191
330,467.5,164.5,18.5,37,0.5456
330,337,203,66.5,133,0.54538
330,593.5,386.25,18,36,0.5441
330,57.75,438,14.25,28.25,0.54399
330,612.5,437.25,14.5,29,0.54163
330,294,438.5,13,26,0.54142
330,147.75,429,17.75,35.5,0.54097
330,107.25,42,105.25,210.75,0.54028
330,603.5,327.5,12.75,25.5,0.53971
330,421.75,77,19.25,38.5,0.53904
330,220.25,71.5,13,25.75,0.53902
330,56.5,72,19.5,38.75,0.53873
330,383.75,435.5,14,28,0.53769
330,522.75,408.75,12,24,0.53736
330,378,225.5,16.75,33.75,0.53699
330,362.75,430.75,17,34,0.53683
330,443,364.75,51.75,103.5,0.53578
330,180.75,430,18.25,36.25,0.53485
330,562.25,430,17.5,35,0.53482
330,391.5,437.75,13,26.25,0.53452
330,195,394,35,70,0.53408
330,162.5,97.75,12.25,24.25,0.53338
330,279,437.25,14,28.25,0.53324
330,108.25,440.5,12.5,25.25,0.53308
330,29.25,417.25,17.75,35.75,0.53307
330,460.25,417.75,23.75,47.75,0.53273
330,325.75,330.5,12,24,0.53253
330,-13.25,158.25,106.25,212.75,0.53211
330,263.25,440.5,12.25,24.25,0.5321
330,67,320,73,146,0.5309
330,554.5,432.75,16.75,33.25,0.5307
330,508,388.25,12.5,24.75,0.53061
330,426.75,167.25,16.25,32.5,0.53055
330,260,422.5,14.25,28.25,0.53024
360,118.75,193.25,31.25,62.25,0.55991
360,456.25,164,20.75,41.75,0.5594
360,616.25,353.75,12,24,0.54577
360,481.5,184,12.75,25.5,0.54328
360,178.75,9,11.5,23,0.54242
360,155.75,407.25,31,62.5,0.54053
360,522.5,443,16.25,32.25,0.53968
360,449.75,387.5,42.5,85,0.53607
360,611.75,176,16,32.5,0.5354
360,626,132.75,13,26,0.53367
360,447.5,168.75,17.5,34.75,0.53348
360,578.25,193.25,12.5,25.5,0.5334
360,547.25,406.75,20.75,41.75,0.53325
360,478.5,169.25,18.75,37.25,0.53312
360,142.25,411.25,26.25,52.25,0.5329
360,244.25,352,12.25,24.25,0.53277
360,262.5,435.5,17,34.25,0.53192
360,509,445,14.25,28.5,0.53158
360,168.75,404,33,66,0.53147
360,314,108,17,34,0.53118
360,543.5,71.75,13,26,0.53109
360,528,429.75,13,26,0.5309
360,498.5,158.5,16,31.75,0.53057
360,213.25,4.75,14,28,0.53014
390,467.75,162.25,22.75,45.5,0.55648
390,532.75,430.5,16.75,33.5,0.55054
390,576.75,425.75,23.25,46.25,0.5469
390,35.5,71.25,53,105.5,0.54528
390,532,446.5,13,25.75,0.54413
390,430,444.5,14,27.75,0.54405
390,158,422.5,24.75,49.75,0.54377
390,490.25,171.5,18.5,37.25,0.53911
390,540,447.5,14,28,0.53905
390,457.75,169,20,39.75,0.53616
390,612,449.25,12.25,24.75,0.53268
390,402.75,441,14.25,28.5,0.53213
390,127,423,24.75,50,0.53148
390,618.5,190.75,17.25,34.75,0.53142
390,238.75,428,23.25,46.25,0.53118
390,275.75,127.25,17,33.75,0.53038
420,479,161.75,24.25,48.25,0.58059
420,453.25,166,21.75,43.75,0.54609
420,71.5,51.25,105.5,211,0.5381
420,100,230,18.75,37.5,0.53234
420,502.75,297.25,36,71.75,0.53234
420,582.25,182.75,12.5,25.5,0.53224
420,88.75,381,11.75,23.75,0.53194
420,624.75,119,17,34,0.53125
420,147.5,89.25,14,28,0.53091
420,276.75,129.75,15.75,31.5,0.53089
420,340.5,31.75,17.5,34.75,0.5306
450,492.5,174.25,22.5,45,0.55944
450,477.75,188.25,12.75,25.75,0.54726
450,100.5,235.25,18.25,36.25,0.54505
450,377.25,207.5,30,59.5,0.54415
450,470.25,450.75,13,25.75,0.54225
450,489.75,292.25,71.5,142.75,0.54134
450,443,451.5,12.75,25.75,0.54008
450,583,445.25,15,30.25,0.53914
450,380.25,234,17,34.25,0.53581
450,604.5,447.75,14,28.25,0.53461
450,461.75,176.5,17.5,34.75,0.53356
450,363.75,234,17.25,34.75,0.53338
450,573,187.75,14,28,0.53278
450,116.5,435,21.25,42.25,0.53277
450,372,82.75,12.75,25.25,0.53209
450,476,449.25,13.75,27.5,0.53099
450,511,448.5,14.25,28.5,0.53065
450,364.75,216.25,27.25,54.5,0.5302
450,48.5,61.75,29.5,58.5,0.53014
480,467,177.25,18.75,37.5,0.55857
480,474.75,443.25,17,34,0.5402
480,217.75,77.25,11.75,23.5,0.53997
480,316.75,441.5,18.75,37.25,0.53373
480,624.75,199.5,15.5,30.75,0.53373
480,469,187.75,14.5,28.75,0.53275
480,345,221,77,154.25,0.53174
480,212.25,17.25,12.25,24.75,0.53086
480,502.5,163.75,25.5,51.25,0.53075
480,489.25,185.5,13.5,27,0.53045
480,625.75,450.25,14,27.5,0.53033
510,474.25,175.25,18.5,37,0.55117
510,292.25,240.25,12,24.25,0.54758
510,380,237.5,17,34,0.54522
510,501.5,169.25,20.5,40.75,0.53985
510,363,216,28.25,56.5,0.53983
510,582.25,189.75,12.75,25.25,0.53929
510,166.5,187.75,12,23.75,0.53787
510,625.5,202,15,30,0.53691
510,33.25,77.25,52.75,105.25,0.53522
510,474.75,189.75,14.75,29.75,0.53451
510,473,441.25,18.75,37.25,0.53382
510,52.5,78.25,14.5,29.25,0.53325
510,510.75,412.5,12,23.5,0.53271
510,-2.75,174.75,21,41.75,0.53212
510,60.5,97,14.25,28.5,0.53176
510,166,11.25,12.75,25.75,0.53078
540,381,237.25,16.75,33.25,0.55196
540,481.25,176.75,22.5,45.5,0.55022
540,100.25,237.5,18.5,37,0.54992
540,292.25,239.75,12.25,24.25,0.54203
540,103.5,4,12.75,25.75,0.53902
540,54,83,12.5,25,0.53895
540,275.75,133.25,17.5,35,0.53752
540,576.5,195.25,14.75,29.5,0.53286
540,607.25,452,12.75,25.25,0.53207
540,320.25,32.25,12.25,24.5,0.53018
570,564.5,449.5,14.25,29,0.55224
570,28.25,223.75,15.25,30.5,0.54409
570,32,185.75,12.25,24.75,0.54226
570,588.5,452,13,25.75,0.54086
570,99.5,239,18.25,36.25,0.54043
570,493.5,196.25,14.25,28.5,0.54041
570,583.75,173,27,54.25,0.53964
570,475.75,450.5,14,28,0.53827
570,162.5,110,13,26,0.53738
570,319.25,6.5,78.25,156.25,0.53699
570,491.5,182.75,14,28.25,0.53635
570,572,446.5,15.75,31.5,0.53534
570,484.5,379,14.25,28.5,0.53484
570,557,329.75,32,63.75,0.53288
570,533.5,444.5,13.5,27.25,0.53229
570,109.25,12,13.75,27.75,0.5321
570,575.75,391.25,21.75,43.5,0.53192
570,181,12.25,13.25,26.5,0.53161
570,510.5,265.75,12.25,24.75,0.5305
570,28.25,320.75,15.5,31,0.5303
570,198,347.5,13.75,27.5,0.53028
570,346.5,219,80.75,161.75,0.53026
600,561.75,169,26.25,53,0.5553
600,513.5,196.75,15.25,30.75,0.55097
600,611.25,196,17.5,34.75,0.54674
600,558,327,32.5,65.25,0.54628
600,604.5,452.25,12.75,25.5,0.54609
600,625.5,204.25,14.25,28.5,0.54513
600,552.25,176.25,13.5,27,0.54406
600,557,443.75,15,30,0.54118
600,577.75,429.75,18.5,36.75,0.53801
600,-6.25,176,49.75,99.5,0.53676
600,65.75,341.25,44.25,88.25,0.53472
600,162.75,112.5,11.75,23.75,0.53442
600,476.5,452.5,13,25.75,0.53396
600,477,125.25,14,27.75,0.5329
600,277.25,138.25,15,30,0.53263
600,333,376.5,13.5,27,0.53238
600,182,9.25,12.5,25,0.53165
600,383.25,91.5,17,33.5,0.53143
600,313.5,7.25,91.25,182.25,0.5314
600,588.25,450,13.5,27.25,0.53102
600,100.25,238.75,18.25,36.5,0.53092
600,443.75,314.25,12.25,24.25,0.53072
600,24.5,185.75,13.75,27.75,0.53058
600,61,99,13.25,26.25,0.53041
630,516.5,184.75,13.75,27.5,0.56681
630,581.25,166.5,25.75,51.75,0.55626
630,461.5,384.25,13.25,26.75,0.55584
630,345.75,219.75,79.5,159,0.54562
630,117.5,2,13.5,26.75,0.54359
630,589.5,439.25,12.75,25.75,0.54004
630,589.5,452.5,12.75,25.25,0.53983
630,553,179.5,14.5,29,0.5387
630,100.5,238,18.5,37,0.53814
630,567,450.5,13.75,27.75,0.53783
630,84.25,9.75,15,30.25,0.53582
630,422.25,131.75,12.25,24.5,0.53574
630,277.25,138,15.25,30.75,0.53574
630,571.25,204,16,32,0.53505
630,390.25,249.5,21,41.5,0.5343
630,166.5,187.5,12,24,0.53297
630,580.5,433.5,15.25,30.75,0.53244
630,108.75,397.25,14,28,0.53244
630,475.75,442,13,25.75,0.53236
630,572.75,432.5,15.5,31.25,0.53175
630,571.25,452.5,13.5,26.5,0.53072
660,85.25,9.75,13.75,27.5,0.56474
660,587.5,178,30.25,60.5,0.55135
660,533,439,14,28.25,0.54447
660,44.75,241.5,12.5,25.5,0.54386
660,276.25,374,13,25.75,0.54325
660,100.5,239.25,19,38,0.54159
660,552.25,177.75,16.25,32.5,0.53898
660,236,392.25,12.25,25,0.53794
660,502.25,305,39.75,79.5,0.53637
660,77.25,12,14,28,0.53588
660,74,189.75,14,27.75,0.53584
660,588.5,213.25,14.25,28.25,0.53582
660,172.5,10.25,13,25.75,0.53497
660,581.5,437.25,14.75,29.25,0.53414
660,589,453.5,12.5,25.25,0.5333
660,421.75,27.5,14,28,0.53292
660,577.75,392.75,21.25,42,0.53277
660,605.75,168,33.5,67,0.53273
660,379.75,240.5,17,33.75,0.5319
660,229.5,393,13.5,26.5,0.53124
660,468.25,196.5,14.25,29,0.53104
660,210.25,129.25,14.75,29.5,0.53022
690,156,8.5,15.75,31.5,0.56549
690,33,74.5,57.5,115,0.55372
690,69,11.75,14,28.25,0.55328
690,589,452,12.75,25.5,0.55255
690,141,12.5,14.25,28.75,0.54362
690,174.75,1,12.25,24.5,0.54168
690,509,450.25,14,28.25,0.53975
690,51.5,5,16.25,32.25,0.53941
690,607.5,178,24,47.75,0.53674
690,468.25,4,14.75,29.5,0.53634
690,61.25,12.5,12.5,25.25,0.5356
690,492,437.5,13.75,27.75,0.5347
690,276.75,136.75,16,32,0.53458
690,99.5,239,18.5,36.5,0.53409
690,575,389.75,22.5,45,0.53405
690,340.25,216.5,84,168,0.53394
690,513.75,178.25,15.25,30.75,0.53361
690,558.75,328.75,32,64,0.5331
690,107.25,183.75,16,32.5,0.53248
690,134.5,166,13.25,26.5,0.5317
690,180.75,7.5,15.75,31.5,0.53149
690,236,392.25,12.5,24.75,0.53118
690,581.25,188,14.25,28.5,0.53034
690,229.25,390.75,14,27.75,0.5303
720,172.5,3,15.5,31,0.55595
720,552.75,186,26.25,52.25,0.55346
720,516,180,14.25,28.25,0.55156
720,99.25,239.25,18.25,36,0.54432
720,557.75,182.5,24.25,48.75,0.54182
720,377.5,214.5,28.5,56.75,0.54043
720,589.75,451,13.5,26.75,0.54042
720,181,4,14.25,28.5,0.53827
720,55.75,98.25,13.25,26.5,0.53744
720,276.25,136.75,16.25,32.5,0.53682
720,236,391,12.75,25.5,0.53654
720,53,3.75,14.25,28.25,0.53366
720,533.25,430.75,16.25,32.75,0.53308
720,345,217.5,82.25,164.25,0.5325
720,486.5,441,14,27.75,0.53141
720,366.5,252.5,12,23.5,0.53138
720,364,237.75,17.75,35.25,0.53132
720,501.5,303.25,39.25,78.75,0.53113
720,101.5,6.5,13.25,26.75,0.5308
720,278.5,247,12.5,25,0.53051
720,559,205.75,15.25,30.75,0.53048
720,480.25,441.5,13.5,26.75,0.53035
720,45.75,93,28,56.25,0.53035
720,582.25,191.25,12.25,24,0.53026
750,553.5,188.5,14.25,28.25,0.55993
750,181,10.25,13.5,27,0.54297
750,348.25,216.25,81.75,163.25,0.54111
750,98.75,240.25,18.25,36.5,0.53932
750,219,11.75,12.75,25.75,0.53909
750,88.75,391.25,12,24.25,0.53909
750,567.75,207.5,19,38,0.53554
750,276,136.5,16.75,33.75,0.53249
750,334.25,380,12.5,25.25,0.53028
750,378.25,215.5,27.75,55.75,0.53007
780,585.25,214,17.5,34.75,0.56025
780,98,238.5,19.25,38.5,0.54626
780,511,177.75,15.5,31,0.54387
780,579,182.75,32.25,64.5,0.54244
780,477,367.5,14.5,29.25,0.54118
780,516,179.75,14.25,28.5,0.5401
780,492,439.5,12.75,25.75,0.53915
780,533.25,432.5,16.5,32.75,0.53847
780,181,9.75,13.5,27.25,0.53827
780,277,137.25,15.5,31.25,0.53424
780,-1.5,113,12.75,25.25,0.53393
780,47,66.5,30,60.25,0.53329
780,598,453,13,26,0.53255
810,197,7,14.75,29.25,0.56107
810,180.75,10.75,14.5,29,0.55371
810,204.75,6,14,28.25,0.55328
810,625.5,205.5,14.25,28.25,0.55319
810,189.5,1.5,13.25,26.5,0.54597
810,275.75,66.5,17,34.25,0.54393
810,173.25,5.25,14.5,29.25,0.54313
810,37.25,85.75,44.5,88.75,0.54235
810,276.75,137.75,16,32,0.54234
810,164.5,4.25,15.5,31,0.53951
810,485,383.5,13.5,27,0.53757
810,605.25,218.25,17.5,35.25,0.53598
810,244.25,401.25,12.25,24.25,0.53512
810,539.5,436.5,15,29.75,0.5316
810,486,446.25,15.25,30.5,0.53094
810,345.5,214.5,84.75,169.25,0.53013
840,612.5,187,30.75,62,0.54674
840,173.25,9.25,13.5,26.75,0.54234
840,476.25,3.25,15,30.25,0.54057
840,276.5,139,16.75,33,0.53925
840,509.75,312.25,40.25,80.5,0.53719
840,162,112.25,12.75,25.5,0.53701
840,574,82.75,12.25,24.5,0.53485
840,432.75,24.75,12.25,24.25,0.5348
840,180.5,9.5,15.5,31,0.53426
840,589,203.25,14,27.75,0.53195
840,485.5,2.75,15.5,30.75,0.53174
840,57.75,96.25,15.5,31,0.53061
840,434.75,2.75,15.75,31.5,0.53009
870,39.75,85.75,45,90.25,0.54867
870,517.5,190,15.75,31.25,0.54069
870,168.75,15,11.5,23,0.53928
870,626.5,228,14.75,29.75,0.53722
870,493,445.5,14.75,29.75,0.5371
870,275.5,147.75,18.25,36.5,0.53594
870,362.5,176.5,13,26,0.53582
870,270.75,87,11.5,23,0.53511
870,603.5,209,15.5,31.25,0.53493
870,620.5,188.25,12.75,25.5,0.53436
870,324,405.25,13.75,27.25,0.5337
870,55.25,98.5,17.5,34.75,0.53304
870,270,208.75,73.25,146,0.53225
870,523.75,151.25,36.25,72.75,0.53144
900,566.25,94.25,13,26,0.56349
900,528.25,97,11.75,24,0.54777
900,477.25,87,15.5,31,0.54602
900,41.75,83.5,30.25,60.5,0.54427
900,624.25,114.75,15.5,31.25,0.5421
900,538.5,95.5,12.25,24.5,0.53641
900,72.5,200.75,14,27.75,0.53423
900,71,28,12.5,25.25,0.53205
900,-7,109.5,57.75,115.5,0.53139
900,200,184.5,12.25,24.5,0.53123
900,544.25,94.75,12.75,25.5,0.53069
900,625,100.75,15.5,31,0.53057
900,562.25,95.25,12.25,24.75,0.53039
900,626.25,26.5,13,25.75,0.53024
930,278.25,185.75,12.25,24.5,0.54404
930,527.25,292,12.25,24.5,0.54336
930,48,106.25,17.25,34,0.54206
930,545.25,92.75,12.25,24.75,0.54179
930,544.25,199.75,17.75,35.75,0.53968
930,494.25,24.25,12.75,25.75,0.53902
930,269.25,90.75,12.75,25.75,0.53756
930,38.5,68.75,78.25,156.5,0.53697
930,390,424.5,13,25.75,0.53695
930,598.5,208.75,14.25,28.25,0.5365
930,200.25,188,12,24,0.53422
930,560.75,90.25,13.25,26.5,0.53338
930,204.25,237.25,13.5,26.5,0.5329
930,456.5,160.75,11.75,23.75,0.53169
930,28,341,13,26,0.53099
930,242.75,343.25,15.5,31.25,0.53081
930,142.25,333.25,16.5,33,0.53006
960,189.75,445,14,28,0.56653
960,340.25,375.25,16.5,33,0.55348
960,46.5,65.5,28.25,56,0.55319
960,262.75,436.75,12.75,25.5,0.55001
960,308.25,446.5,14.25,28.5,0.54573
960,312.75,13,11.5,23,0.54427
960,-5.25,69.5,75.75,151.5,0.54335
960,396.75,428.25,15,29.75,0.54207
960,566.5,76.75,12.25,24.75,0.54138
960,412.25,415.5,13.25,26.5,0.54116
960,300.25,410.5,13.25,26.75,0.53898
960,365.75,392.25,14,28,0.53825
960,37.5,75.25,13.5,26.5,0.53745
960,330.75,438,18.75,37,0.53737
960,126,170.5,12.75,25.5,0.53716
960,589.5,76.5,12.5,24.75,0.53536
960,494.5,434.5,17.75,35.5,0.53525
960,604,74.75,14,28,0.53369
960,437.5,424.5,14.25,29,0.53328
960,292.25,431,14,28,0.53287
960,193.25,419.75,13.75,27.25,0.5325
960,403.75,414,15.75,31.75,0.53248
960,36.75,99.75,17,34,0.53189
960,610.25,11.5,12,24,0.53092
960,381.75,419,21.75,43.5,0.53056
960,306.5,70.25,21.25,42.5,0.53051
960,237.75,246.25,12.5,24.75,0.53019
990,598,52.5,16.5,33.25,0.55873
990,161.5,63.25,17,34,0.55813
990,60.25,273.75,15.25,30.25,0.55788
990,72,280.5,12.25,24.5,0.54395
990,190.25,274.5,13.5,27,0.54305
990,626,201.75,15,30,0.54234
990,190.25,323,16.5,32.75,0.54185
990,628.25,218.25,12.25,24.75,0.53983
990,505.75,307.25,14.75,29.5,0.5395
990,563.25,320,16.5,33,0.53933
990,577.5,421.5,23,45.5,0.53692
990,467.75,304.5,13.25,26.5,0.53578
990,390.5,279.5,12.5,24.75,0.53455
990,550.75,56.25,14,27.75,0.53349
990,272,163.5,14,28.25,0.53292
990,141.25,412.5,13.75,27.5,0.53251
990,548.25,328.5,14.25,28.75,0.53172
990,253,162.75,14.75,29.75,0.53168
990,524,256,13,26,0.53157
990,486.75,376.25,19,38.25,0.53049
990,456,317,13.75,27.5,0.53045
990,228,416.25,12.5,25.25,0.53021
1020,561.25,108.75,12.5,24.75,0.56247
1020,46.75,444.5,11.75,23.75,0.55479
1020,180.75,282.25,14.75,29.25,0.55255
1020,282.5,25,18,35.5,0.54817
1020,29.25,341.75,13.25,26.5,0.5441
1020,4,62.25,16.75,33.25,0.54269
1020,620,352.75,12.5,25.25,0.54241
1020,366.25,35.5,13.75,27.25,0.54161
1020,286.25,22,12.5,25.25,0.54115
1020,228.25,27.75,15.75,31.5,0.54085
1020,523.25,43.25,13,26.25,0.53914
1020,12.75,339.25,15.25,30.75,0.53843
1020,249,25.5,17.25,34.5,0.53719
1020,410.75,185.75,28.5,57,0.53704
1020,537,110.75,65.25,130.5,0.53689
1020,197.25,391.75,14.25,28.75,0.53631
1020,134.25,359,13.25,26.75,0.53626
1020,627.25,143.75,12.75,25.5,0.53622
1020,586.75,387.75,17,34.25,0.5362
1020,46.5,341.5,14.5,28.75,0.53609
1020,547.25,353.75,14.75,29.5,0.53603
1020,-1.75,74.75,13.25,26.25,0.53485
1020,358,30.25,16.75,33,0.53483
1020,-1.25,148.75,18.25,36.5,0.53465
1020,147.75,400.75,16,32,0.53441
1020,-1.75,161,16.25,32.25,0.53358
1020,240.75,385,11.5,23.25,0.53355
1020,519.25,307.25,14.75,29.5,0.5334
1020,5,52.5,15.25,30.25,0.53314
1020,196.5,286,14,28,0.53295
1020,371,31,15.25,30.75,0.53287
1020,533.5,415.25,12.75,25.25,0.53255
1020,59.5,83,13,26.5,0.53234
1020,376.75,243,11.5,23,0.53181
1020,276,26.25,16.75,33.5,0.53158
1020,387.5,302.75,19.75,39.5,0.53146
1020,21,345.5,14.75,29.25,0.53138
1020,150,360.5,12.5,24.75,0.53112
1020,205,396.25,14.5,29,0.53097
1020,196,324.25,12.25,24.25,0.53053
1020,156,410.75,15.25,31,0.5303
1020,134.25,30.5,12.75,25.75,0.53008
1050,108.25,117.25,13,25.75,0.56634
1050,445.5,169.75,13.25,26.5,0.55719
1050,172.5,412.25,12.25,24.25,0.55388
1050,605.25,39,12.75,25.25,0.53776
1050,70.25,434.25,13.75,27.5,0.5366
1050,88.25,225.5,13.25,26.25,0.53653
1050,339.5,170,14.75,29.5,0.53568
1050,104.5,376,12,24.25,0.53483
1050,34.5,155.25,17,34,0.53399
1050,190.75,159.75,13,26,0.53333
1050,77.25,408.5,15.25,30.5,0.5331
1050,131.75,431.75,14.25,28.25,0.53261
1050,494.75,234.25,15.25,30.5,0.53261
1050,92.75,432.25,12,24,0.53247
1050,171.5,368.75,13.5,27.25,0.53245
1050,611.75,432.25,13,26,0.53229
1050,18.75,191.75,15.75,31.75,0.53084
1050,54.25,152.5,20.75,41.75,0.53061
1050,150.5,338.5,12.5,25.5,0.53021
1050,355.5,168.75,13.25,26.5,0.53014
1050,98,436,14.25,28.5,0.53004
1080,236,11.5,16.25,32.25,0.56439
1080,230.75,135.25,12.75,25.75,0.55638
1080,172,36.5,14,28,0.55598
1080,330.25,192.75,23.25,46.25,0.55397
1080,252.5,80,12.25,24.5,0.55316
1080,173.25,51.25,14.5,29.25,0.55224
1080,556.75,405,12.25,24.25,0.54821
1080,229.5,414,13.75,27.25,0.5456
1080,188,35.25,14.75,29.25,0.5439
1080,211.5,88.25,16.75,33.75,0.53852
1080,365.75,58.75,51.75,103.75,0.53753
1080,606.25,61.5,13.75,27.25,0.5374
1080,229.25,27.5,14.5,29,0.53719
1080,222.5,12.5,14.5,29,0.53682
1080,581.5,417.5,13.75,27.25,0.53637
1080,569.5,409,12.25,24.5,0.53573
1080,601.75,38.25,28.75,57.25,0.5356
1080,420.75,368.75,12.5,24.75,0.53538
1080,263,9.5,15.25,30.5,0.535
1080,547.25,409.25,16,32.25,0.53494
1080,235.75,82,15.25,30.5,0.53433
1080,70,61.25,13.5,26.5,0.5341
1080,217,7,13,25.75,0.53382
1080,588.5,414.75,12,24.25,0.53377
1080,434.5,63.5,80.5,161,0.53369
1080,335.5,215.25,14,27.75,0.53358
1080,142.25,19.5,13.5,26.75,0.53316
1080,165.25,48.5,16,32,0.53314
1080,345.25,197.5,14.5,28.75,0.53124
1110,442.75,19.5,14,27.75,0.56206
1110,438.25,249.5,13.5,26.75,0.55698
1110,306.5,42.5,20.25,40,0.54932
1110,18.75,68.75,11.5,23.25,0.54928
1110,350.5,104.25,12,23.75,0.54485
1110,536.25,121.25,12.25,24.25,0.54425
1110,379,104.75,15.25,30.5,0.54228
1110,548,394.75,15.25,30.5,0.54217
1110,547.25,155.5,12,23.75,0.53838
1110,430.75,193,11.5,23,0.53771
1110,546.25,376,12.5,24.75,0.53572
1110,443.75,355,12.75,25.25,0.53528
1110,305,441.75,17.5,35,0.53511
1110,401.5,88.75,14,27.75,0.53382
1110,53.75,378.75,12,24.25,0.53284
1110,199,189.5,15.5,31,0.53213
1110,584.75,76.25,11.5,23.5,0.53202
1110,603,23,23.75,48,0.53121
1110,60.5,407.75,15,30,0.53117
1110,45.25,301.25,13.25,26.5,0.5311
1110,384.5,99,24.25,48.25,0.5307
1110,29,305.25,13.75,27.25,0.53003
1140,348.75,320.25,14,27.75,0.54958
1140,29,364.5,13.75,27.75,0.54807
1140,78.5,386.75,14.25,28.5,0.54614
1140,277,87.5,30.75,61.5,0.54574
1140,404,448,12.5,25.25,0.54302
1140,509.25,268.25,13.75,27.75,0.54259
1140,540.25,337.75,12.25,24.25,0.54071
1140,293.75,74,15.5,31,0.54069
1140,95.25,367.5,12.25,24.75,0.53978
1140,476.75,139.5,15.75,31.5,0.53935
1140,280.25,320.5,12.25,24.75,0.53655
1140,544.5,335.5,13,25.75,0.53612
1140,516.75,405.5,14,27.75,0.53345
1140,245.75,398.25,13.5,26.75,0.53304
1140,273.5,104.75,14.25,28.5,0.53269
1140,292.5,290.75,12,24,0.5323
1140,60.25,396.25,16.25,32.25,0.53132
1140,291,383.75,15.25,30.5,0.53062
1140,390.25,287,13.5,27,0.53035
1140,348.25,34.25,14.25,28.25,0.53034
1140,611.75,336.25,14.25,28.25,0.53033
1140,356,32.25,12.25,24.75,0.53027
1170,20.5,399.5,14.5,29,0.56065
1170,403.5,374.5,14.5,28.75,0.54902
1170,232.75,100.25,15.25,30.5,0.54683
1170,222.25,399.5,13.5,27,0.54673
1170,11.25,153.25,12.5,24.75,0.54653
1170,358,339,13.5,27,0.54627
1170,556,429,12.75,25.75,0.54338
1170,245,48.75,19.25,38.5,0.54292
1170,228.25,405.75,16.5,32.75,0.54147
1170,564.25,361.75,15.25,30.5,0.53954
1170,445,35,14.25,28.75,0.53637
1170,291.5,395.75,14.25,28.5,0.53447
1170,28.75,363.5,13.75,28,0.53417
1170,402.75,387,16.75,33.25,0.53387
1170,381.25,345.25,15.5,30.75,0.53363
1170,476.5,357.5,12.5,25,0.53309
1170,365.75,393.5,13.75,27.25,0.53301
1170,86.5,429.25,12.5,25.25,0.53279
1170,154.5,177.5,11.75,23.75,0.53259
1170,268.5,23,12.25,24.5,0.53248
1170,389,402.5,14.75,29.5,0.53244
1170,509.25,115,32.5,64.75,0.53181
1170,469.25,408.75,14.75,29.5,0.53163
1170,236.5,373.5,13.75,27.75,0.53138
1170,378.25,142.75,12,24,0.53115
1170,-2.25,26,19.5,39,0.53108
1170,426.75,10.5,14,27.75,0.53097
1170,150.5,50.25,18.75,37.5,0.53062
1170,424.5,364.25,12,24,0.53053
1170,471.75,242.75,12,24.25,0.5302
1200,169.5,297.5,20.75,41.5,0.54622
1200,397.25,70.75,13.25,26.5,0.54261
1200,187,350.25,13.25,27,0.54011
1200,548.25,11.25,12.5,25.25,0.54002
1200,215.75,23.75,13.25,26.5,0.53971
1200,300,239,14,28,0.53959
1200,345.5,12.75,15.25,30.5,0.53949
1200,187.5,91.5,11.75,23.5,0.53878
1200,588.5,328.25,13,25.75,0.53817
1200,-2.25,57.75,17.75,35.5,0.53737
1200,341,400.5,16.75,33.75,0.5366
1200,268,431.5,16.25,32.5,0.5359
1200,316.5,17.5,12,24,0.53587
1200,61.5,429.5,12,24,0.53475
1200,574.5,278.5,13.75,27.5,0.53387
1200,527.25,86,43.25,86,0.53269
1200,562.25,7.25,19.25,38,0.53221
1200,305.5,241.75,12.75,25.5,0.53216
1200,374,77,13.75,27.75,0.53114
1200,498.5,113.75,23.5,46.5,0.531
1200,391,397.25,12.25,24.5,0.53063
1230,151.75,214.25,12.75,25.75,0.55735
1230,582,391.25,12.75,25.5,0.55533
1230,468.5,373.75,14.5,29.25,0.54552
1230,603.5,325.75,15.5,31.25,0.54466
1230,148.5,398.75,15.25,30.75,0.5444
1230,210.75,345.25,11.75,23.75,0.54237
1230,36,183,13,25.75,0.54192
1230,150,215,12.75,25.75,0.54125
1230,264.5,394.75,13.25,26,0.53993
1230,32.25,268.75,88.75,177.75,0.53956
1230,156.75,389,14.5,28.75,0.53919
1230,413.75,386,14.25,28.5,0.53914
1230,307.25,395.5,17.75,35.75,0.53802
1230,204,269.75,13.5,27,0.5375
1230,444.25,360.5,12.5,25,0.53744
1230,219.75,267.25,15.75,31.5,0.53744
1230,477,382.5,14,28.25,0.53665
1230,172,365.75,16.75,33.5,0.53651
1230,540.25,338.25,13,26,0.53639
1230,180.75,360,15,29.75,0.5356
1230,448,143.5,16.5,33,0.53502
1230,198,384,12.75,25.75,0.53446
1230,188.5,397.5,13.25,26.75,0.53438
1230,179,323.5,34.75,69.5,0.53434
1230,61.25,345.75,12.5,25,0.53311
1230,155.25,269.5,13.75,27.5,0.5325
1230,269,20.25,14.5,28.75,0.53198
1230,435.5,333.75,13.75,27.5,0.53122
1230,220.5,396.75,14.25,28.25,0.53114
1230,165.25,362,14.25,28.25,0.53085
1230,460,85.25,15.25,30.5,0.53078
1230,317.75,399.5,13.25,26.25,0.53009
1260,323.75,223,13.25,27,0.58264
1260,132.75,355.5,15,29.5,0.57517
1260,356.25,306,15,30,0.57235
1260,524.75,346.25,13.75,27.5,0.57066
1260,364.25,380.5,16.75,33,0.56928
1260,412.5,315.25,16,32.25,0.56742
1260,124.5,351.25,13,26.25,0.55983
1260,205,317,14,27.75,0.55807
1260,244.5,400.5,11.75,23.75,0.55631
1260,575,326.5,13.5,27,0.55571
1260,85.5,359,13.5,27.25,0.55414
1260,164,417.75,16,32,0.553
1260,65,80,11.75,24,0.55276
1260,374,335,13.25,26.25,0.55167
1260,261.75,293.25,14.25,28.5,0.55149
1260,395.25,314.5,17,34.25,0.55101
1260,572,272.5,15.5,30.75,0.55087
1260,460.5,347.5,14.5,29.25,0.549
1260,188.5,335.5,14,28,0.54815
1260,124.5,254.75,13.75,27.5,0.5477
1260,324.5,354,14.25,28.25,0.54768
1260,370.5,104,17.75,35.5,0.54758
1260,255.75,263,13,25.75,0.54709
1260,75,270.5,17.5,35.25,0.54681
1260,109.25,349.5,14.5,28.5,0.54616
1260,49,163.75,35.5,71,0.54613
1260,588.75,148.25,24.5,49,0.54565
1260,245.5,331,14.5,29,0.545
1260,405,316.75,14.5,28.75,0.5442
1260,148.5,346.5,15.25,30.25,0.54413
1260,93,274.5,13.75,27.75,0.54281
1260,435,333.5,17.5,35.5,0.54161
1260,189,315,14,27.75,0.54115
1260,540.25,348.5,13.5,27.25,0.5407
1260,147.5,367.5,16.5,33.25,0.54057
1260,155.5,298,16.75,33.5,0.54001
1260,578,256.5,12.25,24.5,0.53999
1260,348.75,237.5,14,28.25,0.53988
1260,532,335.5,13,26,0.53946
1260,617,418,15.25,30.75,0.53936
1260,338.5,220.25,13.5,26.75,0.53899
1260,428.5,303,12.75,25,0.53861
1260,309.25,401.75,14.5,29.25,0.53856
1260,60,344.75,12,24.25,0.5383
1260,478.5,334.25,13.5,27.25,0.53828
1260,154,363.5,18.5,37.25,0.53818
1260,435.5,365.5,17,34.25,0.53817
1260,294,261.5,13.25,26.25,0.53806
1260,558.25,323.75,14.25,29,0.53798
1260,443.75,384.25,16,32,0.53792
1260,468.25,430.25,16,32,0.5379
1260,219.5,341.25,17,34,0.53786
1260,581.25,339.75,13.75,27.25,0.53774
1260,389.25,326.75,13,25.75,0.53763
1260,482.5,70.25,16.75,33.25,0.53756
1260,186.75,321.75,17.75,35.25,0.53709
1260,196,335.25,16.75,33.5,0.53702
1260,365.25,308.5,14.5,29,0.53671
1260,112,271.75,12.5,25.25,0.53663
1260,144.75,297.25,19.25,38.75,0.53638
1260,259.5,317.75,17,34.25,0.53623
1260,244.5,368.75,12.5,24.5,0.53603
1260,444.25,311.25,12.25,24.25,0.53603
1260,267.75,337.5,17.5,35,0.53575
1260,44.75,351,13.25,26.75,0.53565
1260,604.5,288.75,12.5,25,0.5354
1260,77,324,13.75,27.5,0.53536
1260,365.75,330.75,14.75,29.5,0.53533
1260,203.75,254.75,17,34.5,0.53517
1260,373,368.25,12.75,25.5,0.535
1260,421,290.5,14.5,29,0.53479
1260,68.25,395.75,15.75,31.5,0.53446
1260,374,354.75,15,30.25,0.53442
1260,308.25,281.25,17,34,0.5344
1260,380.5,327.5,16,32.5,0.53428
1260,116.25,271,13,26,0.53426
1260,294.25,272,13.25,26.5,0.53415
1260,484.25,315.25,13.75,27.5,0.53414
1260,341.25,396,16.5,33,0.53409
1260,37,421.25,14.25,28.75,0.53407
1260,261,243.5,15,29.75,0.5339
1260,455.5,254.75,12.75,25.75,0.53368
1260,77.5,82.25,13.25,26.5,0.53363
1260,584.75,257,11.5,23,0.53351
1260,169.5,68.25,13.5,26.5,0.53305
1260,381.75,348,14.75,29.5,0.53303
1260,431.5,252.5,13.25,26.75,0.53302
1260,580,297.25,16.25,32.75,0.53284
1260,108.25,353.5,15.5,30.75,0.53282
1260,19.25,242.25,14.75,29.25,0.53271
1260,519.25,328.25,12,24.25,0.5327
1260,526.75,206.25,12.5,25.25,0.5327
1260,76.75,345.5,15,30.25,0.53266
1260,247.5,368.5,12.25,24.75,0.5325
1260,84,328.75,16,32,0.53238
1260,108,250,15.75,31.75,0.53194
1260,542.25,276.5,12.75,25.5,0.53185
1260,387,347.5,17.75,35.5,0.53176
1260,468.25,337,13.5,27.25,0.53166
1260,311,236.75,12.25,24.25,0.53165
1260,516.25,428.5,15,30,0.53161
1260,246.25,356.75,14,27.75,0.53148
1260,473,51.5,82,163.75,0.53121
1260,117.5,351,13.25,26.5,0.5311
1260,364.75,297,11.5,23,0.53095
1260,348.5,367.25,13,26,0.53073
1260,375.5,316,13,26,0.53059
1260,526,276.75,14.25,28.5,0.53051
1260,590.5,170.25,13.5,27,0.53048
1260,572.75,335.5,12.75,25.75,0.53037
1260,533.25,348.5,13.5,27.25,0.53034
1260,452.25,320,13,26.25,0.53027
1260,526.5,35.25,69.75,139.5,0.53024
1260,476,194.25,12.5,25,0.5301
1290,285.5,414.25,13.25,26.25,0.58602
1290,76.75,340.25,14,28,0.58047
1290,141,368.25,14.75,29.5,0.57947
1290,44.25,348.25,14.25,28.5,0.57104
1290,276.5,416.75,12.5,24.75,0.56615
1290,125.25,374.75,13.5,26.75,0.56607
1290,92,265,13.5,27,0.56448
1290,532.5,333.75,15.25,30.5,0.56404
1290,397,357,14,28,0.56027
1290,60.5,395,15.5,30.75,0.55849
1290,37,323.75,14.25,28.75,0.55748
1290,173.25,365,14.5,28.75,0.55411
1290,21,350.75,14.5,29,0.55385
1290,340.75,412.5,14.25,28.25,0.55168
1290,68,354.25,16,32,0.5516
1290,93.25,359.5,13,26,0.5513
1290,35.75,351.5,16.5,33.25,0.55123
1290,197,326.5,14.75,29.75,0.55104
1290,508.5,357,14.25,28.5,0.55042
1290,325.25,265.5,15,30,0.54982
1290,163.75,366.75,13.5,26.75,0.54885
1290,565.5,416,13.25,26.5,0.54832
1290,348.75,271.5,12.75,25.25,0.54763
1290,396,292.5,12.75,25.5,0.54755
1290,327,332.75,13.25,26,0.54721
1290,197,406.5,15,30,0.54679
1290,365.75,301.75,14,28,0.54597
1290,204.75,385.75,15,30.25,0.54532
1290,492.25,320.5,12.5,25.25,0.54514
1290,359.25,357.5,13.75,27.75,0.54509
1290,436.75,405.25,13.75,27.25,0.5444
1290,549,331.25,15,29.75,0.54438
1290,61,348.25,14.5,29,0.54407
1290,350.5,409,15.25,30.5,0.54375
1290,612.75,411.5,14.25,28.25,0.54341
1290,493,352.75,14,27.5,0.54326
1290,140.75,355,15.5,30.75,0.54273
1290,389.25,349.75,14.75,29.75,0.54246
1290,333.5,354.5,13.5,27.25,0.54243
1290,287.5,7.75,24.75,49.5,0.54236
1290,179.75,385.5,15.5,31,0.54169
1290,519,326,13.25,26.5,0.54162
1290,198,344,13,25.5,0.54152
1290,123.75,361.25,17.5,34.75,0.54129
1290,582.25,416.25,12.25,24.75,0.54129
1290,69.25,391.75,12.5,25.25,0.54089
1290,124.5,411.25,15,29.5,0.54077
1290,52.75,273.5,15.25,30.5,0.54055
1290,369.75,360.5,12.25,24.5,0.54007
1290,69,262.75,13.25,26.5,0.53995
1290,108.25,327.75,15.25,30.75,0.53992
1290,213,327.25,13.5,27,0.53963
1290,551.25,60.5,26,52.25,0.53953
1290,582.5,32.75,11.75,23.5,0.5392
1290,220.75,8,14.5,29,0.53905
1290,324.75,408.25,15.75,31.5,0.53899
1290,604,407.25,15.5,31,0.53896
1290,373.75,307.25,13.5,26.75,0.53879
1290,140,231.5,12.5,25.25,0.53876
1290,488,34,74.75,149.5,0.53859
1290,277.5,332.75,14.5,29,0.53854
1290,484.5,319.75,14,28,0.53847
1290,69,410,14,28,0.53834
1290,68,339,15.75,31.75,0.53826
1290,333.25,413.75,13.75,27.5,0.53807
1290,220.75,391.75,14.25,28.25,0.5376
1290,460.25,337.75,15,30,0.53744
1290,362.75,276.75,27.5,55.25,0.53709
1290,125.25,386,15.5,30.5,0.53697
1290,172,430.5,16.75,33.5,0.53695
1290,300.75,352.5,12.25,24.75,0.53648
1290,76.5,358.75,14,27.5,0.53595
1290,44.5,272,13.5,27,0.53594
1290,180.5,360,14.5,29,0.53565
1290,238.25,297.75,12,24.25,0.53551
1290,117,372,14.5,29,0.53539
1290,300,15.25,15.75,31.25,0.53536
1290,36.5,393.25,15.25,30.5,0.53522
1290,28.25,318.75,16.75,33.5,0.5352
1290,485.5,368,13,25.75,0.53511
1290,132.25,406.75,14.5,29,0.53482
1290,28.75,414.75,14.25,28.5,0.53473
1290,46.75,276.25,14.25,28.75,0.53429
1290,300,395,15,30,0.53418
1290,36.25,362,15.75,31.5,0.53418
1290,403.75,360.5,16,32,0.53415
1290,253,339.75,15.25,30.25,0.53414
1290,92.75,406.25,14.75,29.5,0.53407
1290,369.75,350.25,15.5,31.25,0.53403
1290,100.25,404.25,15.25,31,0.5339
1290,557,348.25,15.25,30.5,0.53383
1290,572.75,328,12.25,24.75,0.53379
1290,613.5,364,14,27.75,0.53366
1290,275.5,346,17.5,35,0.53355
1290,107.5,358.5,16.5,33,0.53335
1290,381.75,362.25,14.75,29.5,0.53333
1290,524.75,75.75,13.5,27,0.53321
1290,155.75,374,16.75,33.5,0.533
1290,36.75,411,15,30,0.53278
1290,491.25,427.5,14.75,29.25,0.53273
1290,571.75,320.25,13.5,26.75,0.53268
1290,212.75,340.5,14.75,29.25,0.53261
1290,148.5,358.5,15,30,0.53223
1290,603.25,431,17.25,34.5,0.53223
1290,351.5,279.75,23,45.75,0.5321
1290,268.75,347.25,14.25,28.25,0.53191
1290,239.5,336.5,12.75,25.75,0.53188
1290,308.5,407.5,16,32.25,0.53185
1290,100.5,321.5,14.25,28.5,0.53164
1290,263,408.5,12,24,0.53153
1290,474.75,320.25,15.75,31.75,0.53151
1290,252.5,121.5,13,26.25,0.53136
1290,317.75,262.75,12.75,25.25,0.53136
1290,412.25,366,13,25.75,0.5313
1290,124.75,330.25,15,30,0.5312
1290,109.75,388.25,14,27.75,0.53113
1290,411.5,381,17,34,0.53096
1290,245.25,347.75,14.25,28.5,0.5308
1290,452,388,15.75,31.5,0.53052
1290,52,408.75,15.5,31,0.53036
1290,292.75,342.75,13.5,26.75,0.53009
1320,28.25,298.25,16.25,32.25,0.5686
1320,566,390.5,13,25.75,0.55968
1320,396.5,291.5,14.5,29,0.5592
1320,278.5,416.25,12.75,25.5,0.55825
1320,517,295.5,13.25,26.25,0.55454
1320,237.5,396.75,13.75,27.5,0.55436
1320,183.25,375.75,12.75,25.5,0.55335
1320,573,338.5,15,29.75,0.55213
1320,165.5,327,13.25,26.75,0.54954
1320,358.75,278.25,13.25,26.5,0.54935
1320,572,385.25,15.5,31.25,0.54894
1320,51.5,275,15.25,30.75,0.54765
1320,140.75,405.25,13.5,26.75,0.54617
1320,349.5,270.75,16.5,33.25,0.54526
1320,299.75,15,15.5,31.25,0.54513
1320,388.75,312.5,12.75,25.5,0.54493
1320,389.5,264.5,14.25,28.25,0.54317
1320,245,397.5,14.75,29.75,0.54274
1320,287.75,7.75,24.75,49.75,0.54154
1320,284.5,380.75,25.75,51.5,0.54053
1320,612.5,362,15.25,30,0.54017
1320,597.75,405.75,13.5,27.25,0.53986
1320,34.5,341.5,12.5,25.25,0.53962
1320,292.25,416.25,12.25,24.25,0.53953
1320,110.5,429.25,14.25,28.25,0.53915
1320,501,283.5,14.75,29.5,0.53887
1320,381.25,289,14.5,29.25,0.53884
1320,262.5,375.25,13,26,0.53842
1320,227.75,399.75,12.5,25.25,0.53731
1320,148.75,313,14.25,28.75,0.5365
1320,251.75,382.75,13.75,27,0.53604
1320,204.25,166.75,12,24,0.53553
1320,155.5,150.25,14.25,28.5,0.53543
1320,28,359,14.75,29.75,0.53536
1320,313.75,164.25,12.5,25,0.53495
1320,613,351.5,13,26,0.53444
1320,61,297.25,14,28,0.53443
1320,347.5,208.75,12,24.25,0.53385
1320,149.75,367.75,19,37.75,0.53378
1320,306.25,260.75,13.25,26.25,0.53378
1320,581.25,374,14,28.25,0.5337
1320,85.75,379.25,39.25,78.5,0.53363
1320,412.75,369,16.25,32.5,0.53334
1320,387.25,376.25,12,24.25,0.53316
1320,268.75,373.25,14.5,28.75,0.53305
1320,432.75,137,11.5,23,0.53293
1320,21.5,304,14,27.5,0.5329
1320,52.5,288,12.75,25.75,0.53271
1320,157,301.5,14.25,28.75,0.5326
1320,139.75,157.25,13.75,27.5,0.53259
1320,414.25,420,21.5,43,0.53253
1320,326,397.5,13.75,27.25,0.53227
1320,627,93.25,13.25,26.25,0.53218
1320,605,343,13.5,27.25,0.53215
1320,412.5,266,12.5,25.25,0.53158
1320,20,330.25,17.25,34.5,0.53156
1320,286.5,107.75,27.25,54.5,0.53143
1320,229.5,411.25,13.75,27.5,0.53137
1320,366,281,14,27.75,0.53134
1320,422.75,336,16.25,32.5,0.5313
1320,51.75,321,12.75,25.5,0.53116
1320,220.5,373,14,28.25,0.5306
1320,317,260.75,15.75,31.5,0.53044
1350,149.25,349.75,13.5,27,0.58408
1350,556.25,330,15,30.25,0.57673
1350,573,364.75,14,28.5,0.57572
1350,300,396.5,13.5,27,0.56191
1350,572.75,369.75,14.5,28.75,0.55717
1350,340.5,362,15.5,30.75,0.55546
1350,99.5,438.5,16.25,32.25,0.55196
1350,582,369.75,15.25,30.5,0.55117
1350,286.25,397.25,13,26,0.54733
1350,516,405.5,15,30.25,0.54513
1350,299.75,15,15.5,31.25,0.54513
1350,516,418,15.25,30.5,0.54495
1350,589.75,385.5,15.5,30.75,0.54439
1350,341.25,384.5,15.75,31.5,0.5443
1350,118.75,404,31.25,62.5,0.54384
1350,540,365.25,17.25,34.5,0.54369
1350,498.25,263.75,12,23.75,0.54354
1350,288,90.25,33,66.25,0.54279
1350,93.25,443.25,13.5,27,0.54225
1350,180.75,292.5,14,28.25,0.54204
1350,85.25,440,14.75,29.5,0.54157
1350,288.25,8.5,24,48.25,0.54154
1350,328,341.5,13.25,26.5,0.54137
1350,509,327.75,14.25,28.25,0.54097
1350,508.75,385.5,13.5,27,0.54092
1350,36,417,13.5,27,0.54082
1350,110.25,267.25,14.25,28.25,0.54068
1350,407.5,287.5,12.5,25,0.54027
1350,598.5,431.25,12.25,24.25,0.54011
1350,584.5,435,11.75,23.5,0.53941
1350,388.5,256.75,12,24,0.53873
1350,345,268.25,12,24,0.53863
1350,28.5,427.5,14.75,29.5,0.53798
1350,563.75,320.25,12.5,24.75,0.53752
1350,449.25,335.5,19.25,38.75,0.53656
1350,107.25,417,17.25,34.75,0.53653
1350,309,347.75,13.5,27.25,0.536
1350,598.25,365.25,13,26.25,0.53596
1350,531.75,287.5,16.75,33.25,0.53587
1350,580.25,161,12.25,24.75,0.53575
1350,365.5,234.75,14,28,0.53541
1350,523.75,410.25,17.5,35,0.53474
1350,420.5,416.25,14.25,28.5,0.53423
1350,190,412.25,13.75,27.5,0.53376
1350,93.25,389.25,26.75,53.25,0.53369
1350,55,338.25,64,127.75,0.5335
1350,179,341.75,13,26.5,0.53343
1350,148.25,259.25,15.75,31.25,0.5334
1350,69.75,287.25,14.5,28.75,0.53336
1350,549,330.75,15,30,0.53322
1350,332.75,352,12,24.25,0.53312
1350,459.5,437.25,16.75,34,0.53312
1350,165.75,407.25,13.25,26.5,0.53301
1350,452.5,425.5,14.25,28.75,0.53282
1350,510,336,12.75,25.75,0.53253
1350,333,363.25,14.75,29.25,0.53245
1350,116.75,286.5,14.25,28.25,0.53231
1350,404.25,254.5,15.75,31.25,0.53231
1350,220.75,6,15.5,31,0.53228
1350,386.25,364.5,16.75,33.25,0.53225
1350,502.5,328.5,13.25,26.25,0.53155
1350,328.75,280.5,11.75,23.75,0.53136
1350,404.25,349,13.5,27.25,0.5312
1350,556,327.25,14,27.75,0.53105
1350,117,346,14.5,29,0.53093
1350,516.25,335.75,14,28,0.53069
1350,549.25,322.5,15,30,0.53065
1350,20.75,339.5,15,29.5,0.53063
1350,420.75,345.25,12.75,25.25,0.53052
1350,411.25,418.75,16.5,33,0.53049
1350,465,101.25,18.25,36.25,0.53021
1380,99.5,320.75,16.25,32.5,0.57285
1380,66.75,297.25,17.75,36,0.56694
1380,116.25,321,16,32,0.56253
1380,380.5,318,16,32,0.56212
1380,365,394.25,15.5,31,0.55686
1380,84.75,329.5,15.5,31.25,0.55332
1380,590.25,67.25,37,74,0.55312
1380,428.25,248.5,13,25.75,0.55276
1380,108.25,322.25,14.5,29.25,0.55179
1380,507.25,365.25,16.25,32.5,0.55158
1380,69.5,322.5,14.25,29,0.55116
1380,299.5,14.75,16,32,0.55109
1380,515.75,401.25,15.25,30.25,0.55081
1380,323,410.5,14.5,28.75,0.5467
1380,30,400.5,28,56,0.54663
1380,14.5,357.5,14,27.5,0.5466
1380,141.25,364,13.75,27.5,0.54599
1380,309,273.25,15.5,31.25,0.54548
1380,101.75,415.5,13.25,26.5,0.54492
1380,196.25,345,12.5,25,0.54358
1380,182.5,336.25,14.25,28,0.54325
1380,372.5,272.75,16,32,0.54303
1380,140.5,327,13.25,26.25,0.54253
1380,108,306,14.75,29.5,0.54249
1380,76,298.25,18.25,36.25,0.54242
1380,92.25,320.75,15.25,30.25,0.5423
1380,43.5,431.25,17.25,34.25,0.54179
1380,477.25,283.25,13.25,26.75,0.54175
1380,28,335.75,16.5,33,0.54173
1380,517.25,338.5,14.5,29.25,0.5417
1380,547.75,350.5,13.75,27.75,0.54116
1380,485.5,306,15,30.25,0.5406
1380,108.25,415.25,14.75,29.75,0.54041
1380,460.5,386.5,15,30.25,0.54034
1380,156,365,16,32.25,0.53995
1380,411.5,349,16.5,33,0.53966
1380,301.25,283,14.25,28.75,0.53888
1380,339.5,402.75,15.25,30.5,0.53868
1380,116.25,397.25,16.25,32.5,0.53864
1380,414,325.75,14.75,29.5,0.53861
1380,44,405.5,14.75,29,0.53815
1380,623,71,19.5,38.75,0.538
1380,623.25,56.5,19,38,0.53748
1380,246.5,396,13.25,26.5,0.53711
1380,427.75,385.75,15.25,30.5,0.5371
1380,260.25,380,13.75,27.75,0.53689
1380,322.5,278.75,13.25,26.25,0.53671
1380,606.25,351.25,13,25.75,0.53666
1380,492,368,13,26.25,0.53661
1380,332.25,362.25,14.75,29.25,0.53658
1380,375.75,71,12.75,25.5,0.53599
1380,135,326.5,13,26.5,0.53534
1380,182.75,169.25,15.25,30.5,0.53525
1380,623.5,91,18.25,36.75,0.53497
1380,332.75,384.25,14.5,29,0.53488
1380,171.5,434,16.25,32,0.53447
1380,59,300.25,17.75,35,0.53372
1380,126.25,323,15.25,30.5,0.53353
1380,92.25,298,14.75,29.25,0.53336
1380,346.5,285,12.5,25,0.53333
1380,477.5,307.5,14.5,28.5,0.53322
1380,172.75,362.75,15.75,31.5,0.533
1380,588.5,301.25,14,28,0.53289
1380,392.75,359.75,33,66,0.53277
1380,124.25,386.25,13.25,26.5,0.53257
1380,68.5,331,15.5,31,0.53226
1380,324.5,385.5,15.5,31,0.53159
1380,247,128.75,11.75,24,0.53129
1380,301.5,262.25,13.25,26.5,0.53128
1380,76.75,331,15,30.25,0.53116
1380,187.75,352,16.25,32.75,0.53099
1380,141,396.25,14.25,28.5,0.53097
1380,286.5,288.25,12.5,24.75,0.53089
1380,390.75,430.25,12.75,25.25,0.5307
1380,134.75,391.75,12.75,25.75,0.53045
1380,52,362.75,14.75,29.5,0.53034
1380,512.25,189.5,12.25,25,0.53031
1380,168.5,129,12.25,24.75,0.5303
1380,77.25,407.25,12.75,25.75,0.53013
1410,245.25,387,15,30,0.58721
1410,389,321,15.5,31.25,0.57446
1410,484.25,360,16,32,0.56596
1410,18.75,179,17.5,35,0.5628
1410,155.5,318.5,15.75,31.5,0.56205
1410,163,317,18,35.75,0.56121
1410,220.5,364.75,14.75,29.5,0.55908
1410,490.25,363.5,19.75,39.25,0.55785
1410,155.75,428.25,15.5,30.75,0.5548
1410,156.5,391.75,14.75,29.25,0.55346
1410,389.75,377.75,13.75,27.75,0.55336
1410,356,346.5,15.75,31.75,0.55108
1410,299.75,386.5,14.25,28.75,0.55027
1410,55.5,307.5,13.75,27,0.54918
1410,-11.5,27.75,95.75,191.75,0.54899
1410,235.5,396.75,17.5,34.75,0.54847
1410,470.5,323.25,13,26.25,0.54846
1410,164.25,398,15.25,30.5,0.54579
1410,183.75,326.75,12.75,25.75,0.54553
1410,376,306,13,26.25,0.54541
1410,501,378,14.75,29.5,0.54538
1410,341.5,362.5,13.75,27.5,0.54484
1410,294.5,106.25,21.75,43.75,0.54442
1410,19.75,299.25,16.75,33.25,0.54405
1410,174.5,316,18.25,36.75,0.54404
1410,341.25,427,15.25,30.25,0.54346
1410,187.75,333.75,17,34,0.54327
1410,410.25,316.25,19.5,38.75,0.543
1410,476.25,355.25,15.25,30.75,0.54289
1410,532.75,325.25,14.5,29,0.54286
1410,132.5,325.5,14.25,28.25,0.54278
1410,327,325.75,13.25,26.75,0.54268
1410,261.5,358.25,13.5,27,0.54138
1410,205.5,358.25,13.75,27.25,0.54051
1410,523.75,376,12.25,24.5,0.54039
1410,172.25,316.75,12.25,24.5,0.54024
1410,60.25,147.5,33.75,67.75,0.54016
1410,445,302.5,16.25,32.5,0.53991
1410,533.75,335,13.25,26.75,0.53932
1410,382.25,305.75,13,26.25,0.53927
1410,422,277.5,13.75,27.5,0.53918
1410,365,314,16.25,32.5,0.53867
1410,439.25,392,13,25.5,0.53865
1410,147.75,334,17.75,35.5,0.53645
1410,397.5,288.25,21.25,42.75,0.53593
1410,515.5,364.75,17.25,34.5,0.5356
1410,180.25,347.75,14.75,29.5,0.53552
1410,61,421.25,13.25,26.5,0.5355
1410,608.25,39,36.5,73.25,0.53541
1410,53.75,420.25,14.25,28.25,0.53513
1410,72,387.5,12.25,24.75,0.53483
1410,213.25,356.75,13.75,27.5,0.53476
1410,563.75,400.5,15.5,31.5,0.53447
1410,563.25,356.75,13.75,27.5,0.53387
1410,412.25,418.5,13.5,27,0.53384
1410,396.75,372,12.25,24.5,0.53341
1410,341.5,349.75,13.75,27.5,0.53295
1410,421.75,407.75,12.75,25.75,0.53265
1410,269,401.5,15,30,0.53244
1410,291,401,15.75,31.5,0.53228
1410,28.5,301.75,16,32,0.53225
1410,279.5,410.5,30,60,0.53217
1410,93.25,262.75,13.75,27.5,0.53203
1410,8.5,415.5,12,24,0.53173
1410,603.25,96.25,20.5,41,0.53161
1410,357,320.25,13.75,27.5,0.53157
1410,36.75,415,14.75,29.5,0.53073
1410,517.5,395.5,36.75,73.75,0.5307
1410,44,305.75,15,30,0.53063
1410,304.25,415.25,13,26,0.53052
1410,549.25,316.25,13.25,26.25,0.53046
1410,344.75,312.25,12,24,0.53041
1410,68.5,402.5,15,30.25,0.53034
1410,543.75,413.25,17,34.25,0.53026
1440,123.5,350.25,15.5,30.75,0.57226
1440,512.25,295,13.25,26.5,0.56299
1440,293,365.5,13.5,27.25,0.5619
1440,221.5,361.5,13.5,27.5,0.56143
1440,156.5,349,15,30,0.56078
1440,479.5,360.25,12.5,25.25,0.56023
1440,100,379.5,15.25,30.75,0.55951
1440,333,380.5,14,28.25,0.55805
1440,588.75,369,14.25,28.25,0.55712
1440,421.25,379.5,14.5,28.75,0.55685
1440,220.75,380.25,14,28,0.5566
1440,285,403.25,14.25,28.75,0.55604
1440,572.25,316.25,14.5,29.25,0.55543
1440,508,296,12.75,25.5,0.55515
1440,309,387.25,14.75,29.25,0.55446
1440,289,90.5,23.25,46.5,0.5534
1440,565,358.5,13,25.75,0.55338
1440,147.75,364.5,16.75,33.5,0.55094
1440,132.75,342.75,13.75,27.25,0.54951
1440,348,360,12.25,24.5,0.5491
1440,36.25,302.25,13.5,26.75,0.54806
1440,317.25,380.75,14,28.5,0.54794
1440,577.25,229.75,13.25,26.75,0.54671
1440,300.25,378.75,15.25,30.75,0.54622
1440,53.25,414.75,13.5,26.5,0.54531
1440,55.75,145.25,20.75,41.25,0.5451
1440,229.25,359.75,14.25,28.5,0.54495
1440,596.75,368.5,14.75,29.5,0.54465
1440,205.5,358.5,13.5,26.75,0.54458
1440,163.75,326.25,16.75,33.5,0.54373
1440,286,315.75,12.25,24.5,0.54369
1440,124.75,412.5,14,28,0.54363
1440,470.25,360.75,12.5,25,0.54347
1440,363.75,287,14,28.25,0.54306
1440,572.25,355.5,15.25,30.25,0.54266
1440,238.5,412.5,14,28,0.54261
1440,245.25,347.5,14.5,29,0.54259
1440,198,358.75,13,26,0.54232
1440,180.75,207.25,14.75,29.5,0.542
1440,152.75,345.25,12,24,0.54135
1440,443.5,303.75,16.5,32.75,0.54109
1440,38.25,316,12.5,24.75,0.54109
1440,447.75,423,13,25.5,0.54102
1440,178.75,311,13,26,0.54097
1440,164,346,16.25,32.5,0.54095
1440,238,403.25,15.25,30.75,0.54068
1440,12,313.25,14.75,29.75,0.54036
1440,261.25,373.25,14.25,28.25,0.54017
1440,229.5,402.5,15,30.25,0.54009
1440,204.25,401,15.75,31.5,0.54008
1440,226.25,337.25,15.75,31.5,0.53999
1440,309.25,362,15.75,31.5,0.5397
1440,220.75,402.25,15.25,30.75,0.53959
1440,92.5,384,15,30,0.53872
1440,380.5,423.75,12,24,0.53829
1440,141.25,348.75,14.5,28.75,0.53816
1440,405,91.75,17.5,35,0.53797
1440,556,302.75,16.25,32.25,0.53773
1440,172.75,414.5,15.5,31,0.53773
1440,438.5,440.5,13.75,28,0.53735
1440,596.5,326,14,28.25,0.53729
1440,236.75,363.75,14.5,28.75,0.53666
1440,563.5,328,16,32,0.53639
1440,492.25,346,13,26,0.53636
1440,406,363.25,15,29.75,0.53507
1440,123,136.25,15,30,0.53485
1440,405.5,357.5,13.75,27.5,0.53469
1440,516.5,382.5,13.25,26.25,0.53469
1440,476.75,358.75,13.25,26.5,0.53462
1440,316.25,385,15.5,31,0.53458
1440,555.75,353.25,16.75,33,0.53421
1440,596.25,203.25,14.25,28.75,0.5341
1440,514.75,294.25,13.75,27.5,0.53404
1440,467,329,12.75,25.5,0.53379
1440,349.25,405.75,13.75,27.75,0.53363
1440,148.5,361.75,15.5,31,0.53348
1440,51.75,364,15,29.75,0.53344
1440,491.75,410.75,28.5,57.25,0.53342
1440,435,32.5,19.75,39.25,0.53331
1440,100.25,370.5,14.5,29,0.53325
1440,61,413.25,14.25,28.25,0.53286
1440,452.25,383,12.75,25.75,0.53271
1440,324.5,384.25,16.5,32.75,0.53249
1440,51.75,401,16,32.5,0.53222
1440,198.75,348.25,12,24.25,0.53202
1440,188.75,354.25,16,32.25,0.53197
1440,125.25,342.25,14.25,28.25,0.53181
1440,395.5,368.25,16.75,33.75,0.53165
1440,421,316.25,13.5,27.25,0.53165
1440,406,424.5,12.5,25,0.5314
1440,117,359.25,13.75,27.5,0.53117
1440,92.75,376.5,13.5,27,0.53093
1440,196.5,394,15.25,30.25,0.53069
1440,509,378.75,14.75,29.5,0.53057
1440,571.75,232.25,12.25,24.5,0.5305
1440,429.25,363,15.5,30.75,0.53048
1440,580.5,306,15.5,31.5,0.53038
1440,365.25,345.25,14.5,29,0.53034
1440,387,416.25,15.75,31.5,0.53031
1440,484.25,270.5,13.75,27.5,0.53015
1440,512.25,124.75,12.25,24.5,0.53014
1440,172.25,354,14.75,29.75,0.53002
1470,325.5,341.5,14.25,28.25,0.55513
1470,92.5,380.75,13.25,26.5,0.55393
1470,207.25,399,12.75,25.75,0.54886
1470,332.5,358.25,13,26.25,0.54391
1470,277,379.25,14.75,30,0.54254
1470,141,341,13.75,27.5,0.54227
1470,347.25,236,17,34,0.54203
1470,382,294.5,12.5,25.5,0.54108
1470,195,256.5,14,28.25,0.54058
1470,508.75,263.75,99.5,199,0.53991
1470,276.25,320.75,12.5,25,0.53807
1470,91,111.25,18.5,37.25,0.53778
1470,120.25,227.75,13.25,26.5,0.53458
1470,31.25,125.5,19.5,39,0.53427
1470,412.5,416,11.75,23.5,0.5341
1470,20.5,330.75,15.5,30.75,0.53391
1470,312.5,312.5,76.5,153,0.53349
1470,592,109.25,12.5,24.75,0.53308
1470,419.5,338.75,16.25,32.5,0.53298
1470,244,332.75,13.75,27.5,0.53275
1470,282,81,25,50,0.53222
1470,442.75,227.75,22.5,44.75,0.53153
1470,212.5,409.75,15.5,31.25,0.53135
1470,308.75,379.5,14.25,28.25,0.53135
1470,333.75,390,13.25,26.75,0.53118
1470,480.25,134.25,11.75,23.5,0.53074
1470,380.5,387.75,14.5,28.75,0.53062
1470,240.5,100.5,12,24.25,0.53039
1470,60.25,239,15.25,30.25,0.5301
1500,414.25,390.25,14,28,0.56684
1500,540.75,357.25,13.75,27.5,0.56396
1500,597.75,400,12.75,25.5,0.55197
1500,477,358,15,30,0.54448
1500,275,70,30,60,0.54409
1500,390.5,399.75,12.75,25.75,0.54364
1500,28.25,331.75,13.5,27.25,0.54342
1500,242.75,365.5,17.75,35.5,0.53888
1500,44.5,350.5,13,26,0.53748
1500,68.5,378.25,15.25,30.25,0.53725
1500,487.75,104,12.25,24.5,0.53526
1500,229.5,344.75,13.75,27.75,0.53523
1500,461,365.25,13.75,27.5,0.53517
1500,443.75,380.25,15.75,31.25,0.53486
1500,244,379,15.75,31.5,0.53469
1500,477,387.25,13.75,27.75,0.53437
1500,466,291.25,72,143.75,0.53401
1500,21,331.75,13.25,27,0.53385
1500,442.5,54,22,44.25,0.53367
1500,476.25,360.75,16.5,33,0.53363
1500,-1.5,110,13.5,27.25,0.53355
1500,510.25,170,14.75,29,0.53334
1500,352.5,259,87.25,174.25,0.53237
1500,343.25,284.5,12.5,24.75,0.53222
1500,-0.5,149,13.5,27,0.53188
1500,228.5,93.75,12.75,25.5,0.53147
1500,454,333.75,13.25,26.25,0.53098
1500,86,312.5,13.5,27,0.53082
1500,403.5,337,15.25,30.25,0.53065
1500,208,154.75,13,26.25,0.53052
1500,613.75,28.75,28.75,57.25,0.53031
1500,432,59.25,13.75,27.25,0.53007
1500,571.75,283.25,16.5,33,0.53004
1500,476.75,352,12.5,25.25,0.53001
1530,67.5,356.75,46.25,93,0.55802
1530,476.5,390.25,13.25,26.5,0.55096
1530,492.5,401.75,12.25,24.25,0.55033
1530,40.75,356.5,47,94.25,0.55005
1530,269.75,312.25,12.5,24.75,0.54927
1530,131,292.75,12.25,24.75,0.54856
1530,268.25,285,15.75,31,0.54781
1530,293,211.75,17,34,0.54644
1530,531.75,382.25,15.75,31.75,0.54468
1530,374.25,213.75,13.75,27.75,0.54343
1530,351.25,223.25,12.75,25.75,0.5423
1530,540.25,288.5,12.25,24.25,0.54144
1530,451.75,362.25,44.5,89,0.5408
1530,362.25,282.75,11.75,23.5,0.54055
1530,273.5,350.25,53.75,107.25,0.53924
1530,408.25,363,11.5,23,0.53914
1530,549.5,98,13,26,0.5385
1530,382,214.5,13.25,26.5,0.53845
1530,243.75,215.75,14,28,0.53812
1530,395.25,214.25,13,26,0.53789
1530,263,359.25,46,92,0.53739
1530,435.5,385,14.5,29,0.53693
1530,332.25,293.75,12.25,24.5,0.53681
1530,170.5,297.75,12.25,24.75,0.5361
1530,346.75,354,49,98,0.53606
1530,494,350.25,50.75,101.75,0.53586
1530,596.25,378.75,15,30.25,0.53568
1530,199.5,399.5,12.75,25.75,0.5349
1530,232.5,363,43.25,86,0.53483
1530,85.75,235.75,14,28.25,0.53441
1530,362,300.5,13,26,0.53411
1530,229.25,398.25,14,27.75,0.53371
1530,140.75,306.25,15.5,31,0.53366
1530,516.75,312.5,12.25,24.5,0.53323
1530,250,289.25,12.5,25,0.53302
1530,401,406.25,20.75,41.5,0.53285
1530,284.5,286,15.75,31.25,0.53239
1530,341,391.5,12.75,25.5,0.5323
1530,331.75,310,13.25,26.5,0.5321
1530,154.25,312,12.25,24.75,0.53107
1530,218.25,115.75,12.5,24.75,0.53107
1530,44.5,161,12.75,25.5,0.53103
1530,346,293.5,13.75,27.5,0.53088
1530,254.25,392.75,12.75,25.75,0.53079
1530,318,294.5,12.25,24.75,0.53002
1560,564,376.5,15.5,31,0.57351
1560,28.5,364.5,15.75,31.5,0.56989
1560,363.75,318.5,15.5,31.25,0.56016
1560,260.25,317,15.5,31.5,0.55495
1560,485,374.5,13.75,27.25,0.55435
1560,462.5,363.25,14,28.25,0.55367
1560,436.25,306.25,16,32,0.55357
1560,428.5,308,14.5,28.75,0.55159
1560,565.5,284,13.25,26.25,0.54948
1560,246.25,320,13.5,26.75,0.54907
1560,477,338,26.25,52.25,0.54897
1560,613.25,87.75,14,28,0.54816
1560,395.25,39.75,18.75,37.25,0.54704
1560,338.75,398.25,12.5,25,0.54619
1560,248,383.5,12.5,24.5,0.54602
1560,124,350.25,13,25.75,0.54515
1560,117.5,252.5,13,25.75,0.54497
1560,260.25,361,16.5,33.25,0.54471
1560,133.5,391,15.25,30.5,0.5446
1560,421.75,279.25,13,26,0.54443
1560,128.5,411.75,12.25,24.5,0.5443
1560,28.25,393.5,16,31.75,0.54416
1560,500.5,381.25,12.75,25.5,0.54291
1560,316.5,315.5,16,31.75,0.54287
1560,36.75,363.25,15,29.75,0.54269
1560,332.25,397.75,12.25,24.5,0.54124
1560,452.25,382.25,14.75,29.5,0.54121
1560,400,323.75,26,52,0.54106
1560,555.75,350.5,17.25,34.5,0.54097
1560,69.75,361.5,14,27.75,0.53992
1560,354.5,317.5,18,35.75,0.53971
1560,475,366.5,18.25,36.75,0.53911
1560,413,231,13,26.25,0.53909
1560,438,271.75,14,28,0.53898
1560,460.5,399.75,14.5,29.25,0.53827
1560,86.75,412.25,12.25,24.25,0.53816
1560,378.75,306.75,15.75,31.25,0.53778
1560,166.5,356.75,12,23.75,0.53658
1560,134.5,404.5,13.25,26.5,0.53656
1560,412.5,307.5,13.75,27.75,0.53613
1560,23.5,358.75,12.75,25.75,0.53578
1560,412.5,280.75,12.5,25,0.53578
1560,436.75,288.5,13,25.75,0.53566
1560,262,343,13.75,27.5,0.53549
1560,549.75,24.25,13,25.75,0.5354
1560,296.75,321,26.5,53,0.53539
1560,589,369,13.25,26.5,0.53497
1560,508.25,412,13.75,27.5,0.53485
1560,315.75,396,16.75,33.25,0.53446
1560,332.75,235.75,15.25,30.75,0.53444
1560,76.25,362.25,16,32,0.53428
1560,314.75,122.75,11.5,23.5,0.53421
1560,332.75,293.25,13.75,27.5,0.53408
1560,364,237.75,13.75,27,0.53376
1560,134.75,412.5,12.25,24.25,0.53366
1560,212.75,238,14.5,28.75,0.53346
1560,110,336.25,13,25.5,0.53304
1560,553,115.25,31.5,62.75,0.5328
1560,372,239,12.75,25.5,0.53276
1560,20.5,309.5,13,26,0.53272
1560,340.75,236.5,14.25,28.5,0.53198
1560,467.75,399.75,16.5,32.5,0.53158
1560,540.25,263.5,12.75,25.5,0.53136
1560,133.5,257,99.5,199,0.53107
1560,403.75,345.25,15.25,30.75,0.53104
1560,-0.5,105.25,18,36,0.5309
1560,345.5,288.75,17.25,34.5,0.53088
1560,435.75,291.25,14.5,29.25,0.53083
1560,545,393.75,14,28,0.5308
1560,564,30.5,12,24,0.53078
1560,114.25,73.75,12.25,24.5,0.53075
1560,320,295,13,25.75,0.53075
1560,540.5,109.5,12,24,0.5307
1560,460.5,306,14.25,28.5,0.5307
1560,412.25,348,14.5,29,0.53068
1560,384,326.75,25.5,51.25,0.53067
1560,84.25,360.5,15.75,31.25,0.53043
1560,537.5,400.75,14.25,28.5,0.53037
1560,160,349.5,13.5,26.5,0.53035
1560,316,372.5,25.75,51.75,0.53032
1560,396,239.75,12.25,24.25,0.53013
1590,2.5,76.25,16.5,33.5,0.55945
1590,172,305,15.5,31.25,0.55749
1590,438.75,339.25,14,28.25,0.55398
1590,341,383,14.75,29.75,0.55255
1590,501.25,322,15.5,30.75,0.55166
1590,109.5,243.25,12.75,25.5,0.55042
1590,326.25,360.75,12.25,24.25,0.54968
1590,324.5,368.25,14.75,29.75,0.54893
1590,99.75,358,16.25,32.5,0.54836
1590,530.5,328,12.75,25.75,0.54811
1590,135,328.75,12.75,25.25,0.54721
1590,111.25,325,24.25,48.5,0.54672
1590,317.5,303,13.75,27.75,0.54605
1590,444.25,320.5,12,24,0.54543
1590,469.25,315.25,13.75,27.25,0.54253
1590,604.25,322.25,12.5,25,0.54217
1590,260,376,12.75,25.25,0.54198
1590,364.25,362.75,12.5,25.25,0.54183
1590,423.25,149.75,14.25,28.5,0.54177
1590,596.5,394.5,15,29.75,0.54165
1590,348.25,342.75,13.25,26.5,0.54146
1590,100,237.25,15.5,30.75,0.54091
1590,408.25,356.75,12.25,24.75,0.54073
1590,76.5,327.75,16.25,32.5,0.54068
1590,92.5,338.75,15,29.75,0.54063
1590,168,310.25,13.25,26.5,0.54032
1590,148,311.5,12.5,25,0.53973
1590,28.5,306.25,15.25,31,0.53941
1590,556.75,346.5,14.75,29.5,0.5394
1590,550,335.75,12.75,25.25,0.53917
1590,332.25,373.75,15.75,31.5,0.539
1590,51.75,353.5,15.5,30.75,0.53881
1590,317.75,295.5,13.25,26.25,0.53833
1590,274.75,380.5,17.5,34.75,0.53781
1590,369.75,296.5,18.75,37.5,0.53773
1590,356,346.5,12.75,25.25,0.53707
1590,296.25,293.75,12.25,24.25,0.53704
1590,292,376.5,14.25,28.75,0.53672
1590,108.25,109,49.5,99,0.53611
1590,300.25,292.75,14.75,29.25,0.53609
1590,388.5,376.75,15.5,31,0.53522
1590,157,362.25,14.5,29,0.53474
1590,516.5,362.75,14,28,0.53414
1590,98.25,75.5,14,28.25,0.53394
1590,309,298.75,15.25,30.25,0.53375
1590,493.5,310,14,28.25,0.53349
1590,421.5,305,15.75,31.25,0.53344
1590,309.25,292.5,15,30.25,0.53334
1590,132.25,82.25,52,104.25,0.53299
1590,195.75,331.25,12.25,24.5,0.53287
1590,72.75,8,44.5,89.25,0.53261
1590,252.75,375.25,13,25.75,0.53256
1590,89.25,144.25,16,32,0.5325
1590,588.75,410.75,14.5,29.25,0.53238
1590,596.5,329.75,14.25,28.5,0.53232
1590,316.75,285,11.5,23,0.53225
1590,532.5,346.75,14,28,0.53208
1590,477.5,348.25,13.75,27.5,0.53196
1590,188,354.5,12.5,24.75,0.53195
1590,135,311.25,13,26,0.53175
1590,308.75,313.75,15.5,31,0.53169
1590,76,378.25,15.25,30.75,0.53159
1590,202,348,12.25,24.5,0.53115
1590,620.5,328.5,12,24,0.53107
1590,354.25,298,21.5,43,0.53104
1590,76.75,253,11.5,23,0.53093
1590,300.75,299.25,13.75,28,0.53082
1590,516.5,326,13.75,27.25,0.53061
1590,525.25,64,12.75,25.5,0.53046
1590,379.5,339.75,14.5,28.75,0.53044
1620,156.5,370,15,30.25,0.55642
1620,29.75,149.75,13,25.75,0.54982
1620,445.75,383.25,13,26.25,0.54583
1620,180,369.75,15.25,30.25,0.5449
1620,588.5,391,13.5,26.5,0.54345
1620,333.75,50.75,14,28,0.54039
1620,246.25,168.75,12.25,24.5,0.53637
1620,548,44.5,14,28.25,0.53502
1620,420.75,356,14.25,28.5,0.53485
1620,140.75,350.25,14,28.25,0.53393
1620,23.25,361,13.25,26.75,0.53374
1620,212.5,91.25,12,24,0.53278
1620,132.5,351.25,15.5,31.25,0.53215
1620,189.25,378.25,14.75,29.75,0.53139
1620,-1.75,72.5,15.5,31,0.53074
1620,204,429,12.5,25.25,0.5305
1620,465.75,299.25,31.75,63.75,0.53045
1620,0.5,84.75,18.5,37,0.53034
1650,341.5,343.25,13.25,26.5,0.56229
1650,365.25,208.5,15,30,0.55954
1650,403.75,340.25,14.75,29.25,0.557
1650,332.75,337.75,15.25,30.75,0.55567
1650,333,327.5,14.75,29.25,0.55084
1650,262.25,342.75,13.5,26.75,0.55084
1650,104,114,12.25,24.5,0.54973
1650,117.25,199.25,13,25.75,0.54882
1650,221,194.5,15.25,30.25,0.54819
1650,325.5,332.25,12.75,25.5,0.54785
1650,455.5,256.25,12.5,25.25,0.54765
1650,565.5,295,13.25,26.5,0.54704
1650,107.5,211.5,16.5,33,0.54694
1650,277.25,395.75,14.75,29.25,0.54487
1650,595.5,256.25,20.5,40.75,0.54481
1650,249.5,344,12.75,25.75,0.54479
1650,373.5,195,14.75,29.5,0.54414
1650,132.75,324.5,14,28,0.54394
1650,243.25,176,16.25,32.75,0.54299
1650,356,191,12.75,25.5,0.54248
1650,556.5,371,15.25,30.25,0.5417
1650,373,220,15.5,30.75,0.54158
1650,125,320.25,14.25,28.25,0.54078
1650,300.75,191.25,13,26,0.54065
1650,428.5,397,14.5,29.25,0.54033
1650,554.25,41,20.25,40.5,0.53973
1650,316.25,240,16.25,32.25,0.53966
1650,293,395.75,14.25,29,0.53912
1650,299.5,406.5,17,34,0.53875
1650,21.5,400.5,12.75,25.5,0.53836
1650,164.75,400.75,12.25,24.75,0.53832
1650,244,194,15.5,31,0.53774
1650,104.25,202.25,12,23.75,0.5377
1650,140.25,193.75,15.75,31.25,0.53767
1650,284.5,334.5,15,30,0.53751
1650,93.25,402,13.75,27.25,0.53725
1650,116.5,328.75,15,29.5,0.53723
1650,-8.75,52.25,69,137.75,0.53668
1650,124.75,293,11.5,23,0.53619
1650,156.5,188,14.5,28.75,0.53573
1650,461.25,257,13.75,27.75,0.53538
1650,564.25,377.25,15.25,30.25,0.53525
1650,7.25,45.25,13,26,0.53507
1650,357.5,331.75,15,29.75,0.53485
1650,172.75,186.5,13.5,27,0.5347
1650,55,217.5,12,24,0.53442
1650,187.5,142,14,28,0.5344
1650,548,298.25,15.25,30.25,0.53429
1650,26.5,40.75,75.5,151,0.53429
1650,156.25,226,15.75,31.5,0.53391
1650,77,221.75,14.25,28.5,0.5334
1650,180.25,335.25,16.75,33.25,0.53329
1650,77,359.25,14,28.25,0.53316
1650,596.5,75.25,19.25,38.25,0.53307
1650,322.5,31.5,11.75,23.5,0.53265
1650,68.75,258.25,15.25,30.5,0.53264
1650,205,341.25,14,28,0.53252
1650,538.25,81.75,12.25,24.25,0.53229
1650,196.5,311.25,14.5,29,0.53163
1650,68.5,222.25,15,30.25,0.53148
1650,203.75,119.5,18.5,37.25,0.53142
1650,488,376,23.5,46.75,0.53126
1650,522,348,21.5,43,0.53108
1650,360.25,132.25,11.75,23.5,0.53099
1650,148.5,188.25,14.75,29.75,0.5309
1650,50.75,395.25,17.5,35,0.53089
1650,183.5,215.25,12.5,25.25,0.53087
1650,468.5,50,12.25,24.75,0.53065
1650,97.5,26.25,15.25,30.75,0.5306
1650,406.25,103.25,27.5,55,0.53026
1650,563.25,351.25,16.25,32.5,0.53013
1680,524.5,315.5,13.25,26.75,0.59439
1680,181.75,105.25,37.5,74.75,0.56042
1680,564.5,370,15.25,30.25,0.55363
1680,603.5,376.25,16.25,32.75,0.54997
1680,340.5,225.5,15,30,0.54946
1680,406.5,293.75,13.5,27,0.54694
1680,319.25,316.5,12.5,24.75,0.54658
1680,41.25,354,16,32,0.54645
1680,516.75,44.25,13.5,26.75,0.54492
1680,364.25,244.25,12.75,25.5,0.543
1680,132.25,290,16.5,33,0.54283
1680,92.5,367.75,12,24,0.54256
1680,41.5,131,24.75,49.5,0.54225
1680,20,381.5,16.5,33.25,0.54175
1680,54,299.5,12.75,25.25,0.5416
1680,450.25,396.25,18.25,36.5,0.54137
1680,508.75,331.5,14.75,29.5,0.54091
1680,476.75,300.25,15.25,30.25,0.54086
1680,587.75,379.75,16.5,32.75,0.54071
1680,357,312.5,14.25,28.5,0.54069
1680,596.5,382.75,14.75,29.5,0.54068
1680,-2.75,160.75,25,50,0.53988
1680,187.75,151.5,15.5,30.5,0.53973
1680,410.5,273.25,13.25,26.5,0.53973
1680,540,370,14,28,0.53961
1680,23.25,410,12.75,25.75,0.53898
1680,155.5,284.25,16.5,32.75,0.53794
1680,258.75,412.25,12.25,24.75,0.53695
1680,43.25,240.25,12.5,25,0.53664
1680,173,207.5,15.25,30.5,0.53662
1680,-5.25,160.75,42.5,85,0.53644
1680,461,300.25,13.5,27,0.53584
1680,355.75,231.75,14.5,28.75,0.5357
1680,442.75,341.5,15.5,31,0.53548
1680,628.5,151.5,12,24.25,0.53531
1680,68.5,296.25,12.75,25.25,0.5351
1680,613.5,292.75,14,28,0.5349
1680,611.75,383.25,16.75,33.25,0.53484
1680,204.5,284,12,24.25,0.53467
1680,507.75,45.5,13,26.25,0.53462
1680,572,380.5,15.5,31.25,0.53448
1680,205.5,349.5,13.75,27.5,0.53401
1680,146.25,402.75,11.75,24,0.53395
1680,29.25,13.5,21.5,42.75,0.53378
1680,470,404.5,14,28.25,0.5337
1680,268,379.25,15,30,0.53367
1680,572.5,368.25,15.5,31,0.53361
1680,47.25,164.5,21,41.75,0.53341
1680,347.75,210.5,14.75,29.75,0.53322
1680,392.25,304.5,12.5,25,0.53306
1680,140.25,345.75,13,26.25,0.53297
1680,117,231,15.25,30.75,0.53242
1680,454.5,286.5,13.5,27,0.53224
1680,164.25,283.75,13.75,27.75,0.53213
1680,98.5,103.75,14.75,29.5,0.53208
1680,477.25,366.75,13,26,0.53177
1680,27.75,365.75,12.25,24.75,0.53164
1680,586.25,184.25,13.75,27.25,0.53157
1680,380.25,381.25,13.25,26,0.53123
1680,6.75,293.5,12.75,25.25,0.53079
1680,125,278.75,14.75,29.5,0.53077
1680,458.25,113.25,15,30.25,0.53073
1680,29.5,355.75,21.25,42.5,0.53065
1680,280.5,368.75,11.75,23.5,0.53021
1680,585.5,48.25,19.5,39.25,0.5302
1680,158.5,402.25,12.75,25.5,0.53012
1680,67.75,160.5,15.5,31,0.5301
1680,113,38.25,33.5,67.5,0.53005
1680,180.5,282,14.5,29,0.53002
1710,197.75,331.25,13.5,27.25,0.55089
1710,437.25,370.75,15,30,0.54892
1710,300.75,288,15.25,30.75,0.54877
1710,581,362.5,14.25,29,0.54716
1710,390.25,389.25,13,26.25,0.54668
1710,500.25,379.75,13.25,26.25,0.54557
1710,-6.25,14.25,56.25,112.25,0.54485
1710,116,315,12.75,25.75,0.54448
1710,47.25,30.75,13.75,27,0.54412
1710,560.25,405.5,13.25,26,0.54227
1710,222,155.75,13,25.75,0.54117
1710,495.75,184.5,15.75,31.5,0.54109
1710,356.25,289.25,16,32.5,0.54067
1710,375,390.25,13.5,26.75,0.54064
1710,246,373.5,13,25.5,0.53934
1710,519,356.25,12.75,25.25,0.53891
1710,304.75,380.75,12.25,24.75,0.53806
1710,364.25,282.75,12.75,25.75,0.53772
1710,82.75,372,11.5,23.25,0.53723
1710,74,66.5,11.75,23.75,0.53722
1710,52.25,342.25,14,28,0.53717
1710,364.5,401.5,16,32,0.53691
1710,541.5,166.75,26,52,0.53679
1710,341.25,296.5,12.5,25,0.53672
1710,96.75,381.25,11.5,23,0.53652
1710,-2.5,181,19,37.75,0.53616
1710,372.75,410,14.25,28,0.536
1710,485.5,237.75,12.75,25.75,0.53568
1710,37.5,408,13.5,26.5,0.53487
1710,428.5,283,13.25,26.75,0.53483
1710,276.25,382,14.5,29,0.53481
1710,421.5,349.5,14,28,0.53458
1710,454.5,12,12,23.75,0.53451
1710,589.5,367.5,12.75,25.25,0.53438
1710,213,305.75,15.25,30.5,0.53415
1710,131.25,412,12,23.5,0.53411
1710,471,284.5,12,24,0.53375
1710,592.75,51,14,28.25,0.53368
1710,491.5,392.25,14.5,29,0.53339
1710,428.5,352.25,12,24,0.53331
1710,527.25,157,32.25,64.25,0.53326
1710,-3,162.25,24,48,0.53313
1710,476.5,372.25,12.75,25.5,0.53287
1710,277.25,262.5,13,26.25,0.5327
1710,297,291.25,33.25,66.5,0.53241
1710,27.25,338,13.5,27,0.53221
1710,598.25,314.5,12.5,24.75,0.53216
1710,173.25,301.75,14.75,29.75,0.53182
1710,181.25,231.5,12.5,24.5,0.5318
1710,372.25,339.25,14.25,28,0.53171
1710,382,386.75,15,29.75,0.53158
1710,-4,77.25,33,66.5,0.53156
1710,508.25,338.5,15.5,31.5,0.53139
1710,626,21.5,14.25,28.25,0.5313
1710,542.5,235.75,14,28,0.53121
1710,284.75,325.75,15.25,30.25,0.53059
1710,506.75,433,11.5,23,0.53032
1740,460.25,370.5,15,30,0.56224
1740,28.75,349.25,15.5,30.75,0.56039
1740,509.25,411.75,13.75,27.75,0.56014
1740,547,259.25,15,29.75,0.55547
1740,36.75,349.5,14.75,29.25,0.55466
1740,547,226.75,15.5,31.25,0.55354
1740,56.75,294.5,12.75,25.75,0.55256
1740,276.75,360.75,15,30.25,0.55248
1740,492.5,288.25,12,24.25,0.55154
1740,44.5,408.75,13.25,26.75,0.55119
1740,447.25,368.5,13,25.75,0.55033
1740,395.75,369,16,32,0.55022
1740,60.5,300,14.75,29.75,0.54926
1740,269.5,367.25,13,26,0.54912
1740,540.25,408,12.5,24.75,0.54462
1740,21.25,406.75,13.75,27.25,0.5437
1740,37,376.75,14.5,28.75,0.54363
1740,135,171.25,13.5,27,0.54295
1740,493.75,110,16,32.5,0.54255
1740,69.25,299.5,14.5,29.25,0.54139
1740,614.75,251.25,13.25,26.5,0.54045
1740,171.5,254,12.75,25.5,0.54
1740,314.75,303.75,15.75,31.25,0.53957
1740,545.5,416.5,12,24,0.53901
1740,423,144.75,34.75,69.5,0.53845
1740,124.75,305,15.5,31,0.53838
1740,150,106.75,28,56,0.53798
1740,237,391,13.25,26.25,0.53791
1740,66.25,356.5,19.5,39,0.53777
1740,320.25,380.75,12.5,24.75,0.53763
1740,124.75,313.75,14.5,29.25,0.53698
1740,68.25,285,13.75,27.5,0.5369
1740,67,185.5,13,25.5,0.53685
1740,470,318,13.75,27.25,0.53672
1740,373.5,367.5,13.75,27.75,0.5364
1740,564.75,382.75,15.75,31.75,0.53611
1740,542,166.75,15.75,31.5,0.53562
1740,404,355,15,30,0.53548
1740,292.75,282.25,12.75,25.5,0.53533
1740,189.25,38.5,13,26,0.53526
1740,101.25,171.25,12.25,25,0.53497
1740,490.75,87,29.75,59.5,0.5348
1740,16.5,339,14,28,0.5343
1740,285.75,254.75,20.75,41.5,0.5343
1740,283,278.5,13.25,26.25,0.53422
1740,284.75,425.75,15.5,31.5,0.53415
1740,596.75,395.5,14,28.25,0.53388
1740,14,92,12.25,24.25,0.53381
1740,203.25,272.25,11.75,23.75,0.5333
1740,95.5,278.25,13,26.25,0.53321
1740,408,182.25,25.25,50.5,0.5332
1740,493.25,216.25,21.25,42.25,0.53308
1740,245,330.75,15.25,30.5,0.5329
1740,334.25,392.75,12.25,24.5,0.53287
1740,44.75,315.5,12.5,25,0.53282
1740,508.75,298.75,15.25,30.5,0.53249
1740,526.5,409,13.5,27,0.53239
1740,297.75,412.25,22.25,44.5,0.53212
1740,516.25,404.25,14.25,28.75,0.53207
1740,421.25,353.5,14.25,28.75,0.53181
1740,391,412.5,14.25,28.75,0.53114
1740,190.25,165,14.75,29.25,0.53107
1740,50.5,283.25,17.75,35.5,0.5309
1740,236.5,26.5,13.25,27,0.53081
1740,291.75,427.25,15.5,30.75,0.5308
1740,90.25,277.75,14.5,29,0.53077
1740,116,304.75,16.75,33.25,0.53075
1740,229,403.75,14.75,29.25,0.5307
1740,75.5,297.5,17,33.75,0.53049
1740,608,117.25,19,38,0.53035
1740,482,133.25,59,118,0.53015
1770,476.75,390.5,13,26,0.56308
1770,245.25,396,13.75,27.5,0.56102
1770,516.25,384,14,28.25,0.56091
1770,269,386,14,28,0.56024
1770,290.75,399,12.75,25.5,0.55706
1770,451.75,372.75,14.5,29.25,0.55296
1770,437.25,384.25,20,40.25,0.55262
1770,547.25,380,14.25,28.5,0.55161
1770,628.25,235.75,12.75,25.5,0.5476
1770,604.75,408.5,15,30.25,0.54633
1770,375.75,398.75,12.75,25.5,0.5454
1770,211.75,79.5,13.75,27.25,0.54496
1770,237.5,396.5,14.25,28.25,0.54482
1770,269.75,406,13.5,26.75,0.54479
1770,525.75,251,17.25,34.25,0.54253
1770,261,371.5,14.75,29.75,0.54172
1770,70,11.5,98,196,0.54122
1770,261.5,397.25,14,28.25,0.54066
1770,51,167.75,12.5,25,0.54063
1770,102.25,368.5,15.5,31,0.54026
1770,30,404.25,27.25,54.5,0.54018
1770,132,325.25,16,31.75,0.53848
1770,311.25,313.75,12.75,25.5,0.53837
1770,277.5,399.75,13.25,26.75,0.53778
1770,116.25,379.75,15.25,30.75,0.53777
1770,27.75,390.25,17.25,34.75,0.53774
1770,517.75,330.75,16.5,33,0.53714
1770,18,133.5,12.25,24.75,0.53712
1770,440.25,313.5,71,142.5,0.53664
1770,19.75,335.5,16.75,33.5,0.53608
1770,570.25,366.75,24.75,49.5,0.53589
1770,253.5,388.5,14.25,28.25,0.53536
1770,316.75,410,14.5,29.25,0.53513
1770,628,224.25,12,24,0.53495
1770,85.25,170.25,14.75,29.5,0.53492
1770,534,117.25,12.5,24.5,0.53486
1770,548,355,15.25,30.5,0.53477
1770,124.5,411.75,14.5,29,0.53414
1770,114,163.75,14.25,28,0.53362
1770,60,346,14.25,28.75,0.53333
1770,149.25,327,12.75,25.75,0.53282
1770,605,231.25,13,26,0.53266
1770,297.25,112.75,21.25,42.5,0.53261
1770,253.25,403.5,15,29.75,0.53236
1770,596.25,406.5,13.25,26.25,0.53208
1770,516.25,397.5,14,28,0.53136
1770,14,54.75,20,40.25,0.53113
1770,284,398.25,12.75,25.5,0.53095
1770,428.75,309,11.5,23,0.53079
1770,465.5,321,68,136,0.53052
1770,538.25,421.25,19.5,38.75,0.53038
1770,408.25,309.5,20,40.25,0.53007
1770,339.5,345,12.75,25.5,0.53003
1800,46.75,15,21.25,42,0.57723
1800,31,236.25,21,41.75,0.55742
1800,371.25,382.5,17,34,0.55532
1800,45.25,163,11.5,23,0.54739
1800,246.75,67.75,14,28,0.54614
1800,148.5,219,15,29.75,0.54243
1800,400.25,123.25,12,24,0.54158
1800,572.5,376.25,15.25,30.5,0.5386
1800,100,219.25,14.75,29.75,0.53812
1800,253.75,404,13.25,26.25,0.53664
1800,150,352,46.5,93.25,0.53658
1800,72.25,420,12,24.25,0.53418
1800,128,358.75,43,86.25,0.53397
1800,584.5,110.5,12,23.75,0.53386
1800,157.5,222.5,12.75,25.5,0.53357
1800,299.25,98.25,20.5,40.75,0.53352
1800,606.75,35,14.25,28.5,0.53314
1800,270.5,390.75,14.5,29,0.53214
1800,238,418.5,15.25,30.25,0.53202
1800,92.75,219.75,14.5,28.75,0.53159
1800,277.25,236,14.75,29.25,0.53081
1800,494,325.5,12.75,25.75,0.53017
1800,129,412.75,13.75,27.5,0.53004
1830,531.75,368.75,15.75,31.25,0.54926
1830,487.5,40,12.75,25.25,0.54905
1830,556.75,410.25,14.75,29.75,0.54791
1830,340.75,322.75,15,30,0.54474
1830,324.75,336,13,26.5,0.54214
1830,331,238.5,13.75,27.25,0.54139
1830,14.25,16.25,12.25,24.25,0.54055
1830,173,380.25,14.5,29.25,0.53913
1830,13.25,259,14.25,28.5,0.53889
1830,54.5,245,13.75,27.5,0.5375
1830,555.75,350.5,16,32,0.53723
1830,509.5,395.75,13.5,26.75,0.53642
1830,548.25,347.75,12.25,24.75,0.5359
1830,539.5,385.75,15,29.75,0.53541
1830,268,272,19,38.25,0.53515
1830,108,403,14.75,29.75,0.53508
1830,172.5,350.75,16,31.75,0.53423
1830,507.75,353.5,12.75,26,0.53388
1830,119,219.5,17.25,34.75,0.53332
1830,501,397.5,15,30,0.53222
1830,414.5,402.5,14.25,28.75,0.53182
1830,414.25,368.25,12,24,0.53166
1830,22.75,397.5,13.5,26.5,0.53156
1830,315.75,86.25,16.75,33.25,0.53124
1830,93,365.75,13.75,27.25,0.53094
1830,533,385,14,28,0.5308
1830,147.75,353.5,16,32.25,0.53058
1830,228.75,261,12.5,24.75,0.53027
1830,224.5,16.75,31.25,62.5,0.53008
