30,333.5,367.75,13.25,26.25,0.56915
30,452,63,14.5,28.75,0.56394
30,412,277.25,13,25.75,0.55707
30,340.75,411.25,13.5,27,0.55463
30,340.5,282.25,15,30.25,0.55288
30,333,283.75,14.75,29.25,0.5524
30,140.5,274.25,15.75,31.25,0.55124
30,516.75,414.5,13.75,27.25,0.54827
30,229,405.25,14,28,0.54783
30,284.75,363,14.75,29,0.54691
30,29.75,431.25,12.5,25,0.54514
30,534.5,130.25,13.75,27.5,0.5441
30,359,285.75,13.5,27.25,0.54325
30,483.75,273.25,12.5,25,0.54305
30,397,283.5,14,28.5,0.54199
30,268.75,363,14.5,29,0.54067
30,613.5,269.25,13.25,26.5,0.53937
30,493.5,374,14.25,28.25,0.53897
30,325,410,14.5,29.5,0.53882
30,374,274.25,14.5,29.5,0.53856
30,508,360.75,12.5,24.75,0.53835
30,132.75,252.75,12.5,25,0.53762
30,298.5,6.25,20.5,40.5,0.53761
30,236,379,15.5,31,0.53705
30,412.5,299.25,14,28,0.53669
30,454,277,13.5,26.75,0.53635
30,213.5,405.25,13.75,27.75,0.5361
30,220.75,258.5,15.25,30.75,0.53594
30,611.75,177.75,19.25,38.5,0.53564
30,244.25,433.25,12.25,24.75,0.53509
30,493.5,380.25,14.25,28.5,0.53434
30,382,256,13.25,26.25,0.53434
30,468.25,277.25,14,28,0.53386
30,467.75,288.5,16,31.5,0.53285
30,349.25,279.5,13.75,27.5,0.53199
30,325.5,277.5,14,28,0.53165
30,477.5,249,14.25,28.5,0.53138
30,406.5,1,11.75,23.5,0.5309
30,41.75,186,17.75,36,0.53081
30,259.75,375.75,17,34,0.5306
30,573.25,257.25,14.5,29.25,0.53041
30,100.75,291.25,14.25,28.5,0.53009
30,428.75,299.25,14.75,29.25,0.53006
60,197,282,14,28.25,0.56992
60,500.25,371.75,14.75,29.25,0.56896
60,149,296.5,14.25,28.25,0.56253
60,404,345,15.5,31.25,0.56134
60,189.25,339.5,14.5,29,0.55652
60,237.75,128,62.25,124.25,0.55649
60,213.5,349.75,13.75,27.25,0.55365
60,385,191.25,18.75,37.75,0.55068
60,139.25,191.75,13.75,27.25,0.54914
60,430.75,399.75,12.5,25,0.54849
60,269,385.75,13.5,27,0.54843
60,77,398.5,13.75,27.75,0.54831
60,626.25,108.75,13.5,26.75,0.54707
60,36,289,12.75,25.5,0.54611
60,564.75,323.25,14.75,29.75,0.54557
60,277.25,288,12.5,24.75,0.54554
60,100.25,390.75,15,29.75,0.54507
60,71,304.5,13.25,26.75,0.54481
60,485.5,22.25,12.75,25.75,0.54474
60,520.75,214,24.25,48.5,0.54412
60,452.75,283.25,14.75,29.25,0.54406
60,29.25,288.25,12.25,24.5,0.54393
60,626.25,222.75,12.75,25.5,0.54326
60,253.25,299.25,14.5,29,0.54276
60,470,288,14.5,29.25,0.54204
60,613.5,424,13.25,26.75,0.54167
60,444.75,388.25,14.75,29.75,0.54164
60,229,395,14.5,28.75,0.54104
60,499.5,392.5,16,32.25,0.54031
60,81.25,196.25,17.5,35,0.53934
60,61.75,383,13.25,26.25,0.53871
60,588.5,443.5,14.5,29.25,0.53854
60,148.5,378.5,14.75,29.75,0.53841
60,244.5,377.75,14.5,29.25,0.53807
60,277.5,375,13.5,26.5,0.5379
60,358,375.25,14.5,29,0.53785
60,261,291,15.5,31,0.53779
60,119,351,13,26.25,0.53775
60,291.75,362,15,30,0.53752
60,142.25,360.25,13,25.75,0.53733
60,245.75,413.75,14.75,29.5,0.53695
60,213,279.75,13.25,26.5,0.53691
60,493.25,297.75,14.25,28.5,0.53655
60,52,369.5,15.5,31.25,0.5365
60,236,16.75,13,25.75,0.53624
60,307.75,390.5,13.75,27.25,0.53617
60,469.25,397.75,13.5,26.75,0.53578
60,347.75,298.25,15.25,31,0.53549
60,284.25,306.5,15.25,30.75,0.53546
60,488,415.5,12.25,24.5,0.53527
60,515.75,381.5,16,32.25,0.53514
60,197.75,415.75,13,26.25,0.5347
60,381,374.5,13.75,27.5,0.53445
60,443.25,133.25,51.25,102.75,0.53444
60,524.5,402.25,14,28.25,0.53428
60,612.5,322,14.75,29.75,0.53412
60,460.25,127.75,13.25,26.25,0.53403
60,628.5,52.75,12.25,24.75,0.53394
60,396.5,294,14.75,29.75,0.53385
60,411.25,413.75,17.5,35,0.5338
60,452.25,295,15.5,30.75,0.53376
60,326,370.75,13.25,26.25,0.53333
60,244,289.75,13.25,26.25,0.533
60,525.25,124.75,75.5,150.75,0.53287
60,477,302.25,13.75,28,0.53282
60,389.75,359.75,13.75,27.5,0.53257
60,156.5,348.75,14.75,29.5,0.5325
60,452.5,329,14.25,28.5,0.5325
60,421.25,277,14.25,28.75,0.5324
60,460.5,383,14.5,29.25,0.5322
60,324.25,426,15,29.75,0.53216
60,43.75,383.5,16,32.5,0.53207
60,172,352,16.5,33.25,0.53205
60,589,311.75,12,24.5,0.53191
60,133,348.25,14.75,29.5,0.53185
60,84.5,393,13.25,26.25,0.53176
60,544.75,145,12.5,25.5,0.53172
60,594,333.25,13.5,27.25,0.53132
60,28.75,279,13,26,0.53131
60,292,394.75,14.5,29.25,0.53129
60,221.25,287,13.5,26.5,0.53114
60,326.25,394.25,13,25.75,0.53112
60,245,326.75,13.75,27.5,0.53086
60,139.75,417,13,25.75,0.53004
90,564.25,347.5,15,29.75,0.58083
90,516,384.5,15.5,31.25,0.57322
90,396.75,189.75,21,42,0.56992
90,438.25,421.5,13.75,27.5,0.55828
90,100.5,355.75,14.75,29.5,0.55585
90,0.5,175.5,12,23.75,0.55047
90,100.75,409.5,14.75,29.5,0.54816
90,28.75,394,15,29.75,0.54692
90,157,357.75,14,27.75,0.54594
90,565.5,375.25,13.25,26.5,0.54451
90,55.75,133.75,19.5,38.5,0.54369
90,108.5,378.25,15,30.25,0.54356
90,29.75,360,12.75,25.75,0.54347
90,533.75,322.75,15,30.25,0.54341
90,460.25,411,12.5,24.75,0.5419
90,414.5,82.5,14,28.25,0.54153
90,264.25,193,18,36,0.54146
90,309.25,390.25,13.5,26.75,0.54137
90,428.5,389,15,29.75,0.5411
90,141.25,365,14.25,28.25,0.54053
90,77,325.25,13.5,27.25,0.53971
90,148.5,363,15,29.75,0.53925
90,563.5,263,85.5,171,0.53872
90,77,395.75,14.25,29,0.53823
90,253,276.25,15.5,30.75,0.53748
90,517,315.75,13,26.25,0.53737
90,212.75,357.25,14.25,28.5,0.53737
90,464.25,35.25,17.5,35.25,0.53725
90,627.75,189,13.25,26.5,0.53665
90,571.75,336.25,16.5,33,0.53635
90,27.75,374,13.5,26.75,0.53612
90,424.75,391.75,12.25,24.25,0.53511
90,21,364.25,14.75,29.5,0.535
90,182.75,380.5,13,26,0.53499
90,275.5,359.5,17.5,35,0.53475
90,220.5,363.5,14,28,0.53472
90,415,99.25,13.5,27,0.53462
90,309.5,363.75,14,28.5,0.53406
90,116.25,381.5,13.75,27.5,0.53397
90,283.75,414.25,13.25,26.75,0.53393
90,596.25,377,15,29.75,0.53353
90,130.75,144.25,11.75,23.75,0.53295
90,548.25,370.75,15.25,30,0.53257
90,197.5,361.5,14.5,28.75,0.53215
90,557,102.25,12.5,25.25,0.532
90,253.75,318.5,13.25,26.75,0.53183
90,350.25,345.75,15,30,0.53178
90,260,408,16.25,32.25,0.53156
90,509.5,323.5,13.5,27,0.53151
90,365.5,226.5,14.5,29.25,0.53146
90,340.25,393.25,15.75,31.25,0.53145
90,157.25,364.25,13.75,27.25,0.5313
90,578,215,12.5,25,0.53118
90,44.75,376,12.75,25.75,0.53097
90,263.25,60,12.75,25.75,0.53092
90,51.75,393.25,15.25,30.75,0.53059
90,588,334.5,15.5,31.25,0.53051
90,214.25,73.25,12.5,25,0.53012
120,515.75,367,16.75,33.25,0.57618
120,180.75,429.25,14.25,28.5,0.5571
120,94,401.5,12.75,25.5,0.55692
120,580,296,12.75,25.25,0.55565
120,238.5,431,13.25,26.25,0.55384
120,429,374.5,13.75,27.75,0.55305
120,292.75,313,16.75,33,0.55098
120,459.25,59.75,16,32,0.55023
120,295.75,179.5,21.75,43.75,0.54902
120,44.75,410.75,12.25,24.5,0.54853
120,119.5,392,12.25,24.75,0.54843
120,391.5,352.25,12.25,24,0.54722
120,461.5,341.25,13.25,26.25,0.54646
120,462.5,194.25,32.25,64.25,0.54643
120,403.75,384,15.5,31,0.54563
120,461.75,106.75,13.25,26.5,0.54541
120,317.75,269,12.75,25.25,0.5451
120,390,337,13.75,27.75,0.54504
120,213.75,372.75,13,26.25,0.54455
120,406,338.25,13.75,27.5,0.54434
120,419.75,374.25,13.25,26.5,0.54346
120,492.75,354.25,15.25,30.5,0.54293
120,118,77.25,13,26.25,0.54279
120,531.75,360,12.75,25.75,0.54221
120,445,397.75,13.5,27.25,0.54221
120,381,283.75,14.75,29.5,0.54217
120,396.25,282.75,15.25,30,0.54207
120,389.25,277.25,13.75,27.5,0.54184
120,309.25,297.5,13,25.75,0.54116
120,332.5,411,15.25,30.5,0.54088
120,405,405.5,13.75,27.5,0.54079
120,604.25,331.25,15.25,30.5,0.54065
120,419.25,117.5,18.25,36.25,0.54037
120,324.25,263.25,16,32,0.54016
120,470.5,381,12.75,25.75,0.5398
120,412.25,382.5,14.25,28.5,0.53978
120,529.5,231.75,35,69.5,0.5391
120,298.75,393.25,19.5,38.75,0.53896
120,587.25,303,17.5,35.25,0.53818
120,508.5,379.25,15,30,0.53817
120,451.75,415.5,16.25,32.5,0.53798
120,117,391.75,12.5,25,0.53679
120,292.5,405.75,14,27.75,0.53677
120,370.75,230,11.75,23.25,0.53651
120,515.5,153,15.25,30.25,0.53589
120,500.75,385.75,15,29.75,0.53548
120,620.25,368.5,12,24,0.53541
120,151.25,391.5,12.75,25.75,0.53502
120,146.75,134.75,12.5,25.25,0.53484
120,284.75,384,16,32,0.53482
120,35.75,117.25,12.75,26,0.53408
120,533.75,227.5,20,39.75,0.53365
120,508.25,99,88,176,0.53282
120,309.25,383.75,14.5,29,0.53261
120,547.5,227.25,13,25.75,0.53188
120,484,348.25,15.75,31.75,0.53161
120,334.5,312.25,14.25,28.5,0.53155
120,397,404.25,15,30.25,0.53143
120,243.75,359.75,16.75,33.25,0.53139
120,395,50.25,18.25,36.5,0.53125
120,483.75,343,12.75,25.5,0.53099
120,435.25,384,16.75,33.25,0.53096
120,452.5,350.25,13.75,27.5,0.53088
120,515.5,101.75,19,38.25,0.53082
120,148.5,171,14.75,29.25,0.53063
120,142,389.75,13.5,27,0.53047
120,268.5,378.75,15.75,31.25,0.53032
120,134.75,16,11.5,23,0.53016
150,539.75,384.75,16.25,32.5,0.57741
150,316.5,434.5,15,30,0.56784
150,348.5,72.25,13,25.75,0.56363
150,149.75,413.5,13,26,0.56257
150,515.75,415.5,15.75,31.5,0.55522
150,443.75,428.5,13.25,27,0.55501
150,316.75,31,15.25,30.5,0.55347
150,213.75,359.5,13.25,26.75,0.55243
150,579.25,412.75,14.5,29,0.55195
150,501,416.75,13.25,26.25,0.55158
150,436,335,17,33.75,0.55093
150,524,434,13.5,27,0.55069
150,372,419,13.5,27.25,0.54899
150,124.25,386.25,15,29.75,0.54884
150,237,384.25,12.5,25,0.54605
150,268.5,348.5,14.5,29.25,0.54597
150,572.25,410.75,13.75,27.75,0.54504
150,58,314.25,21,42,0.54431
150,228.5,336.75,15.75,31.25,0.54389
150,435.75,411.25,14.5,29.25,0.54313
150,276.75,346.5,15.5,31,0.54299
150,1.5,113.25,17,33.75,0.54283
150,212,410.75,15.25,30.5,0.54195
150,285,363.25,13.75,27.5,0.54165
150,141,232.75,20.5,41.25,0.5412
150,562.5,249.25,11.75,23.75,0.54104
150,212.5,104.75,12,24.25,0.5409
150,165.25,383.5,13,26.25,0.54061
150,221,419,15,30,0.54005
150,324.75,349.25,15,30.5,0.53995
150,547.25,384,16.5,32.75,0.53932
150,556.5,388.5,14.5,28.75,0.53897
150,268.75,299.25,14.5,29,0.5388
150,525.25,348.5,13.25,26.5,0.53856
150,132.75,300.25,13,26.25,0.53834
150,360.25,317.25,19,37.5,0.53827
150,212.5,332.5,16.25,32.75,0.53813
150,581.5,428,13.5,26.5,0.53749
150,371.25,320,19.5,39,0.53738
150,294,365,14.5,28.75,0.5371
150,412.25,236.5,12.25,24.25,0.53682
150,581,291,14.25,28,0.53671
150,2.75,131.25,15,30.25,0.5367
150,438.5,281,13.5,27,0.53642
150,414.25,354,15.25,30,0.53638
150,395.5,430.25,16.75,33.25,0.53633
150,508.25,412,13.25,26.5,0.53629
150,536,42.25,22,44,0.53627
150,494.75,110,16.25,33,0.53627
150,344,342,13.75,27.25,0.5362
150,141.5,326,14.25,28.25,0.53613
150,461.25,380.75,13.25,26.5,0.53562
150,180,408,16.75,33,0.5356
150,285.25,299.75,13.75,27.5,0.53507
150,350.75,340,14.25,28.25,0.53494
150,275.25,425.75,18.25,36.5,0.53476
150,276.5,280.5,12.25,24.5,0.53435
150,43,316.75,16.75,33,0.53413
150,260.25,367.25,16.5,33,0.53411
150,415.75,135,12.5,25,0.5336
150,293.5,396,13.25,26.5,0.53345
150,468.5,359.25,12.5,25,0.53332
150,365.5,431,12.5,25.25,0.53324
150,44.75,335.25,13.25,26.5,0.53296
150,133,402.5,15.25,30.75,0.53287
150,154.75,335,17.75,35.25,0.53287
150,604.5,435,14.5,29,0.53252
150,183,356.25,12.25,24.5,0.53236
150,189.75,402,13.5,27,0.53222
150,269,415,13.5,27,0.53212
150,260.5,316.75,15.5,31,0.5317
150,12.25,300.75,15.75,31.25,0.53168
150,268.5,323.75,15.75,31.25,0.53166
150,480,409.5,19.5,39,0.53164
150,150.25,329,12.5,24.75,0.53163
150,540,403.25,14.75,29,0.53121
150,502.25,135.5,12.5,25.25,0.53119
150,300,443.75,13.5,27,0.53108
150,52.75,309,11.5,23,0.53108
150,236.5,432,13.25,26.5,0.53103
150,220.75,321.5,12.5,25.25,0.53059
150,442,158.75,25.5,51.5,0.53046
150,340,58.5,18,36,0.53038
150,204.5,361.75,15.5,30.75,0.53018
150,561.75,391.75,12.75,25.75,0.53017
150,197,362.5,15,30,0.53001
180,-3.25,136,26,52.25,0.55685
180,606,432,12,24,0.55673
180,141.25,372,14.25,28.25,0.55557
180,262.25,324.75,13.25,27,0.55526
180,124.5,377.5,15,30.25,0.55414
180,259.5,365.5,17,34,0.55322
180,183,336,13,26,0.55269
180,59.5,312.5,17.75,35.5,0.55174
180,364,348.75,13,26.25,0.55027
180,420.5,318.25,16.75,33.75,0.54831
180,517,423.25,13,25.75,0.54691
180,413.75,404.5,14.5,29,0.54478
180,76.75,328.5,12.75,25.5,0.54451
180,516.25,352,14,28,0.54239
180,609.25,29.25,34.5,69.25,0.54217
180,285.25,330,12.75,25.25,0.54203
180,411.5,346,15.75,31.5,0.54203
180,559.75,90.25,93.5,187.5,0.54114
180,181,428,13.5,26.5,0.5406
180,307.25,364,18.25,36.75,0.54014
180,556,285.75,13.5,26.75,0.54013
180,503.5,410,12.75,25.75,0.53971
180,567.75,283,13,26,0.53901
180,460.25,342,14.75,29.75,0.53896
180,253.25,411.25,14.5,29,0.53839
180,389.5,357.5,13.25,26.75,0.53753
180,246.25,417,12,24,0.5375
180,582.5,208.25,13,26,0.5372
180,429.5,368.75,15,30.25,0.53668
180,357.25,311.25,13.25,26.5,0.53615
180,588.75,314.5,11.75,23.75,0.53579
180,276.25,360.5,12,24,0.53518
180,141,354.5,15,30,0.53515
180,67.5,314.75,15,30,0.5348
180,148.5,370.75,15.25,30.25,0.53478
180,92.25,302.75,13.75,27.25,0.53475
180,324.25,312.75,15.5,31,0.53412
180,294.75,359.75,12,24.5,0.53388
180,369.5,331.75,17.25,34,0.53379
180,36,397.25,16,32,0.53364
180,493.25,324.75,13.5,27.25,0.53351
180,109.25,398,13.5,27.25,0.53346
180,51.5,317.5,16.25,32.25,0.53337
180,405,418,14.25,28,0.53331
180,411.75,319.25,16,32,0.53326
180,298,283,15.5,30.75,0.53305
180,404,351,12.75,25.25,0.5328
180,134.5,334.5,13.25,26.75,0.53276
180,356,255,12.5,25,0.53272
180,287.75,367.25,13,25.75,0.53263
180,316.5,307,16,32.25,0.53208
180,428.5,188.5,13.25,26.25,0.53175
180,51.75,378.75,15.5,30.75,0.53168
180,486,332,13.25,26.75,0.5314
180,559,230.5,13,26,0.53132
180,500.25,38.5,18.25,36.25,0.53097
180,59.75,347.25,17.25,34.25,0.53092
180,277.25,364.5,14.5,28.75,0.53059
180,484.5,361,12.5,25,0.53055
180,104.25,108.25,12,24,0.53026
180,401.75,135,12.5,25.25,0.53026
180,467.5,424.25,16.5,32.75,0.53024
210,172.75,363.5,15.5,31,0.57352
210,156.25,362.75,14.75,30,0.56661
210,516.25,426.5,15.25,30.5,0.56498
210,123,389,15.5,30.75,0.5628
210,204.75,395.75,14.5,29,0.5591
210,363.75,407.5,12.75,25.25,0.55375
210,28.75,415.25,14.25,28.75,0.5504
210,164.75,365.5,14.75,29.5,0.55002
210,611.5,60.25,31.25,62.5,0.54995
210,571.75,185,14.75,29.5,0.54699
210,445,368.25,12.25,24.5,0.54539
210,359.75,408.25,12.5,24.75,0.54491
210,385.75,26.25,14.5,28.75,0.54389
210,156.5,434.5,12.75,25.25,0.54368
210,204.75,307.25,14.5,28.75,0.54359
210,181.75,360,12.75,25.25,0.54351
210,148.25,373.5,15,29.75,0.54339
210,364.75,336.5,16,32,0.54266
210,131.5,385.25,17,34.25,0.54248
210,252.5,425.5,16,32,0.54204
210,380.5,417.75,15.5,30.5,0.54162
210,29,401.75,15,29.75,0.54121
210,156,319.5,12.5,24.75,0.54115
210,317.5,252.75,13.5,26.75,0.54037
210,260,364.5,15,29.75,0.53977
210,133.5,283.75,13.5,27.25,0.53927
210,404.25,188.5,12,24,0.53843
210,139,384,17.25,34.75,0.53814
210,77,127.75,13.5,26.75,0.53809
210,-3.75,140.25,32,64,0.53741
210,400,289.5,20,40,0.53738
210,350.75,413,19.5,38.5,0.53729
210,477.25,336.25,13.25,26.25,0.53712
210,389.25,412,14,28.25,0.53688
210,212.75,330.75,14.25,28.5,0.53664
210,408.75,125.5,16.25,32.5,0.53638
210,188,390.75,16.25,32.75,0.53605
210,369.25,317.75,23.5,46.75,0.5353
210,420,16.5,17,33.75,0.53498
210,370.5,408,12,24.5,0.53489
210,617,21.25,24.75,49.25,0.5346
210,159.25,412.25,14.5,29.5,0.53431
210,312,78,14.5,29.25,0.53392
210,485.25,348.75,13.25,26.75,0.53389
210,498.75,386.25,15.25,30.25,0.53368
210,44.75,350,13.25,26.75,0.53349
210,533.75,431.75,13,25.75,0.53348
210,547.25,307,15.75,32,0.5334
210,402,324.75,19.25,38.25,0.5329
210,2,124,13.25,26.75,0.53243
210,501.5,428.5,14,28,0.53229
210,28.25,383,12.25,24.5,0.53219
210,399.25,282.25,12.25,24.75,0.53209
210,115.5,287.75,15,30.5,0.53181
210,311,256.75,13.5,26.75,0.53158
210,376.75,315.5,13.75,27.5,0.5313
210,220.25,370.75,15,30.25,0.53112
210,564.25,289.25,16,32,0.5311
210,352.25,344.25,11.75,23.5,0.5311
210,205.75,331.5,13.25,26.75,0.53099
210,165.75,97.25,17.5,35,0.53068
210,390.25,92.5,14,28,0.53031
210,140.75,379.75,15.25,30.25,0.53002
240,83.75,316.75,15.5,31,0.55691
240,308.75,281,16,31.75,0.55489
240,244.25,329.25,15.5,31,0.55445
240,420.25,330.75,15.5,31.5,0.5538
240,611.25,337.25,15.25,30.5,0.55373
240,278.5,412.5,13,26,0.55354
240,21,334.25,14.5,29.25,0.55254
240,375.25,406.75,13,26,0.54845
240,411.25,315.25,17.75,35.5,0.54754
240,549.75,273.25,13.75,27.25,0.54715
240,551.25,435,13.25,26.25,0.54592
240,596.75,330.25,14,28.25,0.54522
240,140,362,12.25,24.25,0.54518
240,131,362.25,18.5,37,0.5451
240,181.25,316.75,13.75,27.5,0.54427
240,340.5,285,15,30,0.54344
240,443.5,435,13.5,27,0.54305
240,333.25,412.5,14,28.25,0.54297
240,116.75,333.75,15.75,32,0.54279
240,20,304.75,16.75,33.5,0.54256
240,248.5,9.75,11.5,23,0.5423
240,460.25,335.5,13,26.25,0.5418
240,269,316.75,13.75,27.25,0.54126
240,445.25,336.25,14,28,0.54116
240,157.5,415.75,12.25,24.75,0.54086
240,317.75,326.25,13,25.75,0.54086
240,156,364.25,16.5,33.25,0.54031
240,327.75,244.5,13.5,26.75,0.54022
240,500.5,394.5,14,27.75,0.54018
240,197.5,394.75,14,28,0.54005
240,212.75,444.5,14.25,28.75,0.54004
240,492.5,393,16.25,32.25,0.53994
240,572,346,15.75,31.25,0.53972
240,117.5,361.75,14.25,28.5,0.53908
240,508,413.25,15.75,31.5,0.5387
240,259.25,403,15.75,31.25,0.53864
240,467.75,395,14.25,28.25,0.53863
240,315.25,244.25,13.5,27,0.53852
240,378.75,377.25,16.25,32.25,0.53814
240,84.25,394.75,16.75,33.5,0.53809
240,540,232.25,13,26,0.53778
240,380.5,120.75,12,24,0.53725
240,347.75,283.75,15.5,31.25,0.53685
240,93.75,140,13.75,27.5,0.53676
240,404,431.5,16.5,33,0.5366
240,237,423.25,17.25,34.75,0.53659
240,484.25,379.5,13.25,26.25,0.53641
240,573.25,11.75,15,29.75,0.53627
240,29.25,359.5,15.25,31,0.53605
240,28.5,289,15.5,30.5,0.53493
240,300.75,395.5,13,26,0.53485
240,60.25,327.25,16.75,33,0.5347
240,294,305.5,14.5,29,0.53446
240,580.25,288.5,15.75,31.5,0.53437
240,574,245.5,12.75,25.5,0.53416
240,383,271,13,26,0.53412
240,51.75,394.5,15.75,31.5,0.53399
240,460.5,343.75,13.25,26.5,0.53397
240,603.75,331.75,16,32.25,0.53377
240,131.5,429,17,34,0.53368
240,282.25,30,24,48.25,0.5336
240,229,415.5,15.25,30.5,0.53341
240,26,146.5,13.5,27.25,0.53338
240,461.5,443.5,13.25,26.25,0.53309
240,151.75,89.75,21,41.75,0.53296
240,572.5,444.25,13.75,27.75,0.53282
240,212.75,378.5,14.75,29.75,0.53255
240,373.75,310.5,13.25,26,0.5319
240,603.75,321,16.25,32.25,0.53181
240,436.5,416,13.75,27.5,0.53162
240,452.25,424.25,15.5,31,0.53153
240,538.75,429,11.5,23,0.53122
240,180.5,295,13.75,27.5,0.53121
240,405.25,304.25,14.5,29,0.5307
240,299.5,373.25,24.25,48.25,0.53052
240,444.75,344,14.5,29,0.53043
240,336.75,89.75,14.75,29.5,0.53031
240,459.5,302,12.5,24.75,0.53021
240,302.5,444.75,12,23.75,0.53014
240,552.5,336.5,12.25,24.5,0.5301
270,116.75,415,15,29.75,0.57854
270,492.75,396.25,14.5,28.75,0.57687
270,205,21.5,14,28.5,0.5737
270,84.75,268.5,14.5,28.75,0.56574
270,140.25,415.75,12.75,25.5,0.56329
270,156.75,367,13,26,0.55996
270,564.5,320,15.5,31.25,0.55901
270,213.5,435.25,14,27.75,0.55566
270,396.5,421.25,14.75,29.5,0.55449
270,450.5,386.25,12,24,0.55447
270,316.75,340.5,14.5,28.5,0.55439
270,135,82.25,24,47.5,0.55092
270,172.75,379.25,14.75,29.5,0.55027
270,565,332,13.5,27,0.55024
270,116.5,403,15.25,30.75,0.54966
270,357.75,328,12.75,26,0.54966
270,85,364.5,15,29.75,0.54828
270,156.25,418,15.25,30.25,0.54822
270,196.25,340.5,14,28,0.54815
270,437.25,401,15,30,0.54758
270,548.5,304.75,12,23.75,0.54723
270,532.5,437,14.5,29.25,0.54562
270,356.5,302.75,16.25,32.75,0.54481
270,310.75,332.75,13.25,26.5,0.5445
270,141.75,365,13,26,0.54409
270,-6,83.5,48.5,97.25,0.54209
270,324.25,365,17,34.25,0.5418
270,565.75,305.5,15.75,31.5,0.54125
270,476.75,427.75,14.25,28.75,0.54109
270,561.75,111,18.75,37.75,0.54107
270,320.25,324.75,11.75,23.5,0.54102
270,612.25,391.5,12.5,25,0.54099
270,124.5,254.25,15.25,30.25,0.54085
270,172.5,302.25,13.5,26.75,0.54072
270,444.25,338.25,12,24,0.54068
270,212.5,20.5,13.75,27.75,0.54058
270,204.5,359.75,15.5,31,0.54045
270,412.25,411,13.5,27,0.54025
270,220.5,283.75,15.5,31.25,0.54022
270,69.25,303.75,15,29.75,0.53999
270,165,299.5,14.5,29,0.53958
270,148.5,105,12,24,0.539
270,412.5,433,13.25,26.25,0.53848
270,413.5,449,12.75,25.5,0.53831
270,147,424,17.5,35,0.53817
270,237,287.5,23.5,46.75,0.53783
270,451.5,87.75,13.25,26.5,0.53717
270,503.25,439,12.75,25.75,0.53715
270,555.75,322.25,16.5,33,0.53707
270,156.5,407.75,11.75,23.5,0.53694
270,516,428.25,15,30,0.53651
270,525,445,13.5,27,0.53651
270,197.25,297,13.5,27.25,0.5365
270,298.25,10,31.25,62.75,0.53601
270,116.75,313.25,14.75,29.25,0.53596
270,228.75,432,16,32.25,0.53565
270,220.25,432.75,16,31.75,0.53556
270,302.75,332.75,14.25,28.25,0.53555
270,181,308.75,13.5,27,0.53553
270,284.25,309.25,13,26,0.53527
270,108,308.5,15.75,31.5,0.53518
270,300.5,442.5,15.25,30.25,0.53509
270,58.5,246,29.25,58.75,0.53478
270,236,296,12.75,25.75,0.53452
270,99.75,336.5,15.75,31.5,0.53446
270,291.75,426,15.75,31.5,0.5341
270,276,295.75,12.25,24.75,0.53397
270,542.5,67.5,40.5,81,0.53358
270,325.5,268.25,13,26,0.53352
270,35.75,146.25,12.75,25.25,0.53319
270,309.75,441.5,12.75,25.75,0.53291
270,119.5,82,22,44,0.53271
270,603.5,380.75,16.25,32.75,0.53236
270,565.25,183.25,13.25,26.25,0.5323
270,187.25,292,17.5,35.25,0.53208
270,509.75,417.75,13.25,26.5,0.53206
270,285.25,96.75,14.25,28.25,0.53193
270,19.5,262.25,18,35.5,0.53173
270,368,75,12,24,0.53169
270,427.75,386.25,15,30.25,0.53165
270,390.25,304,17.25,34.75,0.53157
270,509.25,413.75,14,27.75,0.53157
270,436.5,384.75,12,23.5,0.53143
270,588.5,301.75,13.75,27.75,0.53115
270,437.5,328.75,12,24,0.53104
270,532.75,443,14.25,28.5,0.53103
270,237.25,351.75,20.5,40.75,0.53086
270,372,419.75,15,29.75,0.53077
270,275.75,13.75,15,30.5,0.53068
270,428.25,431.75,12.25,24.75,0.53054
270,268.75,242,11.5,23,0.53049
270,412.5,301.25,11.75,23.75,0.53047
270,107.25,431.25,16.75,33.25,0.53042
270,401.75,57.5,12.75,25.25,0.53027
270,155.75,444,16.75,33.25,0.53023
300,267,291.75,13,26,0.56626
300,148.75,283,14,28,0.55622
300,121,68.25,26.75,53.75,0.55602
300,411.75,398.75,17,33.75,0.55472
300,355.75,337.5,12.5,24.75,0.55445
300,293.5,400,13.25,26.5,0.55331
300,364,385.25,16.75,33.5,0.5494
300,460.5,248.25,12.75,25.5,0.54917
300,596.75,354.75,14.5,29,0.54883
300,284.75,359.25,14.5,28.75,0.54848
300,141.25,418.75,14.75,30,0.54829
300,247,345.25,12.75,25.5,0.54651
300,140.75,387,14.75,29.25,0.54543
300,307.75,422.75,17.5,35.25,0.54537
300,435.25,435,17.5,34.75,0.54453
300,548.5,357.5,13.75,27.25,0.54432
300,455.5,73,15.25,30.25,0.54426
300,341.75,375.25,13.25,26.25,0.54409
300,403.75,398.75,16.75,33.25,0.54319
300,468.25,432.5,16,32.5,0.54189
300,461,438.5,13.5,26.75,0.54156
300,103.5,70,25.25,50.75,0.54154
300,230.25,355.25,12.75,25.25,0.54142
300,229.25,4,15.25,30.75,0.54109
300,371.5,333.5,17.75,35.5,0.54075
300,388.5,393.25,16.75,33.25,0.54045
300,60.5,416,14.75,29.5,0.54015
300,357,380.5,14.5,28.75,0.53913
300,252,3.75,13,25.75,0.53873
300,317.5,342.75,13.5,27,0.53859
300,503,320.25,12.5,25.25,0.5382
300,412.5,312.75,11.75,23.5,0.53807
300,565.25,359.5,13,26,0.53799
300,397.75,125.25,12.5,25,0.53794
300,293.75,255,15,30,0.53751
300,459.25,102.75,13,26,0.53744
300,204.25,337.25,12.5,24.75,0.53718
300,165,267,14,28,0.53714
300,260.25,341,14.75,29.75,0.53604
300,204.75,280.75,14.5,28.75,0.53591
300,261,359.5,15,29.75,0.53553
300,454.25,49.5,13.75,27.25,0.5352
300,259,306,17.25,34,0.5346
300,533.5,287.25,13.75,27.5,0.53451
300,-2.25,128,17.25,34.25,0.53368
300,86.25,242,13,26,0.53367
300,220,14.5,17,33.75,0.53358
300,332.25,336,16.25,32.5,0.53357
300,100.75,401.5,14.25,29,0.5334
300,533.75,359.5,12.75,25.75,0.53283
300,-7.25,152.25,60.5,121,0.53268
300,277,340.25,14.5,29,0.53253
300,411.5,344.75,16.25,32.25,0.53224
300,54,372,13.75,27.25,0.53217
300,93,391.5,12.5,25.5,0.53187
300,421.25,413.75,13.75,27.25,0.53178
300,317.5,425.75,13.25,26.5,0.53176
300,364.25,336.75,12,24.25,0.53173
300,23.75,440.25,12,24,0.53166
300,450.25,382,17.5,34.75,0.53165
300,38.25,28.25,12.5,25,0.53144
300,460.75,382.25,13.75,27.25,0.53133
300,166.25,248.5,12.25,24.5,0.53099
300,394.75,83.5,16.25,32.75,0.53095
300,456.75,83.25,17,34.25,0.53075
300,51,395.75,17.25,34.25,0.53067
300,316.25,399,16.25,32.5,0.53044
300,57.75,82,12.75,25.5,0.53012
300,28.5,311.75,12.25,24.25,0.53009
300,397,135,13.75,27.25,0.53001
330,172.25,334.5,12.25,24.75,0.55228
330,260.25,347.5,16,31.5,0.55217
330,326.25,377.25,12.75,25.75,0.54915
330,279.75,2.75,12.5,25.25,0.54903
330,229.5,6.75,14,27.5,0.54508
330,284,61,17.5,35,0.54463
330,102.25,399,12.75,25.75,0.54433
330,588.5,302.75,13,25.75,0.54422
330,330.5,349.75,18.25,36.25,0.54409
330,452.25,378.25,15,29.75,0.54404
330,357.75,294.75,12.75,25.5,0.54361
330,206.25,407.5,19.5,39,0.54303
330,95,99.75,14.5,29,0.54296
330,236.75,27.75,14.25,28.25,0.54214
330,277.5,434.5,14,28.25,0.54209
330,228.5,11.25,15.75,31.75,0.54098
330,349,290.25,15.25,30.5,0.54066
330,68.5,118.5,12,24,0.54055
330,262.5,413.5,13,26,0.53966
330,260.75,56,16,31.75,0.53881
330,342,295.75,13.25,26.75,0.53837
330,294.75,264,11.75,23.25,0.53773
330,64.25,50.5,11.75,23.75,0.53753
330,547.75,356.25,15,29.75,0.53741
330,627.25,100.5,13.75,27.5,0.53707
330,94.25,92.25,15.5,31.25,0.53702
330,278,77.75,13,26,0.53699
330,236.25,430,16.5,33,0.53692
330,62.75,265,11.5,23,0.53691
330,12.5,79.75,41.5,83,0.5367
330,252.5,28,12.25,24,0.5366
330,623.75,17,17.75,35,0.53597
330,156,360.25,12,24,0.53573
330,363.75,427.75,13.75,27.25,0.53565
330,578.25,290,14.25,28.5,0.53561
330,291.25,432.5,15.75,31.5,0.53541
330,340.25,428.25,14.75,29.25,0.53532
330,598.25,316.5,12.75,25,0.53504
330,133.25,373.5,14,28,0.53489
330,320,376.5,12.25,24.75,0.53484
330,333.75,372.25,14.5,29.5,0.53471
330,336.75,402.5,25.75,51.5,0.53448
330,503.5,249.75,13.75,27.5,0.53367
330,312.75,352.5,24,47.75,0.53341
330,366,265.75,13.5,26.75,0.53309
330,229.25,422.5,14,28.25,0.53292
330,29.25,406.5,13.75,27,0.53253
330,503,47.5,14,28,0.53246
330,172.25,304.25,12.75,25.5,0.53228
330,280,13.25,12,24,0.53215
330,324.5,394.75,13.25,26.25,0.5321
330,220.25,1.5,15.75,31.5,0.532
330,556.25,325.5,13.25,26.5,0.53183
330,380.25,34.25,12.75,25.75,0.53179
330,268.5,346.25,14,28.25,0.53168
330,556.5,302.25,12.75,25.5,0.53158
330,596.25,339.25,13,25.75,0.53155
330,252.25,28.75,17.75,35.5,0.5313
330,479.75,262,12,24,0.53127
330,189.5,209.5,13.25,26.75,0.5312
330,85.75,412.5,14.5,29,0.53111
330,357.5,341,13.5,27.25,0.53041
330,284.25,60,12.25,24.5,0.53017
330,445.5,358,13,26,0.53015
360,244.75,386.75,15.25,30.5,0.55796
360,284.75,358.75,13.75,27.5,0.55554
360,564.5,371.5,14.5,29,0.5535
360,149.75,368.25,13.25,26.5,0.55237
360,102.5,394.75,13,26,0.5521
360,504.5,272.5,11.75,24,0.55151
360,295.75,260,12.25,24.75,0.54772
360,426.75,439,12.75,25.25,0.5476
360,290,336.75,12,24.25,0.54758
360,582.75,328.5,12,24,0.54575
360,52.75,299.25,14.25,28.75,0.54396
360,91.75,302.25,16.75,33.25,0.54391
360,341.75,299,13.25,26.25,0.54373
360,141.5,412,14.5,29.25,0.5436
360,76,312,14.25,28.25,0.54328
360,283.75,66.75,13,25.75,0.54322
360,301.5,275.75,14.75,29.5,0.54161
360,604,274.5,12,24.25,0.54096
360,151.25,321.5,13,25.5,0.54076
360,205.75,437.75,13.75,27.5,0.54072
360,117,391,14.5,29,0.54065
360,548.25,266.25,12,24,0.53975
360,251.5,270.5,14,28,0.53963
360,260.75,387,14.5,29.25,0.5395
360,60,365.75,14.75,29.5,0.53927
360,295.75,441.5,12.5,25,0.537
360,302.75,131.75,40,80,0.53682
360,185.25,195.75,25,50,0.53659
360,588.75,376.5,12.25,25,0.53622
360,236.75,44.75,11.5,23.25,0.53611
360,625.5,178.25,15.25,30.5,0.53587
360,455,405.5,13.5,27.25,0.53577
360,195.75,271.75,18.75,37.5,0.5355
360,69.5,327.5,14.5,28.75,0.53461
360,381.75,416,12.75,25.25,0.53457
360,35.75,255,12,24,0.53455
360,430.5,435.5,14.5,28.5,0.53415
360,214.5,290.5,12.5,24.75,0.53399
360,141.5,391.75,12.5,25,0.53358
360,44,275.5,14.25,28.5,0.5334
360,37.5,299.75,13.5,27,0.53329
360,463.5,407.5,12.5,25,0.53313
360,260.5,247,12.5,25,0.53292
360,23,32.75,20.75,41.75,0.53281
360,20,282.75,14.25,28.5,0.53244
360,132.75,116.25,13.5,26.5,0.53191
360,278.5,297,12,24,0.53189
360,342.25,273.5,13.75,27.75,0.53164
360,34.75,271.5,16.25,32.25,0.53132
360,397,440,14.25,28.75,0.53076
360,428.5,410.25,19.5,38.75,0.53064
360,532.75,23,16.5,32.75,0.53047
360,348.5,437,13,26.25,0.5304
360,508.25,88.5,12.5,25.25,0.53033
360,220.75,51.75,11.5,23.25,0.53028
360,124.25,304.75,12.25,24.5,0.53021
360,502.75,276,33.5,67,0.53016
390,163.75,369,16,32.25,0.56218
390,532.5,287.5,16.75,33.5,0.54805
390,404.25,423.25,12.5,25,0.54733
390,483.5,319.75,15.25,30.75,0.54682
390,284,275,17,34,0.5463
390,292.25,332.5,14.75,29.75,0.54562
390,293.25,440.75,13,26.25,0.54305
390,11.75,166,14.25,28.25,0.54297
390,533.25,387.25,13.5,27.25,0.54276
390,533.5,316.5,13.5,27.25,0.54241
390,357.5,316,13.75,27.25,0.54084
390,516.5,335.75,15.5,31,0.54052
390,301.75,15,13.25,26,0.54038
390,548.5,403.75,14,28.25,0.54027
390,69,401.25,15,30.25,0.54022
390,547.25,304,16.5,32.75,0.53961
390,68.5,384.25,14.75,29.75,0.53952
390,92.75,395.75,14.25,28.5,0.53951
390,597.75,283.25,14.5,28.75,0.5394
390,172.75,353.25,15,29.75,0.53927
390,595,368,16.5,32.75,0.53882
390,596.25,384.75,15,30.25,0.53874
390,47.75,24.25,37,73.5,0.53841
390,123.75,397.75,16.75,33.25,0.5378
390,188.25,391.5,13.5,27.5,0.53764
390,476,433,14,28,0.53732
390,131.25,397.75,17.25,34.75,0.53728
390,516.5,312.75,14.5,29,0.53726
390,148.75,359,14.5,29.25,0.53693
390,275.25,405.5,14.75,29.25,0.5365
390,116.25,261.25,15.5,31,0.53505
390,419,121,18.25,36.5,0.53502
390,220.75,436,13.25,26.5,0.535
390,76.75,403.75,15.5,31,0.53472
390,219.75,17.25,17.25,34.75,0.53463
390,572.25,336.25,15,30,0.53453
390,146.5,317,12.5,25,0.53447
390,132.5,364.75,13,26.25,0.53426
390,-18,61.75,147.5,295.25,0.53412
390,52.5,368.5,14.25,28.75,0.53411
390,31.5,67.5,30,60.25,0.53374
390,113.75,73.5,13,26,0.53371
390,509.5,304.25,14.5,29,0.53365
390,248.75,381.75,17.75,35.5,0.53305
390,261,411.5,14.75,29.75,0.53257
390,325.25,269.5,15.5,30.75,0.53251
390,86,383.25,13.75,27.75,0.53051
390,431.25,429,14,28,0.53047
390,152.75,415,11.5,23,0.53044
390,443,7.5,13.75,27.25,0.5304
390,117.75,271.25,13.5,26.75,0.53036
390,156,378.25,14.75,29.5,0.53033
390,502.75,286.75,13.25,26.25,0.53024
390,174,383,13.75,27.75,0.53018
390,539,317.25,17,34,0.53012
420,540,339.5,14,28,0.56662
420,547.75,319.25,16.5,32.75,0.55369
420,0.5,66,12.75,25.25,0.55107
420,523.25,38.5,12.5,25,0.54885
420,603.5,396.75,15.75,31.75,0.54822
420,525,373.5,13.75,27.5,0.54668
420,338.75,440.75,12,24,0.54561
420,127.25,303.25,15,30,0.54395
420,230.5,13.75,12.5,25,0.54339
420,581.25,435,14.25,28.75,0.54335
420,432.5,276.25,12.25,24,0.54329
420,516.25,348.5,14.5,29.25,0.54291
420,432.75,105.25,18.75,37.25,0.5412
420,260.25,380,14,28,0.54089
420,572.5,378.75,14.5,29.25,0.53975
420,534,324.25,13,26.25,0.53893
420,462,299.75,13.5,27,0.53797
420,184,425,12,24.5,0.53782
420,536,225.5,13,26.25,0.53768
420,135.75,187.75,33.25,66.25,0.53724
420,428.5,400.75,12.75,25.25,0.53653
420,188.75,403.5,13.5,27,0.53639
420,301.25,246.5,25,50,0.53636
420,374.75,395.25,11.75,23.25,0.53573
420,355.5,413.75,14,28.25,0.535
420,235.75,20.5,21.25,42.5,0.53416
420,533,341,14,28.25,0.53384
420,396.75,343.25,13.25,26.75,0.53344
420,607,118,37.75,75.75,0.5334
420,290.5,119.75,47.5,95,0.53305
420,52.75,334.75,13.75,27.25,0.53238
420,235.5,438,13.5,26.5,0.53236
420,300.75,424.75,12.25,24.75,0.53208
420,326,385.75,29.75,59.25,0.53206
420,54.25,89.5,13,26,0.5318
420,128.75,89.75,11.75,23.25,0.5317
420,572.5,274.25,15.25,30.75,0.5315
420,155,26.5,13.25,26.5,0.53113
420,387,334.5,13.5,26.5,0.53109
420,114.5,80.5,14.5,29,0.53091
420,276.5,446.75,12,24,0.53068
420,396.75,19,14.75,29.75,0.53047
420,475.75,306.5,12.25,24.5,0.53013
450,516.25,375.5,15,30.25,0.56322
450,533.25,395,14.5,29,0.55527
450,279.5,397.75,13.25,26.5,0.55395
450,309.5,387.5,13.25,27,0.55318
450,264.25,34,14,27.75,0.55275
450,421,235,14.25,29,0.55242
450,-1.75,144,14,28,0.55192
450,202,400.25,20.25,40.25,0.55172
450,268.75,84,13.25,26.5,0.54917
450,285,272.75,13,26,0.54913
450,259.75,415.5,17,33.75,0.54895
450,356,176.5,113.25,226.5,0.54799
450,269,57,13.5,27,0.54761
450,524.5,359,15.5,31,0.54726
450,108.5,414.25,12,24.25,0.54622
450,412.5,231.25,14.5,29.25,0.54432
450,597.5,386.75,13.75,27.75,0.54334
450,412.5,243.25,14,28.25,0.54298
450,405,234.25,14.5,28.75,0.54273
450,291.5,232.75,14.25,28.75,0.54175
450,267.75,240.25,14.75,29.5,0.54141
450,178.75,396.5,16.25,32.5,0.5408
450,441,316.75,12.5,25,0.54053
450,244,243.5,14.75,29.5,0.54049
450,174,416.25,12.75,25.75,0.53992
450,212.5,385,15.25,30.25,0.53947
450,516,368.25,13.25,26.25,0.53883
450,613.75,419.75,14.5,29.5,0.53879
450,309,230.5,14.5,29,0.53878
450,463.5,372.5,12.75,25.25,0.53772
450,284.5,254.5,15.75,31.5,0.53724
450,493.75,336.25,13.75,28,0.53684
450,564.5,343,12.5,25,0.53634
450,588.75,443,11.75,23.75,0.53613
450,612,120.5,30.75,61.5,0.53599
450,396.5,250.25,14.75,29.25,0.53583
450,51.5,357.5,16.25,32.25,0.53578
450,357.5,382.75,12.5,25,0.53573
450,131.5,355.25,15.25,30.25,0.53553
450,240.5,5,11.75,23.5,0.53544
450,260,241,16,32.25,0.53514
450,363.75,389.25,13.75,27.5,0.53509
450,368.25,385.25,14.75,29.25,0.53498
450,412.25,254.75,17.25,34.75,0.53478
450,21,299.25,14,28,0.53464
450,532.75,440,14.25,28.5,0.53445
450,533.5,359.75,13.25,26.25,0.53419
450,284.5,293,12.75,25.5,0.53405
450,516.5,331.5,14,28,0.53377
450,494,262.5,13.5,26.75,0.53374
450,252,249.25,16,31.75,0.53361
450,34.25,416,12.5,24.75,0.53355
450,490.25,249,12.25,24.75,0.53315
450,139.5,399.75,13,26,0.53293
450,61.75,222,18.75,37.25,0.53292
450,436.25,242,14.5,28.5,0.53255
450,317.75,369.5,13.25,26.25,0.53216
450,540.25,394.5,14,28,0.53214
450,549,330,14,27.75,0.53185
450,611,152.5,31.5,62.5,0.53151
450,481.75,406.75,17,33.75,0.53146
450,581.25,383.25,16.75,33.5,0.53137
450,77,384.75,14.5,28.75,0.53124
450,604,399.5,14.25,28.75,0.53107
450,454.25,246.5,13,26.25,0.53091
450,316.75,400.5,16,32,0.53073
450,296.25,417.25,12,23.75,0.53058
450,277,329.25,14,28.5,0.53051
450,596.25,365,13.5,27.25,0.53045
450,324.75,301.25,14.25,28.5,0.53033
450,13.25,79.25,12.75,25.5,0.53032
450,146,413.75,12.25,24.25,0.53032
450,351.25,408.25,12.25,24.75,0.53029
450,250.75,29.5,15.5,31.25,0.53026
480,220.75,9.75,13.5,27,0.582
480,516.5,384,14.5,29,0.56456
480,242,80.25,12.75,25.5,0.56336
480,572.5,350.25,14.5,29.5,0.55453
480,556.5,348.5,14.75,29.25,0.55153
480,412.25,384.25,13.5,27,0.5479
480,294.5,332.75,12,24,0.54677
480,92.25,388.5,14.25,28.25,0.54654
480,604.75,377.5,15,30,0.54583
480,615.25,155,26.25,52.5,0.54496
480,597.25,324.25,14.25,28.5,0.54489
480,475.5,306,12.25,24.25,0.54342
480,349.25,399.75,12,24.5,0.54176
480,313.5,259.5,22,44.25,0.54133
480,252,331.75,13.5,27,0.54119
480,404.25,397.25,15,30.25,0.54112
480,525,330.75,14,28,0.54054
480,8,34.75,29,58.25,0.53966
480,555.5,407.25,17,34,0.53951
480,260.25,434.25,16,31.75,0.53941
480,533.5,358.75,13,26,0.53924
480,572,410.25,16.25,32.75,0.53841
480,279.5,150.25,152.25,304.75,0.53811
480,203.25,9.5,13,25.5,0.53792
480,281.5,167.25,16.25,32.75,0.53787
480,82,311,12.5,25,0.5377
480,490.75,329.75,17.75,35.25,0.53752
480,175.5,92.5,68.75,137.5,0.53708
480,540.5,333.5,12.25,24.75,0.53664
480,-3.75,152.5,31.25,62.5,0.53638
480,318.25,290.25,31.25,62.25,0.53603
480,486.5,429.75,12,24.25,0.53591
480,267.75,257,12.25,24.25,0.5356
480,491,349.75,17.25,34.75,0.5355
480,100.75,285.5,13,26.25,0.53548
480,620.25,157.25,12.75,25.5,0.53541
480,506.25,397.25,18.75,38,0.53534
480,588.75,390,13.75,28,0.53516
480,100,60.75,35,69.5,0.53489
480,186.5,288.25,15.5,31,0.5343
480,524.25,408.25,15.25,30.75,0.53427
480,216.5,258.5,15.5,31.25,0.53399
480,52.25,411,13.5,26.75,0.53394
480,508.75,311,15,29.75,0.53393
480,595.5,23.75,33.75,67.25,0.53392
480,174.5,397.75,12.75,25.25,0.53375
480,424,448.75,12.5,25.5,0.53375
480,452.5,396.75,15,30,0.53365
480,300.25,314.5,12.75,25.75,0.53359
480,194.75,336.75,12,24.25,0.53341
480,48.25,235.75,12.5,25,0.53335
480,547.5,335.75,12.5,25,0.53316
480,180.75,314.25,14,28,0.53307
480,477,303.25,20,40.5,0.533
480,477.25,352,13.5,27,0.53298
480,612.5,388,15,30,0.5328
480,253.25,388.25,14.5,28.75,0.53223
480,107,97.75,16.25,32.25,0.53197
480,428.5,389.25,15,29.75,0.53188
480,321.25,312.75,37.5,75,0.53179
480,152.75,415,13.5,27.5,0.53159
480,459.25,384.75,12.75,25.5,0.53158
480,210.75,189,17.5,35,0.53143
480,398.75,412.5,14,27.75,0.53132
480,504,290.5,12.25,24.5,0.53129
480,60.75,359.25,13.25,26,0.53088
480,579.75,387,14.25,28,0.53051
480,120,359.75,12.25,24.25,0.53039
480,169.5,316.5,20,40,0.53021
480,499.5,318,15,29.75,0.53006
510,509.25,377.25,13.75,27.75,0.56566
510,28.25,342.75,13.25,26.25,0.55612
510,157,356.5,14,28.25,0.55589
510,501,380.75,13.5,27,0.55281
510,375.75,396.5,13,25.75,0.55268
510,43.5,338,15.5,31,0.54813
510,188.25,300,12.25,24.25,0.54493
510,133.25,412.5,13.5,27.25,0.54478
510,382.5,408.75,12.25,24.5,0.54435
510,108.25,295,12.75,25.75,0.54392
510,390.25,401,12.75,25.25,0.54277
510,85.75,317.5,13.25,26.5,0.5414
510,51.75,350.75,16,32,0.54127
510,317.75,395.25,13.25,26.5,0.54084
510,548.25,359,14.5,28.75,0.53985
510,60,341,15,30.25,0.5393
510,96,409.75,12.5,25,0.5384
510,267,39.5,13.25,26.25,0.53779
510,625.75,130,14.75,29.25,0.53739
510,533,432.75,16.25,32,0.53706
510,397,117.25,47.75,95.5,0.53673
510,506.5,281.5,12,24,0.53666
510,410.25,443.5,13.75,27.75,0.5362
510,332.5,146.5,12,23.5,0.53614
510,309.25,115.75,12.5,25.25,0.53606
510,408,381.5,12.5,25,0.5357
510,380.75,236.25,14.5,29,0.53492
510,206.25,18,13.5,27,0.53476
510,355.5,382,13.5,27.25,0.53472
510,71.25,283.25,12.5,25.25,0.53458
510,589,313.25,13.25,26.5,0.53392
510,294.25,128.25,19.75,39.25,0.53382
510,540.5,372.5,14.25,28.75,0.5334
510,534,360.5,12.5,25.25,0.53327
510,135,352,13.25,26.5,0.53273
510,339.75,245.25,13.75,27.5,0.53269
510,52.25,377.25,15.25,30.75,0.53258
510,116.25,396,16,31.75,0.53233
510,502.5,5,11.75,23.25,0.53231
510,108.25,285.5,14.75,29.5,0.53227
510,586,86,13.25,26.5,0.53218
510,389.5,384.5,15.75,31.75,0.53209
510,117,352.75,14,28,0.53187
510,485.5,290.25,15.25,30.25,0.53157
510,229.75,163.25,51.75,103.5,0.5314
510,444.25,310,16,32,0.53132
510,347.5,383.5,16.25,32.75,0.53128
510,126.5,394.5,14.75,29.5,0.5308
510,44,351.75,15.5,30.75,0.53032
510,76,281.75,12.5,25.25,0.53012
510,419.25,298.5,14,28.25,0.5301
510,114.75,268,11.5,23,0.53009
510,51,288.25,17,33.75,0.53007
510,284.75,266.75,13,25.75,0.53005
540,188,373.75,13,26,0.56361
540,543.25,372.25,13.5,26.75,0.56259
540,232.75,227,12.25,24.25,0.55983
540,213.5,362,14.5,28.75,0.55898
540,251.75,364,13.75,27.5,0.55868
540,61.25,348,13.5,26.75,0.5508
540,294.25,231.75,14.5,29,0.54791
540,262,167,13.25,26.25,0.54689
540,28.25,351,16.5,32.75,0.54677
540,68.75,363.5,15.25,30.5,0.54671
540,429,377,12,24.25,0.54345
540,401.75,22.75,49,97.75,0.54227
540,196.5,312.5,15.5,31,0.54075
540,573,380,13.5,27.25,0.54028
540,565.75,394.5,37.75,75.5,0.53995
540,408.5,292.5,12.25,24.5,0.53992
540,284.5,316.75,11.75,23.75,0.5392
540,204,278.25,16,32,0.53691
540,74,203.5,12.5,24.75,0.53627
540,414.5,386.5,13.5,27,0.53622
540,213.75,6.5,13,26.5,0.53616
540,277.25,403.75,14.25,29,0.53595
540,309.25,397.75,14.25,28.5,0.53576
540,96.25,442.5,12.5,25.25,0.53477
540,152,9.25,12.25,24.5,0.53474
540,405,104,55,110,0.53471
540,492.25,350.75,12.25,24.25,0.53464
540,269.25,320.75,13.5,26.75,0.53462
540,554.25,412,13,25.75,0.53438
540,267.5,370.25,14,27.75,0.53399
540,581.5,371.5,14,28.25,0.53395
540,364.75,397.75,15.75,31.75,0.53392
540,403.75,379.75,16,32.25,0.53365
540,44.75,359,13,25.75,0.53351
540,427.5,386.75,15,29.5,0.5329
540,362.75,311.5,20.5,40.75,0.53255
540,295.75,240.5,12.5,25.25,0.53251
540,408.5,280.5,12,24,0.53247
540,405,229.75,18.5,37.5,0.53231
540,229.75,263.5,13.25,26.25,0.53219
540,395.5,51,17,34,0.53209
540,229.25,412.25,14,28,0.53205
540,139.25,5,13.75,27.75,0.53198
540,380,352,12.75,25.5,0.53182
540,-2.5,82.75,20.75,41.5,0.53134
540,421.5,398,13.5,27,0.531
540,121.25,58.5,21.25,42.25,0.531
540,99.75,109,12.25,24.5,0.53061
540,395.25,216.25,12.5,25,0.53031
540,272,353.25,12.5,24.75,0.53026
540,172.75,320,16,32.25,0.53008
540,353.25,110.5,13,26,0.53006
570,438.75,395.75,12.75,25.25,0.56705
570,128.5,75.5,13.25,26.5,0.55812
570,285,404.25,14,28,0.55795
570,420.25,372.25,15.75,31.5,0.55725
570,452.75,396.25,14.5,29,0.55471
570,589.25,428.5,13.75,27.5,0.55276
570,517.25,375.75,13.75,27.25,0.54997
570,156.5,379.25,14.5,29,0.54862
570,473,18,13.75,27.75,0.54726
570,307.5,124.5,18.75,37.75,0.54716
570,104.5,408.75,11.75,23.5,0.54422
570,385.75,100,17,33.5,0.54331
570,100.75,368.5,12.5,25.5,0.54195
570,420.75,379.25,15.25,30.25,0.54151
570,316.75,325.75,14.75,29.5,0.53998
570,540.5,328.5,12.25,24.5,0.53997
570,332.25,325.25,15.75,31.5,0.53962
570,353.5,143,12.25,24.25,0.53854
570,350.75,13,11.5,23,0.53735
570,324.25,366.25,16,32.25,0.53718
570,245.75,379.5,14.5,28.75,0.53706
570,445.25,395.25,15,29.75,0.53622
570,572,384.5,15.75,31.75,0.53601
570,271.75,25.75,26.5,53,0.53566
570,485,397,13.75,27.25,0.53438
570,258,274.5,17,34.25,0.53378
570,467.75,410.25,16,32,0.53371
570,496.25,380.25,14,27.75,0.53368
570,334,352.5,14.5,28.75,0.5336
570,189.25,376.5,12.75,25.25,0.53356
570,244,387.25,15.75,31.5,0.53353
570,268.25,398.5,16.25,32.5,0.53338
570,324.5,326.25,13,26.25,0.53295
570,309.75,379.25,13,26.25,0.53282
570,108.75,363,13.75,28,0.5328
570,559,286.25,38,76,0.53274
570,422,5.75,12.75,25.5,0.53243
570,113.25,249,13.75,27.75,0.53224
570,452.25,158.25,32.5,65.25,0.53197
570,137.25,51.75,21.75,43.5,0.53186
570,364.5,416.25,16,32,0.53172
570,515,103,66,132,0.53161
570,69.5,393.5,14.5,29,0.53144
570,493.75,436.25,11.75,24,0.5314
570,390.5,416.25,12.5,25.25,0.53137
570,411.75,416,16.75,33.25,0.53136
570,475.75,4,17,34,0.53126
570,412,381.5,15,30.25,0.53122
570,117.75,108.25,13,26,0.53116
570,140,392.25,16.25,32.25,0.53078
570,381,417.5,15.5,31,0.53043
570,148.75,390.5,14.25,28.75,0.53033
570,358.5,324,13.75,27,0.53022
600,597.75,406,14,28,0.57257
600,92.25,393.75,15.5,30.75,0.55641
600,364.5,369,16.25,32.25,0.55359
600,214.75,385,12.5,25,0.54739
600,476.25,377.75,15.25,30.5,0.54716
600,355.5,365.25,16,32.25,0.54673
600,290.25,386.25,17,34,0.54421
600,139.5,363,17,34.25,0.54358
600,390,358.75,13.5,27.25,0.54356
600,236.25,378.25,14.75,29.5,0.5435
600,550,363.5,12.75,25.5,0.54333
600,217.75,20,12,24.25,0.54214
600,18.25,90.75,21,42.25,0.54187
600,245.5,379.75,14,27.75,0.54133
600,254,396.75,12.5,25,0.54105
600,141.25,61.75,13.5,27,0.54065
600,295,419,11.75,23.5,0.54021
600,582.25,366,12.5,25,0.53997
600,24.5,261.5,58.25,116.75,0.53897
600,382.5,359,13,26.25,0.53832
600,407.75,266.75,12.75,25,0.53731
600,580.25,417.5,16.75,33,0.53673
600,-3.25,9.5,27.5,55.25,0.53621
600,309.25,407.25,13.25,26,0.53609
600,316,407.25,12.25,24.75,0.53585
600,52.5,411.75,14,27.75,0.53555
600,244,384,16.5,33,0.53436
600,99.5,365.75,16.5,33,0.53426
600,117,35.75,39.25,78.5,0.5337
600,389.25,380.5,12.75,25.75,0.53334
600,131.25,364.25,17.5,35,0.53307
600,556.5,362,15.75,31.25,0.53295
600,572,407.75,16,32,0.5329
600,149.25,390.75,14.25,28.5,0.5324
600,164.75,393,14.75,30,0.53234
600,554.75,149.25,17.25,34.75,0.53167
600,373.25,427.25,13,26.5,0.53158
600,580.25,396.75,13.75,27.75,0.53147
600,308.5,397,14.5,29,0.53137
600,607.5,190.25,37.5,75,0.53124
600,468.25,378,15.25,30.5,0.53123
600,180.25,359.25,14.5,29,0.53103
600,347.75,366.75,14.5,29.25,0.53092
600,407.25,261.5,13.25,26.5,0.53082
600,317.25,361,15.25,30,0.53079
600,414.75,101.75,12.25,24.75,0.53067
600,-2.5,44,19,38,0.53065
600,428.5,358.75,13.75,27.25,0.53045
600,412,366,14.5,29,0.53001
630,292.25,164.5,144,288,0.55045
630,579.75,336.5,16.25,32.5,0.55018
630,261,378.5,14.75,29.25,0.54989
630,452,326.5,14.75,29.5,0.54713
630,131.5,78.5,18.25,36.5,0.54679
630,421.25,284.75,15.25,30.75,0.54497
630,596.75,268.5,13.5,27,0.54285
630,213.25,4.75,14,27.75,0.54161
630,296.25,384.5,12.25,24.5,0.54059
630,421.5,300.75,13.5,27,0.54038
630,578.5,124.5,47.5,94.75,0.54006
630,309,49.75,13,26.25,0.53944
630,515,352.25,17.5,35.25,0.53921
630,267.75,364.75,17,34,0.53914
630,117.5,155.5,146.25,292.5,0.5391
630,588.5,269.75,13.75,27.75,0.53872
630,355.5,238,16.25,32.25,0.53813
630,262,426,13.25,26.75,0.538
630,491,351.75,16,32,0.53793
630,160,30.25,22.75,45.5,0.53732
630,240.75,12,20,39.75,0.53702
630,462.5,341.75,13.5,27.25,0.53653
630,237.75,36.25,12.5,25,0.53645
630,299.5,337.25,17,33.5,0.53549
630,307.75,31.75,14.25,28.5,0.53402
630,612,247.5,12.75,25.25,0.53295
630,258.25,240,13.25,26.5,0.53293
630,616,340,24.75,49.25,0.53282
630,181.25,267.5,13.25,26.5,0.53257
630,236.75,19,15,30,0.53212
630,587,321.25,16,31.75,0.53158
630,574.75,270,13.75,27.5,0.53148
630,272.5,229.75,15.25,30.75,0.53065
630,509.25,339,13.5,27.25,0.5302
660,508.25,371,12.25,24.5,0.55242
660,390,33,12.75,25.5,0.55206
660,292.5,366,12.25,24.5,0.55092
660,212,384.75,13.75,27.25,0.54968
660,376,391.5,12.75,25.25,0.54778
660,372.75,96,12,24,0.54518
660,124.5,363.75,12,24.25,0.54369
660,124,67.75,13,26,0.54332
660,421,380.75,15.25,30.25,0.54241
660,384.25,390,13.5,26.75,0.54068
660,356,271.5,16.5,32.75,0.54035
660,389,47,27,54,0.53969
660,331.75,407.75,12.75,25.5,0.53868
660,620.5,384.75,11.75,23.5,0.53794
660,92.25,325.75,12.75,25.5,0.53734
660,429.75,304.75,15,30,0.53504
660,315,337.25,17,34.25,0.53469
660,93,392.75,14,28,0.53421
660,245.75,298.5,14.5,29,0.53418
660,315.75,281,13.25,27,0.5341
660,84.25,384,15.75,31.5,0.5338
660,152,326.25,13,26,0.53372
660,347.5,331.25,18.5,37,0.53356
660,460.5,345.5,14,27.75,0.5328
660,357.25,107.5,13.5,27,0.53231
660,479,5,12.25,24.75,0.53199
660,445.75,295.25,13,26,0.53175
660,151,33,23.5,47.25,0.53134
660,508.25,359.5,12.5,25,0.53092
660,399.5,324.5,14,28,0.53092
660,124.75,348.75,12.25,24.5,0.53077
660,587,120.75,30.5,61,0.5305
660,229,240.75,12,23.5,0.53043
660,553.5,380.75,12.25,24.75,0.53007
690,468.5,405,14.5,28.75,0.55867
690,258.75,42.75,12.75,25.75,0.54843
690,325,381.75,15.5,31,0.54362
690,143.25,42,25.25,50.75,0.54349
690,444.25,406.75,13,25.75,0.54269
690,39.25,180,40,79.75,0.54195
690,268.75,323.75,15.5,30.5,0.54132
690,92.75,378.25,12.5,25,0.53937
690,230,90.75,12.25,24.25,0.53884
690,252.75,269.75,12.25,24.5,0.53638
690,599.5,328,13,26,0.53525
690,333.25,396.75,14.25,28.25,0.53419
690,260.25,325.5,14.5,28.75,0.5335
690,429.25,377.75,14,28,0.53344
690,-1.25,99.5,14.25,28.25,0.53299
690,278,322.25,13.75,27.5,0.53292
690,268.25,270.75,14.5,29,0.53253
690,251.75,94.25,13.25,26.5,0.53229
690,524.5,394.5,13.25,26.75,0.53217
690,236.25,72.75,12.75,25.5,0.53197
690,260,321.75,14.25,28.5,0.53192
690,100.5,94,14.25,28.25,0.53171
690,348,395.25,12.25,24.5,0.53137
690,454.25,329.25,15,30.25,0.53097
690,404.5,347.5,18.5,37,0.53074
720,140,73,12.5,25,0.556
720,139.5,81.5,12.75,25.75,0.55135
720,132.25,412.25,14,28,0.54999
720,88.5,97.75,14.25,28.5,0.54187
720,421.5,392.5,14.5,29,0.5399
720,221,46,13.25,26.25,0.53939
720,237.75,82.5,15.5,31,0.53838
720,301.5,339.25,14,27.75,0.53836
720,386.75,355,19.75,39.25,0.53735
720,398,357,15.75,31.75,0.53728
720,521.75,43.25,18.5,36.75,0.53648
720,163.75,452.25,12.5,25,0.53639
720,400.25,346,64.75,129,0.53599
720,341.25,122,14.75,29.25,0.53531
720,614.25,390.75,12,24.25,0.53457
720,449.75,145,22,44,0.53336
720,397,296,13.75,27.75,0.53329
720,363.75,243.75,13.25,26.25,0.53301
720,360,111.25,12,24.25,0.53227
720,104.25,78.5,12.5,25,0.53192
720,262.75,61,12,24,0.53081
720,284.25,403.25,12.25,24.25,0.5301
750,397.25,416.75,14,28.25,0.55619
750,356.25,401.5,14.75,29.5,0.55339
750,468.75,422,14.5,29.25,0.54932
750,460.5,392.5,14.25,28.5,0.54789
750,331.75,232.25,12.75,25.75,0.54748
750,476.25,306.25,15,29.75,0.54673
750,476.5,5.75,12.25,24.75,0.5467
750,163.75,36,13,26.5,0.54567
750,299.75,134,28,55.75,0.54353
750,132.25,306.25,13.75,27.75,0.54138
750,446,391,14.25,28,0.54012
750,212,49.75,16,32,0.53916
750,567.5,391.25,13,26.25,0.53892
750,380.5,308.25,14,27.75,0.53872
750,185,346.25,24.25,48.25,0.53808
750,220.75,348.75,13.75,27.5,0.53733
750,-10.25,95.75,86.75,173.5,0.53702
750,222.5,9.75,23.5,46.5,0.53628
750,412,437.75,16,32.5,0.53614
750,327.5,122.75,16,31.5,0.53565
750,28.5,283.25,14,28.25,0.53514
750,117.75,49,25.25,50.25,0.53494
750,411.75,411,16,32,0.53419
750,268.75,355.75,14.5,28.75,0.53397
750,243.75,298.75,16.25,32.75,0.53373
750,403.25,337,16.25,32.25,0.53351
750,251.75,285.5,18.25,36.25,0.53345
750,16.5,172,12.75,25.5,0.53277
750,323,97,20.5,40.75,0.53274
750,572,433.25,12.25,24,0.53222
750,550.75,395,13.75,27,0.53221
750,564.75,84,13.25,26.25,0.53206
750,451.5,390.75,16,31.75,0.53197
750,172.5,33.25,16,32.25,0.53182
750,242.75,266.75,17.75,35.5,0.53182
750,86.5,76,30.75,61.75,0.53149
750,612.5,65.25,15.5,31,0.53079
750,318,349,12.5,25,0.53053
750,292.75,389.25,14.5,29,0.53042
750,588.75,208,11.75,23.5,0.53013
750,510,403.5,13,26.5,0.5301
780,196.5,10.75,15.25,30.5,0.54801
780,316,236,12.75,25.25,0.54681
780,172.75,34,15.25,31,0.54036
780,59.5,103,14.25,28.25,0.54016
780,386.25,321,15.75,31.75,0.53906
780,196,24.25,16,32.25,0.53684
780,463.25,5.25,12.25,24.5,0.53643
780,380,341.75,14,28,0.53639
780,376,33.25,13,25.75,0.53471
780,16.25,416.5,12,24.25,0.53438
780,251.75,7,13.25,26.25,0.53362
780,404.5,316.25,14.5,28.5,0.53353
780,204.25,45,12.25,24.5,0.53335
780,193.25,310.25,17.25,34.5,0.53324
780,445.75,18,15.75,31.5,0.53321
780,242.25,363.5,12.25,24.25,0.53296
780,168.5,288.25,12,24.25,0.53256
780,434.5,318.75,13,25.75,0.53157
780,313.25,128.75,13.5,27.5,0.53062
780,422.5,419.75,13,26,0.53051
780,425.75,19.5,73.5,147,0.53043
810,116.5,14.25,15.5,30.75,0.54563
810,246.75,133.5,28.5,57,0.54102
810,168.25,46.25,12.5,25,0.54067
810,164.25,49.5,15.5,31,0.53975
810,292.5,116.75,11.75,23.5,0.53784
810,414.5,161.5,13,26,0.53756
810,346.5,313,17.5,34.75,0.53667
810,252.5,387.5,12.5,25,0.53617
810,45.75,388.5,13,26,0.53607
810,78.25,332,12.5,25,0.53502
810,172.5,47.5,16.25,32.5,0.53478
810,430.75,25,38.5,77,0.53469
810,66.5,315.75,12,24,0.53422
810,299.5,342.5,13.75,27.75,0.53415
810,105.75,17.5,12,24,0.53307
810,411.25,14,17,34.25,0.53258
810,325.5,437.75,20.75,41.5,0.53253
810,614.5,139,26.25,52.75,0.53226
810,216,7,16.25,32.5,0.53219
810,62,182.5,20.5,41,0.53218
810,15,195.75,13.75,27.5,0.53203
810,455.25,329.75,14,28,0.53155
810,73.75,78.25,12.25,24.5,0.53133
810,88.75,337.25,12,24,0.53122
810,59.75,126.75,16.25,32,0.53088
810,267.25,195.25,12,24,0.53049
810,618.5,210.5,23.5,47,0.53037
810,187.5,96,16.75,33.75,0.5303
810,282.75,330,13.75,27.25,0.53013
840,68.5,75.25,15.25,30.75,0.57664
840,76.75,81,15.5,30.75,0.55025
840,271.25,335,14,28,0.54603
840,256.25,362.5,12.75,25.75,0.54507
840,32,359.75,12.25,24.5,0.54333
840,20,407.5,16,31.75,0.54248
840,22.5,44,14,28.25,0.54059
840,312.75,10.5,59.25,118.75,0.54011
840,35.75,23.25,13.25,26.5,0.53978
840,69.25,66.5,14.25,28.75,0.53958
840,506,207.5,26,51.75,0.53923
840,349.5,5.5,37.75,75.5,0.53895
840,294.75,355,14.5,29,0.53881
840,42.5,15,17.5,34.75,0.53873
840,104.5,59.5,15,29.75,0.53868
840,195.25,46.5,13.75,27,0.53831
840,47,406,13.75,27.25,0.53797
840,43.25,382.75,17,34.25,0.53787
840,208,340.5,12.5,25,0.53755
840,155.75,106.25,14.25,28.5,0.53637
840,76,65.75,15.25,30.5,0.53625
840,172.5,118.75,13,26.25,0.53564
840,211.25,48,17,34.25,0.53557
840,23.5,56.75,12.5,25,0.53482
840,287,343.5,13.5,27,0.53474
840,89,3,34.5,69.25,0.53433
840,318,422.75,14.25,28.25,0.53358
840,93.25,4,12.25,24.5,0.5335
840,11.25,346.75,20,39.75,0.533
840,110.25,408.25,12.5,24.75,0.53243
840,98.5,334.25,12,23.75,0.53191
840,102.25,4.25,12.25,24.5,0.53112
840,38.75,21.25,14.75,29.25,0.53105
840,170,255,13,26,0.53092
870,334.25,11,12.5,25,0.55453
870,176.5,370.25,12.75,25.5,0.54392
870,37,375,14,28,0.54241
870,380.5,370,12.25,24.25,0.54055
870,598.25,121,12.75,25.5,0.53852
870,468,421.75,13.75,27.75,0.53803
870,381.75,226.25,15,29.75,0.53648
870,264.25,153,11.75,24,0.53634
870,21,369.5,14.5,29.25,0.53557
870,228.25,441.25,15.5,31,0.53407
870,459.75,324.25,15.75,32,0.53308
870,32.25,301.25,12,24,0.53298
870,104.5,331.25,13.5,27.25,0.53297
900,340.5,431,14.5,28.5,0.5662
900,141,397.5,14.75,29,0.56234
900,62,169.75,12.25,24.5,0.56144
900,51.5,394.75,16.75,33.25,0.56115
900,204.75,81,14.5,28.75,0.56109
900,220.75,101.25,13.5,27,0.5561
900,-3.75,159,29.75,59.25,0.55585
900,503.5,272,12.75,25.5,0.55234
900,172.25,161.5,16,32.25,0.55047
900,556.5,122.75,12.25,24.75,0.54963
900,205.75,262,33.25,67,0.54949
900,100,403.5,15.5,30.75,0.54822
900,421.75,63.5,13,26,0.54819
900,460,48.25,15.25,31,0.54746
900,378,12.5,33.25,66.5,0.54399
900,284.75,67.5,14,28,0.54264
900,391.25,56.25,12.5,24.75,0.54184
900,125.75,382.5,13,26.25,0.54063
900,60.25,191.75,16.25,32.25,0.53938
900,156.5,231.5,12.5,25,0.5384
900,170.75,126.25,19,38.5,0.53772
900,108.5,401.25,14.75,29.75,0.53739
900,502.25,232,12.25,24.5,0.53721
900,131.5,95,17.25,34.75,0.53651
900,159.5,231,12.75,25.5,0.53489
900,108.75,381.75,14.75,29.5,0.53383
900,355.25,133.5,13.5,26.75,0.53371
900,155.75,145.25,16,32,0.53305
900,303.25,334,16.25,32.75,0.53305
900,86,410.5,13.5,27,0.53287
900,171,125.75,16.25,32.25,0.53275
900,357.75,124.5,34.75,69.75,0.53224
900,259.5,166.75,16.25,32.75,0.53208
900,256.5,55,12.75,25.75,0.53197
900,487.25,52,24.5,49.25,0.53171
900,436.25,188,13.5,27,0.53156
900,141,228.5,14.5,29.5,0.53143
900,403.25,240.75,16.25,32.5,0.5311
900,421.75,243.25,13.25,26.75,0.53053
900,274.5,321,11.75,23.75,0.53002
930,494.25,272.5,12.5,25,0.56061
930,563.5,30.75,12.75,25.5,0.54899
930,571.75,280.5,12.5,24.5,0.54681
930,565.25,50,12.25,24.5,0.54348
930,581.75,260.5,13.5,27,0.54321
930,626.25,122.25,12.75,25.25,0.53936
930,588.5,260.75,14.25,28.25,0.53832
930,282.5,214.25,14.75,29.25,0.53718
930,357,31.5,121.5,243,0.53689
930,578.5,52.5,11.75,23.75,0.53642
930,149.25,312.75,17.75,35.5,0.5363
930,578,31.5,12.5,25,0.5361
930,443.75,150.5,13,26,0.53589
930,197.75,397,12.75,25.75,0.53571
930,450.5,151.5,12.5,24.75,0.53568
930,112.5,164.5,24.5,49,0.53551
930,525,272.5,13,25.75,0.5355
930,293.75,212,16.25,32.5,0.53537
930,47.25,152.5,37.25,74.75,0.5347
930,481.5,277.25,13.5,27,0.53468
930,219.75,413.5,17.25,34.25,0.53421
930,599,261.75,13.75,27.5,0.53403
930,554.5,31.75,12.5,25,0.53259
930,540.5,14.5,12,24,0.5323
930,562.5,245,13,26,0.53229
930,180,410.5,15.25,30.5,0.53198
930,409.5,148,13.75,27.5,0.53183
930,547,250.75,11.75,23.75,0.53115
930,599.75,56,13.25,26.5,0.53028
930,164.25,402,12.5,24.75,0.53001
960,317.25,346.75,14.75,29.75,0.56077
960,403.5,14.25,14.25,28.75,0.55837
960,307.75,319.25,14.5,28.75,0.55626
960,445.5,14.25,13.75,28,0.55591
960,302.75,41.75,12.5,25,0.55571
960,396.75,18.5,14.25,28.75,0.55431
960,356.25,320,16,32.25,0.55422
960,452.25,426.5,14.5,29.25,0.55367
960,172.75,429.75,14.25,28.25,0.55196
960,444.75,336.25,15,30,0.55153
960,576,264.25,12.25,24.75,0.55105
960,459.75,17.5,15.5,31.25,0.5494
960,474.75,319,13.75,27.5,0.54854
960,424.75,400.5,11.75,23.5,0.54752
960,597.75,314.75,13.25,26.5,0.54677
960,318.25,80.75,12.25,24.25,0.54601
960,101.5,392.75,13.25,27,0.54555
960,140.75,423.25,12,24,0.54554
960,85,413.5,14,28.25,0.54474
960,39.5,219,17,34,0.54434
960,189.25,348.75,14.5,29,0.54385
960,470.5,376.5,12.75,25.5,0.54284
960,303.25,61.25,12.5,25,0.5428
960,246.5,376.25,13.75,27.5,0.54269
960,277.75,356.75,14,27.5,0.54241
960,598,383,13,26,0.54231
960,364.75,11.25,12.75,25.5,0.54176
960,508,185.25,12.5,25,0.54154
960,404,384.25,15.5,31,0.5413
960,264.75,197.75,17.25,34.25,0.54128
960,360,394.5,12.25,24.5,0.54066
960,181,339,14.5,29,0.5406
960,140.25,355.25,15,30,0.54054
960,611.25,398.25,16.75,33,0.54048
960,602.75,300.75,17.75,35.5,0.54038
960,490.75,356.75,16.75,33.25,0.54032
960,315.75,317.75,12.75,25.25,0.54026
960,329.75,414.5,16.5,33,0.53988
960,37,219.75,15,30.25,0.53978
960,260.75,389.5,15.25,30.5,0.53974
960,325,348.75,13.75,27.5,0.53958
960,278.75,294.5,13,26,0.53915
960,391.75,416.25,12.25,24.75,0.53794
960,220.5,340.75,15.5,30.75,0.53766
960,613.5,320.5,13.5,26.75,0.53755
960,626.5,207.75,12.75,25.5,0.53744
960,604.75,319,13.5,27.25,0.5374
960,229,427.5,14.75,29.5,0.53735
960,172.75,336.5,16.25,32.25,0.53726
960,203.5,375.5,17.5,34.75,0.53715
960,76.5,413.25,14.25,28.25,0.53697
960,405.25,296.75,14.25,28.5,0.53686
960,296.25,300.25,12.75,25.75,0.53671
960,469.5,15.5,13.5,27,0.53657
960,453,10.5,12,23.75,0.53619
960,291.75,38,14.75,29.5,0.536
960,516.25,422.75,24.5,48.75,0.5359
960,488.25,350.75,16.5,33,0.53562
960,484.25,341.25,14.5,29.25,0.53545
960,381.75,13,13.5,26.5,0.53543
960,214,184.5,11.75,23.5,0.53543
960,582.25,324.75,12.5,24.75,0.53541
960,587.75,313.25,15.75,31.25,0.53534
960,427.75,411.5,16,32.25,0.53488
960,476.75,324.25,14.5,28.75,0.5348
960,338.25,15,12.5,25,0.53457
960,476.75,14.25,13.25,26.5,0.53432
960,292.5,23.5,12.25,24.5,0.5343
960,295.5,132.75,13,26.25,0.53423
960,460.5,426,14,28.25,0.53415
960,303,22.75,12.5,25.25,0.53407
960,374.25,338,12.75,25.75,0.53272
960,452,263,13.25,26.75,0.53242
960,253.5,365.25,13.25,26.25,0.53197
960,570.25,266,12.25,24.25,0.5318
960,119.25,155,67.25,135,0.5317
960,435.75,410.25,16.75,33.5,0.53162
960,385.75,318.75,20.5,41,0.53152
960,340.75,300,11.75,24,0.53129
960,558,197.5,13.25,26.5,0.53088
960,149,359.25,13.75,27.75,0.53069
960,445.5,249.5,13.5,26.75,0.53066
960,213.25,428,14,28.25,0.5306
960,92.5,416.5,15.5,31,0.53054
960,140.25,414.25,15.5,31,0.53051
960,148.25,343.25,14.75,29.5,0.5305
960,253,305,15.5,30.75,0.53024
960,309,338,15.25,30.5,0.53023
960,465,295,15.5,31.25,0.53018
960,409.25,14.25,16.5,32.75,0.53014
990,589,382,13.75,27.5,0.5707
990,283,318,15.75,31.25,0.56335
990,317,330,14.75,29.25,0.56264
990,276.25,310.25,13.25,26.25,0.55918
990,216.75,300.25,12.25,24.75,0.55694
990,301,394.5,14.5,29.25,0.55466
990,341.25,266.75,14.25,28.5,0.55365
990,323,241.5,16.25,32.5,0.55199
990,268.75,310.5,14.25,28,0.55183
990,247.5,275.5,12.75,25.25,0.55104
990,181.25,319.25,13.75,27.5,0.55079
990,165.25,414.25,14,27.75,0.5502
990,613,305,13.75,27.25,0.54981
990,238.5,12.5,12,24.25,0.54932
990,172.5,396.5,15.5,31.5,0.5492
990,390,368.5,12.5,25,0.54869
990,252.75,398,12.75,25.5,0.54862
990,12.5,411,13,26,0.54721
990,524.75,357.5,14.25,28.5,0.54505
990,301,320.5,14.5,29,0.54386
990,494.25,304,12.25,24.25,0.54375
990,325,330,14.25,28.25,0.54312
990,180.5,287.25,13.5,27,0.54266
990,524.75,330.75,14.5,29,0.54242
990,600.75,117,17.25,35,0.54189
990,588.5,319.25,12.75,25.5,0.5418
990,44.5,364.25,13.75,27.75,0.5417
990,566.75,387.5,15,30.25,0.54154
990,156.5,333.25,14.75,29.5,0.5404
990,484,322.25,12,24,0.53954
990,60.75,384.75,15.5,30.75,0.53949
990,212.5,10,13.25,26.5,0.53922
990,164.75,330.75,14.75,29.25,0.53897
990,596.5,379.25,14.75,29.25,0.53865
990,332.5,265.75,14.25,28.25,0.53838
990,431,345,33,66.5,0.53823
990,-2.5,191.5,21,42,0.53815
990,299,246.25,17.5,34.75,0.53782
990,132.25,343.5,14.5,28.75,0.53723
990,560.75,312,12.25,24.5,0.53721
990,199,12.25,12.25,24.5,0.53721
990,457.75,409.5,22.25,44.75,0.53714
990,407.5,301.5,20.25,40.5,0.53706
990,401,290,20,40,0.53685
990,373,157,136.25,272.5,0.53616
990,291.5,335,16.25,32,0.53608
990,292.75,271.25,14.25,28.5,0.53605
990,546.25,353.5,17.5,35.25,0.53603
990,131.75,409.25,15,30,0.53586
990,355.5,400.5,16.75,33.25,0.53582
990,324.5,306.75,14.5,29,0.53568
990,223.25,11,12.75,25.5,0.53568
990,524.25,307.25,16.5,33.5,0.53523
990,373,411.25,15.5,30.75,0.53488
990,46.5,102.5,12.25,24.5,0.53485
990,238.75,52.5,12,24,0.53449
990,68.5,346.5,15,30,0.53435
990,363.75,348.75,17.25,34.25,0.5343
990,509.25,368.25,14,28.25,0.53418
990,224.5,51.75,12,24,0.53391
990,576.75,117.75,46.5,93.25,0.53377
990,543,98.25,26.5,52.75,0.53353
990,358.25,274.25,15.25,30.75,0.5334
990,406,356.5,14,28,0.53291
990,69.5,386,13.5,27.25,0.5329
990,372,346,16.25,32.75,0.53282
990,127.75,358.25,13,26,0.53235
990,441.75,376.5,17.5,35,0.5322
990,244.75,380.5,12.5,25.25,0.5317
990,180.5,390.25,13.5,27.25,0.53159
990,523.5,106,12.5,25.25,0.53136
990,238.75,2,11.75,23.5,0.53097
990,516.25,367.75,15.25,30.5,0.53084
990,213.75,416.25,12.5,24.75,0.53083
990,500.25,105.75,19,37.75,0.53075
990,307.75,393.25,16.5,32.75,0.53071
990,242,296.5,18.75,37.5,0.53064
990,237,22.5,17,34,0.53063
990,108.75,408.25,12.25,24.5,0.53037
990,203,174,19.5,39,0.53012
990,396.75,371.5,14.25,28.5,0.53008
990,365,320.75,15,30,0.53007
1020,221,378,15,30,0.57126
1020,308.75,391.25,14,27.75,0.56317
1020,69.25,383.5,14.25,28.5,0.5552
1020,333.25,245,14,28,0.55429
1020,473,393,38,76.25,0.55423
1020,210.25,2.25,12.25,24.5,0.55365
1020,365.5,402.5,14.5,29,0.55265
1020,324.5,290.75,15.5,31,0.54949
1020,236.25,65,12.25,24.5,0.54884
1020,490,395.25,36.75,73.5,0.54788
1020,210,21,13.25,26.75,0.5476
1020,604,417,14.75,29.5,0.54688
1020,476.75,266,13.25,26.25,0.54681
1020,372.5,297,16,32.25,0.54638
1020,314.25,25.25,28,56,0.54516
1020,533.25,333.25,13.75,27.5,0.54484
1020,356.5,392.75,15.75,31.75,0.54421
1020,212.25,379,15.5,31,0.5437
1020,579.75,328,16.5,32.75,0.54304
1020,172.5,422.5,12.75,25.5,0.54277
1020,404.5,375.5,12.75,25.5,0.54223
1020,372,395.75,16,32,0.54223
1020,19.5,376.25,17,33.75,0.54168
1020,195.25,23.25,12.5,25.25,0.54117
1020,14.25,263.5,18,36,0.54085
1020,394,168.5,12.25,24.5,0.54058
1020,504.5,320.5,11.75,23.75,0.54048
1020,421.5,315.25,14.25,28.25,0.54037
1020,310.75,21.5,13.5,27.25,0.54035
1020,333.25,402.75,14.75,29.25,0.54015
1020,27.75,181.25,27.75,55.5,0.54009
1020,564.5,374.75,15,30,0.53993
1020,524.5,332.75,13.75,27.25,0.53945
1020,357.25,275.75,12.75,25.25,0.53934
1020,604.25,293.25,14.5,28.75,0.53892
1020,455.25,364.75,31.25,62.25,0.53885
1020,22.75,252,15,29.75,0.53831
1020,229.75,325.75,13.5,27.25,0.53781
1020,355.5,318,16.5,33,0.5372
1020,50,176,13.25,26.5,0.5372
1020,315.5,21.5,13.25,26.25,0.53665
1020,515.5,317.5,17.5,34.75,0.53596
1020,299.25,18.75,15.25,30.5,0.5357
1020,204,363.75,15.75,31.5,0.53561
1020,388.75,172,12,23.75,0.53551
1020,28.25,403,15.75,31.25,0.53549
1020,507.25,166.75,14.25,28.5,0.53504
1020,236.25,32.75,11.75,23.5,0.53495
1020,280.25,31.25,13.5,27,0.53427
1020,356.25,39.5,12.75,26,0.53417
1020,500.25,325.5,15.5,30.75,0.5339
1020,343.25,168,12.5,25.25,0.5338
1020,387.5,248,13.75,27.25,0.53372
1020,402.75,399.75,17,34,0.53339
1020,429,320.25,25.5,51,0.53331
1020,317.25,292,14.25,28.25,0.53303
1020,612.75,301,14.75,29.5,0.53302
1020,128.5,407.5,12.5,24.5,0.53298
1020,290.5,30.25,12.75,25.5,0.53297
1020,236.5,293,13.75,27.5,0.5329
1020,60,402.75,17,34,0.5325
1020,472,157.75,28.75,57.5,0.53205
1020,364.25,267.75,12.75,25,0.53186
1020,604.75,300,13.25,26.75,0.53155
1020,218.25,199,13.25,26.25,0.53117
1020,310.25,250,14.5,29.25,0.531
1020,252.75,358.5,13.25,27,0.53038
1020,236.25,3.5,12,24,0.53011
1050,340.5,254.5,17.25,34.5,0.56049
1050,263.5,283,12.5,25.25,0.55951
1050,267.25,23,13.25,26.75,0.55851
1050,381,411.75,14.5,29.25,0.55846
1050,292.5,18.75,15.25,30.25,0.55606
1050,487.5,294.25,13,26.25,0.55567
1050,13.25,416.5,13,26,0.5547
1050,157.25,324,13.75,27.5,0.55313
1050,85.5,364.25,14.5,29,0.55124
1050,246,318.75,12.5,25.25,0.54732
1050,391,360.75,12.75,25.25,0.5455
1050,100,349.5,15.5,31,0.54542
1050,285.25,20.5,14.5,29.5,0.5447
1050,389.75,412.75,13.75,27.25,0.54461
1050,172.75,410.5,14,28,0.54442
1050,474.5,386.75,36.25,72.5,0.54279
1050,210.25,15.5,14.5,28.5,0.5427
1050,300.25,318,12.75,25.5,0.54191
1050,355.75,327.5,12.25,24.5,0.54141
1050,195.75,185.75,12.75,25.5,0.54123
1050,549.75,368.25,13,26,0.54045
1050,437.5,328.5,23.25,46.5,0.54041
1050,573.75,190,16.75,33.25,0.54017
1050,345.5,343.75,25.75,52,0.54006
1050,52.25,378.5,15.25,30.75,0.53972
1050,84.25,354,16.5,33,0.53916
1050,340.5,171,12.25,24.25,0.53855
1050,204.75,411.75,14.25,28.75,0.53849
1050,341,275.5,15,30,0.53802
1050,597.75,190.75,15.5,31.25,0.538
1050,291.5,290,15.5,31,0.53798
1050,264.25,379,19,37.75,0.53774
1050,117.25,359.25,13.5,27.25,0.53704
1050,116,423,12.75,25,0.53674
1050,163.5,397.75,17.5,35,0.53642
1050,164.25,335.25,16.5,32.75,0.5361
1050,588.75,349.75,17,33.75,0.53547
1050,341.75,286,13.25,26.25,0.53538
1050,230.5,174.5,16.5,33.25,0.53484
1050,218.75,393.75,13,25.75,0.53481
1050,372.75,391.25,15.25,30.5,0.53437
1050,74.25,352.5,18.25,36.5,0.53415
1050,82.75,240.75,17.75,35.5,0.53402
1050,556,290.25,17.25,34.5,0.5336
1050,428.75,383.5,12.5,25,0.53353
1050,177.25,328.5,11.75,24,0.5333
1050,152,415.5,12,24,0.53315
1050,60.25,372.25,15,30,0.53314
1050,341.5,364.75,13.25,26.5,0.53275
1050,197.5,15.75,14.25,28.5,0.53234
1050,503,162.25,31,62.25,0.53233
1050,588.75,313.5,11.75,23.5,0.53227
1050,244.5,340.5,12.75,25.25,0.53177
1050,471.25,272,15.5,31,0.53177
1050,443,345,16,31.75,0.53169
1050,134.25,348.75,13.75,27.25,0.53161
1050,178.5,397.25,14,27.75,0.53159
1050,612.75,31.25,13.25,26.75,0.53148
1050,396.5,264,13.75,27.75,0.53146
1050,60.75,387.75,13.5,27,0.53129
1050,309,266.75,15.25,30.75,0.53117
1050,502.5,183.5,31,62.25,0.53099
1050,357.5,337.25,15.25,30.5,0.53082
1050,549.25,379.5,14.25,28.5,0.53039
1050,294.75,409,12.75,25.25,0.53028
1050,548.25,306.25,15,30,0.53013
1050,470.25,378.5,32.25,64.5,0.53004
1050,366.25,28,12.25,24.5,0.53001
1080,21,379.5,14.25,28.5,0.55486
1080,300.25,280,14.75,30,0.5537
1080,347.75,420.25,14.75,29.25,0.55031
1080,262.75,385,16,32,0.54892
1080,393,175,12.25,24.25,0.54791
1080,323.75,331.75,16.75,33.5,0.54757
1080,359.5,319,13,26.25,0.54586
1080,140.5,316.5,15,30,0.54574
1080,301.25,390,12.75,25.75,0.54555
1080,341,306,13.75,27.5,0.54472
1080,364.25,329.5,15.75,31.25,0.54451
1080,583.75,391,13.5,26.75,0.54434
1080,588.75,349,11.5,23,0.5438
1080,211.75,347,15.5,30.5,0.54331
1080,252.5,331.75,13.75,27.25,0.54317
1080,220.75,54.75,13,26,0.54291
1080,487,395.5,34.5,68.75,0.54269
1080,252.5,384.5,12.5,24.75,0.54211
1080,220.5,30.25,14.5,28.75,0.54197
1080,331.75,19.75,13,25.75,0.54193
1080,53.5,400,14.5,28.75,0.54135
1080,188,409.5,16,32,0.54091
1080,171.5,408.75,16.75,33.25,0.5407
1080,220.75,101.75,13.25,26.5,0.54058
1080,333.25,399,12.5,25,0.54053
1080,406.25,400,12.5,25,0.54038
1080,238.5,152.25,21.25,42.5,0.53989
1080,83.75,384,16.5,33.5,0.53931
1080,540,370.25,13.5,27.25,0.53921
1080,203.75,351,12.75,25.75,0.53776
1080,595.75,386.5,16.5,33,0.5371
1080,212.25,328.25,13.25,26.25,0.53701
1080,29,427.25,15.75,31.25,0.53696
1080,292.25,363.75,14.75,29.75,0.53679
1080,257,267.5,12.5,25,0.53636
1080,206.25,171.5,19.75,39.5,0.53603
1080,37,381.25,14.25,28.5,0.53594
1080,579.5,362.5,17.25,34.5,0.53543
1080,276.25,272,12.25,24.5,0.53522
1080,463.25,148,30,60,0.53498
1080,301.5,330.25,15.25,30.5,0.53479
1080,285,283.5,13.75,27.25,0.53475
1080,623,70,19.5,38.75,0.5342
1080,555.75,201.75,13.25,26.5,0.53414
1080,401.25,169,14.5,28.75,0.53412
1080,566.25,160.5,14.5,28.75,0.53297
1080,268.75,33,11.5,23,0.53272
1080,324.5,367.75,16.25,32.25,0.53254
1080,315.75,350.75,16.75,33.25,0.53222
1080,107.75,90.25,12,23.75,0.53216
1080,231.75,408.25,13,26,0.53199
1080,316.75,234.75,14.75,29.75,0.53162
1080,170.75,397.5,18.25,36.75,0.53146
1080,217.75,181.5,14,27.75,0.53136
1080,588.75,393.25,14,27.5,0.53124
1080,347.25,283,16,32.25,0.53075
1080,450.25,150.5,19.25,38.25,0.53059
1080,260.75,377.75,15.5,30.75,0.53056
1110,28.75,402,14.25,28.5,0.56003
1110,556.25,385.25,12.5,25,0.55987
1110,417.5,351.5,13,26,0.55583
1110,333.25,254.25,14,28,0.55293
1110,308.75,241.75,15.75,31.25,0.549
1110,308.75,236.5,14.25,28.75,0.54778
1110,436.5,426.25,16.75,33.75,0.54719
1110,412,370.25,15.5,30.75,0.54661
1110,438.5,124,17.5,35,0.54606
1110,382.25,288,13.5,27,0.54534
1110,356.75,241.25,14.5,29.25,0.54397
1110,197.25,347.25,13.25,26.5,0.54326
1110,380.5,376.5,12,24,0.54318
1110,604.25,390.25,13.25,26.5,0.54312
1110,347.25,255.25,16.75,33.25,0.54248
1110,338.25,236.75,12,24,0.54111
1110,355.25,52.25,13.75,27.5,0.541
1110,142,382.5,13.5,27.25,0.54054
1110,620.5,404.75,11.75,23.75,0.54053
1110,357.25,326.75,14.5,29,0.54013
1110,60.75,272.75,15.5,31,0.54
1110,189.25,429.5,14.5,28.75,0.53986
1110,124.5,344.5,13,26,0.5385
1110,140,160.75,11.75,23.5,0.53835
1110,310,368.5,14.5,29,0.53823
1110,365.5,312,14.25,28,0.53804
1110,235.75,80.75,14.75,29.5,0.53804
1110,11,117,17,34,0.53793
1110,21.5,395,13.75,27.5,0.5379
1110,201.75,179.5,17,33.75,0.53712
1110,216.25,22,13.75,27.25,0.5362
1110,324.5,241,13,26.25,0.53535
1110,501.25,141.25,12.75,25.25,0.53524
1110,215.75,94.5,15.25,30.75,0.53498
1110,425,161.25,19,37.75,0.53497
1110,413.5,393,21.75,43.25,0.53486
1110,241.75,142,13.5,27.5,0.53459
1110,165,329.75,14.5,29,0.53454
1110,523,19.5,14.25,28.75,0.53425
1110,92.5,103.25,14.25,28.25,0.53416
1110,351.75,219.25,12,24.25,0.53411
1110,331.75,224.5,13,26,0.53389
1110,212.5,347.75,14,28,0.53381
1110,339.75,384.75,14.5,29,0.53356
1110,308.75,170.5,13.25,26.5,0.5335
1110,479,75.75,12,24.25,0.53345
1110,381,328.75,15,30.25,0.53326
1110,598.25,314,13.5,27.5,0.53282
1110,108.25,330,14.75,29,0.53212
1110,260.25,105.5,13.5,27,0.5321
1110,-1,149,13.25,26.25,0.53204
1110,151.75,314.75,12.75,25.25,0.53174
1110,342.5,170.5,14.75,29.5,0.53163
1110,590,177.5,21,42,0.5316
1110,404,350.25,16,32,0.53156
1110,418.25,418,15.5,30.75,0.53153
1110,232.75,153.5,18.75,37.5,0.53147
1110,104,383.5,12.25,24.75,0.53115
1110,349,247.25,13.25,26.5,0.53108
1110,206,431.75,12.5,25.25,0.53053
1110,584.5,329.75,12,24.25,0.53019
1110,190,176,19.75,39.5,0.53003
1110,388.5,332.25,15.5,31,0.53003
1140,203.5,352.25,17.5,34.75,0.56052
1140,519,133,14.75,29.75,0.55259
1140,344,254.5,12.25,24.75,0.55126
1140,316.25,336.25,16,32.25,0.55123
1140,173.5,304,15,30.25,0.54832
1140,386.5,332.5,14.75,29.5,0.54752
1140,291.75,272,15.75,31.5,0.54719
1140,374,417.5,13.5,27.25,0.54572
1140,508.5,336.25,67.75,135.5,0.54485
1140,348.25,433.25,14.25,28.75,0.54342
1140,444.5,414.75,13,26,0.54216
1140,426.25,294,15.25,30.25,0.542
1140,341.5,11.5,12.75,25.5,0.54152
1140,317.5,276,13.75,27.5,0.54127
1140,35.75,96.25,12.75,25.5,0.54103
1140,301,40.75,11.75,23.75,0.54051
1140,154.5,176.5,23.75,47.25,0.54039
1140,499.5,393.25,35,70,0.53986
1140,317,60.5,17,34,0.53984
1140,364.25,373,13.5,26.75,0.53941
1140,340.5,337.75,15.5,31.25,0.5394
1140,212.5,344.75,12,24.5,0.53929
1140,229.25,293.5,13.75,27.25,0.53924
1140,244,343.5,12.75,25.5,0.53909
1140,125.75,323.25,14.5,28.75,0.53866
1140,581.75,330.25,16.75,33.75,0.53817
1140,316.75,387.5,15.75,31,0.53794
1140,449,324.25,20.75,41.25,0.53759
1140,101,334,13.5,27,0.53748
1140,116.5,331,14.5,29.25,0.5373
1140,197.25,402.25,13.75,27.75,0.53686
1140,332.25,337.75,15.75,31.75,0.53682
1140,277.25,290.25,14.75,29.5,0.5363
1140,626.25,329.5,13.5,27,0.53597
1140,292.25,268.25,15.5,30.5,0.53499
1140,364.5,445,16.25,32.5,0.53489
1140,390.25,298.75,13.25,26.75,0.5346
1140,284,402.25,15.25,30.25,0.53443
1140,263,311.75,12.5,24.75,0.53438
1140,120.5,98.75,11.75,23.75,0.53421
1140,284.75,380.75,12.5,25,0.53402
1140,356.75,385.5,15.75,31.25,0.53401
1140,308.75,272.5,16,32,0.53321
1140,470.75,109.75,58.75,117.75,0.53317
1140,469.25,261.25,15.25,30.75,0.53297
1140,194.5,161.5,17.5,35,0.53236
1140,262,348,13.25,26.75,0.53197
1140,366.25,360.75,12.75,25.25,0.53183
1140,35.75,271.5,12.75,25.25,0.53182
1140,108.5,333.5,14,28,0.53124
1140,313,208.25,22.75,45.25,0.53115
1140,414.5,363.5,12,24.25,0.53098
1140,324.75,40.75,12,24.25,0.53089
1140,396.25,357,15.75,31.25,0.53077
1140,506.75,124.25,17.5,34.5,0.5304
1140,205.5,320.75,12.25,24.5,0.53039
1140,134.75,379.75,13.25,26.25,0.53033
1140,597.75,414.25,13.25,26.25,0.53012
1140,457.75,336,20.25,40.5,0.53005
1140,382.5,382.75,12.5,25.25,0.53001
1170,99.75,368,15.75,31.5,0.56883
1170,197.25,288.25,14,27.75,0.56262
1170,166.75,297.25,13.75,27.75,0.55932
1170,372.75,313.25,13.25,26.5,0.55884
1170,384,279.75,12.5,24.5,0.55311
1170,36.75,403,14.25,28.25,0.55108
1170,396,293.5,14,28,0.54985
1170,437.75,348.25,14.5,28.75,0.54599
1170,124.25,410.5,12.75,25.75,0.54515
1170,596.25,381.25,13.25,26.75,0.54463
1170,285.5,326.5,13.25,26.5,0.54175
1170,303,301.25,13.5,27.25,0.54088
1170,542.75,101.5,25,49.75,0.54067
1170,220.75,300.5,13.5,27.5,0.53994
1170,149.25,310.5,13,26,0.53988
1170,439,334.5,12.75,25.75,0.53984
1170,125,350.25,14.5,29,0.53967
1170,433,78.5,23.5,47,0.53941
1170,358.5,5.25,13.5,26.75,0.53914
1170,61.25,412.75,13.5,27.25,0.53899
1170,380.5,398.75,12.75,25.75,0.53895
1170,244.25,367.5,14,27.75,0.53886
1170,356.25,294,16.25,32.5,0.53811
1170,411.5,161.25,17.5,35,0.53739
1170,220.75,365,13,26.25,0.53725
1170,259.75,357.75,15,30,0.53676
1170,236.5,309.75,14.5,29,0.53524
1170,53.5,192.5,22.5,45.25,0.53511
1170,451.5,418.25,14.75,29.25,0.53501
1170,553,76,16.5,33,0.5346
1170,317.25,340,13.75,27,0.53451
1170,612.5,364,15,29.75,0.53433
1170,568,150.5,13,26,0.53429
1170,294.5,34.25,13.75,27.25,0.53386
1170,299.75,232.75,12.75,25.25,0.53328
1170,564.5,329.5,15,29.75,0.5332
1170,445,342.75,15.25,30.25,0.53309
1170,107.5,353,16,31.75,0.53285
1170,605.25,185,14.75,29.75,0.53284
1170,563.75,321.5,16.25,32.5,0.53258
1170,382,272.25,14.25,28.75,0.53223
1170,136.75,196.5,21.25,42.25,0.5321
1170,112.75,186.25,29,58,0.53202
1170,515.75,141,28.5,56.75,0.53198
1170,171.75,391.25,14,28,0.53191
1170,86,413.75,13,25.75,0.53187
1170,437.75,419.5,14.5,28.75,0.53168
1170,212,305,16,32.25,0.53146
1170,500.25,234,18,36,0.5314
1170,144.75,3,37.75,75.5,0.53135
1170,566,122.25,24.75,49.5,0.53122
1170,-0.25,195.75,14.75,29.75,0.53108
1170,229.5,340.75,13.5,26.75,0.53099
1170,285.75,395,13,26,0.5309
1200,268.25,383.25,16.5,33,0.57313
1200,286,328.75,13,26,0.5561
1200,276.5,384.75,15.75,31.5,0.55308
1200,244.75,384,13.5,26.5,0.55233
1200,341.75,317,13.5,27.5,0.55052
1200,252.5,385.25,15.5,30.75,0.5477
1200,392,416.5,12.25,24.25,0.54746
1200,214,333.5,13.25,26.25,0.54609
1200,-1.5,160.75,12,23.75,0.54495
1200,276.5,350.5,15.75,31.5,0.54472
1200,213.75,327.25,13.5,27,0.54251
1200,359,341.75,13.25,26.5,0.54185
1200,84.25,352.5,12.5,25,0.54161
1200,582.25,301.5,13,26.25,0.54119
1200,373,434.5,14.5,28.75,0.54085
1200,328,338.5,14.5,29.25,0.53825
1200,450.25,144.5,13,26,0.53813
1200,46.5,258.25,14,28.25,0.53769
1200,326.5,380.75,11.75,23.75,0.53721
1200,44,410.75,15,30.5,0.53558
1200,463.25,395.25,18.75,37.75,0.53518
1200,495.75,430.25,12.75,25.75,0.53515
1200,52.5,363.25,13.5,27.25,0.53479
1200,182,381.25,14.25,28.75,0.53397
1200,40.5,275.25,12.25,24.5,0.53318
1200,275.25,399,18,35.5,0.53317
1200,493,157.5,19.25,38.5,0.53315
1200,260.25,384,15.75,31.75,0.53311
1200,371.25,278.75,20.75,41.75,0.53299
1200,92.75,347.25,14.5,28.75,0.53228
1200,277.5,338.5,14.5,29,0.53205
1200,371.5,320.5,19.25,38.25,0.53193
1200,149.5,383,13.5,27.25,0.53193
1200,412,363.75,14.75,29.5,0.53119
1200,213,385,14,27.5,0.53081
1200,370.25,305.25,12,24.5,0.53057
1200,435.5,38.25,13.25,26,0.53008
1200,300,331,15.5,31.25,0.53003
1230,262.25,351,13,25.75,0.5619
1230,405.25,29.75,86.25,172.5,0.55378
1230,28.25,274.75,14.25,28.5,0.55183
1230,445.5,399.75,12.5,25.25,0.54923
1230,181.5,343.5,13,26,0.54785
1230,278.25,404.75,13,26,0.54782
1230,266.75,337.25,15.75,31.25,0.54744
1230,475,69,12.75,25.5,0.54626
1230,243.5,353.25,15,30,0.54561
1230,272,316.5,12.25,24.5,0.54481
1230,464.25,129.5,12.25,24.25,0.54443
1230,139.5,370.5,13.5,27,0.54296
1230,460.75,433,14.25,28.25,0.54265
1230,34.25,265.25,19,38,0.53748
1230,377.75,278.25,14,28,0.53683
1230,483,166.75,15,30,0.53497
1230,144.25,431.25,12,23.75,0.53373
1230,70.25,179.75,14,28,0.53303
1230,348.25,180,13,26,0.53301
1230,531,121.75,35,70.25,0.53282
1230,421.75,331.75,12.5,25.5,0.5327
1230,299.25,415.25,16.5,33,0.5327
1230,452.25,398.75,12.75,25.5,0.53239
1230,322.25,321,11.75,23.5,0.53196
1230,625,96.25,16.25,32.25,0.53166
1230,380.25,329.25,13.25,26.25,0.53087
1260,264.25,85.75,13.5,27.25,0.54975
1260,235.5,328.5,14.5,29.25,0.54597
1260,29,386.75,14.5,29.5,0.545
1260,100,393.5,15.5,31,0.54496
1260,285.5,406,13.5,26.75,0.54397
1260,446,399.75,12,24.25,0.54358
1260,91.25,169,17.5,35.25,0.54269
1260,556.25,104.5,40,80.25,0.54151
1260,292.25,354.75,14.75,29.75,0.53787
1260,508.75,155.75,19,37.75,0.53682
1260,232,375.5,12.75,25.25,0.53667
1260,500.5,155.5,17.5,35,0.53634
1260,497.5,409,14.75,29.5,0.53527
1260,141.75,415.75,13,25.75,0.53523
1260,481,363,12.75,25.25,0.53447
1260,311.25,263.75,101.75,203.25,0.53438
1260,568,328.5,12,24,0.53413
1260,321.25,352,21.5,43,0.53395
1260,166,382.75,13.25,26,0.53379
1260,112.5,377,11.75,23.5,0.53368
1260,369.75,143,12.25,24.5,0.53243
1260,165,424.75,14.25,29,0.53231
1260,231.5,75.75,61,121.5,0.53196
1260,299.5,232.5,14.75,29.5,0.53163
1260,184,396.25,12,23.75,0.53149
1260,371.75,28,28,56,0.53058
1260,161.75,137.75,12.5,24.75,0.53049
1260,69.5,130,14,28.25,0.53003
1260,48.75,56,11.75,23.25,0.53002
1290,500.25,432.25,12.25,24.75,0.5566
1290,413.75,363,53,105.75,0.54282
1290,488.5,105.25,46.25,92.75,0.54109
1290,421.5,274.5,15,29.75,0.53807
1290,306,372.75,49,98,0.53785
1290,290.5,168.5,12.75,25.25,0.53719
1290,30.25,111,12.75,25.5,0.53566
1290,399.75,252,12.75,25.75,0.53529
1290,294.75,74.75,11.75,23.5,0.53474
1290,-1.75,146,14.25,28.5,0.53446
1290,29.5,366.75,48.75,97.75,0.53411
1290,531,43.5,21,42,0.53277
1290,282.75,146,25.75,51.25,0.53252
1290,416.75,264.75,11.75,23.75,0.5324
1290,483.25,154.75,160.5,320.5,0.53077
1290,374,13.5,31.5,63,0.53065
1290,309,266.75,14,27.75,0.5305
1320,547,410.5,30,60,0.54705
1320,462.25,414.25,27.75,55.5,0.54352
1320,155.25,368.25,17,34,0.54116
1320,44.75,360.25,12,24,0.53853
1320,149.5,137.5,13,26,0.53612
1320,263,83.5,13.5,27,0.53487
1320,16,122,25.25,50.5,0.53441
1320,241,165.5,15.25,30.5,0.53221
1320,428.75,249,11.5,23,0.53159
1320,493.75,100.25,18.25,36.25,0.5315
1320,569.5,364,12.5,25.25,0.53146
1320,350,261,14,28,0.53025
1320,581.5,170.25,13.5,26.5,0.53018
1350,188.5,350.25,12,24,0.54437
1350,549.25,27.25,29.75,59.25,0.54121
1350,-1.5,157.75,12.25,25,0.54074
1350,374.25,265.75,12.25,24.25,0.53941
1350,564.5,443.25,13.75,27.25,0.53743
1350,149.25,142,13.25,26.5,0.53624
1350,263.25,85.75,14.75,29.75,0.53569
1350,430,260,14.5,29,0.53517
1350,506.75,170.5,18,36,0.53466
1350,496.5,176,18.5,37,0.53304
1350,406.25,306,12.5,25,0.5327
1350,165.5,448.25,14,28.25,0.53176
1350,512,111.75,49,98,0.53146
1350,536.5,443.5,13.75,27,0.53009
1380,422.25,160.5,28,55.75,0.55192
1380,318.25,225,13,26.25,0.54761
1380,426.75,190.5,14.25,28.5,0.54721
1380,444.25,380.75,17.75,35.75,0.54696
1380,386,401.5,16.75,33.75,0.54584
1380,347.5,360.75,15.75,32,0.54344
1380,360,313,12.75,25.25,0.54307
1380,220.25,280.5,14.75,29.5,0.54234
1380,212.5,17.75,12.25,24.5,0.5373
1380,10.75,227,16.5,33.25,0.53716
1380,-4,188.25,32.75,65.75,0.53712
1380,487.25,334.75,13.25,26.75,0.53557
1380,268.75,12,14.5,29.5,0.53483
1380,606,10.5,12.25,25,0.53427
1380,569.5,17.5,18.5,37.5,0.5334
1380,348.5,59.25,13.25,26.5,0.53238
1380,474.25,452.5,12.5,25.25,0.53138
1380,88.5,451,14,28,0.53105
1380,406,352,12.75,25.25,0.53093
1380,354.75,43.25,11.75,23.75,0.53009
1410,314.5,27.25,12.5,24.5,0.54933
1410,474.75,160,19.5,39.25,0.5456
1410,-1.75,164.75,12.75,25.5,0.54485
1410,233.5,209.5,29,58,0.54225
1410,240,133.25,73.5,146.75,0.53933
1410,350.25,184.5,12.75,25.25,0.5392
1410,165.75,391.5,34.25,68.75,0.53799
1410,232.75,429,11.5,23,0.53682
1410,134.25,279.5,12.75,25.5,0.536
1410,263.25,92.75,15,30,0.53567
1410,379.75,80.5,51,102.25,0.53521
1410,12.25,132.75,23.75,47.75,0.53502
1410,590.75,191.5,24.25,48.5,0.53433
1410,605.5,12.5,12.5,25.25,0.53321
1410,442.75,382.25,19,37.75,0.53269
1410,91.25,154.5,16.25,32.5,0.53223
1410,231.75,147.75,13,26,0.5319
1410,196.75,77.5,48.5,97.25,0.53022
1410,222.75,79.25,46.25,92.25,0.53005
1440,311,171.75,26,52,0.56128
1440,308.75,34.75,13,26.25,0.54656
1440,56.25,139.5,12.25,24.75,0.5454
1440,292.25,168.5,17,34,0.54457
1440,348.25,63.25,12.75,25.75,0.5421
1440,333.5,242.25,14.25,28.25,0.53734
1440,533.75,177,20.75,41.75,0.53644
1440,250.75,13,12.75,25.25,0.53613
1440,507.75,391,14.5,29,0.53498
1440,390,277.25,13,26.25,0.53456
1440,39,100.25,14.75,29.5,0.53448
1440,551.25,49,25,50.25,0.53408
1440,26.75,131.25,122.75,245,0.53399
1440,516.5,378.5,11.75,23.75,0.5338
1440,293.25,9,13.5,27.25,0.53256
1440,10.75,100.75,26.5,52.75,0.53061
1440,184.25,177.5,23.25,46.5,0.53048
1440,263.5,97.75,15.5,31,0.53016
1470,349.5,273.25,25.25,50.25,0.56791
1470,556.75,235.25,14.75,29.75,0.5583
1470,197.25,409.25,15.25,30.25,0.55704
1470,300.5,112.75,122,244.25,0.55422
1470,164,426.25,15.5,31,0.5502
1470,330.5,277.25,63.5,127.25,0.5475
1470,212,332.25,16.25,32.5,0.54603
1470,595.75,254.25,15.5,31.25,0.54602
1470,386.25,412.75,16,31.75,0.54574
1470,484.5,299.25,14.25,28.5,0.54555
1470,205.5,319,13.5,27,0.54473
1470,532.5,355.25,14.75,29.75,0.54407
1470,283.5,182.25,18,35.5,0.54404
1470,252.75,347,14.75,29.75,0.54348
1470,165.5,257,13.25,26.25,0.54256
1470,180.75,396.5,13.75,27.5,0.54236
1470,597.25,309.25,13.75,27.75,0.54074
1470,612,244.75,15.75,31.5,0.5406
1470,581.5,334.75,14,27.75,0.54036
1470,580.25,357.5,15.75,31.5,0.53995
1470,597,364.25,14,27.75,0.53979
1470,436.5,264,16.25,32.5,0.53898
1470,572.75,414,13.75,27.5,0.53878
1470,404.5,402,14.5,29.5,0.53861
1470,223,88,72.75,145.75,0.53825
1470,256.5,176.5,25.25,50.25,0.53824
1470,581.5,276,13.5,26.75,0.53812
1470,467,387.25,17.75,35.5,0.53808
1470,258.25,98.25,14.75,29.25,0.53808
1470,196.5,418,16,32,0.53773
1470,548.25,260.25,14.5,29,0.53718
1470,487.75,258.75,30.25,60.5,0.53707
1470,606,16,12.25,24.75,0.53704
1470,292.25,235.25,14.25,28.5,0.53645
1470,276.75,380.25,15.25,30.5,0.53602
1470,581.25,251,14.25,28,0.53595
1470,108.75,425,14,27.75,0.53569
1470,507.75,415.75,13,26,0.53548
1470,577.5,107,38.5,77,0.53513
1470,460,321.75,14.75,29.5,0.5344
1470,287,195.75,14.25,28.75,0.53434
1470,268.75,380.75,14.75,29.5,0.53415
1470,99,220.25,20,40.25,0.53407
1470,524,369.75,15.75,31.5,0.53389
1470,196.5,336.5,15.75,31.5,0.53381
1470,116.75,299,15,30.25,0.53364
1470,-2.75,224.25,57.75,115,0.53356
1470,213.25,291.75,13.5,27.25,0.53345
1470,173,235.75,15,30,0.53308
1470,491.75,295.5,13.75,27.5,0.53302
1470,459.75,305.5,16,32.5,0.53267
1470,493.75,315.5,14,28,0.53263
1470,212.75,417.5,15.25,30.25,0.53216
1470,277.25,300.5,15.25,30.5,0.5321
1470,181.25,421.5,13.5,27,0.53171
1470,332.25,62.5,13.5,26.75,0.53149
1470,261.25,160.25,100.25,200.5,0.53088
1470,205,428.5,14.25,28.5,0.53056
1500,324,160.25,12.75,25.75,0.56951
1500,340.25,320,12.25,24.75,0.56032
1500,164.25,426,15.25,30.75,0.55728
1500,360.75,159.75,12.5,25,0.55569
1500,436.75,178.5,14,28,0.55522
1500,212,16.25,16,32,0.55458
1500,205,362,14.25,28.75,0.55287
1500,626.75,208,12.75,25.5,0.55152
1500,500.75,339.75,14.75,29.5,0.55046
1500,532.25,62.25,16.25,32.75,0.54874
1500,348.5,27,13.5,27.25,0.54868
1500,564.75,193,85,170,0.54783
1500,577,189.75,26.5,52.75,0.54723
1500,317.25,333.5,14.25,28.5,0.54627
1500,405.75,312.25,13,25.75,0.54605
1500,571.75,384,16.5,33,0.54433
1500,476,320.25,17.25,34.25,0.54389
1500,516.25,318.5,14.25,28.75,0.5433
1500,556.75,392.5,15.25,30.75,0.54255
1500,100,312.5,15.5,31,0.54244
1500,232,12.75,12.5,25.25,0.54169
1500,349,43.25,13,26.25,0.54099
1500,363.75,419.5,14,27.75,0.54081
1500,292.5,425.75,12.75,25.5,0.54055
1500,572.5,131.5,53,106.25,0.54045
1500,165.25,402.5,13.75,27.25,0.53942
1500,453.5,175.25,14,28,0.5392
1500,181,421.5,13,26.25,0.53919
1500,405.5,190,43.75,87.75,0.53904
1500,516.25,300,14.5,29,0.539
1500,452.25,316,13.75,27.75,0.5386
1500,309.25,111.5,37.75,75.75,0.53817
1500,268.5,12.25,12.25,24.25,0.5368
1500,549.75,43.25,27.75,55.5,0.53616
1500,236.75,28.25,12,24,0.53551
1500,564.75,371,15.25,30.5,0.5355
1500,310.75,283.75,12.5,25,0.53507
1500,569.75,240,32.25,64.5,0.53473
1500,92.5,285.75,14.5,29,0.53462
1500,276,339,16.25,32.5,0.53445
1500,293.75,312,13.25,26.5,0.53443
1500,246.5,159.5,13.25,26.25,0.53443
1500,524.75,372,15.75,31.5,0.53436
1500,468,174.5,15,30,0.53427
1500,332.5,115,84.5,169,0.53361
1500,269,249,14,28,0.53342
1500,390.75,318.25,13.5,27,0.53334
1500,260,155.75,15.5,30.75,0.53274
1500,609.5,163,25.5,51.25,0.53244
1500,268.25,302.75,16.5,33.25,0.53234
1500,231.75,432,12.5,25.25,0.53232
1500,24.75,426,18.75,37.25,0.53216
1500,332.25,38.5,12.25,24.75,0.53198
1500,319.25,108,20.5,41.25,0.53094
1500,300.75,316.75,14.5,29.25,0.53059
1500,276.25,23.75,12.5,24.75,0.53045
1500,316.75,21,11.5,23,0.53034
1500,116.75,302.75,12.75,25.75,0.53033
1500,523.75,181.75,12.5,25.5,0.53023
1500,294,112.5,38,75.75,0.53022
1500,187.5,350.75,17,34,0.53016
1500,245.75,114.75,36.25,72.5,0.53016
1530,485,378.5,14.25,28.5,0.55998
1530,165.5,415.25,13.25,26.25,0.55461
1530,572.25,411.25,15.25,30.25,0.54597
1530,365.25,177.5,24.25,48.5,0.54483
1530,-8,95.5,65,130,0.5447
1530,462,349.25,12.75,25.25,0.54463
1530,164.25,426,15.5,31,0.54425
1530,347,364.75,16.75,33.75,0.5438
1530,327,255.25,13,26,0.5437
1530,285,383.75,13,26,0.54249
1530,246.25,99,63.25,126.5,0.54179
1530,453.75,343.5,13.75,28,0.54173
1530,157,430.75,13.75,27.25,0.54119
1530,331.25,67.75,14.5,29.25,0.54116
1530,220.5,320.25,14.25,28.5,0.53927
1530,348,319.75,16,32.25,0.53893
1530,267.25,318,17.5,34.75,0.5389
1530,43.5,32.75,16.25,32.25,0.53826
1530,14,162.25,16,31.5,0.53708
1530,378.75,180.5,20.25,40.25,0.53567
1530,186.5,295.5,17.75,35.5,0.53529
1530,333.5,334.5,13.5,27.25,0.5348
1530,226.5,332.25,18.25,36.5,0.53296
1530,476.5,343,13.25,26.25,0.53247
1530,501.25,416,12.75,25.25,0.53238
1530,380.5,408,12.5,25,0.53217
1530,293.75,325.75,13.5,27.25,0.53211
1530,507.75,118,50.75,101.25,0.53206
1530,437.75,393.75,13,26.25,0.53167
1530,315.25,316.5,17.5,35.25,0.53138
1530,357,367,14.25,28.5,0.53118
1530,340.5,318.5,12.5,25.25,0.53117
1530,49,272,12,24,0.5311
1530,459.5,335.5,17,34.25,0.53076
1530,436.25,352,16.5,32.5,0.5306
1530,181.25,423,13,26,0.53015
1530,444.25,334.5,18,35.75,0.53005
1530,277.25,37.5,13.75,27.25,0.53001
1560,333,6.75,13.25,26.5,0.5544
1560,317,44.5,14.25,28.5,0.55391
1560,248.5,8.25,12.5,24.75,0.55054
1560,348.75,337.75,15,29.75,0.5486
1560,347.25,44.75,17.25,34,0.5479
1560,280,13.25,12,23.75,0.54615
1560,481.75,148,45.5,91.5,0.54585
1560,404,416.75,15.5,30.75,0.54434
1560,348.25,12.5,14.25,28.25,0.54402
1560,284.75,381.25,14,28,0.54259
1560,284.75,9.5,14.5,29,0.54095
1560,291.5,381.5,15.75,31.5,0.54035
1560,412.25,360,13,25.75,0.53985
1560,355.75,43.25,15.5,31.25,0.53904
1560,473.75,44.5,101,202,0.53778
1560,332.25,236.25,12,24.25,0.53753
1560,238.75,11.75,14,27.75,0.53736
1560,215,10,12,24.25,0.53728
1560,300.75,331,15,30,0.53538
1560,173.5,366.5,14.25,29,0.53504
1560,600,241.75,13.25,26.5,0.53459
1560,532,353.5,15.25,30.25,0.53454
1560,444,391.25,12.5,25,0.53393
1560,293.25,326.25,13.25,27,0.53384
1560,212.5,183.75,21.5,43,0.53382
1560,430.25,185.75,17.75,35.25,0.53367
1560,519.25,376.25,12.5,25,0.53319
1560,39,99.75,14.25,29,0.53267
1560,254.75,8.25,11.75,23.5,0.53235
1560,330.75,32,16.25,32.75,0.53191
1560,260.75,13,15.25,30.75,0.53191
1560,428.5,131.25,12.5,24.75,0.53166
1560,493,209,13.75,27.25,0.53115
1560,403.25,322.75,15.25,30.5,0.53105
1560,583.75,311.5,12.5,25,0.53099
1560,532.5,211,11.75,23.5,0.53075
1560,324.75,314.75,15.75,31.75,0.53068
1560,549.5,167.5,13,26,0.53065
1560,533.25,53,13.5,27,0.53048
1560,381.5,20,34.5,69,0.53018
1560,507.75,417,13,25.75,0.53003
1590,483.25,193.75,15.75,31.25,0.558
1590,166.5,187,26.75,53.75,0.5557
1590,348.5,16.75,16.5,33,0.55348
1590,308.75,29,15.25,30.25,0.54713
1590,-1.5,168.5,12.25,24.5,0.54456
1590,259.25,100,13.75,27,0.54374
1590,380,313.75,13,25.5,0.54332
1590,47.25,96.5,70.25,141,0.54193
1590,341.25,27.5,14,27.75,0.54042
1590,236,30.75,12.25,24.5,0.54037
1590,251.75,277.25,17.25,34.5,0.5396
1590,316.5,31.5,12.5,25.25,0.53949
1590,364.5,28.25,16.25,32.25,0.53902
1590,387.25,360.5,12.25,24.25,0.53762
1590,404.25,417.25,12.25,24,0.5371
1590,176.25,177.25,30.75,61.75,0.53636
1590,293.75,47,13,26.25,0.5361
1590,277.5,370.5,13.5,27,0.5359
1590,88.25,144,25.75,51.5,0.53584
1590,283.25,154,43.5,87,0.53576
1590,111,151.75,13,26,0.53521
1590,331.75,63.75,13.5,27,0.53466
1590,365,319.75,15.75,31.25,0.53437
1590,522.25,33.75,74,147.75,0.53436
1590,477.25,326,13.5,27,0.53374
1590,14.75,401,11.5,23,0.53356
1590,286.75,340,12,24,0.53337
1590,497.75,120.5,14.5,29.25,0.5329
1590,611.5,313.25,15.75,31.5,0.53272
1590,594.5,25,12.25,24.5,0.5326
1590,550.25,169.75,12.75,25.25,0.53252
1590,399,163,14.75,29.25,0.53199
1590,382.5,21.25,32.75,65.5,0.53195
1590,13,138.25,24,48.25,0.5319
1590,379.75,409.75,15.25,30.75,0.53067
1590,320,45,16.25,32.5,0.53066
1590,107.75,384,16.25,32.5,0.53064
1590,380.5,328,12.5,24.75,0.53053
1590,220.5,327.5,15.5,31.25,0.53024
1620,223.25,12.5,18.75,37.25,0.56532
1620,357.75,13,18.75,37.5,0.56031
1620,386,317.75,16.5,32.75,0.54568
1620,250.25,276.25,12,24,0.54427
1620,411.25,329.5,18.25,36.25,0.54397
1620,440.75,95,11.5,23,0.54074
1620,341.75,276.25,13.25,26.25,0.53962
1620,611.5,163,31.5,63,0.53946
1620,150,156.5,12.25,24.75,0.53789
1620,239,187,13.25,26.75,0.53739
1620,263.25,97.75,15.5,31,0.53549
1620,163.5,429,17,33.75,0.53434
1620,352.5,19.5,15.25,30.25,0.53429
1620,294.25,48.25,13,26,0.53319
1620,605.25,16.25,12.5,25,0.5328
1620,247.5,338.5,12.5,25.5,0.53279
1620,284.25,239.5,13,26,0.53278
1620,581.25,342,14,28.5,0.53246
1620,595.25,308.75,15.5,31.25,0.53241
1620,433.75,27.5,99.75,199.25,0.53227
1620,550,321,38.25,76.25,0.53215
1620,530,193.75,15,30.25,0.53177
1620,412.5,289.25,13,26.25,0.53146
1620,92.75,293.5,14.75,29.5,0.53137
1620,245.75,10.25,14.75,29,0.53069
1620,406.25,351.5,12.5,25.25,0.53037
1650,108.25,280,13,25.75,0.54516
1650,508.75,117.75,52,104,0.5447
1650,258.5,99,14.75,29.25,0.5432
1650,13.25,151.25,23,45.5,0.54248
1650,164,429.25,16.5,33,0.54128
1650,263.75,98.75,14.75,29.5,0.53828
1650,149.5,155,13,26.5,0.5382
1650,278.75,169.5,13.5,27,0.53577
1650,236.75,85.25,30,59.75,0.53507
1650,556.25,123.5,42.5,84.75,0.53501
1650,573.5,157.75,13,25.5,0.53373
1650,473.5,111.25,55.75,111.75,0.5333
1650,91.5,183.5,21,42.5,0.5331
1650,204.25,171,12,24,0.5326
1650,422.75,289,11.5,23,0.5324
1650,225.5,177.5,32,64,0.53016
1680,403.25,318.25,15.25,30.75,0.55334
1680,181.5,232.25,21.25,42.5,0.55167
1680,263.5,97.75,15.25,30.5,0.54844
1680,551.25,35.5,14,28.25,0.5419
1680,149.5,156.5,12.75,25.5,0.54131
1680,596.5,311,14.25,28.5,0.54121
1680,374,283.25,12.25,24.5,0.54087
1680,259,99.5,14.25,28.5,0.54047
1680,233.25,8.75,12,24,0.53911
1680,220.5,9.5,13.25,26.25,0.53908
1680,551.5,371.5,13.5,26.5,0.53659
1680,360,173.25,28.25,56,0.53567
1680,428.75,418.25,13.25,26.25,0.53488
1680,245.5,16.5,14.5,29,0.53385
1680,245.5,8.5,12,24,0.53349
1680,606.25,17,12.5,25.25,0.53246
1680,53.5,181,25.5,51,0.53177
1680,466.25,225.25,17,34,0.53087
1710,219.75,24.25,15.75,31.5,0.56297
1710,107.75,283.25,15.25,30.5,0.56095
1710,332.75,368.75,15.75,31.75,0.55285
1710,221,8.25,12.25,24.75,0.55285
1710,187.75,364,14.5,29,0.55267
1710,263.25,97.75,15.25,31,0.55252
1710,512.25,125,48,95.5,0.5502
1710,231.75,15,13,26.25,0.54672
1710,259.25,100.25,14,28.25,0.54645
1710,211,20.75,14,28.25,0.54548
1710,299.5,180.5,29.25,58.5,0.54463
1710,149.5,156.75,12.75,25.25,0.54423
1710,524.5,262.25,14,28,0.54422
1710,421.5,284,13.5,27.25,0.54365
1710,453.25,349.25,14,28,0.54313
1710,110.5,151.75,13.25,26.75,0.54287
1710,582,253.25,13,26.25,0.54248
1710,154.5,199.75,18,36,0.54245
1710,509,372.75,14.25,28.5,0.54225
1710,170.25,190.25,25.75,51.75,0.54223
1710,326.25,60.25,12.75,25.75,0.54074
1710,408.75,155.5,19.5,39.25,0.5402
1710,125.25,237.75,12.75,25.5,0.53942
1710,204.25,24.25,15.75,31.25,0.53927
1710,535.25,87.75,30,60,0.53694
1710,20.25,181.75,15,30,0.53652
1710,317,282.5,14.5,28.75,0.53622
1710,508.25,416.5,12.5,25.25,0.53576
1710,308.5,282.25,17,33.75,0.53509
1710,451.25,382.25,17.25,34.75,0.53471
1710,389.5,276.5,12.75,25.5,0.53461
1710,606.5,17.5,12.75,25.25,0.53444
1710,613,247.5,13.25,26.5,0.53228
1710,441.75,57,86.75,173.75,0.53183
1710,533.75,54.25,12.75,25.5,0.53132
1710,460.5,334.5,13,26,0.53068
1710,299,15,17.5,34.75,0.53033
1710,612.5,315,15.5,30.5,0.53021
1710,404.75,414.5,14.75,29.5,0.53014
1710,156.25,434.75,12.75,25.25,0.53014
