30,428.5,309.25,13.25,26,0.55613
30,342.5,9.25,12.5,25,0.5523
30,245.25,394.25,14.75,29.75,0.55209
30,205.25,426.75,13.5,26.5,0.54937
30,156.75,398.5,13.5,26.5,0.54842
30,139.25,64,14.25,28.25,0.54767
30,141,132.75,18,36,0.54461
30,372.25,408.25,12,24.5,0.54309
30,28.5,35.25,14.5,28.75,0.5426
30,428.75,280.75,12.5,25,0.54232
30,396.75,411,13.25,26.5,0.54167
30,429.25,271.25,16.25,32.75,0.54131
30,285.25,405.5,13.75,27.25,0.54077
30,324.25,270.75,13.5,27,0.54071
30,294.25,255.25,14.25,28.5,0.5378
30,402.75,400.25,17.5,35,0.53732
30,331.5,9,14,28.25,0.53722
30,124.25,107.25,17.75,35.5,0.53673
30,345.75,177.25,14.25,28.5,0.53609
30,327.25,22.75,13.25,26,0.53579
30,294,422.5,13,26,0.53555
30,445.75,96.75,13.75,27.25,0.53529
30,583,430.25,13,25.75,0.53509
30,609.5,281.75,12.75,25.25,0.53414
30,436.25,285,17,33.75,0.53379
30,511.5,366.75,12.75,26,0.53377
30,192,179.5,15,30.25,0.53265
30,437,71.5,16,32,0.53244
30,213,422.25,14.25,28.5,0.53229
30,531.75,403,13,26.25,0.5322
30,519,369,12.75,25.5,0.53183
30,523.75,435.75,14.75,30,0.53168
30,330.75,296.75,18,36,0.53126
30,308.75,67.5,14.25,28.5,0.53126
30,261.75,285,13.25,26.25,0.53067
30,205.5,140.5,13.75,27.5,0.5306
30,364.25,240.75,12,23.75,0.53036
30,37.5,315.25,13.75,27.75,0.53032
30,347.25,178.75,14,28,0.53025
60,325.75,29.25,14,28,0.56685
60,28,310.75,13,26,0.56329
60,220.5,389.25,13.75,27.25,0.56324
60,341.75,376,13.25,26.25,0.56228
60,260.5,388.75,15.25,30.75,0.55397
60,292,43,15,30,0.55129
60,84.25,283.25,15.75,31.75,0.54801
60,445.5,366,13,26,0.54744
60,236.5,10.25,15.25,30.75,0.54705
60,349,384.75,15.25,30,0.5465
60,172.75,354.25,14.75,29.75,0.54565
60,53,296.75,12.5,25.5,0.54505
60,245,5.25,14.75,29.75,0.54435
60,314,438.25,20.25,40.5,0.54399
60,159.75,136.75,15.25,30.5,0.54366
60,60,287.25,17,34.25,0.5434
60,101,427,13.5,26.75,0.54316
60,317.25,393.5,13.5,27.25,0.54258
60,229,389.25,14.5,29.25,0.54222
60,333.25,263,13.25,26,0.54205
60,309.5,404.25,13,25.75,0.54138
60,220.25,344.5,16.25,32.25,0.54044
60,237.25,311,13,26,0.54006
60,365,307.75,14.5,29,0.53975
60,469.75,395,14.25,28.5,0.53926
60,552.25,8.5,98.75,197.25,0.53914
60,236.5,293,17.5,35,0.53911
60,399.5,407,13,26.25,0.53897
60,254,385.25,12.75,25.5,0.53852
60,470.75,353,11.5,23,0.53843
60,69,283.25,14.75,29.5,0.53826
60,407.75,282.5,12.75,25.75,0.53789
60,411.5,333.5,16.75,33.25,0.53756
60,348.25,308,14.5,29,0.53722
60,243,317.75,17.75,35.5,0.53636
60,350,308.25,14.75,29.25,0.5362
60,252,298.75,13.25,26.25,0.5356
60,49,135.25,33,66.25,0.5355
60,238.5,129,11.75,23.5,0.5355
60,269.25,327.25,12.5,25,0.53539
60,291.5,413,15.25,30.5,0.53493
60,591.5,87,13.25,26.5,0.53478
60,589,428.5,14.25,28.75,0.53478
60,309.75,309.5,14.5,29.25,0.53473
60,364,385.75,12.75,25.25,0.53468
60,92.25,282.25,16.75,33.5,0.53464
60,435.75,346.5,17.5,34.75,0.53449
60,534.25,189.5,12,24.25,0.53441
60,102.5,393.5,12,24,0.53433
60,416.75,381,11.5,23,0.53424
60,428.5,406.25,13.25,26.75,0.53413
60,277,28.5,14,28,0.53404
60,197,382.5,14.75,29.75,0.53378
60,285.25,252,13.75,27.5,0.53375
60,341.25,430.5,14.25,28.75,0.53364
60,144.25,415.25,13,26,0.53363
60,528.5,381.5,13.5,27,0.53359
60,43,314.25,20.5,41.25,0.53344
60,496,361.75,20.75,41.25,0.53246
60,236.5,348,14,27.75,0.5324
60,316.5,339,12,24,0.53217
60,628.25,117.25,12.25,24.25,0.53197
60,44,310.25,13,26,0.53134
60,36,308.75,13.25,26.75,0.53079
60,124.5,417,12,24,0.53075
60,299.25,314.25,16.5,33,0.5306
60,428,386,13.25,26.25,0.53051
60,205,376,14.25,28.75,0.53051
60,83.25,41,14,27.75,0.53034
60,253.5,182.25,15.25,30.25,0.53023
60,280.75,362.75,15,30,0.53016
60,340.5,407.5,16.25,32.5,0.53013
60,165.25,376,13.5,27,0.53003
90,373.25,309.5,14.25,28.25,0.57762
90,229,324,14.5,29,0.56639
90,389.75,318.5,13.25,26.5,0.55968
90,507,398.5,16.75,33.5,0.55928
90,319,342.25,13.75,27.5,0.55753
90,300,173,18,35.5,0.55585
90,140.75,409,15.5,30.75,0.55254
90,61.5,412.75,13.75,27.75,0.55234
90,188.25,307.5,12.75,25.5,0.5507
90,325.25,247.25,14.5,29,0.55014
90,452.5,377,12.25,25,0.54974
90,299.75,375.5,16.25,33,0.54925
90,572.75,422.75,14,27.5,0.54807
90,340.5,315.25,16.5,32.75,0.54731
90,207.5,296.25,13,26,0.54629
90,158,415.75,12.5,25.25,0.54615
90,252.25,275.25,12.5,25.5,0.54297
90,53.5,294.5,13.25,26.5,0.5428
90,359.75,309.5,12.5,25,0.5422
90,140.25,392.75,15.75,31.5,0.54149
90,29.75,117.5,23,46,0.54131
90,243.5,309.5,16.25,32.75,0.54101
90,258.25,263,13.5,27,0.54091
90,275.5,246.25,13.5,26.75,0.54076
90,67.75,298.5,15,29.75,0.54023
90,340.25,34,13.75,27.5,0.53969
90,157,362.25,14.5,28.5,0.53873
90,547.75,410.5,16.5,32.5,0.53858
90,476,422.25,14.5,29,0.53733
90,356.25,328.25,15,30,0.53731
90,360.5,44.75,12.25,24.25,0.53684
90,324.25,385.5,12,24,0.53594
90,131,127,19,37.75,0.53482
90,292.25,247.5,13.5,26.75,0.53467
90,492,407.75,12.5,24.75,0.53446
90,277.5,401.5,14.25,28.75,0.53393
90,277,418.25,15,30,0.53367
90,308,361.75,15.25,30.75,0.53359
90,285.5,400.5,13.75,27.75,0.53321
90,95.5,278,13.5,26.5,0.53291
90,101.5,403,13.25,26.75,0.53263
90,174.5,415.5,12.75,25.5,0.53256
90,92.25,289.5,15,30.25,0.53253
90,213.5,358.5,14.25,28.25,0.5325
90,581,426.5,14.5,29.25,0.53243
90,148.25,382,15,30.25,0.53227
90,164.5,361.75,15,30.25,0.53116
90,337.25,343.75,17.75,35.75,0.5305
90,274.5,258,15.5,31.25,0.53007
120,445.25,401.75,15.25,30.25,0.56486
120,325,396,14.5,29,0.56435
120,302.25,367.5,12.75,25,0.55463
120,324.5,276.5,15.75,31.25,0.55196
120,237,292.75,12.75,25.75,0.54947
120,390.75,336.75,12.25,24.5,0.54884
120,60.5,289.75,16,31.75,0.5484
120,138.25,364.75,18.5,37,0.54737
120,260.25,22.25,13.25,26.25,0.54646
120,418,170.5,12.25,24.75,0.54638
120,437.25,161.5,26,52,0.54378
120,198,327.25,13,26,0.54375
120,616.25,421.75,25.5,50.75,0.54269
120,333.25,339,14,28.5,0.54249
120,90.5,178.5,14,28,0.54029
120,297.5,180.75,13.75,27.25,0.54022
120,236.5,61.75,16.75,33.75,0.53985
120,310.25,263.75,12.5,25,0.53968
120,156.5,386.25,14.25,28.5,0.53963
120,100.25,392,12.75,25.25,0.5396
120,68.25,114.75,11.75,23.5,0.53932
120,341,32.5,14.75,29.25,0.53902
120,214,335,13,26.25,0.53891
120,148.5,387.25,15.25,30.5,0.53872
120,97.25,116.25,16.75,33.75,0.53817
120,293.75,383.75,14.25,28.25,0.53739
120,-6.5,331.25,53,106,0.53719
120,482.75,79.25,27.25,54.5,0.53671
120,625.75,440,14.75,29.75,0.5364
120,493.75,403.75,14,27.75,0.53605
120,268.25,404.75,14,28,0.53548
120,308.75,269,15,30,0.53538
120,403.5,399.75,12.75,25.25,0.53407
120,-1.75,91,15.25,30.75,0.53395
120,260.25,28.25,14,28.25,0.53357
120,220.25,369.75,13.75,27.75,0.5334
120,150,348.25,12.25,24.75,0.53331
120,276.75,25.75,15.25,30.5,0.53326
120,365.25,396.75,13.5,27,0.53319
120,78,305.25,12.25,24.25,0.53256
120,324.5,343,32.5,65.25,0.53221
120,261.5,214.75,13.5,26.75,0.53217
120,239.75,328.5,12.5,25.25,0.53187
120,92.75,271.25,13.5,26.75,0.53131
120,156.75,358.75,12.75,25.5,0.53072
120,181,323.5,14.5,29,0.53054
120,377.75,23.75,13.5,26.75,0.53018
120,-0.5,133,13.75,27.5,0.53016
120,300.5,171.5,25,50.25,0.53011
120,180.5,173.25,18.25,36.25,0.53007
120,83.75,403,14,28,0.53005
120,343,397.5,13.75,27.5,0.53005
150,197,405,14.5,28.75,0.56264
150,187.75,317.25,16,32.25,0.55928
150,256.25,408.25,12.75,25.5,0.54671
150,268.5,410,15.25,30.5,0.54512
150,41.75,302.75,37.75,75.25,0.545
150,196.5,174,16.75,33.5,0.54443
150,-5.25,288.5,61.5,123.25,0.54427
150,12.75,172.25,15.5,31.25,0.5441
150,358.25,185.5,25,49.75,0.5435
150,382,316.25,14.25,28.75,0.54301
150,333.75,383.25,13.25,26.5,0.54299
150,374,392.75,14,28,0.54096
150,314.5,140,12.5,25,0.5398
150,210.75,373.5,17,34,0.53932
150,523.75,416.75,17.25,34.5,0.53918
150,181,382.75,13.5,27,0.5385
150,164.75,312.5,14.75,29.5,0.53829
150,133,367.5,12.5,25.25,0.5374
150,0.25,94.25,13,25.75,0.53598
150,164,368,12.25,24.5,0.53576
150,549.75,422.5,13.25,26.25,0.53511
150,229,363,14.5,29,0.53418
150,278.75,116.5,14.25,28.5,0.53395
150,227.5,380.75,14.25,28.5,0.53389
150,260.75,23,13.25,26.5,0.5338
150,500.25,408.75,15,29.5,0.5333
150,276,383.75,16.5,32.5,0.53249
150,172.75,324.75,15,29.75,0.53178
150,284.5,239.75,11.75,23.5,0.53172
150,525.5,406.75,12.75,25.5,0.5317
150,324,381,16.75,33.5,0.5316
150,604,128.5,12.5,25.25,0.53065
150,261,282.75,12.25,24.5,0.53046
150,309.5,360.25,14.5,29.25,0.53037
180,302.25,428,12.75,25.75,0.54796
180,148.75,410.25,14.75,29.5,0.54173
180,228,346.25,16.25,32,0.54087
180,76.25,374.25,13.25,26.25,0.54083
180,117.75,415.25,12.75,25.5,0.54037
180,254.75,167.5,34.5,68.75,0.53853
180,605.75,392.5,38.25,76.5,0.53838
180,182.75,78.75,19,38.25,0.53772
180,212.5,187,12.5,25,0.53754
180,363.75,11.25,13.25,26.25,0.53649
180,266.25,33.75,16,32,0.53596
180,59.25,120,13,26.25,0.53549
180,199,361.5,12.25,24.25,0.53543
180,533.5,426,13.75,27.75,0.53491
180,204.25,372.5,15.75,31.5,0.53425
180,250.75,282,14.75,29.25,0.53387
180,363.75,392.75,13.75,27.5,0.53381
180,280,398.25,12.75,25,0.53374
180,268.25,11.75,13,25.5,0.53305
180,221.25,338.5,14.25,28.5,0.53229
180,340.5,416.5,12,24,0.53143
180,302.5,72.75,11.75,23.25,0.53107
180,92.5,385,13.5,27,0.53088
180,483,121.75,19.25,38.5,0.53042
180,76.5,381.25,15.5,31.25,0.53018
180,132.25,378.75,15.25,30.75,0.53017
180,331.5,410,14.25,28,0.5301
180,200,323.75,12.5,25,0.53005
210,582,107,12.75,25.5,0.54797
210,444,174.75,12.5,25.25,0.54756
210,309.5,286.5,14,28,0.54713
210,399.5,295,13,26.25,0.54676
210,227.75,415.5,16.5,32.75,0.54229
210,293.25,299.5,13,25.75,0.54063
210,92.5,80.25,15,30.25,0.53926
210,246,316.5,12.5,25,0.5383
210,308.25,302,13.5,27.25,0.53763
210,20.25,411.75,13.75,27.75,0.537
210,266.25,33.75,16,32,0.53596
210,389.25,291,14.75,29.5,0.53365
210,218,109.25,78.25,156.5,0.53351
210,268.25,11.75,13,25.5,0.53305
210,443.25,293.25,13.5,27.5,0.53139
210,619.5,218.25,21.5,43,0.53107
210,242.75,286.75,17.5,35,0.53046
240,354.75,237,18,35.75,0.54779
240,28.5,406.5,16.5,33.25,0.54399
240,164,169,21.5,42.75,0.54369
240,332.75,356.25,22,44.25,0.54068
240,568.75,403.75,31.5,63.25,0.53518
240,597.5,13,28,56.25,0.53473
240,316.25,209,11.75,23.5,0.53457
240,291.25,225.25,16,31.5,0.53428
240,543.5,321,75,149.75,0.53342
240,155.75,273.5,12.5,25,0.53334
240,340.5,104.5,15.25,30.5,0.53318
240,229,36.25,24.75,49.5,0.53194
270,131,422.75,18,36.25,0.55035
270,285,108.25,15.25,30.75,0.54197
270,97.5,152.75,28,55.75,0.53327
270,230,35.25,24.75,49.75,0.53243
270,187.25,155.75,32.75,65.5,0.53171
270,-1.75,103.75,15,30,0.53147
270,327,106.5,18.5,36.75,0.53143
270,73.5,68.5,19.5,38.75,0.53106
270,152,415.25,15.75,31.25,0.53069
300,570,165.5,40.25,80.25,0.54838
300,-1.25,103,16.25,32.75,0.54587
300,237.5,209.75,13.25,26.5,0.54405
300,470,176.25,16.75,33.5,0.5433
300,304.5,284,12.5,25,0.54141
300,361,27.5,13.25,26.75,0.53921
300,375.25,265,13.75,27.25,0.53898
300,69,69.25,20,40,0.53869
300,19.5,225.75,14.75,29.5,0.53856
300,565,266.25,12.25,24.5,0.53768
300,268.25,11,13,26.25,0.5376
300,415.75,80.25,23.25,46,0.53644
300,346.5,34.75,13,26,0.53562
300,573.25,416.75,28,56.25,0.53488
300,294.25,436.25,12.75,25.5,0.53472
300,240,64.75,17.25,34.5,0.5345
300,357,437.25,18.5,36.75,0.53293
300,566.75,348.5,63,126,0.53159
300,444.25,394,27.5,55,0.53149
300,572.75,165.5,13,25.75,0.5313
300,126,436.75,13,26.25,0.53084
330,326.5,293.75,14.25,28.75,0.56473
330,-1.75,107,14,28.25,0.55935
330,276.5,33.25,15.75,31.5,0.55261
330,397.75,294,13.5,27,0.54676
330,179.5,99.5,12.25,24.5,0.54377
330,75.25,336,17.25,34.5,0.53941
330,356.5,287,13,26.25,0.53909
330,332.5,286.5,12,24,0.53907
330,324,287,12,24,0.53841
330,211.75,421.75,16.75,33.5,0.53723
330,276.5,47,16.75,33.5,0.53604
330,407,20.25,14.5,29,0.5339
330,333.25,446.5,14,28,0.53277
330,276.25,302.25,13,26.25,0.53204
330,36.25,75.5,15.25,30.5,0.53182
330,201.5,103.75,20,39.75,0.53175
330,419.75,16.75,44.75,89.25,0.5306
330,607.5,181.75,12,24,0.53021
360,276.25,33,16,31.75,0.55043
360,230.75,44,22.5,44.75,0.54703
360,292.25,304.25,12.25,25,0.53931
360,613.75,322.75,14.5,29.5,0.53828
360,356.25,307.25,14.5,29.25,0.53811
360,343.25,302.5,15.75,31,0.53686
360,188,116.25,12.25,24.25,0.53579
360,276.25,46.5,17.5,34.5,0.53578
360,338,99.75,15,29.5,0.53575
360,569,420,27.25,54.75,0.53514
360,343.25,113,21.75,43.5,0.53448
360,-3.5,98.5,28.75,57.75,0.53307
360,52.25,396.5,11.75,24,0.5307
360,328,289.25,12.25,24.5,0.53015
390,285,116.5,14.5,28.75,0.54838
390,567,171.5,37.5,74.75,0.54814
390,332.5,305.25,12.5,25.25,0.54592
390,70,67.25,16.25,32.5,0.54266
390,379.5,234.25,13.5,27,0.54025
390,276.25,36,15.75,31.25,0.53843
390,340.5,112.75,25.25,50.5,0.53595
390,397.25,309.25,13.25,26.25,0.53381
390,-2.5,80.75,19.5,39.25,0.53295
390,108,90.25,15.25,30.25,0.53204
390,266.5,168.5,14,28,0.53049
390,60.5,417.5,13.5,26.75,0.53019
390,283.25,435.5,13.75,27.5,0.53015
420,277.25,46.75,17,34.25,0.55371
420,604,437.5,19,38.25,0.54306
420,342,300.5,12.75,25.25,0.54121
420,396.5,303.25,14.75,29.5,0.53953
420,244.75,171,12.5,25.25,0.53685
420,430.25,84.5,27.5,55,0.53617
420,435.5,256.5,12.5,25.25,0.53394
420,309,272.25,15,29.75,0.5338
420,258.75,309.5,12.25,24.75,0.53341
420,591.75,190,31.5,63,0.5328
420,341.5,114.5,24.25,48,0.53239
420,-1,93,14.5,29,0.53163
420,462.75,181.25,12,24.25,0.53129
420,316.25,290,12,24.25,0.53062
420,409,26,53,106,0.53045
420,132.25,184.75,17.5,34.75,0.53036
450,277,47,17,34,0.55266
450,322.75,283.5,15.25,30.75,0.54371
450,332.25,300.5,13.25,26.5,0.54234
450,291.75,285,12.25,24.5,0.54216
450,612,445,16.25,32.25,0.53876
450,354,283.75,18.75,37.25,0.53848
450,340.5,116.25,12,24.5,0.53733
450,576,171.5,40.25,80.25,0.53633
450,27,77.75,14.75,29.75,0.53551
450,411.75,431.25,17,34.25,0.53484
450,544.5,288.75,12,23.5,0.53107
450,126.5,24.25,12.25,24.5,0.53101
450,386.75,285.25,13.5,27,0.53049
480,276.25,49,16.25,32.5,0.55542
480,233.5,175.5,18,35.75,0.54641
480,312,320,12,24.25,0.53956
480,334,207.75,15.25,30.75,0.53851
480,350.75,271.75,13,26,0.53703
480,590.5,179,42.75,85.5,0.53367
480,468.5,108.5,12.25,24.5,0.5328
480,280,436.75,13.5,27,0.53255
480,332.25,150,16.75,33.75,0.53055
480,-6,22.5,50.75,101.75,0.53021
480,442.5,312.75,17.25,34.75,0.5302
480,112.25,209.75,12,24.5,0.53019
510,51.75,401.5,15.75,31.75,0.55843
510,36.25,223,15,29.5,0.55589
510,276.25,48.75,16.5,32.75,0.55542
510,297.25,23.75,12.25,24.5,0.54717
510,342,113.75,12.75,25.5,0.5439
510,452.25,446,12.25,24.5,0.53992
510,304,27.75,19.25,38.25,0.53814
510,300.5,184.25,12.5,25.25,0.53683
510,132.25,388,14,28,0.53678
510,240.75,140.75,63,126,0.53605
510,456,65.75,12.75,25.5,0.5354
510,496,192.75,20.75,41.75,0.53512
510,75.75,200.5,13.25,26.5,0.53488
510,573,207.5,16.5,33,0.53484
510,435.75,7.25,53,106.25,0.53475
510,107.25,389,13.25,26,0.53431
510,503,71,15,30.25,0.53408
510,328.5,8,12.25,24.25,0.53244
510,347.75,12.75,18.25,36.25,0.5323
510,347.25,289.25,15.5,30.5,0.53214
510,164.75,249.75,13.75,28,0.53165
510,534.25,185,15.5,31.25,0.53153
510,103.25,199.25,11.75,23.75,0.5315
510,179.5,424.25,12.25,24.25,0.531
510,60.25,392.75,12.75,25.5,0.5305
510,62.25,61.5,19,37.75,0.5305
540,296,21.5,14,27.75,0.59301
540,284.25,401.25,15.5,31,0.5626
540,595.5,393.5,15.5,30.75,0.55568
540,276,48.25,16.75,33.75,0.55542
540,364,386.75,13.5,27,0.55539
540,205,397,14,28.25,0.54907
540,116.75,386.75,13.5,27.25,0.54901
540,213,397,13.5,27.25,0.54312
540,181,396,13.5,27,0.54199
540,608.5,155,11.75,23.75,0.54111
540,556.5,401.5,15.5,31,0.53944
540,37,207.75,14.5,29,0.53892
540,202.75,143.75,14,28,0.53777
540,501,405.25,14.25,28.25,0.53772
540,199.5,113.5,22.5,45,0.53755
540,181,390.25,13.75,27,0.53653
540,98.5,391.5,13.25,26.5,0.53639
540,94,345,11.5,23,0.53458
540,526.5,388.25,12,24,0.53355
540,357,14,14,28,0.53354
540,468.5,407.25,13,26,0.53341
540,338.5,128.75,12.25,24,0.53309
540,87,393.25,14.75,29.5,0.53228
540,365.75,362.25,24,48.25,0.53207
540,64,393.25,12.75,25.5,0.5318
540,314.5,6,14,28,0.53153
540,99.5,440,16.75,33.25,0.53126
540,554,190,13.5,26.75,0.53085
540,340.75,369,11.5,23,0.53039
540,300,26.75,22,43.75,0.53032
570,275.75,48.25,17,34.25,0.55542
570,296,23,13.25,26.25,0.54783
570,405.5,424.25,12.75,25.5,0.54726
570,529.75,142,51,101.75,0.54617
570,308.75,150.5,15.5,31.25,0.54122
570,317,416.75,14,27.75,0.54081
570,584.5,447.5,12.25,24.75,0.54061
570,42.25,90.25,12.75,25.5,0.54003
570,164.25,400,15.5,31,0.53938
570,269.5,415.75,12.75,25.5,0.53819
570,351,453.25,12.75,25.75,0.53803
570,212.25,441.5,15.75,31.25,0.53721
570,261,268.75,14.75,29.75,0.53698
570,62,345.75,12.25,25,0.53685
570,76.25,424.75,14.5,29.25,0.53681
570,445.75,25.75,49.5,98.75,0.53665
570,223.75,72.5,21,42,0.53632
570,509,434,14.25,28.5,0.53607
570,116.75,373.75,13.75,27,0.53549
570,276,277.75,16.5,33,0.53521
570,476,188.5,20.5,41.25,0.53506
570,244,399.75,12.5,25.25,0.53481
570,284.5,434.25,16.75,33.75,0.53471
570,283.75,422.5,12.75,25.5,0.53406
570,262.25,137,54.75,109.75,0.5336
570,620.25,69.5,19.5,39,0.53332
570,509.75,192.75,13,25.75,0.53312
570,317.75,149.5,14.25,28.5,0.53187
570,36.5,444.75,15.25,30.5,0.53112
570,108.25,384.75,15.5,31,0.53067
570,340,391.5,13,25.5,0.53011
600,268.75,414.75,14.5,28.75,0.56815
600,364,24,12.75,25.25,0.55681
600,213,356.75,14.75,29.25,0.55595
600,346.5,12.5,18.25,36.5,0.55584
600,342.25,231.25,12.75,25.5,0.55475
600,68,357.25,15.5,31.5,0.554
600,61.25,408.5,13,26,0.55375
600,93,354.75,14.25,28.5,0.55229
600,341,359.5,14,28.25,0.55172
600,332.5,249.75,26.75,53.25,0.55115
600,572.5,413.25,15,29.75,0.54999
600,285.25,287.5,13,25.75,0.54736
600,154,151.75,15.25,30.75,0.54554
600,295.5,22.25,13.75,27.25,0.54551
600,276.5,416.25,14.5,29,0.54384
600,156.75,325,14.25,28.5,0.54374
600,342.25,4.25,12.75,25.25,0.5431
600,311.75,259.25,12.75,25.5,0.54231
600,260.5,426.75,15.5,31.5,0.54227
600,452,378.75,15.5,31,0.54087
600,597.5,443.25,15,29.75,0.54063
600,148.5,386.5,14.75,29.5,0.54031
600,296,12.5,12.75,25.5,0.53997
600,128.25,66.25,17.25,34.25,0.5396
600,86.75,402.75,35.75,71.5,0.53942
600,157,370,13,26,0.53884
600,108.25,355.75,14.5,28.75,0.53778
600,307.25,329.5,15.5,30.75,0.53778
600,205.25,369.5,13.75,27.5,0.53774
600,588.5,425.25,15,29.75,0.53755
600,125.25,355.75,13.5,27.25,0.53736
600,189.5,288.25,12.5,24.75,0.53722
600,616,220.75,12.25,24.75,0.53712
600,228.75,346,14.75,29.75,0.53695
600,405,330,14.75,29.75,0.5366
600,616.25,196.75,12,24,0.53654
600,221.75,407.25,13.25,26.5,0.53635
600,197,277.75,14.75,29.25,0.53575
600,0.25,177.5,12.75,25.5,0.5354
600,356,280.5,12.5,24.5,0.5349
600,291.75,272.25,15,30,0.5347
600,286.25,365,14,28,0.53461
600,204.5,351,15.75,31.75,0.53436
600,131.25,348.75,16.75,33.25,0.53428
600,515.75,416.25,15.75,31.5,0.53422
600,603.75,344.25,15.5,31.25,0.53421
600,325.5,350.25,15,30,0.53374
600,51.5,367.25,16.5,33.25,0.5336
600,284.75,428,15.5,31,0.53327
600,548.25,394.75,14.75,29,0.53325
600,348.25,247,13.75,27.25,0.53314
600,303.5,25.5,21.25,42.5,0.53299
600,117,442.5,14.5,29.25,0.53295
600,282.25,252.75,18.25,36.5,0.53279
600,348.75,286.25,13,26.25,0.53241
600,299.25,248.75,14,27.75,0.53238
600,292,253,13.25,26.5,0.53223
600,612,344.25,15.5,31,0.53202
600,300.5,277,13.25,26.5,0.53164
600,315.75,283.75,13,26.25,0.53157
600,40.25,62.75,15.25,30.75,0.53092
600,236.5,352.75,16.75,33.5,0.53068
600,348.25,356,14.25,28.5,0.53067
600,228.5,355.75,15,30,0.53039
630,260.25,34,15.75,31.75,0.59169
630,219.5,386.75,15,29.75,0.57123
630,260.75,365.75,13.25,27,0.56748
630,382,410.75,13.5,27.25,0.56318
630,389.5,347.25,14.25,29,0.56094
630,230,390.5,13,26.5,0.56028
630,310.25,153,29.75,59.5,0.55746
630,268,25.25,16,32,0.55629
630,182,363.5,13.75,27.25,0.55488
630,421.25,379.75,14.5,29,0.5548
630,197,396.5,14.75,29,0.55049
630,149.75,358.75,13.75,27.5,0.54908
630,349,396.75,14.25,28.5,0.54865
630,310.5,367.25,13,26.25,0.54825
630,99.25,393.75,16.5,32.75,0.54776
630,60,350.5,16.25,32.25,0.54571
630,382.25,335.75,13.25,26.5,0.54432
630,572,413.75,19.75,39.75,0.54419
630,44.5,353.5,13,26,0.54395
630,452,406.75,15.75,31.5,0.54364
630,172.25,362,13.75,27.25,0.54364
630,592.75,419.75,27.75,55.25,0.54363
630,77.25,333.75,13.5,27,0.54309
630,22.25,400.5,12.5,25.25,0.54231
630,228.5,352.25,12,24,0.54207
630,99.75,340,14.5,29,0.5419
630,226.25,273.75,21.5,42.75,0.54153
630,199.5,349,13.25,26.5,0.54146
630,611.75,165,21.5,42.75,0.5414
630,84.25,378.75,19,38.25,0.5413
630,575,169.25,27,53.75,0.54044
630,243.75,341.75,13.5,26.75,0.54037
630,187.75,351.75,13,25.75,0.54004
630,268.5,344,13,26.25,0.53863
630,479.25,164.75,20.25,40.25,0.53848
630,52.5,348.75,14.5,28.75,0.53811
630,300.25,365.5,13.5,27.5,0.53747
630,439,156.75,12.75,25.75,0.53718
630,519.75,414.75,12.25,25,0.5368
630,204.5,408.75,15.5,31,0.53678
630,396.75,401.75,15,29.75,0.53659
630,92.75,332.5,13.75,27.5,0.53626
630,331,313.75,19.75,39.75,0.53592
630,306.5,131.25,19.25,38.75,0.53493
630,200,345.5,12.5,25.5,0.53483
630,365.5,322.25,14,28,0.53455
630,614,187.5,13.25,26.25,0.53418
630,470.5,342,13,25.75,0.53385
630,356,418.5,15.25,30.25,0.53383
630,140,378.75,14.75,29.75,0.53379
630,116.25,418.25,15.25,30.75,0.53357
630,295.5,292,13.25,26.5,0.53343
630,260,282.75,12.75,25.75,0.53338
630,325.5,388.75,13.75,27.5,0.53337
630,406.25,390.25,13,26.25,0.53319
630,548.25,42.75,13,25.75,0.53312
630,405.5,414.75,13.5,26.75,0.53274
630,107.75,397.25,16,32.25,0.53272
630,589,221.5,12.25,24.75,0.53257
630,476.5,421.75,13,25.75,0.53241
630,262.75,348,12.5,24.75,0.53228
630,341.75,316.5,13.5,27.25,0.53221
630,419.75,294.75,14.5,28.75,0.53203
630,188.75,397.25,17.5,35.25,0.53167
630,324,413.5,17,33.75,0.53139
630,75.75,252,12.75,25.25,0.53133
630,608.75,135.5,34,68.25,0.5313
630,200.25,163.5,13.75,27.75,0.53126
630,390,412.75,13.75,27.75,0.53113
630,375.75,432.75,12.75,25.5,0.531
630,468,412,14.5,28.75,0.53073
630,247.5,259,12.5,24.75,0.53045
630,204.25,305.75,16,32.25,0.53021
660,326,313,12.5,24.75,0.562
660,172.5,400.25,12.25,24.5,0.561
660,261,35,14.75,29.75,0.55755
660,33.5,388.25,14.25,28.75,0.55531
660,252.5,343.75,12.5,25.25,0.55207
660,267.75,30,17.5,35,0.55074
660,507.5,403.5,14,28.25,0.54774
660,372.5,289.25,14.25,28.75,0.54747
660,355.5,392.25,16,32.5,0.54699
660,580.75,315.5,15.25,30.25,0.54515
660,157.75,391.75,12.75,25.75,0.54448
660,452,157,13.25,26.5,0.5441
660,430.75,368.75,12.75,25.75,0.54354
660,277.25,232,14.25,28.25,0.54266
660,243.75,366.25,16.75,33.75,0.54231
660,253,362,14.75,29.75,0.54205
660,309,418,14.75,29.25,0.54168
660,571.5,150.25,12.75,25.25,0.54158
660,349,301.5,13.5,27,0.54143
660,226.25,263.75,18.25,36.25,0.54084
660,243.75,349.75,14,28.25,0.53981
660,309.75,317.5,14.5,29,0.53977
660,57.25,400.25,12.5,24.75,0.53879
660,68.5,409.75,14.25,28.25,0.53798
660,260,162.75,12.25,24.5,0.5374
660,61.75,408.25,13.25,26,0.53613
660,236.25,363.5,15,29.75,0.53613
660,44.5,324.5,13.5,27.25,0.53604
660,411.5,349.25,14,28,0.53548
660,459,389.25,17.5,35.25,0.53534
660,53,52.5,29.25,58.75,0.53514
660,341.25,299.25,14.25,28.75,0.53496
660,213.5,357.75,13.5,26.75,0.53476
660,261.75,254.25,13.25,26.75,0.53418
660,294.25,363.5,14.75,29.25,0.53343
660,212.75,378.5,15,29.75,0.53328
660,102.5,179.75,13,26,0.53287
660,350.75,355.75,12.5,25.25,0.53239
660,254,25.25,14,27.75,0.53199
660,81.25,177.75,16.25,32.25,0.53189
660,346.5,8.5,19.5,39.5,0.53177
660,51,272.5,12,23.75,0.5317
660,534.25,34.75,24,48.25,0.53133
660,299.5,389.5,28.75,57.5,0.53123
660,61.75,368.5,12.25,24,0.53048
660,452,337.5,15.25,30.75,0.53039
660,572.75,406,31,61.75,0.53035
660,340.5,279.5,12.5,25,0.53029
690,268,31.5,17,33.75,0.57394
690,28.5,249.5,13.75,27.75,0.56657
690,20.5,251.75,14.5,28.75,0.56205
690,261,35.75,14.75,29.25,0.55791
690,92,347.75,12.5,24.75,0.55409
690,268.25,6.25,25.25,50.5,0.55293
690,253.5,412,13.5,27.25,0.5466
690,266.75,261.75,24.25,48.5,0.54461
690,414,415.5,12.75,25.5,0.5429
690,609.25,414,20.25,40,0.54086
690,284.5,408.25,12,24,0.54016
690,406.25,392.75,12.25,24.5,0.53941
690,209,421,21,42,0.53919
690,456,375.5,12.75,25.25,0.5389
690,284,375.5,16.75,33.25,0.53875
690,464,43.25,12.25,24.75,0.53855
690,77.25,348.5,14,28,0.53788
690,315.5,142.5,14,28.25,0.53718
690,147.25,404.75,17,34,0.53691
690,300.5,260.5,13.5,27.25,0.53686
690,172.75,276.25,15.25,30.5,0.53652
690,447.5,205.75,116.25,232.75,0.53585
690,292.75,10.25,15.5,31,0.53513
690,157,153.75,16.75,33.75,0.53509
690,252.75,404.5,15.5,31,0.53469
690,292.25,227.25,12.25,24,0.53442
690,432,221.5,66,132.25,0.53376
690,324.75,218.25,15.25,30.75,0.53345
690,421.75,411.25,13.75,27.75,0.53298
690,108.25,411.75,16,32,0.53281
690,590.25,412.25,26,52.25,0.53274
690,584.75,420,22.25,44.75,0.53228
690,60.75,343.75,13.75,27.75,0.53209
690,6.5,67,13.75,27.25,0.5312
690,436.5,397.75,16.5,33,0.53113
690,42.5,240,12.25,24.25,0.53085
690,42.25,246.5,20.5,41,0.53071
690,228.75,44.25,14.5,29,0.53065
690,222.75,371.75,13.5,27.25,0.53065
690,254.25,27.5,13,25.75,0.53055
690,568.5,409.75,13.5,27,0.53042
720,165,332.25,14.25,28.5,0.58202
720,287.25,257.25,12.25,24.75,0.56407
720,444.5,332,12,24,0.55509
720,308.5,314.25,16,32,0.55436
720,131.25,367.25,18.75,37.5,0.55227
720,380,300.5,16.25,32.75,0.55203
720,181,335.75,14,28.25,0.55144
720,357.75,62.25,12,24.25,0.55095
720,317.75,294.25,13.25,26.75,0.55049
720,283.75,5.25,15.5,31.5,0.54821
720,547,238,106.5,213.25,0.54727
720,68.5,394.5,15,30,0.54685
720,185,138.25,25,50,0.54628
720,148.25,298.5,15,30.25,0.5448
720,277.75,301.75,13.5,27,0.54428
720,411.75,404.5,14.25,28.75,0.54339
720,116.75,316.25,15,30,0.54201
720,156,286.75,13.5,27,0.54156
720,355.75,280.5,12.75,26,0.54139
720,299.25,314.5,16.25,32.25,0.54112
720,398,301,15.5,30.75,0.54098
720,108.5,356.5,14.25,28.5,0.54096
720,84.75,212,15.25,30.25,0.54071
720,220.5,279.25,14.25,28.5,0.54053
720,325.5,290.75,14.75,29.25,0.54047
720,236.75,350,12.5,25,0.54038
720,276.75,407.75,15.5,31,0.54033
720,310.5,369.75,11.75,23.25,0.54019
720,141.25,342,24.5,49.25,0.54002
720,260,337.75,14.5,29.5,0.53975
720,308.75,412,15,30,0.53975
720,283.25,293,21.5,43,0.53965
720,546.25,91.25,14,28.25,0.539
720,60.75,344.25,15.5,31,0.5384
720,468.5,141.25,22,43.75,0.538
720,236.25,271.75,13.75,28,0.53793
720,371.25,288.75,16.5,33,0.53772
720,-1.75,80.5,14,27.75,0.53722
720,141,297.75,14.5,28.75,0.53721
720,259.5,366.5,17,34.25,0.53718
720,340.5,128.25,13.75,27.25,0.53716
720,300.25,227.75,16.25,32.25,0.53703
720,164.5,378.25,15.25,30.5,0.53667
720,181,284.75,13.5,27.25,0.53619
720,125,346.5,15.25,30,0.53617
720,268.5,234.25,15.5,31,0.5354
720,207.75,397.75,14,28.25,0.53514
720,195.75,276.5,16,31.75,0.535
720,578,30,13,25.5,0.53474
720,76.25,342.5,18.5,37,0.53453
720,68.5,225.5,15,29.75,0.53433
720,274.5,11,18.75,37.75,0.53433
720,294.5,128.25,14,28.25,0.53328
720,208,325.5,14,28,0.53278
720,309.75,112.25,22.5,45,0.53263
720,102.25,409.5,12,24,0.5325
720,344.75,13.5,11.75,23.75,0.5325
720,333.25,301.75,13.75,27.25,0.53146
720,308,300.25,17,34,0.53109
720,24.5,223.5,12.25,24.75,0.53099
720,140.25,348.5,12.75,25.5,0.53075
720,216.5,375.75,12.5,25,0.53057
720,220.75,255,15.25,30.25,0.53052
720,437.25,335.5,13.25,26,0.53029
720,53,347.5,14.75,29.5,0.53017
720,187.75,312.5,16.5,33,0.53017
720,276.75,232.75,15.5,30.75,0.53008
750,60,334.75,16.25,32.75,0.56496
750,360.75,58,11.75,23.5,0.55948
750,478.75,406,13.25,26.5,0.55117
750,338.25,76.25,15,29.75,0.54855
750,301,374.75,14,28,0.54851
750,44,241.5,15.25,30.25,0.54796
750,540.5,410.25,13,26,0.54673
750,531.75,401.25,13.75,27.5,0.54641
750,189.25,402.75,14.75,29.75,0.54609
750,284.5,322.5,14.75,29.25,0.54581
750,52.25,241.75,15,30.25,0.545
750,300.25,363,14.75,29.5,0.54449
750,364,381.25,13,25.5,0.54322
750,205.5,129,12.75,25.75,0.54306
750,601.75,131,12,24.25,0.54266
750,276.25,337.25,12.25,24.5,0.54232
750,172.5,378.5,16,31.75,0.54223
750,273.75,11,19.5,38.75,0.54163
750,413,277.5,13,26,0.54119
750,370.25,348,17,34.25,0.54117
750,172.25,300,13,26,0.54103
750,131.75,319,17,33.75,0.54066
750,197.25,299.5,14,28,0.53961
750,220.25,339.5,15.25,30.5,0.53955
750,33.75,157.75,26,52.25,0.53936
750,72,173.5,14.75,29.75,0.53816
750,165.25,315.75,13.75,27.25,0.53795
750,341,324.75,13.75,27.5,0.53768
750,325.5,279.25,14,28.5,0.53692
750,204.5,306.25,12.25,24.25,0.53673
750,317,136.5,14.75,29.25,0.5362
750,258.75,332.5,15,29.75,0.53615
750,100.5,384,12,23.75,0.53598
750,157,300.5,14.25,28.5,0.5357
750,626.25,170,14.75,30,0.53556
750,248.25,383.75,12.5,24.5,0.53507
750,100,220.25,12,24.25,0.53479
750,325,382,13.75,27.25,0.53476
750,27.75,368.25,15.25,30.25,0.5347
750,293,396.5,13.75,27.75,0.53467
750,20.75,407.5,14.75,29.25,0.53458
750,37,221.25,14.25,28.5,0.53433
750,326.25,349.75,14.25,28.5,0.53413
750,124.25,408.75,15.5,31,0.5337
750,316.5,32.5,12,24,0.5335
750,317.5,363,13.5,26.75,0.5333
750,140,348.25,16,31.75,0.53306
750,611,393.5,32,64,0.53301
750,344.75,13.5,11.75,23.75,0.5325
750,333.25,285.75,13.5,27.25,0.53239
750,349.5,58.75,15.25,30.75,0.53231
750,525.75,382.5,12.75,25.5,0.53163
750,338.5,58.5,12,24,0.53153
750,313.75,270,12.25,24.5,0.53145
750,552.75,391,12.75,25.25,0.53123
750,302.5,322.25,12.25,24,0.53115
750,396.5,279.75,14.75,29.75,0.53112
750,156.25,411,15.5,31.25,0.53111
750,219,160.5,12,24,0.5311
750,116.5,400.25,16.25,32.75,0.53102
750,181.25,368.5,12,24,0.53003
780,341.25,329.5,13.5,27,0.55842
780,124.25,285.25,12.5,24.75,0.55322
780,444.25,326.75,13,26.5,0.5531
780,253.25,329.25,14.5,29,0.54963
780,38,187.5,12.75,25.75,0.54673
780,229.25,325,14.25,28.25,0.5466
780,277.25,376.25,13.75,27,0.54549
780,131.5,366,17,34.25,0.54489
780,148.75,351.75,14.75,29.5,0.54441
780,300,258.5,14.5,28.75,0.5443
780,556.5,7.75,12.75,25.5,0.54309
780,572.25,321,12.25,24.25,0.54305
780,325.5,363,14.25,28.75,0.54303
780,291.25,211.5,15,30,0.54248
780,166.5,327.75,12.75,25.75,0.54232
780,273.75,11,19.5,38.75,0.54163
780,244,393.75,15.25,30.25,0.54114
780,140.75,309.5,15,30,0.54055
780,62.25,308.25,12,24,0.53947
780,108.5,313.5,15.25,30.5,0.53944
780,183.25,195.75,13.25,26.25,0.53917
780,197.5,309.5,13.5,27,0.53909
780,220.25,312.75,16,31.5,0.5387
780,387.25,366.75,12.5,25,0.53743
780,253.25,305.25,14.25,28.75,0.53727
780,324.25,283.5,15,29.75,0.53721
780,522.75,95,38.25,76.75,0.53707
780,190,139.25,18,36.25,0.53666
780,402,394.75,14.25,28.5,0.53616
780,223,133,12.5,25,0.53595
780,199.5,145.25,16,31.75,0.53584
780,556.5,409.75,14.25,28.5,0.53564
780,548,358,13.5,27,0.53557
780,245.5,335.5,13,25.75,0.53529
780,572.25,312.5,12.5,25,0.53519
780,204.5,311.5,15,30,0.53484
780,524,388,13,26,0.53479
780,316.5,32.5,12.25,24.25,0.53449
780,609,382.75,35,70.5,0.53445
780,131.5,353,15.75,31.25,0.53424
780,299,208.5,17,33.75,0.53392
780,123.5,367.25,14,28,0.53379
780,109.75,375.75,12.5,25.25,0.5335
780,487.75,395.25,12.75,25.5,0.53344
780,91,232.25,17.25,34.25,0.53342
780,148.25,336.25,14.75,29.25,0.53298
780,154.5,178.25,14.75,29.5,0.53286
780,239.75,234.25,17.75,35.5,0.5327
780,44.5,377.75,14,28.25,0.53257
780,236.5,378.25,16.75,33.75,0.53226
780,284.5,396.25,15,30.25,0.53214
780,555,363.25,20.25,40.75,0.53202
780,276,81.25,17,33.75,0.53198
780,141.25,215.25,12,24,0.53159
780,148.25,284.25,15.75,31.5,0.53147
780,540,35.25,14,27.75,0.53143
780,61,339.5,13.5,27,0.53136
780,361.75,57,12.25,24.5,0.53129
780,-3,81,24.5,48.5,0.53125
780,75.75,325,16.5,33,0.53117
780,77.5,379,14.5,29.5,0.53097
780,269,316.5,13.25,26.25,0.53095
780,397.25,304.5,13.5,27,0.53087
780,192.25,115.75,25.75,51.25,0.53087
780,293,128,14,28.25,0.5308
780,326,380,14.25,28.5,0.53075
780,574.25,368.75,16.5,32.75,0.53068
780,110.5,72.25,15.75,31.5,0.53058
780,69,392.25,13,26.5,0.53021
780,389,198.5,11.75,24,0.53003
810,164.5,385.5,15.5,31,0.57176
810,156.75,378.25,14.5,29,0.56476
810,164.25,291.75,14,28.25,0.55548
810,355.75,287.5,16.25,32.5,0.55131
810,213,365.5,15,29.75,0.55065
810,164,33,22,44.25,0.54984
810,129.25,59,26.75,53.25,0.54936
810,77.75,353,12.75,25.25,0.54747
810,492.5,386.5,14.75,29.5,0.5473
810,124.75,364.5,13.75,27.75,0.5471
810,413.75,346.75,14.5,28.75,0.54666
810,348.5,278.25,14,28,0.54409
810,373,286.75,14,28,0.5427
810,180,286.75,15,29.75,0.54192
810,561.5,423.5,20.5,40.75,0.5419
810,273.75,11,19.5,38.75,0.54163
810,419.25,383.5,18,36,0.54146
810,420.5,330.5,12.25,25,0.54096
810,214,297.25,13,26,0.54092
810,252,258.75,12.5,24.75,0.54026
810,329.5,52,24,48,0.54012
810,397.25,268.5,12.25,24.5,0.53995
810,325,140,15.5,31,0.53992
810,249.75,270.25,23.5,47.25,0.53967
810,196.5,386.5,15.5,30.75,0.53898
810,322.75,271.75,19.25,38.75,0.53886
810,116.25,323.75,14.75,29.75,0.53836
810,204.25,370.25,15.75,31.25,0.53807
810,402,157.75,54,107.75,0.53798
810,212,382.75,13.25,26.25,0.53753
810,59.75,301.75,16.75,33,0.53746
810,54.5,356.5,13.5,27.25,0.53734
810,173.5,196.75,14.25,28.25,0.5373
810,197.25,277.25,13.5,26.75,0.53729
810,117.25,411.5,13.5,27,0.53714
810,454.25,385,12.25,24.75,0.53673
810,237.75,86.5,13,25.75,0.53646
810,614,357.75,13.75,28,0.53611
810,0.5,174.5,21,42.5,0.53603
810,172.75,386,12,24.25,0.53533
810,357,54.75,12.25,24.5,0.53479
810,70.25,312.5,13.5,27,0.53458
810,363.75,284,17,34,0.53436
810,317.5,329,13.25,26.5,0.53434
810,82.5,352.25,19,38,0.53371
810,291.5,221.25,15.5,30.75,0.53356
810,21.75,324.75,14.75,29.5,0.53285
810,108.5,333.5,14.75,29.75,0.53285
810,170.25,54.25,12.25,24.75,0.53285
810,404.5,357.75,14.75,29.25,0.53279
810,35.5,188.25,13.25,26.25,0.53264
810,67,278.25,14.25,28.25,0.53246
810,84.5,376,15.5,31.25,0.5323
810,561.75,423,12.5,25.25,0.53196
810,322,123.75,12.25,24.75,0.53172
810,50.75,188.25,13.25,26.5,0.5317
810,283.75,288,14.75,29.5,0.53129
810,236,394,14.5,29.25,0.53114
810,405,383.75,13.75,27.75,0.53111
810,470,320,14.5,29.25,0.53103
810,421,362.5,15.25,31,0.53095
810,76.25,311.5,12.25,24.75,0.53085
810,173.25,39.25,22.5,44.75,0.53083
810,202.5,160.75,11.75,23.75,0.53059
810,384.75,395.25,14.5,29,0.53059
810,437.25,318.25,13,26.25,0.53057
810,460.75,384,13.75,27.75,0.53056
810,156.75,301.75,14.5,29,0.53019
840,163.25,318,17.25,34,0.5739
840,351,380.25,12.25,24.5,0.57109
840,341.25,292.75,14.75,29.25,0.56835
840,274.5,12.5,18.5,36.5,0.56827
840,204.5,330.75,11.75,23.75,0.56426
840,150.5,309.5,13,26,0.56418
840,129.25,309.25,15.5,31.25,0.56399
840,223.5,80.25,12.75,25.5,0.56126
840,229.5,310.75,13.75,27.75,0.56101
840,118.5,385.5,14.25,28.5,0.55612
840,213.25,253.25,15.25,30,0.55596
840,317,357,14,28,0.555
840,179,351.75,16.75,33.5,0.55193
840,284.5,309.25,12.25,24.75,0.55152
840,421.5,283,14.25,28.75,0.54633
840,180.5,283.75,14.25,28.5,0.54592
840,36.5,394,15,30.5,0.54492
840,279.75,208,13,25.75,0.54449
840,302,364.75,13.75,27.5,0.54436
840,85.25,385.25,14.75,29.25,0.54417
840,88.5,232.5,12.25,24.75,0.54407
840,319.5,47.75,19.5,39,0.54331
840,229.75,358,13,26,0.54261
840,260.5,367.25,15.5,31.5,0.53978
840,350.5,260.75,14,28,0.53897
840,437.25,390,13.5,27,0.53867
840,214,412.75,13.25,26.75,0.53817
840,379.75,279.25,17,33.75,0.5379
840,428.25,400.75,15.5,31,0.53763
840,164.25,353.25,12.25,24,0.53747
840,372,288.5,12.5,25.25,0.53727
840,325.25,403,13.25,26.5,0.53672
840,119.75,309.5,13.75,27.5,0.53644
840,285,294.25,13.5,27,0.53629
840,405.75,397.75,13.75,27.5,0.53615
840,120,214.75,13,25.75,0.53586
840,309,206.5,15.5,31.25,0.53498
840,580,415,12.75,25.5,0.53486
840,53.75,114,17.25,35,0.53423
840,550.25,384.5,36.75,73.5,0.53377
840,221.5,375,13.75,27,0.53322
840,249.5,263.25,16.25,32.5,0.53278
840,293.25,373.75,12.25,24.75,0.53269
840,180.5,382.25,17.75,35.5,0.53217
840,572.5,302.5,11.75,23.5,0.53198
840,293.5,294,13.5,27.25,0.53162
840,619.75,63.75,14,28.25,0.53154
840,199.5,64.75,12.75,25.5,0.53127
840,399.5,288.25,12.5,25.25,0.5312
840,330.25,77.25,15,30,0.53095
840,235.75,353.5,16.25,32.75,0.53084
840,235.5,371,14.75,29.5,0.53074
840,388.25,408,15.5,31.25,0.53044
840,550.75,207.5,14.25,28.25,0.53026
840,204.75,302.5,14.25,28.5,0.53012
870,141.5,378.75,14.25,28.5,0.556
870,428.75,395.5,14.5,29,0.54971
870,135,391.25,12.75,25.5,0.5489
870,204,386.75,15.5,31,0.54767
870,221,15.25,12.75,25.5,0.54613
870,214,295.25,13,25.75,0.54536
870,399.5,406.25,12.75,25.5,0.5442
870,208.25,63.25,12.25,24.5,0.54353
870,228,17,12.75,25.5,0.54294
870,417.25,165.25,21,42,0.54148
870,363.75,338.75,20.5,41.25,0.5402
870,559.5,32.25,12.5,24.75,0.53984
870,116.25,315.5,13,25.75,0.53896
870,302.5,399.5,12.5,25.25,0.53817
870,119,371.25,14.75,29.5,0.53775
870,74.75,2.25,26.25,52.5,0.53627
870,181.75,365,13,26.25,0.53607
870,59,390.5,13.25,26,0.53569
870,235.75,277.25,21.25,42.5,0.53564
870,104.75,349.75,11.5,23,0.53531
870,82.75,29,14.5,28.75,0.53488
870,434.25,336.75,12.25,24.5,0.53476
870,246.25,276.5,12.5,24.5,0.53455
870,197.5,372.25,14,28,0.53436
870,156.25,354.5,15,30,0.53429
870,491.75,311.25,72,144,0.53384
870,148.25,358.75,15.5,30.75,0.53354
870,124.25,323.75,14,28.25,0.53352
870,17.75,131,13.5,27,0.53348
870,9.5,79.25,52.5,105.25,0.53344
870,396.5,407.75,12.25,24.5,0.53319
870,50,73.25,13.5,26.75,0.53219
870,197.75,396,13.75,27.5,0.53208
870,342.75,73.25,12,24,0.53166
870,490,373,43.5,87,0.53108
870,212.75,14.5,14,28,0.5309
900,612.5,313.75,15.5,31.25,0.57157
900,299.75,386.25,15.25,30.25,0.56174
900,500.75,248.25,15.5,31.25,0.56084
900,557.5,197.75,14.25,28.5,0.56078
900,127.75,99,20,40,0.55798
900,549,205.25,14.25,28.75,0.55714
900,604.5,217.5,14.5,28.75,0.55551
900,604,307.25,15.25,30.25,0.5548
900,131.25,271,17.25,34.5,0.55468
900,20.25,352,16,32,0.55354
900,324.5,320.75,16,32,0.55259
900,508,281.75,15.75,31.75,0.55212
900,116.75,235.5,14.25,28.25,0.55148
900,604.5,200.75,14.5,29,0.5514
900,572,298.25,15.75,31.5,0.55102
900,107.75,305.75,16,32,0.5489
900,564.25,290.75,15.5,31,0.54832
900,485,266.25,15.25,31,0.54791
900,372.5,306.75,14.75,29.75,0.54741
900,603.5,205,16.75,33.75,0.54683
900,117.25,256.5,13.25,26.25,0.54674
900,93,357.75,13.75,27.75,0.54647
900,60,312,16.5,32.75,0.54559
900,420,337.25,16.25,32.25,0.54542
900,452.25,268,14.5,29,0.54505
900,524.75,29.25,13,26.5,0.5448
900,28.25,356,14.5,29,0.54393
900,556.75,265.25,15.25,30.5,0.54371
900,70.25,291,14.75,29.25,0.54349
900,108.5,236.75,15.75,31.25,0.5426
900,349.25,308.5,14,28,0.54253
900,172.25,419.75,16.25,32.25,0.5425
900,532.75,212.25,14.25,28.5,0.54182
900,556.75,291.25,15,30.25,0.54129
900,140.75,271.25,14.75,29.5,0.54072
900,605.25,400,12.5,25,0.53987
900,491.25,246.25,16.75,33.25,0.53977
900,397.75,311.75,21.25,42.5,0.53973
900,603.25,311.5,16.75,33.75,0.53922
900,294.25,363.75,13.75,27.75,0.53909
900,516.75,253,14,28,0.539
900,356.25,356.5,14,28,0.5388
900,381,385.25,15.75,31.75,0.53879
900,340.25,370.75,15,30.25,0.53814
900,412,244,14.25,28.75,0.53806
900,594.25,386,19,37.5,0.53799
900,300,432.25,12,24.5,0.53798
900,157.5,305.75,13.25,26.25,0.53786
900,588.25,266,15,30,0.53753
900,20.75,337.25,15.75,31.75,0.53674
900,82.25,57.5,12.25,24.5,0.53668
900,108.25,266.5,15.25,30.75,0.53663
900,588.5,291.25,14.75,30,0.53662
900,204.25,426.75,14.75,29.75,0.53655
900,214.5,60,12.5,25,0.5365
900,245.5,227,16,31.75,0.53625
900,92.5,313.75,15,29.75,0.536
900,92.5,298.25,14.5,29,0.53548
900,260.5,399.75,15.25,30.5,0.53534
900,116,262.25,16.5,33,0.53529
900,397,243.25,13.5,26.75,0.53506
900,92.5,379.75,15,30,0.5347
900,60.75,249.5,15,30.25,0.53437
900,504,256,23.75,47.25,0.53433
900,52.25,274.5,14.25,28.5,0.53368
900,156.5,406.75,15,29.5,0.53338
900,389.25,379.75,14.5,29.25,0.5333
900,370.25,369.25,16.75,33.25,0.53307
900,450.25,366,19,38.25,0.53306
900,612.75,259.5,15,29.75,0.533
900,92.75,244.75,14.25,28.5,0.53292
900,28.25,264,14.5,28.75,0.53253
900,44.25,292.25,14.75,29.25,0.5324
900,170,302,77,154,0.53211
900,312.5,292.25,14.25,28.75,0.53203
900,285.5,264.5,12.5,25.25,0.53201
900,613.25,219,14.75,29.5,0.53168
900,331,300.25,14.5,29.25,0.53156
900,418.25,388.75,20,39.75,0.53156
900,415.5,17,12.75,25.5,0.53152
900,572.75,250.75,15,30,0.53123
900,120.75,101.25,18.5,37,0.53101
900,604.25,260.25,14.75,29.5,0.53088
900,84,289.25,15.75,31.75,0.53065
900,508,298,15.75,31.5,0.5301
900,348.25,239.25,15.25,30.25,0.53006
900,595,261.75,16.5,33,0.53004
930,460.5,410.25,13.5,27.5,0.56
930,348.75,367.5,12.5,25,0.55411
930,616,395.25,12,24.25,0.54969
930,444,28.25,19,38,0.5493
930,114.25,119.75,168.5,337,0.54888
930,340.75,120.5,41.5,83,0.54885
930,278.25,192.5,12.5,25.25,0.54768
930,424,327.25,12.5,25.5,0.54449
930,300.25,365,13.75,27.25,0.54382
930,285.75,367.75,14,28,0.54217
930,279.25,354,14.75,29.5,0.54056
930,595,363,17,34.25,0.54056
930,516.25,407,13.5,27.25,0.54049
930,292.5,401,12,24,0.53965
930,436,344.5,18.75,37.75,0.53946
930,95,394.5,13,25.75,0.53937
930,130,38.75,12.75,25.5,0.53912
930,117,367,14.25,28.5,0.53859
930,436.75,427.75,13.5,27.5,0.53736
930,373.5,360,13,26.25,0.53733
930,548.75,408.75,12.25,24.5,0.53642
930,366.75,307,14,28,0.53612
930,320,320.5,12.75,25.5,0.53559
930,98.25,119.75,12.75,25.25,0.53517
930,426,328.75,17.75,35.75,0.53366
930,300.5,308.75,12.5,25,0.53336
930,547.5,66.5,15,30,0.53295
930,272.75,380,22.25,44.5,0.53292
930,600.25,395,12.5,25,0.53284
930,111.75,144,52.75,105.75,0.53256
930,615.75,414.75,12.25,24.75,0.53237
930,69.75,146.75,13.25,26.5,0.53207
930,614,350.25,13.25,26.5,0.53204
930,317,360,15.75,31.25,0.53026
960,85.75,222.5,13.75,27.5,0.55464
960,318.25,211.25,14.25,28.25,0.55149
960,132.25,208.5,16,32.25,0.54654
960,398.75,78.5,14.75,29.75,0.5425
960,357,396.5,14.5,29,0.54201
960,162,397,13.75,27.5,0.54126
960,596,193,13.25,26.5,0.54038
960,524,411.25,12,24.5,0.54012
960,92.5,215.5,13,26.25,0.53906
960,133,151.25,12.75,25.5,0.53885
960,165.5,215.25,12.75,25.75,0.53767
960,225.5,116.5,12.5,25.25,0.53647
960,557.75,423.25,20.5,41,0.53631
960,596,372.25,13.25,26.5,0.53613
960,191.25,21.5,60.5,120.75,0.5335
960,420,148.5,17.75,35.25,0.53335
960,204,48.75,12.25,24.5,0.53309
960,610,383.5,13.5,26.75,0.53294
960,116,197.75,17,34.25,0.53292
960,150,399.75,27.25,54.5,0.53205
960,100,215.75,12.75,25.75,0.53202
960,437.5,236,14.5,29.5,0.53195
960,197.5,302.75,12.75,25.5,0.53165
960,200.5,120,12.5,25,0.53143
960,235,35.25,13.5,27.25,0.53112
960,203.5,118.75,12.75,25.5,0.53078
960,399.75,407.5,12.5,24.75,0.53073
960,375.25,188.25,13,26.25,0.53068
960,162.75,216.75,12,24.25,0.53057
960,213,292.5,14.75,29.5,0.53045
960,301.25,282.25,14.25,28.25,0.53022
990,270.5,22.75,83.25,166.75,0.55827
990,540.25,300.75,14,28,0.55418
990,125.5,225,14.5,29.25,0.55175
990,525,435,12.5,25.25,0.55116
990,109.5,409.5,31.25,62.5,0.55076
990,617,28.75,24.75,49.25,0.54929
990,204.75,298.75,14.5,29,0.54815
990,189.5,424,13.5,27,0.546
990,243,226.25,15.5,31,0.54582
990,564.5,339.75,14.25,28.5,0.54284
990,190,444.25,13,26.25,0.54218
990,0.75,134.25,26.75,53,0.54212
990,624.25,95.25,17.5,35,0.5413
990,249.75,64.5,12.25,24.75,0.54017
990,101.75,329,13.25,26.5,0.53944
990,236.5,370,14.25,28.5,0.53876
990,292.5,126.5,13.75,27.5,0.53838
990,515.75,304,15.75,31.25,0.53791
990,410.75,415.25,28.75,57.25,0.53636
990,108.5,428.25,14.5,29,0.5363
990,191,358.75,13.25,26.5,0.53612
990,595.5,275.5,15.5,31,0.53587
990,218,237.5,13.5,27,0.53579
990,540.25,432.75,13.5,27.25,0.53563
990,344.25,271.75,12.25,24.75,0.53511
990,245,63.5,28.75,57,0.53486
990,331.75,434,17.5,34.75,0.5343
990,291.75,45.75,12.5,25,0.53319
990,44.5,220,14,28.25,0.53299
990,620,391,12.5,24.75,0.53253
990,302,107,22.25,44.5,0.53106
990,571.75,311.5,15.5,30.75,0.53101
990,-5,130.5,52,103.75,0.53101
990,354.75,433,17.5,35.25,0.53034
990,28,316.25,12.25,24.75,0.5303
990,472.75,179.25,13,25.5,0.53028
990,201,409.5,30.5,61,0.53021
990,516.75,40,11.5,23,0.5301
1020,451.75,289.5,15.75,31.25,0.59244
1020,468,292,15.25,30.5,0.57385
1020,421.25,238,14.25,28.75,0.57082
1020,373,262,14.25,28.25,0.56806
1020,120,399.25,12.5,25,0.56545
1020,276.25,305.75,16.5,33,0.56335
1020,164.5,361,14.75,30,0.56323
1020,412.5,299,15.25,30,0.56268
1020,92.75,300.5,14,27.75,0.56173
1020,220.5,407,15,29.75,0.56092
1020,261.5,310.25,13.75,27.5,0.56003
1020,181.25,291.5,14.25,28,0.55846
1020,229.5,409.75,13.5,27.25,0.55653
1020,204.75,297.25,15,30.25,0.55405
1020,344,129.25,14.25,28.25,0.55319
1020,564.25,285,15.25,30.75,0.55056
1020,403,304.5,17,34,0.55038
1020,581.25,288.5,14.5,28.75,0.55024
1020,477.5,415,13,26,0.55007
1020,365.25,392.25,13.75,27.25,0.5496
1020,253.5,311,13,26.25,0.54935
1020,508,417.25,13,26.25,0.54901
1020,149,381.25,14.25,28.25,0.54884
1020,268.75,314.75,14.5,29.25,0.54749
1020,356.5,221,14.5,29.25,0.54699
1020,59.5,299.5,18,36.25,0.54648
1020,124.5,359.5,16.25,32.75,0.54636
1020,435.5,227.75,14.75,29.75,0.54573
1020,132.25,268.5,15.75,31.5,0.54527
1020,69.75,306.25,14.5,29,0.54378
1020,28.75,425,11.5,23,0.54362
1020,357.5,310.25,13.25,26.5,0.5436
1020,268.25,362.5,15.75,31.5,0.54259
1020,580.5,417.5,15.25,30,0.5422
1020,523.5,406.25,16.75,33.5,0.5421
1020,85.5,253,14.5,29.25,0.54192
1020,222,308.25,15,29.75,0.54179
1020,-1.5,111.5,12.25,24.5,0.54144
1020,547.5,285.75,16.25,33,0.54121
1020,229.5,278.75,13.75,27.5,0.54108
1020,556.5,291.25,15,30,0.54055
1020,436,359.5,17,34,0.54029
1020,85.5,412,14,27.75,0.53953
1020,572.25,422,15.25,30.5,0.53933
1020,509,298.5,14.25,28.25,0.53908
1020,413.25,230.25,14,28.25,0.53808
1020,421,296,15.25,30.75,0.53808
1020,76.25,307.5,14.5,29.25,0.53795
1020,212.25,408.5,15.75,31.25,0.53785
1020,364.75,402.75,15.5,30.75,0.53747
1020,341.5,399.75,12.75,25.25,0.53745
1020,28,231.75,14.5,28.75,0.53737
1020,111,251.25,13.5,26.75,0.53724
1020,77.25,285.25,14,27.75,0.53717
1020,596.25,259.5,14.5,29,0.53716
1020,476.5,219.5,13.75,27.5,0.53716
1020,85,276.5,14.5,29,0.53706
1020,363.75,218,13.5,27,0.53692
1020,516.5,411.75,15,29.75,0.53665
1020,156.5,364,14.25,29,0.53659
1020,268.25,306.25,16.25,32.5,0.53637
1020,605.25,366,14.25,28.75,0.53621
1020,42,140.5,26,52.25,0.53619
1020,460.5,370.5,14.5,29.25,0.53601
1020,456.5,307.25,81.5,163,0.5356
1020,596.5,282,15.75,31.5,0.53553
1020,379.75,254.25,16.5,33,0.53553
1020,261.25,216,13.75,27,0.53545
1020,322.5,63.5,11.75,23.5,0.53524
1020,318.25,12,89.5,179,0.53499
1020,166.5,295.5,12.75,25.5,0.53492
1020,174,294.25,14,27.75,0.53484
1020,469.5,219.75,13.5,27.25,0.53468
1020,461,223.5,13.75,27,0.53452
1020,92,270.75,15.75,31.25,0.53434
1020,82.5,286,19,38,0.53426
1020,484.25,219.75,13.75,27.25,0.53408
1020,212.5,298,14.75,29.5,0.53387
1020,220.25,376.5,16.25,32.75,0.53375
1020,253.25,271,14.25,28.5,0.53353
1020,403.5,389.75,16,32.5,0.53351
1020,545.25,91.5,44.25,88.5,0.53337
1020,523.5,271.25,16.5,33,0.5333
1020,518.5,277,13.75,27.5,0.53316
1020,284.75,307.25,15.5,30.5,0.5331
1020,406,239.75,12.75,25.5,0.53298
1020,302,64.25,13.5,27.25,0.53286
1020,111,290.75,14,28,0.5325
1020,501.5,360.75,14.5,28.75,0.53245
1020,507.75,322.5,16,32,0.53234
1020,21.75,408.5,11.75,23.75,0.5322
1020,501,221.25,13.5,26.5,0.5321
1020,49.75,277.5,15.5,31.25,0.53191
1020,236.75,269,12.75,25.75,0.53189
1020,429,296.25,14,28,0.5317
1020,196,305,16.25,32.5,0.53164
1020,134,363.5,13,26,0.53136
1020,556.5,274,15,30,0.5312
1020,156,377.25,15.5,31,0.53108
1020,268.5,219.25,14.75,29.5,0.53105
1020,460.5,296,13.5,27.25,0.53094
1020,460.25,411,14.5,29.25,0.53092
1020,487.75,360.75,12.5,25.25,0.53088
1020,443.25,287.25,16.25,32.5,0.53071
1020,396.75,298.5,15,30,0.53052
1020,140.25,383.25,15.75,31.25,0.5305
1020,20.25,347,16.25,32.5,0.53032
1020,568,423.5,12,24.25,0.53027
1020,262.25,284.75,13.5,26.75,0.53021
1020,364.5,399.5,12.75,25.5,0.53004
1050,196.75,290.5,15.5,31.25,0.56289
1050,133,288,13,25.75,0.55788
1050,205.5,363.75,13.25,26.75,0.55175
1050,112.25,94.75,12,24,0.55003
1050,380,398,13.5,27,0.54996
1050,594.75,336.25,17,34,0.54947
1050,588.5,326.25,13.5,27,0.5477
1050,59,399.25,12.25,24.75,0.547
1050,429,317.25,17.75,35.75,0.54542
1050,268.5,159.75,18.25,36.5,0.54457
1050,124.75,289.5,14.5,29,0.54427
1050,597.75,414.25,13.5,26.75,0.54392
1050,298.25,54.5,14.5,28.75,0.5438
1050,132.25,368.5,12.75,25.5,0.54376
1050,277,378.25,15.5,31,0.54345
1050,139.75,353.25,15.5,31,0.54328
1050,315.25,365.5,17.25,34.25,0.5431
1050,239.75,73.75,12.5,25.25,0.54281
1050,198.75,272,13,26,0.54178
1050,293.5,332,13,26,0.54118
1050,37,336.75,14.5,28.75,0.53983
1050,277,323,15.25,30.25,0.53967
1050,52.75,246.75,14,28.25,0.53943
1050,148.5,379,15.25,30.5,0.53939
1050,438.25,336.25,13.25,26.5,0.53886
1050,419.75,309.75,13.75,27.5,0.53874
1050,444.75,375,16.25,32.5,0.53873
1050,402.25,345,19.25,38.5,0.53827
1050,452.75,372,15.25,30.5,0.53819
1050,156,296.5,16,32,0.53814
1050,44.25,395.75,14.25,28.5,0.53745
1050,293.25,318.5,16,31.75,0.53738
1050,394,314.25,19.25,38.25,0.5372
1050,402.25,314,18.25,36.5,0.53701
1050,493.25,387,15,30,0.53687
1050,269.25,397.25,13.25,27,0.5367
1050,218.25,75.25,13.5,27,0.53553
1050,109,394,15,30,0.53549
1050,148.75,282.5,14,27.75,0.53535
1050,293.75,269.25,15.75,31.75,0.53529
1050,404.25,291.75,14.5,29,0.53438
1050,38,362.25,12.75,25.25,0.5343
1050,116.25,291.5,14.75,29,0.53421
1050,37,310.25,14,28.25,0.5341
1050,277,287.5,15.5,31,0.53401
1050,172,6.25,17,33.75,0.534
1050,525.75,353.5,15.75,31.5,0.53388
1050,292.5,363.5,12.25,24.75,0.53367
1050,61.5,301,12.75,25.25,0.53346
1050,284.75,355,14.75,29.25,0.53335
1050,263,86,13,26,0.53333
1050,308.5,379.75,16,31.75,0.53331
1050,131.75,309.5,17,33.75,0.53329
1050,476.5,288.5,12.75,25.75,0.53321
1050,277.25,332.25,14.75,29.25,0.53311
1050,116.75,360.75,15,30.25,0.53306
1050,469,282.5,14.5,29,0.53299
1050,112.25,106.25,12,24,0.53299
1050,340.75,395.5,14.5,29.25,0.53289
1050,453.75,309.75,13.25,26.75,0.53262
1050,317.75,348.25,12.75,25.25,0.53214
1050,428.5,312.25,12,24,0.53206
1050,140,379.5,16.25,32.5,0.53191
1050,563.75,401,15.75,31.5,0.53152
1050,264,14.5,11.75,23.5,0.53131
1050,148.5,354.5,14.75,29.75,0.53122
1050,326.75,321.5,14,28,0.53106
1050,269,375.75,13.25,26.25,0.53105
1050,156,231.5,13,26,0.53105
1050,256,392.5,12.5,25.5,0.5308
1050,490.25,351.25,25.75,51.25,0.53063
1050,80.75,137,12,23.75,0.53048
1050,230.25,332.25,12.5,25,0.53045
1050,484.5,381.25,14.25,28.5,0.53045
1080,165.25,220.75,14,28,0.55731
1080,603.75,315.75,15.5,30.75,0.55477
1080,516.5,339.25,13.75,27.75,0.55116
1080,228.75,219.25,15,29.75,0.54905
1080,165,374.75,14.25,28.5,0.54685
1080,548.25,296.5,15,30,0.54519
1080,115.5,348.75,17.25,34.25,0.54462
1080,284.75,402.75,14.25,28.5,0.54437
1080,491.75,201.25,16.25,32.25,0.54428
1080,517.5,428.75,13.5,27,0.54406
1080,268.75,381,13.5,26.75,0.54335
1080,379.75,377.75,15.75,31.5,0.54197
1080,374.5,134.5,13,26,0.54148
1080,421.25,388.5,14.25,28.75,0.54072
1080,411.75,392,16.75,33.25,0.54053
1080,582,80.75,13.75,27.5,0.54049
1080,572,315.75,16,32.25,0.54036
1080,429,279.25,14.5,29.5,0.54024
1080,460.5,276.25,14.5,29,0.54024
1080,547.25,202.5,16.5,32.75,0.53982
1080,276.5,409.5,15.75,31.5,0.53953
1080,132.5,282,15,30,0.53951
1080,268.75,411,14.75,29.75,0.53885
1080,202.25,195,20.75,41.5,0.53875
1080,539.75,53.5,14.25,28.5,0.5386
1080,188.25,218.25,13.5,27.5,0.53828
1080,212.75,341.75,14.75,29.75,0.53815
1080,92,359.5,16,32.25,0.53796
1080,487.5,86.25,13.25,26.75,0.53786
1080,269.5,228.25,12.5,25,0.5372
1080,508.25,202.75,15.25,30.5,0.53714
1080,467.75,274.75,16.25,32.25,0.53712
1080,299.75,413.25,15,29.75,0.53681
1080,60.25,361,14.75,29.25,0.53672
1080,68.5,274.25,15.25,30.5,0.53665
1080,292.75,411,13.75,27.75,0.536
1080,68.75,379,15.5,31,0.53589
1080,109,282,14.5,29.25,0.53587
1080,396.5,338,14.75,29.5,0.53585
1080,155.75,352.75,16.5,33,0.53565
1080,14.75,264.5,12.5,25,0.53534
1080,37,395,14.5,29.5,0.53514
1080,453,299.5,14.25,28.25,0.53508
1080,571.75,216.25,18.25,36.5,0.53495
1080,7.25,312,12.5,25.5,0.53442
1080,260.75,410.5,15.25,30.5,0.53438
1080,284.75,412,14.25,28,0.53424
1080,557,315.5,15,30,0.53387
1080,23,359.75,35.5,71,0.53384
1080,220.75,278.75,13.5,27.5,0.53382
1080,332.75,162.25,15,30,0.53382
1080,156.75,216.75,14.5,28.75,0.53358
1080,242.25,48.5,96.75,193.25,0.53354
1080,243.25,415,16.25,32.25,0.53349
1080,518.75,49.75,14.75,29.5,0.53284
1080,204.5,236.5,14.75,29.5,0.53284
1080,219.5,176.25,18.25,36.5,0.53227
1080,229.25,351.75,14,28,0.53226
1080,100,272,15.25,30.25,0.53191
1080,324,209.25,16.5,33,0.53167
1080,226.75,98.25,13.75,27.75,0.53148
1080,572.5,158.5,14.25,28.75,0.53148
1080,459.75,363,15.25,30.5,0.53146
1080,468.25,197.5,14,28,0.53114
1080,492.75,354.5,14.5,29.25,0.53101
1080,549,341.25,14,27.75,0.53088
1080,421,282.25,14.75,29.5,0.53054
1080,564,221.5,16,31.75,0.53036
1080,564.75,312.5,14.5,29.25,0.53023
1080,37,269.75,14,28,0.53011
1080,596,56,13.25,26.5,0.53004
1110,374.5,158.75,17.75,35.25,0.56243
1110,455.5,428.5,12.75,25.25,0.55266
1110,253.25,416.5,14.75,29.25,0.55116
1110,284.75,396.75,14.25,28.25,0.54935
1110,267.75,350.5,17,34.25,0.54923
1110,275.5,124,14.75,29.5,0.54784
1110,333,188.5,14.5,28.75,0.54705
1110,389,386.5,14.75,29.25,0.547
1110,310.75,168.5,12.75,25.75,0.54636
1110,464,206.25,21,41.75,0.54318
1110,348.5,412.5,14.25,28.5,0.5429
1110,125.25,366,14.5,28.75,0.54214
1110,317,178.5,15.5,30.5,0.54168
1110,532.25,33.25,12.25,24.75,0.54117
1110,468.5,176,18.25,36.5,0.53994
1110,20,192,12.75,25.25,0.53906
1110,260.5,402.25,15.75,31.75,0.53859
1110,117.5,210.5,20.25,40.5,0.53836
1110,396.25,382.25,15.25,30.25,0.53808
1110,53,365.75,34.5,68.75,0.53794
1110,229,368.25,15,30,0.53674
1110,442.25,42.75,19.5,39.5,0.53644
1110,93,384.75,13.75,27.75,0.53619
1110,284.75,125,14.25,28,0.53604
1110,52.5,122,12,24,0.53543
1110,51.5,316.25,15.75,31.75,0.53519
1110,413.75,134.75,13.75,27.5,0.535
1110,364,37,17,34,0.53445
1110,42.5,375.5,20.5,41,0.53419
1110,262.75,216.75,12.5,25.5,0.53414
1110,269.75,195.5,15,29.75,0.53342
1110,300.25,398.25,14.5,29.25,0.53341
1110,267.75,201.25,17.75,35.5,0.53338
1110,536,32.5,12.5,25,0.53304
1110,44.5,119.5,12.75,25.5,0.53275
1110,250.5,196.75,24.75,49.75,0.53254
1110,610.25,298.25,11.75,23.5,0.53245
1110,204.25,402.5,15.75,31.5,0.53224
1110,122.75,209.75,20.5,41.25,0.53224
1110,389,163.75,15.75,31.5,0.53216
1110,106.25,57.25,18.25,37,0.53193
1110,36.25,112.5,15.75,31.5,0.5317
1110,348.5,133.25,12.75,25.25,0.53099
1110,317.5,134.5,13.5,26.5,0.53092
1110,60.5,315.25,16,32.25,0.53056
1110,108.5,401.5,15.25,30.25,0.53026
1110,328.5,120.75,11.75,23.75,0.53007
1140,570.25,169,24.5,49.5,0.54937
1140,166,62.25,14.25,28.75,0.54744
1140,165,331,14.5,28.75,0.54686
1140,92.5,102.75,13,25.75,0.54601
1140,549.25,364,13,25.5,0.54424
1140,47,280.5,12,24.25,0.54398
1140,325.5,298.75,14,28,0.54383
1140,77.25,382,13.75,27.25,0.54182
1140,151,341.25,12.75,25.5,0.5418
1140,492.25,433,12.5,25,0.53856
1140,457.5,165.25,33.5,67.25,0.53631
1140,580,353.75,16,32,0.53612
1140,60.25,370.5,14.5,29.5,0.53555
1140,565.25,357.25,13.75,27.25,0.53543
1140,373,318.75,14.5,29,0.53512
1140,572,361.25,15,30,0.53476
1140,615.5,304.25,12.5,25.25,0.53414
1140,172.25,324.25,13,26,0.53368
1140,596.5,400.5,13,26,0.53217
1140,524,402.25,14.5,29,0.53159
1140,533.5,395.25,13.25,26.5,0.53072
1140,299,171,18.5,37.25,0.53055
1140,476.5,412.75,14.75,29.75,0.5303
1140,28,281.75,12,24.25,0.53021
1140,612.5,322.25,15.5,30.75,0.53014
1170,556.75,337.75,15.25,30.75,0.56635
1170,437.25,325,14,28,0.56159
1170,201.5,173.75,32,63.75,0.55989
1170,406.25,246.75,13.25,26.5,0.55314
1170,356.5,313.5,15.5,31.25,0.55126
1170,460.5,235,14.75,29,0.55076
1170,438,256.75,14.25,28.25,0.55003
1170,454,256,12.5,25.25,0.54879
1170,572,332.25,14.25,28,0.54862
1170,420.5,312.5,14.75,29.5,0.5472
1170,141.5,446.5,13.25,26.75,0.5443
1170,119.75,274,12.5,25,0.54418
1170,403.5,258,16.5,32.75,0.54415
1170,373.75,295.5,13.25,26.25,0.54377
1170,491.5,291,15.5,30.75,0.54291
1170,56.5,137.25,12,24,0.54181
1170,37.5,381.25,13.5,27,0.5414
1170,389.5,411.75,13.75,27.75,0.54098
1170,599,442.25,14,28.25,0.5408
1170,501.5,410.5,12.75,25.75,0.54076
1170,109,333,13.5,27,0.54066
1170,259.5,37.75,13.5,26.75,0.53798
1170,38.25,178.25,45,90,0.5376
1170,413.75,248.25,12.25,24.5,0.53726
1170,436.75,311.75,15,30,0.53696
1170,557.75,313.75,12.25,24.25,0.53656
1170,248.25,8,12,24,0.53653
1170,438.75,270.5,13.25,26.5,0.53602
1170,496.5,293,13.5,27.25,0.53598
1170,419.5,249.25,16.25,32.75,0.53569
1170,429,298.5,14.75,29,0.53532
1170,86,289.25,13.5,27.25,0.53482
1170,547.25,333.75,17.25,34.75,0.5348
1170,509.25,312.25,13.25,26.25,0.53442
1170,620.75,9.25,11.75,23.25,0.53423
1170,452.25,248.5,14.75,29.5,0.53413
1170,20,106.75,85.25,170,0.53376
1170,37.5,297.5,13.5,27,0.53356
1170,253.5,38.25,13,26.5,0.53255
1170,460.25,77.25,12,24,0.53237
1170,74,199.5,13,25.75,0.53168
1170,596,312,12.5,24.75,0.53159
1170,478.75,429.25,14,28.25,0.53151
1170,-7,28.25,55.75,111.25,0.53136
1170,116.75,206.75,11.75,23.75,0.53067
1170,51.5,288.25,15.5,30.75,0.53053
1170,355.5,313.75,45.25,90.5,0.53012
1200,364.5,273.25,16,32,0.56127
1200,380.25,237.75,14.25,28.5,0.56068
1200,426.25,395.75,17,33.75,0.54907
1200,348.25,240.75,14.5,29,0.54903
1200,396.75,336,12.75,25.25,0.54738
1200,364.5,398.5,12,24,0.54712
1200,362,176.25,14.75,29.5,0.54618
1200,340.75,226.75,14.5,28.5,0.54282
1200,437,400.25,12.75,26,0.54252
1200,333.25,245,14.25,28.5,0.54095
1200,148.75,290,15.5,31,0.54067
1200,244,312,15.75,31.5,0.53724
1200,347.5,229.5,17,34,0.53645
1200,84,314.25,16.25,33,0.53626
1200,172.25,291.5,12.75,25.25,0.53599
1200,276.25,304.75,16.5,33.5,0.53559
1200,365.75,292,14.25,29,0.53503
1200,109.75,299,13,26.25,0.53492
1200,487,75.75,27.75,55.25,0.53452
1200,213.75,351,13.5,27.5,0.5337
1200,68.25,320.25,15.75,31.5,0.53363
1200,292.25,323.5,14.75,29.25,0.53331
1200,373.25,283.5,13.75,27.25,0.53285
1200,21.75,332,13.5,26.75,0.53281
1200,296.75,265,11.5,23,0.53269
1200,604.5,440,14.5,28.75,0.53185
1200,-5.25,43.25,42.75,85.25,0.53168
1200,500.5,77.75,12,23.75,0.53135
1200,373.5,220.25,12.75,25.5,0.53042
1200,274.25,412,12.5,24.75,0.53029
1230,284.25,307,13.5,26.75,0.57221
1230,305,90.75,12.5,25,0.56556
1230,364.75,288.75,15.75,31.25,0.55951
1230,380.5,246,14.25,28.5,0.55444
1230,360.5,241.25,12.25,24.25,0.55257
1230,477,194.25,12.25,24.5,0.55191
1230,229.25,354,13.75,27.25,0.54947
1230,355.5,239.5,12.75,25.75,0.54878
1230,228.25,296,16.5,33,0.54806
1230,486.5,220.25,14.75,29.5,0.54779
1230,42.5,113.25,13,25.75,0.54641
1230,333,386.25,16.5,33,0.54624
1230,396.75,378.25,14,28.25,0.54478
1230,608.75,252,12.5,24.75,0.54207
1230,221.5,329.25,14.5,29.25,0.54048
1230,594.25,259.25,17.75,35.75,0.54047
1230,405.75,360,12.5,25,0.54029
1230,187.5,242.75,16.75,33.25,0.53856
1230,521.5,250.75,14.5,29,0.53632
1230,324.75,231.5,14.5,29,0.5359
1230,506,379.25,19.25,38.5,0.53586
1230,148.5,377.75,15.5,31,0.53548
1230,551.25,268.5,11.75,23.5,0.53547
1230,311,374,12.75,26,0.5354
1230,466.5,120.5,12,24.25,0.5353
1230,465.75,163.75,13.5,27,0.53515
1230,446,288.25,25,49.75,0.53509
1230,221,392.25,12.5,25,0.53495
1230,124.25,371.25,20.25,40.25,0.53445
1230,259,297.25,12,24,0.5342
1230,332.75,86.5,12.5,25.25,0.53352
1230,372.5,44.5,12.25,25,0.53339
1230,117.75,367,13,26.25,0.53329
1230,356.5,399.5,16.25,32.25,0.53314
1230,220.75,366.25,13,26,0.53223
1230,598.75,26,12.25,24.25,0.53201
1230,212.75,319.5,14.75,29.25,0.532
1230,232.25,179.25,13.5,27.25,0.53163
1230,355.25,384,16.75,33.75,0.53103
1230,182.25,364.75,24.75,49.25,0.53061
1260,311,403.5,13,26,0.56695
1260,284.75,380,13.75,27.5,0.56202
1260,164.5,316.25,15,30,0.55679
1260,382,295.5,12.5,25.5,0.55664
1260,112.5,311,12.75,25.5,0.55474
1260,299.25,296.25,16,32,0.55407
1260,559.25,213,22.5,45.25,0.55373
1260,116.75,309.25,13.5,27.25,0.55353
1260,438.25,375,13.75,27.75,0.55312
1260,227.75,304.75,12.25,24.5,0.55067
1260,579.75,21,32,63.5,0.54978
1260,147,300,17.5,35,0.54871
1260,341.25,408,13.75,27.75,0.54329
1260,197.5,302.25,13.5,27.5,0.54243
1260,382.5,256.75,12.25,24.5,0.54152
1260,549.5,395,13.25,26.75,0.54117
1260,67.75,296.75,12.75,25.5,0.54046
1260,428.75,415,13,26,0.5396
1260,527.25,278.75,15.5,31.25,0.53825
1260,430.25,185.25,28.25,56.75,0.53793
1260,341.5,286.75,13.25,26.75,0.53755
1260,324.75,404.5,15.5,31,0.53733
1260,85.25,181.25,16.75,33.25,0.53731
1260,322,183.5,13.5,27.5,0.53629
1260,27.75,316.25,15.5,30.75,0.53597
1260,282,259.25,16.25,32.25,0.5358
1260,477,403.75,13.25,26.5,0.53573
1260,210.5,380.5,12,24,0.53558
1260,84.75,334.25,15.5,30.75,0.53466
1260,538.25,359.5,12.75,25.5,0.53385
1260,300.25,46.25,13,25.75,0.53375
1260,578.75,214.25,21.25,42.5,0.53359
1260,164.5,304.5,13.75,27.25,0.53306
1260,289.75,41,12,24,0.5322
1260,550,421,13.75,27.25,0.53172
1260,93.75,418.5,12,24.25,0.53129
1260,355.25,272,17,33.5,0.5304
1260,571.5,403.5,12.75,25.25,0.53033
1260,152.75,397,11.5,23,0.53021
1260,528.25,429.25,11.75,23.5,0.53018
1290,37.75,382,13,26.25,0.56879
1290,44.25,330.5,14.25,28.25,0.56556
1290,164,361.5,16,31.75,0.55629
1290,452.75,121.75,13.75,27.25,0.5544
1290,285,295,13.75,27.5,0.5526
1290,413.25,417,13,26,0.55256
1290,92.5,408.75,15,30,0.55144
1290,300.5,412,15.5,31,0.54992
1290,332,300.25,12.5,25,0.54896
1290,332.75,279.25,12.75,25.25,0.54843
1290,61.25,376.5,13.25,26.75,0.54722
1290,389.75,299,13.75,27.5,0.54538
1290,268.75,337,12.75,25.5,0.54512
1290,148.25,401.25,15.5,31,0.54385
1290,352.25,182.25,14,27.75,0.54362
1290,100.5,404.75,13.5,27,0.54112
1290,300.75,48.5,12.25,24.5,0.54084
1290,-3.75,170.75,29.75,59.5,0.54015
1290,180.75,378.75,14.5,28.75,0.53985
1290,412.25,336.25,16.5,33,0.53968
1290,71.5,336.25,14,28,0.53929
1290,48.25,323,51.75,103.5,0.53914
1290,428.5,384,13.5,27.25,0.53905
1290,131.25,391.25,16.25,32.5,0.53905
1290,287.75,40,12.75,25.75,0.53864
1290,459.25,207.25,25,50,0.53741
1290,476.75,423.5,12.5,25.25,0.53612
1290,356,389.75,13.75,27.5,0.53586
1290,363.25,280.5,12.75,25.5,0.53533
1290,504.25,376.5,24,48,0.53525
1290,228.25,416.75,16.25,32.25,0.53516
1290,460.25,414,13.5,27,0.53509
1290,139,383.75,16.5,33.25,0.53484
1290,151,184.75,23.5,47,0.53482
1290,293.5,276,14.75,29.5,0.53461
1290,164.25,380,15.5,31,0.53442
1290,560,303.25,13.75,27.75,0.53433
1290,595.5,434.25,15.5,30.75,0.53424
1290,300.5,360.25,13,26.25,0.53416
1290,155.75,378.5,16,32.5,0.53379
1290,454.5,352.75,13,26.25,0.53362
1290,295.25,427.25,12.25,24.75,0.53361
1290,439.75,294.75,12.25,24.25,0.5331
1290,140.25,414.5,15.75,31.75,0.53273
1290,20.25,369.25,13.5,27.25,0.53266
1290,436.25,334.25,15,30.25,0.53264
1290,319.75,183.25,13.5,27,0.53262
1290,28.25,427.75,14.5,29.25,0.53225
1290,492.5,444.25,12.25,24.75,0.53211
1290,37.75,425.75,13,26.5,0.53202
1290,212.25,386.75,11.75,23.75,0.53198
1290,628.25,271,12,24,0.53169
1290,340.25,330,13.25,26.5,0.53152
1290,604.25,443.75,12,24.25,0.53133
1290,356,282.5,13.5,27.25,0.53108
1290,235.75,400.75,14.5,28.75,0.53101
1290,212.5,351.25,12.25,24.75,0.53036
1290,204.25,385,11.75,23.5,0.53034
1320,93,309.25,13.5,27,0.56161
1320,542.5,278,14.5,29.25,0.5554
1320,277.25,345,14.75,29.25,0.55178
1320,390.25,373.75,13.75,27.5,0.55173
1320,37,323.25,14.25,28.75,0.55082
1320,515,74.75,130.25,260.25,0.54868
1320,260,338.75,14.5,28.75,0.54792
1320,147.25,135,13.25,26.5,0.54737
1320,356.75,388.25,15.5,31,0.54697
1320,397,393.5,13.5,27,0.5469
1320,212.25,283.75,13,26,0.54676
1320,340.5,384,15,30,0.54473
1320,182.25,362.5,15,29.5,0.5444
1320,279.5,48,12.5,24.75,0.54405
1320,188.75,404.5,14.5,29.25,0.54332
1320,288,40.75,12.5,25,0.5432
1320,477.75,406.5,13.25,26.75,0.54309
1320,453.25,391.5,13,26,0.54297
1320,421.75,302,13.25,26.75,0.54279
1320,204.25,400.75,15.5,31,0.54276
1320,191,244.5,12.75,25.75,0.54243
1320,284.5,401.25,12,24.25,0.54197
1320,589.75,307.25,15.75,31.75,0.54179
1320,382.25,424.25,12.5,25,0.54161
1320,220.5,437,15,30,0.54095
1320,51.5,400.25,16.25,32.5,0.54081
1320,294.75,40.5,12.5,25,0.53978
1320,141.5,384.25,13.5,27.25,0.53867
1320,69.5,350.25,13,26.25,0.53813
1320,374,333.75,13,26.5,0.53745
1320,313.75,332,17,33.75,0.53737
1320,326,294.5,13,26,0.5369
1320,288.25,401.5,12.5,25,0.53678
1320,85.5,313,14.75,29.75,0.5362
1320,293,417,15.5,31,0.53586
1320,458.75,406.75,14,28.25,0.5357
1320,456.25,368,24,48,0.53565
1320,253.75,302.75,13,26,0.53498
1320,236.5,442.25,15,30.25,0.53439
1320,43.75,336.25,15.75,31.5,0.53388
1320,436.25,376,13,25.75,0.53374
1320,404.25,298.75,15.5,31.25,0.53346
1320,172.75,386.5,15,30,0.53288
1320,187.5,385.75,16,32,0.53267
1320,43.5,365.75,18,36.25,0.53229
1320,100,392.25,18.75,37.25,0.53225
1320,309.25,409.5,14.75,29.5,0.53221
1320,68.75,427.5,14.75,29.25,0.53168
1320,319.25,312,12.75,25.5,0.53163
1320,172.75,396.25,14.75,29.5,0.5313
1320,191,361.5,13.25,26.5,0.53117
1320,251.25,286,20.25,40.75,0.53104
1320,347,400.75,16.5,33,0.5308
1320,432.25,107.25,12.75,25.75,0.53055
1320,578.75,265.25,37.25,75,0.53041
1350,204.5,338.5,12.5,24.75,0.56808
1350,453,345.25,13.75,27.75,0.56119
1350,308,272.75,16.75,33.25,0.55832
1350,524.25,318.5,11.75,23.5,0.55495
1350,260,386,16,31.75,0.55413
1350,373.25,412,15.25,30,0.55368
1350,60.25,383.25,15.75,31.25,0.5512
1350,460.5,331.5,14.5,29.25,0.55105
1350,268.25,255,15.75,31.25,0.55065
1350,418.25,222,16.5,33.25,0.54847
1350,536,430.5,12.75,25.75,0.54811
1350,445.5,410.5,13.25,26.75,0.54713
1350,55.25,339.75,12.5,24.75,0.54621
1350,151.75,69,12.5,24.75,0.54436
1350,181.25,279.25,13,26,0.54428
1350,245.5,368.75,14.25,28.5,0.54387
1350,308.75,258.25,15.5,31.25,0.54358
1350,231.75,379.75,12.75,25.75,0.543
1350,280.5,46.5,12,24,0.54292
1350,299.75,267,15.25,30.25,0.54285
1350,411.75,284.5,14.75,29.25,0.54103
1350,351.5,431.5,12.5,25.25,0.53914
1350,83.75,304.25,14.75,29.5,0.53899
1350,325.5,246.25,14.5,28.5,0.53839
1350,101,350.25,14.25,28.25,0.53753
1350,349,431,13,26,0.53661
1350,164,366,16.25,32.5,0.53648
1350,269.25,398.75,13.75,27.75,0.53622
1350,118.25,123.25,22.75,45.5,0.53592
1350,526.25,428.5,13,26.25,0.53505
1350,268.75,281.5,15.5,31.25,0.53489
1350,491.75,344.25,12.75,25.75,0.53487
1350,519.5,431.25,12.25,24.75,0.5345
1350,624.25,97.25,17.75,35.25,0.53401
1350,536.25,24.75,38,76.25,0.53396
1350,377.5,260.75,13.75,27.75,0.53373
1350,324,180,15.25,31,0.53354
1350,403.75,370.25,13.25,26.5,0.5333
1350,260.75,273.5,15.75,31.25,0.53329
1350,84.5,8,12.25,24.5,0.5331
1350,620.5,368.5,12,23.75,0.53306
1350,355.5,257.75,15.5,30.75,0.53269
1350,44.5,373.75,14.75,29.25,0.5326
1350,111,336,14,27.75,0.53211
1350,100.25,377,15,29.75,0.53169
1350,339.25,244,15.25,30.25,0.53165
1350,468.25,384.25,13,25.75,0.5316
1350,141.5,412.75,14,28.25,0.53159
1350,27.5,334.5,17.25,34.25,0.53159
1350,82.5,64.5,12,23.5,0.53148
1350,361.75,389.5,13.25,26.5,0.53102
1350,347.75,256.5,15.5,30.75,0.53077
1350,245.75,340.75,13.25,26.5,0.53028
1380,483.75,346.5,18.5,36.75,0.56533
1380,408,391.5,13.25,26.5,0.56104
1380,228.75,388.75,15,30.25,0.55276
1380,367.75,368.25,17.25,34.5,0.54747
1380,573.25,375.75,13.75,27.25,0.5461
1380,514.5,336.5,12.5,25,0.54548
1380,309,259,13.25,26.5,0.54477
1380,563.25,365.75,17.5,34.75,0.54291
1380,106.25,320.25,12,24,0.54242
1380,485,343.25,13.25,26.5,0.54227
1380,509,349,14.25,28.75,0.54215
1380,483.5,172.5,12.25,24.75,0.542
1380,412.25,365.25,14,28,0.54161
1380,342.75,328.5,12,24,0.54053
1380,298.5,76.5,12.25,24.25,0.53971
1380,156,252.75,13.75,27.5,0.53922
1380,340.5,53,12.25,24.75,0.53837
1380,533.5,425.75,13.5,27,0.53778
1380,196.75,331.25,14.25,28.75,0.53777
1380,44.75,360.25,13.25,26.75,0.53664
1380,348.5,266.5,14.25,28.75,0.53644
1380,162.25,249.5,15.75,31.25,0.53634
1380,549.5,421.5,13.75,27.75,0.53536
1380,317.25,302.75,14,28,0.53472
1380,389.75,382.5,13,26.25,0.53466
1380,357,426.75,14.25,28.25,0.53442
1380,211.25,315.75,36.75,73.75,0.53435
1380,380,180.5,15,30,0.53397
1380,375.75,431.75,12.5,25.25,0.53376
1380,470,337.5,14.25,28.5,0.53353
1380,108.5,128,12,23.75,0.53315
1380,539,384.25,15.75,31.5,0.53314
1380,501.75,387.75,14.25,28.25,0.53269
1380,44.5,13,13.25,26.5,0.53259
1380,502.75,339.5,14,28.25,0.53244
1380,316.75,263,16.25,32.25,0.53233
1380,34,297.5,18.25,36.25,0.53195
1380,83.5,258.25,15,29.75,0.53195
1380,366.25,315.75,14.75,29.5,0.53189
1380,116.75,269.25,15.5,31,0.53147
1380,27,372,15.75,32,0.53139
1380,516.25,372.25,14.5,29,0.53118
1380,595.5,198.75,16.25,32.25,0.53095
1380,132.75,434.25,11.75,23.5,0.53092
1380,44.5,426.25,12.75,25.25,0.53089
1380,524,349,12.25,24.75,0.53053
1380,308.5,356.5,14.5,28.5,0.53021
1380,70,378.75,13.25,26.5,0.53003
1410,308.25,384,16.5,32.75,0.55816
1410,536,58,29.75,59,0.55673
1410,92.25,122.5,12.5,24.5,0.55377
1410,100.5,332.75,13.5,26.75,0.55255
1410,102,379,12.5,25,0.54639
1410,223.75,53.75,12.5,25,0.54627
1410,414.25,188.25,12.75,25.75,0.54553
1410,236.25,300,12,24,0.54541
1410,558,249.5,32.25,64.25,0.54533
1410,220.75,402.5,13.5,26.5,0.54399
1410,44.5,315.75,13.5,27.25,0.54333
1410,340,182,17.75,35.75,0.54328
1410,429.25,320.25,13.5,27.25,0.54325
1410,92.5,325.5,13.5,27,0.54316
1410,323.75,400,12,24,0.54164
1410,371.5,69,20.25,40.75,0.54081
1410,197.25,348,13.5,27,0.5408
1410,298.5,76.5,12,24,0.53983
1410,476.75,367.5,12.5,25,0.53914
1410,213.75,351.25,12.75,25.5,0.53892
1410,164.25,386.25,15,30,0.53871
1410,172.5,407.5,15.75,31.25,0.53836
1410,548.75,423.25,14.25,28.5,0.53767
1410,452.5,363.25,14.5,28.75,0.53729
1410,567.5,429.25,12.25,24.75,0.53662
1410,197,72.5,27.25,54.75,0.53585
1410,477.5,326.25,13,26,0.53564
1410,576,5.75,12.25,25,0.53561
1410,182.5,363.75,12.5,25.25,0.53522
1410,277.75,415,12.75,25.25,0.53494
1410,364,398.75,17,34,0.53484
1410,405.5,352.5,13.5,26.75,0.53461
1410,422.25,271.75,12.5,25.25,0.53455
1410,7.75,396.25,12,24.25,0.53394
1410,38.25,408.5,12.25,24.5,0.53388
1410,188,284.5,13.25,26.5,0.53383
1410,432.25,408.25,12,24.5,0.53377
1410,563,66.75,14,28,0.53361
1410,108,391,14.75,29.75,0.53322
1410,390,294,13.25,26.25,0.53313
1410,24.75,37,11.5,23,0.5326
1410,523.75,391.25,15.75,31.25,0.53245
1410,588.5,396,14.25,28.25,0.53226
1410,603.5,398,15.75,31.5,0.53213
1410,197.75,357,13.75,27.25,0.53031
1410,483.75,377.25,12,24,0.53025
1410,571.75,366.75,15.75,31.75,0.53016
1410,524,367,14,28,0.53012
1410,469.75,374.25,13.5,27,0.53006
1410,276.25,368,16,32,0.53003
1440,302,407.75,12.75,26,0.5585
1440,437,386.75,12.5,25,0.55245
1440,540.25,412,14.25,28.75,0.55126
1440,160.5,95.5,12.25,24.5,0.55109
1440,333,388,15.25,30.25,0.54856
1440,245.25,399.5,13,26.25,0.54854
1440,220,377,16,31.75,0.54737
1440,293.25,411,13.5,27.25,0.5469
1440,556.5,371.5,14.75,29.5,0.54649
1440,300.75,2.25,15.5,31.25,0.54629
1440,600.75,38.5,25.75,51.5,0.54627
1440,491.5,372.25,14.25,28.5,0.54624
1440,571.75,399.75,17,34.25,0.54466
1440,251.5,406.75,16.75,33.75,0.54378
1440,365.25,394.75,15,30,0.54268
1440,317.75,415.25,12.5,25.25,0.54218
1440,62.75,354.5,13.5,27.25,0.54214
1440,300,366.25,15,30,0.54092
1440,500.75,375.25,13.75,27.25,0.53981
1440,470,366.75,13.25,26.25,0.53856
1440,613.25,151.5,13,25.5,0.53788
1440,556.75,40.5,37,73.5,0.53718
1440,69.75,353.75,14.5,29,0.53586
1440,276,375.75,12.75,25.5,0.53585
1440,62.5,110.5,12.75,25.25,0.53582
1440,435.75,398.75,12.75,26,0.53543
1440,372.5,267.75,13.75,27.75,0.53541
1440,353,157.5,18.5,37,0.53536
1440,17.25,196.5,12.75,25.5,0.53508
1440,492,31.5,37.25,74.75,0.53493
1440,164.25,29.5,110.25,220.75,0.5347
1440,149.25,404.25,14,28.25,0.53421
1440,212.75,372.75,14.25,28.75,0.53323
1440,502,364,12.5,25,0.53316
1440,276.5,406.5,15,30.25,0.53289
1440,493.75,413.25,13,26,0.53235
1440,54.25,374.5,13.25,26.5,0.53217
1440,604.5,384.75,15.75,31.75,0.53208
1440,515.5,383.25,16.25,32.5,0.53199
1440,339,174.75,23.25,46.5,0.53183
1440,210.5,57.75,12.25,24.5,0.53107
1440,317.25,381,13.75,27.5,0.53101
1440,567.25,303.5,83,165.75,0.53098
1440,447,406.75,13.25,26.25,0.53039
1440,477.5,407.75,13,25.75,0.53019
1470,55.5,76,20,40.25,0.56154
1470,412,242.5,13.75,27.75,0.55338
1470,358.75,246.75,13.25,26.75,0.5403
1470,412,352,12.75,25.5,0.54022
1470,420.25,384,16.25,32.5,0.53932
1470,207.25,15.5,15.25,30.25,0.53821
1470,388.75,369.75,15.5,31,0.53766
1470,298.25,10.5,19.75,39.75,0.53716
1470,380.5,282.5,15.5,31,0.53641
1470,588.75,417.75,14,28,0.53632
1470,53.25,331.25,13.5,26.75,0.53585
1470,459.25,396.25,16.25,32.75,0.5358
1470,296.75,15.5,32.5,64.75,0.53522
1470,381.25,383,14.25,28.25,0.5352
1470,451,398.25,16.75,33.75,0.53487
1470,523.5,4.75,40.75,81.75,0.53355
1470,429.25,366,14.25,28.5,0.53325
1470,396.75,345.25,14.75,29.75,0.53285
1470,237.75,257.25,12.75,25.5,0.53235
1470,314,42.75,18.25,36.75,0.53226
1470,227,243.75,14.5,28.75,0.53219
1470,44.75,260.75,12.25,24.5,0.53071
1470,174.75,443.25,12.5,24.75,0.53026
1470,625.75,113.75,14,27.75,0.53009
1500,603.75,359.25,15,29.75,0.57003
1500,244,378.25,16,31.5,0.55628
1500,412.5,353,12.25,24.25,0.5539
1500,603.75,417.5,15.5,30.75,0.55368
1500,436.25,336.25,14.5,29.25,0.55287
1500,412,359.25,12.5,24.75,0.55265
1500,196.75,288.25,15.5,30.75,0.55236
1500,189.25,286.25,14.5,28.75,0.55063
1500,571.75,347.5,15,29.75,0.5492
1500,21.5,319,16.25,32.25,0.549
1500,277.75,337.5,14.25,28.75,0.54891
1500,261.25,384.5,13.5,27,0.54883
1500,390,352,13,25.75,0.54717
1500,524,386.25,16.25,32.25,0.54683
1500,436,406.25,13.5,27.25,0.54666
1500,467.5,304.25,16.5,33.25,0.54591
1500,420.5,410.5,15.75,31.25,0.5455
1500,249.25,322.75,14.5,28.75,0.54535
1500,590,76.75,19.5,39,0.54407
1500,485.25,296.5,12.5,24.75,0.5436
1500,516,291,15,30.25,0.54334
1500,628,225.75,12.25,24.5,0.54317
1500,278,325.5,13.5,27,0.54237
1500,470.25,357.25,13.75,27.5,0.54232
1500,436.75,358.75,13,26.25,0.542
1500,181.25,287.5,12.75,25.75,0.54196
1500,196.25,269.25,12.5,24.75,0.5417
1500,412.5,332,13.75,27.5,0.54129
1500,356.25,36,13.5,27,0.53985
1500,309,371.25,15.5,30.75,0.53981
1500,156.25,398,13,26.25,0.5397
1500,516,316.25,15.25,30.5,0.5396
1500,381.5,390.25,13.75,27.25,0.53881
1500,389,387.5,15,29.75,0.5384
1500,422.25,391.5,12.75,25.5,0.53758
1500,389.5,299.5,13.25,26.5,0.53733
1500,373.75,439.5,12.5,25.25,0.53731
1500,227.5,329.25,16.5,32.75,0.53727
1500,84.5,376.75,15.5,31,0.53725
1500,619.5,5.75,20,39.75,0.53723
1500,508.25,306.75,12.25,24.75,0.53681
1500,461.5,352,12.75,25.25,0.5361
1500,90,116,14.25,28.5,0.53604
1500,614.25,5.25,12.5,25.25,0.53601
1500,454.25,238,12.75,25.25,0.53591
1500,604,124,14.25,28.75,0.5359
1500,548,328.75,15.5,31.25,0.5355
1500,597,286,13.5,27,0.53544
1500,168.5,345,12,24,0.53512
1500,477,367.25,13.5,27,0.53509
1500,491,429.5,18,36,0.53468
1500,52.5,371.25,14.25,28.25,0.53451
1500,132.5,363,14.5,28.75,0.53438
1500,582.25,282.25,12.25,24.5,0.53428
1500,386,40.25,12.5,25.25,0.53417
1500,7,324.75,12.5,24.75,0.53415
1500,392,30.25,12.25,24.25,0.53402
1500,205.5,274,13.75,27.25,0.53394
1500,139.75,379.5,13.5,26.75,0.53341
1500,-11,280.75,92.5,185.25,0.53276
1500,571.75,385.25,16.5,33,0.53248
1500,426.5,50.75,16.5,33,0.53243
1500,140.25,90.75,15.25,30.5,0.53205
1500,524.25,348,14.75,29.5,0.53205
1500,364,37,13,26,0.53195
1500,350.75,392.25,12.25,24.25,0.53173
1500,196.75,370.75,14.75,29.25,0.53172
1500,245.5,397,14,28,0.53167
1500,501,412.5,13.5,26.75,0.53165
1500,362.5,10.5,23.75,47.25,0.5309
1500,580,320.75,15.75,31.5,0.53087
1500,419.75,248,12.75,25.5,0.53078
1500,318,391.75,12.5,25.25,0.53077
1500,302.5,377,12.75,25.75,0.53073
1500,412.25,396.25,14.5,29,0.5307
1500,167,95.5,14.75,29.25,0.53044
1500,58.5,297.5,86.75,173.75,0.53027
1500,376.25,339,12.25,24.75,0.5302
1500,604,286.75,14.25,28.25,0.53014
1500,102.5,364.75,12.25,24.25,0.53013
1530,509.25,413.25,13.75,27.75,0.56645
1530,419,12.5,14,27.75,0.56203
1530,252.25,372,16.25,32.75,0.56147
1530,424.25,15.25,13,25.75,0.56138
1530,390,53.75,14,27.75,0.55963
1530,306.75,323.25,14.5,29.25,0.55715
1530,187.5,333.25,16.25,32.5,0.55537
1530,444.5,346.75,15,30,0.55536
1530,540.5,411,14.5,29.25,0.55277
1530,315.75,390,13.75,27.75,0.55255
1530,382,239.5,13,26.25,0.55203
1530,628,36,12.75,25.75,0.54734
1530,269.5,367.75,13.5,26.75,0.54695
1530,220.75,366,14,27.75,0.54513
1530,12,381.25,15,30,0.54467
1530,172.5,399.25,15.25,30.25,0.54454
1530,300.25,281.25,12.75,25.25,0.5441
1530,197,381,14.5,29,0.544
1530,261.25,368,14.75,30,0.54248
1530,473.25,313.25,18.5,37,0.54238
1530,276.75,377.75,15.25,30.75,0.54213
1530,397.5,241.75,12.5,25,0.542
1530,70,344,12.75,25.5,0.54179
1530,205,384.25,14.25,28.5,0.54162
1530,294,326.75,13,26.25,0.54145
1530,559.5,163,22,44.25,0.54126
1530,596,345.25,13,25.75,0.54012
1530,229.25,412.5,14.75,29.5,0.53973
1530,350.25,234.5,14.75,29.25,0.53932
1530,618.25,144.5,23.25,46.5,0.53896
1530,267.75,392.25,16.75,33.75,0.53865
1530,268.5,303.5,16.25,32.75,0.53833
1530,437,238.75,13.25,26.25,0.53795
1530,502.25,322.25,13.75,27.75,0.53777
1530,323,225.5,14.25,28.25,0.53746
1530,421.25,426.75,14,27.75,0.53737
1530,493.5,368.5,12.75,25.5,0.53727
1530,540,369.5,15,30,0.53702
1530,197,310.25,15.75,31.25,0.537
1530,200,189.5,12.75,25.25,0.53688
1530,140,368.5,16.25,32.5,0.53681
1530,19.75,448.5,12.25,24.25,0.53667
1530,28.5,394.25,14.25,28.5,0.53657
1530,365.5,409,14.25,28.5,0.53636
1530,164.75,352.25,14.5,29.25,0.53596
1530,260.75,301.25,14.25,28.5,0.53566
1530,147.75,171.5,36.5,72.75,0.53556
1530,292.25,168.25,13.25,26.5,0.5349
1530,237,175.25,27.75,55.75,0.53455
1530,526.5,270,13.25,26.5,0.53446
1530,523.75,401.5,15.25,30,0.53444
1530,299.75,385.75,14.75,29.5,0.53432
1530,437,343.25,14.75,29.25,0.53404
1530,299.75,391,28,56,0.53403
1530,456.25,297,12,24.5,0.53364
1530,244.75,363.25,15.5,31,0.53338
1530,500.75,272,11.75,23.25,0.53309
1530,132.75,80.25,15.5,31.25,0.53278
1530,436.75,401,16,32.5,0.53228
1530,525.75,328,12.75,25.5,0.53227
1530,238.5,203.25,13.5,27.25,0.53213
1530,294.75,281.25,12.5,25,0.53209
1530,387,204.75,12.25,24.75,0.53182
1530,506.5,222.75,17.5,34.75,0.53132
1530,372.5,290.75,11.75,23.75,0.53082
1530,612.75,95.25,27.75,55.25,0.53075
1530,499,23.5,14.75,29.25,0.53067
1530,165.75,330.25,13.5,27,0.53039
1530,613.25,321,14.75,29.5,0.5302
1560,548.75,385.5,14.75,29.75,0.56505
1560,270.5,418.25,12.25,24.25,0.56211
1560,594.25,57,25.5,51.25,0.55887
1560,453,412.25,14.25,28.25,0.55756
1560,597.5,376.25,13.5,27.5,0.555
1560,314.25,64.75,16.25,32.25,0.55422
1560,156.5,393.75,14.75,29.75,0.55039
1560,116.5,404.5,15.75,31.5,0.54939
1560,164.25,336.75,15.75,31.5,0.54929
1560,498.75,379.75,14.5,29,0.54898
1560,204,276.25,12.5,25,0.5481
1560,229,362.5,15.25,30.5,0.54764
1560,21.5,393,12.75,25.5,0.54704
1560,524,325,14.5,28.5,0.5468
1560,300.25,14.5,16.5,33,0.5457
1560,467.75,278.5,15.5,31.25,0.54412
1560,374.5,296.5,13,25.75,0.54409
1560,326.25,354,14.25,28.5,0.54399
1560,223.5,308.25,18.25,36.5,0.54342
1560,183.25,273.5,15.75,31.5,0.54332
1560,427.5,370.25,15.5,31,0.54186
1560,564.75,345.25,14.25,28.75,0.54178
1560,437.25,242.75,15.25,30.5,0.54172
1560,588.75,384,14.25,28.5,0.54151
1560,474.5,262,13.5,27,0.54117
1560,187.75,273.75,15.75,31.5,0.54101
1560,40,385.25,12.5,25,0.54074
1560,387.25,286.75,15.25,30.75,0.54049
1560,452,311.25,14.75,29.75,0.54037
1560,359.75,223.5,12.5,25,0.5403
1560,552,90.5,17.5,35,0.53985
1560,413.75,316,15.25,30.75,0.53942
1560,268.5,274.75,14.25,28.75,0.53877
1560,237.75,410.5,15.5,30.75,0.53856
1560,173,400,15.25,30.5,0.53855
1560,476.75,376,17.25,34.75,0.53785
1560,101,365,14,28,0.53764
1560,312,78,13,25.75,0.53741
1560,526.5,194.75,17,34,0.53717
1560,164,319.5,16.25,32.25,0.53702
1560,532.5,376.75,15,30,0.5366
1560,247.5,314.25,12.5,25.5,0.53659
1560,10.75,347.75,18.5,37.5,0.53646
1560,581.75,414.5,13,26,0.53634
1560,112,297.25,12.5,25.25,0.53622
1560,197,285.75,14,28,0.53595
1560,500.75,294.5,14.25,28.25,0.53555
1560,412.25,183,14.25,28.25,0.53554
1560,263,312.75,12,24,0.53519
1560,125,370.25,13.5,27,0.53506
1560,309.25,412.25,13.75,27.5,0.53495
1560,565.75,410,12.5,25.25,0.5348
1560,148.75,409,15,29.75,0.53477
1560,572.75,332,14.25,28.75,0.53456
1560,548.75,204,13,26,0.5344
1560,434.5,393,19.75,39.25,0.53415
1560,291.75,322.25,15,30.25,0.53406
1560,156.25,371,14.75,29.25,0.53403
1560,365.75,336.25,13.25,26.5,0.53399
1560,93,372.75,14,28.25,0.53394
1560,580,326,13.5,26.5,0.53373
1560,518.25,377.25,14.75,29.5,0.53368
1560,452,277.75,15.75,31.5,0.53364
1560,53,368.25,12.5,25,0.53359
1560,445,19,13.75,27.25,0.53356
1560,548,168.75,20,40,0.53267
1560,597.75,399.75,13.5,27.5,0.53256
1560,60.75,401.75,13.25,26.5,0.53244
1560,197.25,276.75,14.25,28.25,0.53231
1560,347,311.25,12.5,24.75,0.53226
1560,171.75,347.5,14,27.75,0.5318
1560,309.25,342.75,13.75,27,0.53173
1560,43,385.5,17,34,0.53163
1560,290.5,13.75,18.5,37,0.53146
1560,286.25,259.75,12.25,24.5,0.53143
1560,44.5,12.75,13.5,26.75,0.53139
1560,220.75,169.75,12.5,24.75,0.53122
1560,116.25,383.5,16.75,33.25,0.53108
1560,112.75,53.25,13.25,26.5,0.53095
1560,549.5,426.25,13.5,26.75,0.53068
1560,476.25,280.75,12.25,24.25,0.53062
1560,380.25,366.25,16.75,33.75,0.5304
1560,555.25,322.75,18.75,37.5,0.53033
1560,307.75,365.25,17.5,34.75,0.5303
1560,596.25,104.25,19.5,39.5,0.53021
1590,523.25,367,16.75,33.5,0.57083
1590,467.75,366.5,16.75,33.25,0.55775
1590,587.75,344.5,16,31.5,0.55724
1590,340.25,407.75,12.5,24.75,0.55463
1590,92.75,368.25,14,28,0.55353
1590,399.25,256,12.75,25.5,0.5528
1590,476.5,310.75,13.25,26.5,0.55055
1590,364.75,369,15.75,31.75,0.55007
1590,141.25,387.5,13.75,27.25,0.54958
1590,100.25,368.75,15.25,30.5,0.54937
1590,596.5,342,13.75,27.75,0.54886
1590,310,386,14.5,29.25,0.54809
1590,180.75,396.75,13.75,28,0.5474
1590,99.25,287,16.25,32,0.54733
1590,543.25,144.75,26.5,53,0.54662
1590,198,408.5,12.5,24.75,0.54624
1590,391.5,344.75,12.5,24.75,0.54572
1590,252.5,384.75,15.75,31.5,0.54554
1590,29.5,400.25,14.75,29.75,0.5448
1590,534.25,135.25,20.25,40.75,0.54468
1590,44.25,353,14.75,29.5,0.54394
1590,519,373.25,13.75,27.5,0.54365
1590,548.5,170,13.75,27.5,0.54285
1590,482.75,165,15.75,31.5,0.54141
1590,597,423.75,12.75,25.75,0.54137
1590,570,258.5,22,43.75,0.54131
1590,157.25,256.75,12.25,24.75,0.54106
1590,380.25,366,17.25,34.5,0.54073
1590,532,365.75,15,30.25,0.54056
1590,493.25,378,14,28,0.54047
1590,265.25,295.5,12.75,25.25,0.54013
1590,309,407.25,12.75,25.75,0.53997
1590,421.25,375.25,13.75,27.75,0.53962
1590,305.75,369.25,16.75,33.25,0.53938
1590,134.25,299.75,12.25,25,0.53926
1590,509,337.25,13.75,27.25,0.53751
1590,116.75,322.25,16,31.5,0.53722
1590,572.75,350.25,14,28,0.53706
1590,142.25,156.5,13.25,26.75,0.53673
1590,148.5,354,11.5,23.25,0.53665
1590,452.25,416,12.5,24.75,0.53624
1590,483,367.5,16.25,32.5,0.53609
1590,445,369.5,14.75,29.75,0.53579
1590,596.75,371.75,14.75,29,0.53558
1590,374,287.75,13.25,26.75,0.53535
1590,276.75,369.75,12.25,24.5,0.53496
1590,588.5,366.5,13.5,27,0.53496
1590,444.5,339,15.5,31,0.53478
1590,474.5,136,12.25,24.5,0.53473
1590,605,283.25,14.5,29.25,0.53433
1590,101.25,344.75,13.5,26.75,0.53429
1590,44.5,378.75,12.75,25.5,0.53392
1590,75,33.25,15.75,31.25,0.53363
1590,491.5,313.75,15.25,30.5,0.53333
1590,428.75,294.25,12.5,25.25,0.53321
1590,277.75,409.25,12.75,25.25,0.53313
1590,229.5,373.75,13.25,26.25,0.53296
1590,381.75,280.25,13,26.5,0.53188
1590,510.25,67.75,13,26,0.53151
1590,183.75,171.75,12.25,24.25,0.53146
1590,620.75,292.75,13,25.75,0.53117
1590,320.25,352.5,12.5,25,0.53116
1590,235.5,392.75,16.25,32.25,0.53115
1590,581.25,341.25,14.25,28.5,0.53111
1590,12.25,379.75,14.75,29.5,0.53102
1590,340.75,315.25,14.25,28.5,0.53094
1590,588.25,425.75,15,30,0.53092
1590,603.5,337.75,16.75,33.25,0.53089
1590,60.25,352.5,11.75,23.5,0.5308
1590,229.25,300,14,28,0.53077
1590,268.75,401.25,15.75,32,0.53068
1590,274,218.25,13,25.75,0.53053
1590,483.75,400.5,14.75,29.75,0.53008
1590,387.5,163.75,35.75,71.5,0.53003
1590,330.5,170.25,19.75,39.25,0.53002
1620,252,372.25,16.75,33,0.56986
1620,357.25,320.25,13.5,27,0.56593
1620,84,315.25,16.5,33,0.5625
1620,460.25,357.25,14.25,28.25,0.55934
1620,261,364,13.75,27.75,0.55787
1620,485.25,320,12.5,25,0.55747
1620,564.75,413.75,14.25,28,0.55711
1620,141.25,363.25,14,28,0.55663
1620,83.75,284.5,14,27.5,0.55247
1620,200.25,348,12,24,0.55173
1620,238.25,372.5,14.25,28.75,0.54931
1620,403.75,302.5,15.75,31,0.54844
1620,101.5,376.25,13,26,0.54842
1620,299,383.5,17,34,0.54835
1620,371.75,368.5,12,24.5,0.54748
1620,508.75,356.75,14.75,29.25,0.54738
1620,116.75,259.75,14.75,29.5,0.54707
1620,134.75,148,11.75,23.5,0.54705
1620,245.25,385.75,15.25,30.5,0.54668
1620,248.5,62.75,12,24.25,0.54644
1620,164.5,395.75,15,30,0.54622
1620,246,359.25,12.75,25.75,0.54463
1620,116.5,364.25,15,29.75,0.54459
1620,397.25,219.5,13,26,0.54408
1620,52.75,380.25,14.25,28.5,0.54402
1620,92.75,301.25,14,28,0.54348
1620,206.25,359,13,25.75,0.54322
1620,268.25,378.25,15.25,30.25,0.54253
1620,348.5,318,14.25,28.25,0.54124
1620,333.5,176,13.75,27.75,0.54064
1620,341.75,278.75,13.75,27.5,0.54012
1620,92.5,395,15,30,0.5399
1620,467,348.25,17.75,35.5,0.53982
1620,131.25,94,16.25,33,0.53968
1620,149.5,271,12.75,26,0.53966
1620,125,411.5,15,30,0.53948
1620,339.25,65,11.5,23,0.53908
1620,517.75,367.5,13.25,26.75,0.53862
1620,524,347.75,15,29.75,0.53827
1620,124.75,272.25,16.25,32.5,0.5381
1620,260.75,280.25,15.75,31.5,0.53807
1620,188,384,16.75,33.75,0.53781
1620,536,125.5,17.25,34.5,0.53724
1620,218.5,359.25,12.25,24.75,0.53692
1620,214,296.5,13,25.75,0.53688
1620,598,147.5,26.25,52.25,0.53682
1620,243.75,310.75,15.5,31.25,0.53676
1620,519.75,54,52.5,105.5,0.5365
1620,516.75,357.75,13.75,27.5,0.53616
1620,307.75,390.5,17.25,34.5,0.53541
1620,356.25,258,15.25,30.5,0.5352
1620,396.25,347,14.75,29.5,0.53517
1620,232.25,337.25,12,24,0.53504
1620,523.75,363,14.75,29.5,0.53487
1620,285.25,269,14,27.75,0.53478
1620,68.75,389.5,14.25,28.75,0.53472
1620,316,251.25,13,26.25,0.53458
1620,604,372.25,13.25,26.5,0.53425
1620,229,369.5,15.5,31.25,0.53404
1620,390,201.25,13.75,27.25,0.53398
1620,437.75,347.25,14.75,29.5,0.53394
1620,48,231.25,20.5,40.75,0.5338
1620,333.5,12.75,14.25,28.5,0.53364
1620,124,287.25,15.5,30.75,0.53314
1620,357.25,301.5,13.25,26.25,0.53284
1620,238.25,168,12,24,0.53263
1620,214,416.25,12,24,0.53262
1620,516,439.25,15.5,31.25,0.53253
1620,117,273,15.5,31,0.53216
1620,582,194,13,26,0.53213
1620,411.25,310.25,17.5,35.25,0.53206
1620,324.5,409,15.75,31.25,0.5317
1620,371,308.5,18,35.75,0.53164
1620,372.25,268.75,17,34.25,0.5315
1620,292.25,324.75,14.75,29.5,0.53147
1620,405.25,348.75,13.75,27.5,0.53143
1620,567.5,393,12.25,24.5,0.53106
1620,504.5,239.5,12.5,25,0.53094
1620,172,383.75,17.25,34.5,0.53092
1620,272,348.25,12,24,0.53084
1620,190.75,353.25,16.75,33.75,0.53028
1620,44.75,367.5,15,30,0.53018
1620,309.75,267.25,14.25,28.5,0.53014
1650,380.5,335.5,15.25,30.5,0.55496
1650,588.5,48.5,14,28.25,0.55378
1650,532.5,376,14.5,29.25,0.55326
1650,84.75,368.5,15,30.25,0.54991
1650,208,334.5,13.25,26.25,0.54936
1650,460,342.75,14,28,0.54794
1650,46.5,371,15.5,31,0.54574
1650,132.5,100.75,14,28,0.54537
1650,626.5,289.5,13.75,27.25,0.54493
1650,181.5,353,12.5,25.25,0.54389
1650,102.75,342,13.5,26.75,0.54354
1650,253.5,390,13.75,27.5,0.54354
1650,389,329.75,15.5,31,0.54193
1650,446,298.25,12.25,24.25,0.54167
1650,572.25,411,14.75,29.75,0.54129
1650,420,349.25,15,30.25,0.54095
1650,267.5,60.5,12.5,25,0.54092
1650,228,368.25,17.5,35,0.54056
1650,333.25,247.75,15,29.75,0.54055
1650,280,57.5,12.5,24.75,0.53994
1650,469.75,348.75,14.75,29.75,0.53941
1650,196.75,292.25,15.25,30.5,0.53888
1650,300.75,344.75,12,24.25,0.53852
1650,603.5,345.25,15.25,30.25,0.53846
1650,524.5,377.25,15,30.25,0.53776
1650,244.25,332.5,14.25,28.75,0.5369
1650,19.75,346,17.25,34.5,0.53613
1650,398.5,414,13.25,26.75,0.53582
1650,626.5,279.25,13.25,26.25,0.5358
1650,203.75,283,16.5,32.75,0.53536
1650,324,375.5,16,31.5,0.53529
1650,155,94.25,13,25.75,0.53491
1650,252.5,329.25,14.5,29,0.53473
1650,228.5,341,16.5,33,0.53469
1650,67,296,12.25,24.75,0.53456
1650,254,414.5,13.25,26.5,0.53454
1650,36.5,322.5,15,30,0.53404
1650,313.5,370.25,19.25,38.25,0.53395
1650,341.5,246.5,14,27.75,0.53375
1650,276.5,257.5,16,32.25,0.53347
1650,342,297.75,13.25,26.5,0.53339
1650,96.5,409.75,12,24,0.53329
1650,515.75,360.75,15.75,31.25,0.53326
1650,454.25,392.75,12.5,25,0.53303
1650,368.5,280.75,11.75,23.5,0.53268
1650,330.5,125,12,24,0.53167
1650,278,323.5,13.25,26.5,0.53131
1650,260.75,41,12,24,0.5311
1650,375.25,395.5,13,25.5,0.53103
1650,118.25,179.25,15.25,30.5,0.53091
1650,618.5,402.75,14,28,0.53054
1650,280.25,45,12.25,24.75,0.53038
1650,177,385,12.25,24.75,0.53028
1650,54.25,319.5,12,24,0.53024
1650,510.5,267.75,17.25,34.25,0.53022
1680,380.25,308.5,13.5,27,0.56935
1680,489.75,327,13.25,26.5,0.56799
1680,493.25,327,13.5,27,0.55433
1680,166.5,400.25,12.25,24.5,0.55028
1680,317.5,353.25,13,26.5,0.54957
1680,166,379.5,12.5,25.25,0.54819
1680,598.75,299.25,12.75,25.5,0.54772
1680,204.5,341.5,14.75,29.75,0.54734
1680,212.75,334.75,13.75,27.25,0.54704
1680,364.75,418.25,15,30.25,0.54605
1680,173,383.25,15,30.5,0.54587
1680,268,392.75,17,34.5,0.54385
1680,380.5,394.25,16.25,32.5,0.54332
1680,459.75,327,14,28,0.54316
1680,311,389.75,13,26,0.54251
1680,144.5,142,12.75,25.25,0.54124
1680,376,216,15.5,31,0.54105
1680,181.5,342,13.75,27.25,0.54061
1680,404.25,269.25,15.5,30.75,0.54039
1680,308.5,399.5,13.25,26.5,0.54002
1680,435.5,410.75,14.75,29.25,0.53932
1680,491.5,379.25,15.75,31.25,0.53912
1680,476.75,426.25,14,28,0.53846
1680,429,354.5,14.75,29.75,0.53836
1680,28.5,73.5,12.5,24.75,0.53804
1680,53,342.25,13.75,27.75,0.53776
1680,221.5,386.75,15,30,0.53736
1680,205.25,411.75,13.25,26.5,0.53734
1680,450.75,382.5,17.25,34.5,0.53692
1680,436.75,326,13.75,27.25,0.53631
1680,585.5,251.75,36.75,73.25,0.53624
1680,280,58.5,12.75,25.5,0.53567
1680,155,395,19.5,39.5,0.5356
1680,304.5,86.5,30,60.5,0.53533
1680,236.5,360.5,16,32,0.535
1680,60.5,363,14,28,0.53479
1680,344.25,224.5,12.5,25,0.53448
1680,212.5,401,15.25,30.5,0.53413
1680,341.75,120.5,13,25.75,0.53314
1680,395.5,256.75,12.25,24.75,0.53265
1680,33.25,120.75,166.25,332.25,0.53229
1680,280,173.75,14,27.75,0.53169
1680,68.5,366,15,30,0.53159
1680,500.25,321,15.75,31.5,0.53132
1680,30,399.5,12.5,25,0.53109
1680,68.75,322.5,15.5,31.25,0.53026
1680,259,41,12.25,24.75,0.53009
1680,348.75,264,15.25,30.75,0.53008
1710,244.5,362,14.5,29,0.56741
1710,405.5,350.5,13.25,26.25,0.56401
1710,516,334.75,16,32.25,0.5579
1710,132.25,411.5,15,30.25,0.55685
1710,358.75,418.75,13,26.25,0.55509
1710,398.75,390.5,14,27.75,0.555
1710,28,80.25,12.25,24.5,0.55467
1710,24.25,311.75,12.5,24.75,0.55146
1710,245.25,387.5,14.5,29,0.55108
1710,275.25,367.5,18,35.75,0.55
1710,212.5,394.25,15,30.25,0.54944
1710,267.25,382.25,17,33.75,0.54899
1710,364.5,279.75,13,26,0.54742
1710,371.5,382,13.5,27,0.5458
1710,467.25,347,11.5,23,0.54387
1710,506.75,329.25,17.5,35,0.54384
1710,507.75,392.5,15.75,31.5,0.54275
1710,299.75,263,14,27.75,0.54234
1710,294.5,265.75,12.5,25.25,0.54202
1710,268,290.25,15.75,32,0.54075
1710,148.75,360.75,15,29.75,0.54073
1710,576,248.75,12.25,24.25,0.53983
1710,276.25,278.5,13,26,0.53978
1710,197,366.75,14.5,28.75,0.53969
1710,213,384.5,14.75,29.5,0.53876
1710,333.25,300,13.75,27.25,0.5386
1710,587,42.25,16.5,32.75,0.53844
1710,365.5,327.5,14.25,28.25,0.53831
1710,306,251,12,24,0.53821
1710,595.5,418.5,15.25,30.75,0.53805
1710,348.25,278.25,14.25,28.75,0.53788
1710,109,178,19.25,38.5,0.53682
1710,604.25,398.25,15.25,30.75,0.53667
1710,581.75,388.75,13.75,27.75,0.5365
1710,232.5,320.5,12,23.75,0.53639
1710,349,288.25,13,26,0.53635
1710,36.5,393.5,15.75,31.25,0.53617
1710,176.5,392.75,12,24,0.53597
1710,562.75,16.5,13.25,26.75,0.53544
1710,92.75,179,11.5,23,0.53535
1710,260.25,353,11.5,23,0.535
1710,172.5,384.5,12.25,24,0.53458
1710,37.25,371,14,28,0.53455
1710,-5.25,189.5,43.5,87,0.53409
1710,349,351.75,12.5,24.75,0.53405
1710,262.5,399.25,12.75,25.5,0.53393
1710,469.25,379.5,13.5,26.75,0.5338
1710,-13,253.5,109.5,219,0.53369
1710,251.25,385.25,15.25,30.25,0.5333
1710,412.75,364.25,14,28,0.53327
1710,332,278.75,17,33.75,0.53307
1710,77.75,346.5,15.25,30.5,0.53249
1710,19.5,311,12.25,24.5,0.53221
1710,493,256.75,13.5,27.25,0.53209
1710,276.25,297.75,16.25,32.5,0.53194
1710,503.5,149,35.75,71.75,0.53189
1710,134,343.25,13.75,28,0.53164
1710,549.25,348.5,14.75,29.75,0.53141
1710,532.25,384.25,13.5,26.75,0.53131
1710,522,182.25,41.25,82.5,0.53129
1710,444,392.5,12.5,25,0.53121
1710,268.75,320.75,14.75,29.25,0.53119
1710,418.25,181.25,17.5,35,0.53109
1710,492.5,244.75,14.25,28.5,0.53108
1710,-6.75,361,55.75,111.25,0.53106
1710,235,392.25,16.25,32.5,0.53104
1710,421.5,348.75,14,28,0.53076
1710,263,305,12.5,25,0.53056
1710,117,410.25,14.5,29.25,0.53053
1710,572.25,209.75,16.75,34,0.53048
1710,141,356.25,14.25,28.5,0.53038
1710,247.25,300.75,13.5,27.25,0.53021
1710,310.5,427.25,13.75,27.75,0.53015
1740,229,395.25,14.75,29.5,0.57945
1740,172.25,399,15.25,30.25,0.57476
1740,220.5,397.5,13.75,27.5,0.56164
1740,81,137,15.25,30.5,0.56141
1740,156.75,249.5,14.25,28.25,0.55977
1740,380.25,378,12.5,24.5,0.5554
1740,445.75,398.75,13,26,0.55536
1740,39.75,407.5,12.75,25.25,0.55468
1740,484.25,396,13.75,27.75,0.55109
1740,329.75,394.25,20.25,40.5,0.54889
1740,21.25,427.5,14.5,28.75,0.54853
1740,428.25,332.25,14.75,29.25,0.54751
1740,60.75,402,15,30,0.5467
1740,435.5,348.25,14.5,29.25,0.54648
1740,236,383.25,17.5,35.25,0.54528
1740,14,308.25,13.75,27.25,0.54522
1740,551.5,344,24.5,49,0.54428
1740,84,368.25,15.75,31.5,0.54349
1740,212.25,387.5,12.75,25.75,0.54327
1740,100.5,370,14.75,29.25,0.54313
1740,300.25,167,15,30.25,0.54113
1740,302.25,253.5,13.75,27,0.54099
1740,260,375.5,12.75,25.75,0.54076
1740,628.25,133.75,12.5,25,0.54059
1740,613.25,320.75,14.5,28.75,0.5405
1740,284.5,258.5,15.75,31.25,0.54002
1740,164.75,227.75,14.5,29,0.53968
1740,603.5,415.75,16.75,33,0.53908
1740,72,136.25,43,86,0.53814
1740,165,407,14.25,28.5,0.53745
1740,120,254.25,12.25,24.25,0.53732
1740,306.75,51,18.5,37,0.53703
1740,165,413.25,14.25,28.5,0.53681
1740,84,355.25,13.5,27.25,0.53623
1740,406.5,127.25,15.25,30.75,0.53602
1740,378.5,265.75,19.25,38.5,0.53571
1740,140.75,416.5,15.5,30.75,0.53569
1740,28.25,315.25,14,27.75,0.53494
1740,375.75,283.25,12.75,25.5,0.53487
1740,478,436.5,12.25,24.25,0.5346
1740,572.25,425,15.75,31.75,0.53434
1740,194.75,417,14,28,0.53418
1740,172.25,363,13.5,27.25,0.53415
1740,506.25,123.25,18.75,37.5,0.53413
1740,60.75,409.5,14.5,29.25,0.53406
1740,364.75,407.5,16.25,32.75,0.53375
1740,164.75,245.75,13.75,27.5,0.53359
1740,348.75,408.75,12,24.25,0.53355
1740,282.75,171.5,14,28,0.53339
1740,612.25,408,12.25,24.75,0.53338
1740,141.25,253.25,13.75,27.5,0.5333
1740,337.75,177.5,16.25,32.25,0.53326
1740,478.75,252.25,13.25,26.5,0.53324
1740,544.75,226.25,12,24,0.53311
1740,212.25,400.5,15.75,31.75,0.53304
1740,358.75,225.25,13.5,27,0.53304
1740,212.75,323.75,14.5,29,0.53271
1740,148.5,354.25,15,29.5,0.53255
1740,313.5,425.75,18.75,37.5,0.5325
1740,203.25,398.25,16.75,33.75,0.53195
1740,36.5,313.75,15.25,30.75,0.53185
1740,56.75,281,11.5,23,0.53181
1740,516,328.75,15.75,31.5,0.53169
1740,301.25,265.75,14.25,28.25,0.53114
1740,366,380.75,13,26.5,0.53092
1740,303.5,247.75,13,26,0.53077
1740,428.75,409.5,11.75,23.75,0.53073
1740,294.75,366.25,13.75,27.5,0.53049
1770,588.75,419.5,13.5,27.25,0.57254
1770,52.5,396.5,14,28.25,0.56072
1770,42.25,128.5,17.75,35.5,0.5556
1770,229.75,359.75,13,26.25,0.55424
1770,28,385,15.75,31.25,0.55399
1770,244.5,375.25,13.75,27.75,0.55355
1770,149.25,359.5,13.75,27.5,0.55061
1770,486.75,331.75,14,27.75,0.55039
1770,479.25,401.5,12.5,25,0.54788
1770,384.75,337.75,23.25,46.5,0.5467
1770,148.5,379.75,15.25,30.25,0.54651
1770,43.25,132,39.5,79,0.54482
1770,308,162.75,18,36.25,0.54334
1770,526,161,28,55.75,0.54264
1770,42.25,295.5,12.75,25.25,0.54214
1770,276.25,365,16,31.75,0.54188
1770,280.5,433,11.75,23.5,0.54128
1770,628,93.5,13.75,27.25,0.54125
1770,12,321,16,31.75,0.54124
1770,216.75,361,12,24,0.54095
1770,408.25,115.75,24,48,0.54094
1770,534,419.25,14.75,29.75,0.54071
1770,44.5,411.5,14.25,28.5,0.54043
1770,293.25,170,15.25,30.25,0.54037
1770,28.25,312.25,16,31.75,0.54033
1770,450.25,327.5,12.75,25.75,0.54028
1770,268.5,36.75,12.25,24.25,0.539
1770,133,361.25,14.5,28.75,0.53885
1770,609.25,191.75,14,28.25,0.53872
1770,600,104.75,12,23.75,0.53857
1770,97,360.5,11.75,23.75,0.53824
1770,436,396.5,14,28,0.53735
1770,405.25,384.25,16.5,33,0.53695
1770,28,176.75,13.5,27.25,0.53683
1770,20.75,360.5,12.5,25,0.53549
1770,411.75,366,17,33.75,0.53548
1770,68.75,384.75,15.25,30.5,0.53541
1770,401.75,32,14,28,0.53508
1770,428.5,326,13.25,26.25,0.53406
1770,115.75,400.25,16.75,33,0.53393
1770,233.75,108.5,57.25,114.25,0.53364
1770,444.25,329.75,12,24,0.53341
1770,291.75,10.75,34,68,0.5334
1770,334,375.25,12.75,25.5,0.53324
1770,164.75,401,15.5,31.25,0.53299
1770,518.5,422.75,13.75,27.25,0.53287
1770,403,271,16.75,33.25,0.53282
1770,565.5,281.75,13,26.25,0.53243
1770,375,368.75,13.25,26.5,0.53225
1770,560,281.75,13.75,27.5,0.53199
1770,261,395.5,14.5,29,0.53185
1770,414.5,139.5,13.25,26.5,0.53183
1770,582.75,394.75,11.75,24,0.53142
1770,256,168,21.75,43,0.53121
1770,340.25,252,12.75,25,0.53099
1770,406.25,412.75,12.5,25.25,0.53074
1770,238.75,174.75,21.5,43,0.53036
1770,219.5,350.25,17.25,34.75,0.53007
1800,407.75,151.75,31.25,62.5,0.57837
1800,474.75,160.25,17.75,35.25,0.55749
1800,277.25,422.25,14.5,29.25,0.55692
1800,108.25,359.75,12,24,0.55169
1800,557.75,438,13.75,27.5,0.54978
1800,44.25,429.25,13.75,27.25,0.54969
1800,572.5,447.5,14.25,29,0.54896
1800,210.25,428.25,18.75,37.5,0.546
1800,485.75,368,12.75,25.5,0.546
1800,230.25,394.75,13,26,0.54497
1800,405.5,363.75,13.75,27.75,0.54233
1800,249,167.25,30.75,61.5,0.54205
1800,524,176,15.25,30.25,0.54193
1800,467.25,431.25,16.25,32.5,0.54159
1800,477.25,415.25,12.75,25.25,0.54099
1800,180.5,380.75,14,27.75,0.54084
1800,603.75,372.25,12.75,25.25,0.54046
1800,308.75,420.5,16,32.25,0.54018
1800,28.5,433.5,15.75,31.75,0.54016
1800,516.75,367.25,14.75,29.5,0.53995
1800,588.25,378.5,14.25,28.25,0.5398
1800,85.5,360,14.5,29.25,0.53863
1800,413.75,294.5,13,26,0.53855
1800,431.5,359.25,13,26,0.53846
1800,101.25,427.25,13.25,26.75,0.53825
1800,381.5,308.5,14.75,29.25,0.53816
1800,396,440.75,16.75,33.75,0.53769
1800,323.5,95.75,14.5,29.5,0.53718
1800,389.75,138.25,12.75,25.75,0.53629
1800,389.5,384,14.5,28.75,0.53616
1800,310,448.5,12.75,25.5,0.53592
1800,205.5,344.5,13.25,26.75,0.53582
1800,493.25,363.5,14.5,29,0.53564
1800,420.75,353,11.5,23,0.53528
1800,519,424.5,12.5,24.5,0.5351
1800,143.5,244.75,12,24,0.53508
1800,468.25,378.5,15.25,30.5,0.535
1800,269.5,430.75,12.75,25.5,0.53468
1800,404.25,102.75,12,24.25,0.53456
1800,380.75,303,14,28,0.53452
1800,572,440.25,12.25,24.5,0.53437
1800,452.75,427.5,14.5,29,0.53417
1800,172.75,370,14.25,28.5,0.53412
1800,36.75,432.25,14.75,29.25,0.53329
1800,116.5,380.5,15,30,0.53307
1800,291.5,298.75,14.25,28.25,0.53292
1800,444.75,368.75,15.25,30.5,0.53225
1800,83.75,264,14.75,29,0.53212
1800,606.5,422.75,14,27.5,0.53205
1800,276,170,27,53.75,0.53127
1800,51.75,338.25,15.25,30.5,0.53125
1800,578,156,15.75,31,0.53104
1800,564.5,448.25,15.5,31,0.53102
1800,282,54.5,17.25,34.75,0.53101
1800,456.25,313,11.5,23,0.53075
1800,424.75,150.5,11.75,23.75,0.53054
1800,387.5,318.75,19.5,38.5,0.53032
1800,518.75,242,14.75,29.25,0.53018
1800,595.5,171,13.5,27,0.53012
1800,92.75,273.25,14.5,28.75,0.53004
1800,284.25,305.5,12.75,25.25,0.53003
1830,236.75,407,14.25,28.5,0.56615
1830,310,351.25,14,28,0.56395
1830,265,158.75,40.25,80.5,0.5591
1830,364.5,412,16,32.5,0.55755
1830,525.5,405.5,14.25,28.5,0.54845
1830,348.5,408,13,26,0.54629
1830,293.75,369,13.25,26.5,0.54525
1830,51.75,370,15.75,31.75,0.54464
1830,252,405,13.75,28,0.5439
1830,349,391.5,14.25,28.5,0.54336
1830,419.25,412,13.5,27,0.54278
1830,124.5,370.75,13,25.75,0.54128
1830,384.5,124,12.5,25,0.54127
1830,405.5,385.75,14,28.25,0.54066
1830,579.5,155.5,14.75,29.5,0.54033
1830,229.75,414.75,12.75,25.75,0.54012
1830,317.5,311.25,12.75,25.25,0.5398
1830,306.75,94.25,13,26.25,0.5398
1830,309.5,374.75,14.5,29,0.53949
1830,143,372,14.5,29.25,0.53897
1830,491.5,189.75,21,41.75,0.53845
1830,536,82.25,13,26.25,0.53844
1830,371.75,265.25,12.75,25.5,0.53773
1830,28.25,398.75,15.75,31.5,0.53749
1830,222.5,414.5,13,25.75,0.53711
1830,189.25,410.25,15.25,30.75,0.53599
1830,532.25,409.75,12.25,24.5,0.53557
1830,364.75,370.5,15.5,31.25,0.53554
1830,172.75,264,11.5,23.25,0.53531
1830,22.5,257.25,12.25,24.25,0.53517
1830,202.5,16,11.75,23.25,0.53513
1830,263.75,35,21.25,42.75,0.53496
1830,325.25,330.5,14.5,29.5,0.5348
1830,416.5,381,12,23.75,0.53462
1830,412.25,398.75,13.25,26.5,0.53462
1830,76.5,415.75,16.75,33.5,0.5344
1830,620.5,404,11.75,23.5,0.53433
1830,595.5,398.5,16,31.75,0.53413
1830,95.5,386.5,14.5,29.25,0.53392
1830,276.75,337,12.25,24.25,0.5337
1830,468,365.5,13.5,27,0.53321
1830,292,416,13.5,27.25,0.533
1830,318,38,12.5,25,0.53282
1830,391.75,407.75,12.5,24.75,0.53277
1830,309.25,158.25,41,82,0.53189
1830,389.75,391.25,14,28.25,0.53124
1830,333,373,15,30.25,0.53119
1830,373,247.75,13,26,0.53107
1830,276.5,409,12.5,24.5,0.53057
1830,100.25,435.25,12,24,0.53038
