30,283,102.75,13.75,27.75,0.57009
30,491.25,421,14,28.25,0.55534
30,300.25,423.25,13,26,0.55366
30,423,163.75,23.25,46.5,0.54764
30,503.25,58.75,59,118,0.53758
30,453.25,386,15.25,30.5,0.53715
30,443.5,253.75,13,25.75,0.5363
30,625.5,184.25,14.5,29,0.53613
30,571.75,330.5,12.5,25.25,0.53405
30,476.25,163.5,12.25,24.75,0.53357
30,478,4.5,49.5,99,0.53292
30,165.5,128,13.5,27.25,0.53282
30,538.25,385.5,19.25,38.25,0.5328
30,-1.75,180.5,13.75,27.5,0.53217
30,500.25,419,15,30.25,0.53209
30,174.25,175.75,12.25,24.75,0.53171
30,573.5,399.75,12.5,25,0.53129
30,308.25,184,14.25,28.5,0.53129
30,535.75,136.75,56.25,112.5,0.53114
30,5,188,15.25,30.75,0.53112
30,591,61.5,12.5,25.5,0.5307
30,140.25,115.75,18.5,37,0.53051
30,456.5,324.75,11.75,23.5,0.53041
30,457.25,260,61.25,122.75,0.53036
30,422,430,13.25,26.5,0.53034
60,283,103,13.75,27.5,0.58261
60,27,2,17.25,34.25,0.55011
60,0.75,197,11.5,23,0.54123
60,625.75,185,14.5,29,0.53996
60,355.25,428.5,14,28.25,0.53892
60,404,280.75,12.25,24.5,0.53876
60,443.75,159.25,28.75,57.75,0.53833
60,479,414.75,13.25,26.5,0.5383
60,199,108.5,12.25,24.75,0.53795
60,503.25,61,57.75,115.5,0.53731
60,588.5,377.75,14,27.75,0.53473
60,595.25,346.25,14.75,29.5,0.53418
60,534.75,376.75,12,24,0.53401
60,165.5,127.75,13.75,27.75,0.53399
60,132.5,178,12.5,24.75,0.53358
60,449.5,114,20.5,41,0.53208
60,67.25,419.5,12.5,25,0.5316
60,366.75,322.75,12.5,25,0.53096
60,124.5,160.5,12,24.25,0.53095
60,501.75,421,13.75,27.75,0.53077
60,165,105,14.5,29.5,0.53034
60,310.75,147,13.5,26.75,0.53018
90,282.75,102.75,14,28,0.57055
90,509,414.25,13.5,27,0.54528
90,454.25,162,12.75,25.5,0.54085
90,310.75,146.25,13.5,27.25,0.53858
90,535.75,136.75,56.25,112.5,0.53751
90,501.5,271.5,16.5,32.75,0.53621
90,540.25,377,11.75,23.5,0.53549
90,460.75,437,11.5,23,0.53417
90,443.75,255,12.75,25.25,0.53366
90,488.75,278.25,49,98,0.53289
90,591.5,121.5,13.25,26.5,0.53138
90,0.75,197,11.5,23,0.53085
90,346.5,431.25,12.75,25.25,0.53081
90,574,329.75,12,23.75,0.53073
90,271.5,438.25,12.5,24.75,0.53058
90,165.5,44.25,14,28,0.53015
120,282.25,102.25,14.5,28.75,0.56336
120,199,101,13,25.75,0.54929
120,-10.25,178.5,86.75,173.75,0.54149
120,376,67.25,17.75,35.5,0.53953
120,282.25,178.25,15.75,31.75,0.53857
120,506.25,413,17.5,35,0.53738
120,165.25,128,14,27.75,0.5353
120,492,392,28.5,56.75,0.53517
120,591.75,123,12.75,25.25,0.53483
120,454.25,162.5,15,30.25,0.53457
120,572,329.25,12.25,24.25,0.53439
120,622,408,12.5,25,0.53354
120,40,179.5,19.75,39.25,0.53233
120,309,185,13.75,27.75,0.53155
120,548.5,173,12,24,0.53089
120,140.25,115.75,18.5,37,0.53089
120,266.5,175,29,58.25,0.5307
150,199.25,100.5,13,25.75,0.55921
150,282.25,102.5,14,28,0.55268
150,356.5,425.5,15.25,30.25,0.54691
150,308.25,391,12.5,25,0.54537
150,503.5,62.75,56.75,113.75,0.53894
150,535.75,376.25,12.5,25,0.53836
150,589.25,340.75,13.75,27.5,0.53654
150,-2,170.5,25,50,0.53564
150,568.25,19.75,74.25,148.5,0.5342
150,165,127.25,14.25,28.5,0.53417
150,590.5,119.5,14.75,29.5,0.53307
150,580.25,421.75,13.75,27.5,0.53249
150,308.5,184.25,14,28,0.53241
150,455.25,163.75,25.5,51,0.53112
150,-6.5,11,53,106,0.53075
180,579.75,390.5,16.25,32.5,0.56651
180,282.5,103.5,13.5,27,0.56497
180,270.25,439.5,12.5,24.5,0.55351
180,0.75,196.75,11.75,23.5,0.54899
180,535.75,136.5,56.25,112.75,0.5484
180,556.25,426.25,15,29.75,0.54615
180,462.5,165,26,52,0.54319
180,492.25,416,13,26.25,0.542
180,138.75,165,11.5,23,0.54188
180,459,412.25,18.25,36,0.53883
180,61.25,268.25,14,28,0.53878
180,39,22,15,30.25,0.53827
180,413.25,420.5,14.75,29.25,0.53786
180,445.25,409.5,14.75,29.75,0.53634
180,581.75,172,14.25,28.75,0.5363
180,588.5,381.25,14,28.25,0.53553
180,220,420.5,14.25,28.75,0.53414
180,520.25,46.5,13.5,27,0.53409
180,44.75,276.25,12.5,25,0.53386
180,598,383.5,13.5,26.75,0.53294
180,389.25,258,14.25,28.5,0.53265
180,266,227.75,15.25,30.5,0.53257
180,445,428.25,14.25,28,0.53256
180,188,413.25,13.5,27,0.53213
180,119.75,41.5,12.5,24.75,0.5319
180,572,382.25,15.25,30,0.53168
180,467.5,190.5,13.75,27.25,0.53156
180,164.75,42.5,15.25,30.25,0.53093
180,465,160.25,16.5,33.25,0.53085
180,451.5,413.25,16.75,33.75,0.53074
180,196,266.5,15.75,31.5,0.5306
180,501.5,416,16.25,32.25,0.53036
180,307.5,184.5,14.25,28.25,0.53013
210,464.75,164.75,25.75,51.5,0.56293
210,282.25,102.25,14,27.75,0.55669
210,467.25,160.75,18,36,0.55347
210,616.25,295,12,24,0.55273
210,422.5,422.75,13,26,0.54868
210,46.25,25,13.25,26.25,0.54566
210,40,407.75,13,26,0.54437
210,492,416.5,13.25,26.25,0.54059
210,540.25,118.5,20.75,41.25,0.53753
210,626,19,14.5,29.25,0.53685
210,596,397,14,28,0.5367
210,460,402.75,15,30,0.53546
210,312.5,392.5,11.75,23.5,0.53528
210,396.25,272.75,16.25,32.25,0.53488
210,451.75,402.25,15.75,31.5,0.53397
210,124.25,183,12.25,24.75,0.5333
210,470,193.25,14,28,0.532
210,270.5,440.25,12.25,24.5,0.53119
210,308.25,185,13.75,27.5,0.53092
210,164.75,42.25,15.25,30.75,0.53029
240,466.5,168.75,26.75,53.5,0.56602
240,283,103.25,13.5,27,0.56461
240,357,428.25,13.75,27.5,0.55902
240,199.75,104,12.75,25.75,0.55393
240,588.25,341.5,13.5,27,0.55064
240,588.75,377.75,12.25,24.75,0.5496
240,517.25,380.5,13.75,27.75,0.54873
240,56,176.75,19.25,38.25,0.54086
240,165.5,44.5,14,27.75,0.54045
240,332.75,400.5,12,24,0.54032
240,492.25,414.75,16.25,32.75,0.53228
240,591.75,122.75,13,26.25,0.53045
240,308.25,185.25,13.75,27,0.53031
270,282.75,103.25,13.25,26.75,0.56864
270,471,162.25,29.75,59.75,0.55519
270,448,425.75,12.25,24.25,0.55076
270,473.5,158,18.25,36.25,0.54763
270,475.75,431.75,12.25,24.75,0.5435
270,491.5,415,14.5,29,0.54299
270,492,431.25,12.75,25.25,0.54216
270,308.25,185.5,13.5,27.25,0.54014
270,359,431,12.75,25.5,0.53851
270,604.25,357.75,12.75,25.5,0.53717
270,479.25,197,14,28,0.53562
270,359.5,238,13,26,0.53496
270,305,113.75,12.75,25.5,0.53419
270,400.5,320.5,11.75,23.75,0.53355
270,437.75,369.5,14.5,29,0.5326
270,427.25,167.75,21.75,43.5,0.53255
270,628.25,168.5,12.25,24.5,0.53226
270,478,184.75,17,34,0.53213
270,420.25,432.25,12,24,0.53199
270,146.5,126.75,13.75,27.75,0.53155
270,164.75,42.5,14.75,29.75,0.53138
270,591.75,123,13,26,0.53137
270,558,400,24.5,49,0.53092
300,282.5,102.5,14,27.75,0.57548
300,412.25,168.25,14.25,28.25,0.54656
300,307.75,392,12.5,25,0.5452
300,270.5,439.5,12.25,24.5,0.54373
300,443.75,424,12.75,25,0.54362
300,477.25,167,28,56,0.54163
300,3.5,188,16.25,32.25,0.541
300,165.25,43.25,14.25,28.75,0.53891
300,368.25,236.5,91.25,182.5,0.53823
300,531.25,412,13.25,26.5,0.53727
300,148.5,178.5,13.25,26.5,0.5344
300,-6,15,53.5,107.25,0.53425
300,421.75,430.25,13.25,26.5,0.53409
300,456.5,407.25,12.75,25.75,0.5326
300,394.25,50.25,25,50,0.5325
300,200,106,12.25,24.5,0.53222
300,165.5,128.25,13.5,27.25,0.53158
300,230,398.75,15.5,30.75,0.53085
300,39.75,24.25,13.5,26.75,0.53085
300,520.75,47.75,12.75,25.25,0.53027
300,396.75,429.25,13.75,27.5,0.53007
330,282.5,102,14.5,28.5,0.56673
330,79.75,149,71.25,142.5,0.54867
330,482.5,159.25,21.75,43.25,0.54534
330,365.25,427.25,15,29.75,0.54522
330,199.75,96.75,12.75,25.75,0.54393
330,478.5,157,37.25,74.5,0.53765
330,199.75,105.75,12.5,25,0.53697
330,588.5,341.5,14,28,0.53666
330,555.25,8.5,98.5,196.75,0.53628
330,548.75,379,11.75,23.5,0.53536
330,366.25,232.5,96.75,193.25,0.53492
330,40.25,25.5,12.75,25.5,0.53425
330,419.5,380,18.25,36.5,0.53324
330,540.5,117.5,20.75,41.5,0.53319
330,307.5,184.5,13.5,27,0.53319
330,404.5,389,19,38.25,0.53288
330,266,227.75,15.25,30.5,0.53226
330,622,244.25,12.5,25,0.53182
330,108,88,15.25,30.75,0.53017
360,282.75,105,13.75,27.25,0.57376
360,482.5,161.25,34.5,68.75,0.56746
360,243.25,147.5,76.5,153,0.55198
360,269.5,184.25,12.25,24.5,0.5425
360,284.25,114.5,31.5,63,0.5424
360,591.5,125,13.25,26.25,0.5397
360,625.25,358.25,16,32.25,0.53704
360,130.5,183,12.25,24.25,0.53271
360,109.5,39.5,12.75,25.5,0.53269
360,164.5,129,14.5,29.25,0.53143
360,624,420,18.25,36.5,0.53038
390,282.5,104,13.75,27.5,0.55898
390,445.5,423.5,13,26.5,0.54502
390,164.5,127.75,14.75,29.25,0.54297
390,40,408.25,12.75,25.5,0.54296
390,42.5,218.5,17,34,0.54262
390,281.5,180.5,20,39.5,0.54207
390,425.75,164.25,24.25,48.25,0.54029
390,75,204,30.75,61.5,0.53873
390,307.5,195.5,18,36.25,0.5374
390,444,364.5,12.5,25.25,0.53711
390,109.75,37.25,12.75,25.25,0.53684
390,436.5,199.25,13,26,0.53432
390,126,181.75,13,25.75,0.53263
390,370.75,261.5,33.5,67,0.53215
390,475.75,135.5,12.75,25.25,0.53175
390,347.75,146.75,66.75,133.75,0.53168
390,512,386.25,12,24.25,0.53124
390,495.75,158.5,29.5,59.5,0.53105
390,28.75,4.75,17,34,0.53096
390,591.25,134.75,13.5,26.75,0.53063
420,282.75,104.5,13.75,28,0.56604
420,564.25,402.5,15.75,31.25,0.55336
420,28,4.75,17,34,0.54867
420,252.5,411.75,15.25,30.5,0.54549
420,246.25,402.75,12.5,24.75,0.54279
420,422,151.75,61.5,123,0.54106
420,556.25,399.25,15.75,31.75,0.54065
420,492,418.75,13.25,26.5,0.53907
420,308.25,186.75,13.75,27.5,0.53796
420,520,160,30,60,0.53678
420,625.25,359,16,32,0.53631
420,588.75,260.25,11.75,23.5,0.5359
420,456,265.75,12.25,24.25,0.53372
420,571.5,414.5,18,36.25,0.53355
420,164.75,129.75,14,27.75,0.53303
420,572,402.75,15.5,31,0.53262
420,120,392.75,12.25,24.25,0.53255
420,40.25,27.75,12.5,25,0.53253
420,-6.5,16.75,54.5,109.5,0.53228
420,146.25,129.25,13.25,26.75,0.53225
420,141,119.5,18.25,36.75,0.53225
420,125.5,181.25,13.75,27.25,0.53186
420,580.75,396.75,14.5,28.75,0.53121
420,387.75,378.75,19.75,39.5,0.53055
450,282.5,104.5,13.75,27.75,0.56609
450,300.5,414.5,13.75,28,0.54836
450,125.75,182.5,13.25,26.5,0.54663
450,555.5,397,17,34.25,0.54602
450,-0.25,193.75,13.75,27.5,0.54031
450,164.75,129,14.5,29.25,0.53856
450,271.25,109,51.25,102.5,0.5368
450,252.25,401.75,12.25,24.75,0.53674
450,432.25,139.5,16.5,33.25,0.53568
450,626.5,386.75,14.5,29.5,0.53444
450,542,388.25,15.25,30.75,0.53417
450,380.5,423.5,12.25,24.25,0.53384
450,199,99,14.75,29.75,0.53377
450,404.75,391.5,20.25,40.5,0.53286
450,-6.5,17.25,53.25,106.5,0.53248
450,572.25,428.5,12.5,25,0.53233
450,491.75,418.75,13.5,27,0.53216
450,466.25,140.75,62.5,125.25,0.53174
450,620.25,421,12.25,24.5,0.53109
450,185.25,168.75,12.5,25,0.53029
450,539.5,212.75,15,30,0.53026
480,282.75,102.25,14,28.25,0.57057
480,357,427,13.5,27.25,0.56328
480,626,184,12.5,25.25,0.55191
480,85,181,15.5,31,0.54833
480,465.75,407.5,21,42.25,0.54643
480,473,146.5,55,110,0.54512
480,581,393.25,14.5,29.25,0.5424
480,254,419.25,13.25,26.25,0.5415
480,372.5,419,12,23.75,0.54098
480,422.5,421,13.75,27.5,0.53811
480,590.75,408.5,11.75,24,0.53648
480,92.75,175.5,17.25,34.5,0.53602
480,125.5,180.25,13.25,26.75,0.53513
480,396.75,428.25,14.25,28.75,0.53463
480,146.25,127.5,13.5,26.75,0.53304
480,-1.5,185,16,32,0.53303
480,476.75,416,16.25,32,0.53204
480,475,336.75,12.5,25,0.53156
480,628.25,18.75,12.25,24.5,0.53152
480,119,40.25,13.25,26.5,0.53082
480,124.5,149.25,14.75,30,0.53051
480,0.25,195.5,12.5,25.25,0.53023
510,283,103.5,13.5,27,0.56712
510,444.25,406,13.5,27,0.5571
510,447,406.5,13.25,26.5,0.55144
510,200,102,12.5,25.5,0.53996
510,556.75,319.75,12.25,24.5,0.53944
510,596.5,383.75,12.75,25.25,0.53884
510,405.5,317.5,13.5,27,0.53856
510,308.5,184,14,28,0.53856
510,110.5,173.5,16,32,0.53782
510,433,407,12.75,25.75,0.53752
510,423,416.5,12.25,24.5,0.53747
510,588.5,390.5,16.5,32.75,0.53681
510,85.25,182,14.75,29.25,0.53661
510,453,424,13.5,27,0.53475
510,408.25,414.25,12.75,25.5,0.53398
510,254.5,420.75,12,24.25,0.53369
510,309,400.25,12.75,25.25,0.53352
510,253.75,178,14.25,28.75,0.53322
510,437.25,420,14.25,28.5,0.53268
510,220.75,431,11.5,23,0.5321
510,165.25,127.5,14,28.25,0.53171
510,604.75,388.75,15.75,31.25,0.53159
510,531.5,289.25,44.5,88.75,0.53141
510,445,428.5,14,27.75,0.53063
510,281.75,179.75,19.75,39.5,0.5302
510,436,197.75,13.75,27.5,0.53014
540,282.25,102.25,13.75,27.5,0.57151
540,199.5,102.5,13.5,27,0.56626
540,435.5,418.25,16,31.5,0.56622
540,269.5,435.75,14.5,28.75,0.54264
540,502.25,423.75,14,28,0.5425
540,490.5,205.5,19,38,0.53805
540,-10.75,181.5,87,174,0.53455
540,253.5,177.5,14.5,29,0.53453
540,308.5,184.25,14.25,28.25,0.53367
540,119.5,41.25,12.75,25.25,0.53324
540,503,61.25,55.25,110.25,0.53232
540,388.5,270.75,13,25.75,0.53228
540,479.75,147.25,49,97.75,0.53177
540,165,126.75,14.25,28.5,0.53167
540,204.5,208,22.25,44.5,0.53154
540,469.5,403.75,13.25,26.5,0.53128
540,535.75,136.75,56.25,112.5,0.53126
540,591.5,121.25,13.25,26.75,0.53108
540,373.75,429.5,13.25,26.5,0.53051
570,199.5,101.5,13,26,0.56539
570,451.75,425.75,14.5,28.75,0.54837
570,301.5,399.75,13.25,26.5,0.54564
570,493.25,416,13,26.5,0.54086
570,-1.5,195.25,20,40.25,0.54057
570,239,170.25,19,37.75,0.54054
570,366,418.25,12,24,0.53968
570,599,345,13,26,0.53665
570,493.5,149,45.5,90.75,0.53658
570,572.25,436.75,12,24,0.53612
570,179.5,427,15,30,0.53344
570,198.5,178.75,37.5,75,0.53294
570,46.25,22.75,14.5,29.25,0.53028
570,582.25,333.75,12.25,24.75,0.53018
570,572.5,410.25,12.25,24.75,0.53015
600,199.75,101.5,12.75,25.75,0.55595
600,371.5,156.25,18,35.75,0.55276
600,124,184,12.25,24.25,0.54766
600,120.25,69,12.5,25,0.53652
600,495.25,282.5,50.5,101.5,0.53314
600,622.5,185.5,17.5,34.75,0.53292
600,570.5,76.5,14.5,28.75,0.53272
600,200,183,33.25,66.5,0.53259
600,134.5,174.75,25.75,51.25,0.53244
600,49,25.25,13.25,26.75,0.53199
600,425.75,167.25,22.75,45.5,0.53193
600,164.5,127.75,14.75,29.25,0.53094
600,276,45.25,12.25,24.75,0.53073
600,282.75,101.75,12.75,25.5,0.53005
630,513.25,433.75,15.75,31.5,0.55891
630,580.25,53,58.75,117.5,0.54579
630,361.5,227.25,100.75,201.75,0.54176
630,459.5,414.75,16.5,33,0.54024
630,282,102.75,12.5,24.75,0.53946
630,534.25,122.25,66.5,132.75,0.53453
630,47,23,14.5,29,0.53417
630,41.25,188.75,15.5,31,0.53259
630,460.75,114.75,11.75,23.5,0.5313
630,-6.5,12.75,54,108,0.53013
660,312.25,105.25,11.75,23.75,0.54569
660,28.5,358.75,12,24.25,0.54089
660,117,178.5,15,30.25,0.5392
660,240,263.5,12.5,25,0.53622
660,269,188,24,48.25,0.53605
660,280.25,100.75,12.25,24.5,0.53593
660,486,132,12.25,24,0.53474
660,262.5,188.5,13.5,26.75,0.5346
660,497.75,156.25,37.25,74.5,0.53445
660,232.25,324.75,11.75,23.5,0.53434
660,406.25,333,69.25,138.5,0.53366
660,397.25,261.75,12.75,25.75,0.53339
660,136.75,143.25,22.25,44.75,0.533
660,420.75,445.25,15.75,31.25,0.53236
660,535.25,36,13.75,27.75,0.53179
660,370,153.5,17.75,35.75,0.53103
660,157,59.75,14.5,28.75,0.53087
660,388.75,268.75,15.25,30.25,0.5308
660,139,72.75,17,33.5,0.53057
660,261.25,348.25,13.75,27.5,0.53036
660,236.5,59.5,11.75,23.25,0.5302
690,445.5,384.25,14,28,0.56758
690,430.5,395.5,13.75,27.5,0.55174
690,267.25,364.25,12.75,26,0.55044
690,433.25,150.5,24.75,49.75,0.54319
690,277.75,99.75,13,26,0.54093
690,56.75,154.75,160.25,320.5,0.53639
690,440.5,162.5,34.25,68.25,0.53617
690,419.75,283.75,13.5,27,0.53599
690,500.5,288.75,12.25,24.75,0.53571
690,130.5,126,13,25.75,0.53566
690,397.25,396,13.25,26.75,0.53553
690,44.5,229.75,13.5,26.75,0.53553
690,101.5,178.5,15.5,31,0.53496
690,-2.25,125.25,19,38.25,0.53483
690,624.75,126,17.25,34.75,0.53439
690,375.5,385.5,33.25,66.5,0.53435
690,276,419.5,13.5,27,0.53379
690,609,359.75,13,26.25,0.53322
690,85.5,217.75,21.75,43.25,0.53303
690,130.5,101.25,13.25,26.25,0.53228
690,266.5,203.75,16.25,32.25,0.53217
690,440.75,141.75,14,28.25,0.53117
690,487.5,306.75,12.75,25.5,0.53096
690,435.25,396,15.25,30.5,0.53051
720,444,427.25,12.75,25.25,0.57738
720,454.75,376.75,14.25,28.25,0.55663
720,412.5,424.5,12.5,24.75,0.54899
720,468,363.5,12.5,25.25,0.54431
720,557.75,98.5,33.75,67.5,0.54208
720,312.25,1,11.75,23.5,0.54189
720,462,364.5,12.25,24.75,0.54076
720,565.75,7.25,84.25,168.25,0.54026
720,496.25,352.25,12,24.25,0.53986
720,626.75,188,14.25,28.5,0.53984
720,612.5,425.25,11.75,23.25,0.53968
720,316,352.5,12.5,25.5,0.53967
720,481,98.5,12.5,24.75,0.53826
720,45.75,155,160.25,320.25,0.5381
720,515.75,360,12.25,25,0.53708
720,141.75,125.25,13.25,27,0.53647
720,615.25,330.25,26.25,52.5,0.53615
720,258,207.75,15,30.25,0.53587
720,116.5,43.25,12,23.75,0.53572
720,429.5,340.5,22.5,44.75,0.53493
720,476.5,320.75,12.25,24.5,0.53488
720,280.5,99.75,13.25,26.5,0.53444
720,405.5,353.5,13.25,26.5,0.53435
720,620.5,433.25,14.5,29.25,0.53201
720,107.5,367.75,16.5,32.75,0.53189
720,387.25,339.25,16.25,32.5,0.53092
750,69.25,140.75,16,31.5,0.5492
750,511.5,424.5,14,28.25,0.54834
750,282.75,91,13.25,26.75,0.54427
750,508.25,88.5,12.75,25.25,0.54284
750,470,401.75,14.5,29,0.54282
750,585,93,34.75,69.5,0.54183
750,119.75,118,12.5,25,0.54165
750,92.75,360.25,12.5,25,0.54055
750,116,377.75,16,32,0.53892
750,376.75,301,15,29.75,0.53779
750,515.75,419.25,17.25,34.5,0.53758
750,554,367.5,12.75,25.75,0.53711
750,188.25,404,13,26.25,0.53667
750,300.25,412.25,12,24,0.53586
750,494,335.5,13,25.75,0.53495
750,95.25,80.5,14.75,30,0.53486
750,480.25,422.75,12.75,26,0.53402
750,605,409,12.25,24.5,0.53389
750,300.25,385.5,13.5,27,0.53344
750,108.5,180,31,62,0.53222
750,119.25,64,13.25,26.5,0.53202
750,93.25,49,16.75,33.25,0.53154
750,255.25,188.25,18,36,0.53152
750,627.75,105.75,13,26.25,0.5312
750,315.5,93,13,25.75,0.53097
750,72.75,117.25,28.5,57,0.53089
750,470,366.5,14.25,28.25,0.53034
750,620.75,358,19.25,38.25,0.53022
780,404.75,371.25,14.5,28.5,0.55213
780,283.25,85.25,15,30,0.54506
780,61.5,381.5,13.5,26.75,0.54192
780,486.75,420.75,13.5,27.25,0.54182
780,508.25,433.25,12.5,24.75,0.54024
780,460.25,362.25,12.25,24.75,0.53986
780,341.5,396.75,13.25,26.5,0.5396
780,396.75,164.5,14.25,28.5,0.53885
780,523.75,76,13,26,0.53766
780,569,396,13,26,0.53643
780,162,99.25,13,25.75,0.53632
780,317.75,89,13.5,27,0.53591
780,280,155.75,56,112,0.53577
780,172,185.25,17.75,35.25,0.53571
780,555,402.75,24.75,49.5,0.53567
780,134.25,358,20,39.75,0.53546
780,111.75,349.5,13.25,26.25,0.53531
780,349.5,337.5,12.75,25.75,0.53527
780,153.75,119.75,14.5,29.25,0.53487
780,269,411.75,14.5,29.25,0.53421
780,468.5,393.25,14,27.75,0.5333
780,150,356,13.25,26.25,0.53298
780,69.75,197,26.25,52.25,0.53253
780,145,92,16,31.5,0.53246
780,325.5,328.75,15,30.25,0.53231
780,502.25,281.75,12.25,24.5,0.53221
780,60,353.5,17.25,34.25,0.53214
780,451.5,367.25,16.5,33.25,0.53119
780,460.75,415,11.5,23,0.53114
780,293.5,381.75,15.5,31.25,0.53027
780,572.25,376.75,11.75,23.75,0.53014
810,405,400.25,13.25,26,0.55809
810,539,382,17.75,35.5,0.5547
810,281.75,76.75,18,36.5,0.5498
810,156,391.25,12.5,25.25,0.54946
810,107.25,124.75,15.25,30.25,0.54709
810,370.75,373.75,14,27.75,0.54651
810,571.25,55.75,14.75,29.75,0.54641
810,424.25,408.25,12.25,24.5,0.54466
810,424.5,419.75,12,24,0.54267
810,492.25,404.25,13,25.75,0.54194
810,515.5,392.25,16.25,32.5,0.54181
810,89.75,385.5,19.25,38.25,0.54087
810,477,390.5,14.75,29.75,0.54038
810,344.5,375.25,12.75,25.5,0.53961
810,470.5,332.75,12.5,25.25,0.53906
810,555.75,55.75,13.5,27.25,0.53899
810,261.75,172.5,13.25,26.25,0.53868
810,252.25,407.75,12.5,24.75,0.53837
810,410.5,413.25,13,26,0.53755
810,172.5,383,12.5,24.5,0.53746
810,23.75,180.5,12,24.25,0.53728
810,308.5,79.75,26.75,53.75,0.53688
810,124.25,5.25,12.5,25,0.53558
810,124.25,86.25,12.75,25.75,0.53447
810,67.25,236.5,14.25,28.5,0.53438
810,412.5,240.5,12,24,0.53321
810,430.5,396.5,14.75,29.5,0.53317
810,395.5,129,33.75,67.75,0.53251
810,574.25,328.5,12,24.25,0.53235
810,121.75,212.75,43,86.25,0.53211
810,501,363.25,13.5,27,0.53174
810,617.5,166.25,24.25,48.25,0.53161
810,355.25,368.75,15.75,31.25,0.53146
810,510,353.25,12.75,25.5,0.53087
810,141.25,88,14.75,29.75,0.53086
810,92.25,130.5,29.25,58.75,0.53076
810,69.25,204.5,17.25,34.25,0.53075
810,450,401.5,18,36,0.53068
810,421.5,374.5,14.5,28.75,0.53057
810,379.25,439.25,15.25,30.75,0.5303
840,281.5,72.75,18.75,37.75,0.55526
840,399.25,152.75,18.75,37.75,0.55363
840,288.75,193.25,19.5,38.75,0.54677
840,544,396,12.25,24.5,0.54619
840,316.25,75.25,19,38,0.54158
840,590.5,403,12.25,24.25,0.53836
840,297.25,382.5,19,38,0.53739
840,267.75,176.75,30,60.25,0.53534
840,412.75,327.25,12.5,25.25,0.53467
840,525.5,408.75,11.75,23.5,0.53454
840,481,129,42.5,84.75,0.53417
840,76.5,316.25,12.5,25,0.53363
840,613.25,39.75,14.25,28.25,0.53358
840,595.5,36.75,15.75,31.25,0.53337
840,108.75,49.5,14.25,28.5,0.53295
840,386.75,247.25,12.75,25.75,0.53234
840,443.25,402.75,19.25,38.75,0.53064
840,388,255.5,17.75,35.25,0.53029
870,280,67.25,21,42.25,0.56835
870,532,427.75,14.25,28.5,0.55508
870,92.5,40.25,14.75,29.75,0.54766
870,545.5,149.25,15.5,31.25,0.54597
870,565,378.75,12.75,25.5,0.54499
870,118.25,109.75,13.25,26.5,0.54352
870,266,80.25,15.75,31.5,0.5434
870,589.75,431.25,12.75,25.75,0.54119
870,139,113.25,13.75,27.75,0.54047
870,394.5,132.75,27.5,55.25,0.54047
870,273.5,309.75,78.5,157,0.53957
870,429.25,382.5,15.75,31.25,0.53731
870,578.25,372.25,14.25,28.5,0.53701
870,459.5,294.75,13,26.25,0.53684
870,509.75,393.75,17.25,34.75,0.53663
870,496,126.5,46.25,92.75,0.53647
870,294.25,363,15.25,30.5,0.53603
870,582,423.5,12.75,25.5,0.53488
870,620.25,427,14.75,29.75,0.53378
870,457.75,13,33.5,66.75,0.53376
870,449.25,261.25,14,28,0.53318
870,540.25,415.25,17,34,0.53306
870,476.5,385.5,12,24.25,0.53288
870,252.25,378,12.5,25,0.53257
870,536.25,343.25,12,24,0.53255
870,106,414.75,26.75,53.5,0.53219
870,571.75,375.25,13.25,26.5,0.53181
870,73.5,62.5,18.25,36.25,0.53157
870,572.5,423.75,12.5,25.25,0.53043
870,513.75,372.5,14,28,0.53017
870,119.75,120,12.5,25,0.53014
900,397,310.75,13.5,26.75,0.56033
900,584.25,130.25,52.5,105,0.55821
900,426.75,249.25,12.5,25,0.55144
900,560.25,150.75,14.25,28.25,0.55079
900,531.75,168.75,12.5,24.5,0.54604
900,68.25,286.25,13.75,27.75,0.54541
900,437,388.25,15.5,31.25,0.54297
900,279.25,70.25,20.25,40.75,0.54237
900,445.25,324.25,14.25,28.25,0.54221
900,449.75,278.5,13.75,27.25,0.54192
900,468.75,360.5,13,26.25,0.54056
900,391.25,132,40.25,81,0.54037
900,-1.75,271.25,13,26,0.53964
900,419.75,338.25,13.5,27,0.53875
900,544.25,408.75,12.25,24.5,0.53794
900,304.75,68.5,36,71.75,0.53597
900,301,204.5,13,26,0.53509
900,543.5,398.5,13.5,27,0.53431
900,584,389.25,13.5,26.75,0.53379
900,509.75,380.5,13,26,0.53343
900,119.75,179,81.5,163,0.53339
900,116,2.25,12.25,24.75,0.53333
900,610.25,83.25,33,66,0.53319
900,242.75,440,18,36.25,0.53291
900,124.5,408.5,12,24,0.53192
900,153.25,200,12.5,24.75,0.53188
900,394.75,260.25,18.75,37.75,0.5308
900,115.25,56.25,13.25,26.25,0.53058
900,494,334.25,14,28,0.53057
900,577.5,157.75,13.5,27,0.53015
930,556.5,382.25,14,28,0.56683
930,467.75,286,13.5,27.25,0.55778
930,470,333.75,13.75,27.5,0.55628
930,277.5,69,22.75,45.75,0.55488
930,572.25,211.5,15,30,0.55267
930,302.75,306.75,13,25.75,0.55039
930,445.5,342.25,13.5,26.75,0.54927
930,503.5,406,13.5,27,0.54601
930,260.75,302.75,14,27.75,0.54467
930,426.25,347,17.5,35,0.54465
930,284.75,303.25,13.5,27,0.54189
930,529,142,50,100.25,0.5416
930,468,291,14,28,0.54143
930,120,221.25,13,25.75,0.5409
930,444,271.75,13.25,26.75,0.54068
930,315.75,71.25,21.5,43,0.54049
930,459.75,322.25,19.75,39.75,0.54033
930,540.25,309,13.25,26.75,0.53914
930,588.75,414,13.5,27,0.53909
930,237.5,312.25,13.25,26.5,0.53855
930,28.5,283.5,15.5,31.5,0.5385
930,605,8.5,12.75,25.25,0.53795
930,285.5,255.5,12.25,24.75,0.53757
930,243.25,299.5,17,33.75,0.53747
930,8.25,283.75,12.25,24.25,0.53743
930,152.25,99.75,12.5,25.25,0.53719
930,358,289.25,13.75,27.5,0.53715
930,12.5,284.5,15.5,30.75,0.53694
930,229.25,309.5,14,28.25,0.53628
930,381.75,272,14.5,29.25,0.53598
930,604.5,414.75,13.5,26.75,0.53563
930,463,344.5,18.25,36.75,0.53447
930,253,307,14.75,29.75,0.5344
930,147.75,69,17,34,0.53405
930,533.25,414.75,13.25,26.75,0.53392
930,459.25,392.75,16.75,33.5,0.53391
930,20.25,281.5,14.25,28.5,0.53384
930,598,415,12.75,25.25,0.53359
930,588.25,390.25,13.25,26.25,0.53323
930,390.75,133,44.75,89.25,0.53319
930,502.5,131.5,16.5,33,0.53297
930,404.25,241,15.75,31.5,0.53297
930,44,288,14.75,29.5,0.53239
930,36.25,283.75,15.75,31.25,0.53239
930,476.75,312.75,14.5,29.25,0.53238
930,295.75,419,13,26,0.53236
930,118.5,276.5,11.75,23.75,0.53201
930,143.75,74.5,25.5,51.5,0.53195
930,428,320.5,14.75,29.25,0.5316
930,205,302.25,14,27.75,0.53144
930,516.5,337.75,15.5,30.75,0.53108
930,263.25,422,12.25,24.5,0.53094
930,204.25,450.5,12.5,25.25,0.53055
930,9.25,152.75,11.75,23.5,0.5305
960,548.75,387.25,13.5,27,0.55423
960,29.5,378.25,14,28,0.55292
960,212.75,336.25,13.75,27.5,0.55291
960,149.5,124.75,13.25,26.5,0.5503
960,84.5,349.75,12.25,24.75,0.54744
960,332.5,353,12.5,25,0.54476
960,276.25,69.75,22.5,45,0.5442
960,244,351.25,13,25.75,0.54257
960,141.25,124,13.25,26.75,0.5409
960,422,288.25,12.75,25.25,0.54084
960,82,88.75,12.75,25.5,0.53987
960,88.25,90,13.25,26.5,0.53962
960,135.75,37.5,33,66.25,0.53897
960,44.25,369.5,13.75,27.25,0.53851
960,149.25,100.25,13.25,26.25,0.53804
960,421,362.25,15.75,31.5,0.53773
960,605.75,416.5,14.5,29.25,0.53742
960,152.25,296.25,12.5,24.75,0.53734
960,138,183.25,33.75,67.25,0.53712
960,94.75,21.5,15,30,0.53711
960,516.25,394.5,14,28.25,0.53614
960,380.5,281,16.5,33.25,0.53611
960,276,341,13.5,27.5,0.53539
960,453.75,374.75,14.75,29.25,0.53534
960,348,323.5,14.5,28.5,0.53512
960,382,331.25,12.75,25.5,0.53511
960,531.75,391,15,29.75,0.53511
960,69.25,363,13.25,27,0.53493
960,170,178.75,12.75,25.5,0.53492
960,108.5,115.75,15,29.75,0.5348
960,372.5,316.75,12.75,25.25,0.53478
960,165,311.75,12.5,25,0.53431
960,428,342.5,13.75,27.5,0.53427
960,109.25,31.25,13,26,0.53405
960,462.5,387.25,12.5,24.75,0.53403
960,558,430.75,13,26,0.53391
960,436.25,378,13.25,26.25,0.53346
960,19.25,366.5,17.75,35.75,0.53334
960,162,344.25,13,25.75,0.53324
960,547.75,366.75,15.25,30.75,0.53286
960,483.25,328.25,15,30,0.53275
960,412.25,191.5,12.75,25.5,0.53228
960,66.25,169.75,37.75,76,0.53225
960,254.75,332.5,12,24,0.53223
960,600,232.5,11.75,23.5,0.53205
960,83.5,144.25,16.5,33,0.53204
960,258.75,336.75,17.75,35.5,0.53188
960,454.5,288,13.5,27,0.53147
960,131.25,95.75,13,25.75,0.53123
960,471.25,298.25,13,26.25,0.53055
960,533.5,122.25,13,25.75,0.53046
990,197.25,412.5,13.5,27.25,0.57518
990,59.75,336.25,16.75,33.5,0.56546
990,124.5,348.75,15,30,0.55444
990,476.25,387,15,30.25,0.55394
990,422,362.75,13.25,26.25,0.55264
990,69,328,14.5,29.5,0.55137
990,69.25,403.25,15,29.75,0.55097
990,305.75,66.5,38.5,76.75,0.55064
990,90.75,83.75,13.75,27.5,0.54954
990,48,303.5,12.75,25.75,0.54921
990,460.75,298.5,13.5,27,0.54743
990,429.25,360.75,15.5,31.25,0.54738
990,200.25,181.75,12.25,24.25,0.54725
990,37.25,318.5,13.75,27.5,0.54706
990,254.5,337.25,12,24,0.54549
990,274.75,64.5,26.25,52.25,0.54525
990,124.25,338,15.75,31.75,0.54485
990,428,427,15,30.25,0.54447
990,294.75,311,13.5,26.5,0.54064
990,389.5,305.75,14.5,29.25,0.54033
990,468.25,401.25,15.75,31.5,0.54006
990,396.75,408.25,13.25,26.5,0.53991
990,437,408.5,12.5,25,0.53984
990,146.75,123.25,14.5,28.75,0.53907
990,436.75,349.75,13,26.5,0.53889
990,184.75,329,11.5,23,0.53877
990,412.25,396.75,12.25,25,0.53837
990,44.5,312.25,13.25,27,0.53792
990,162,417,15.5,31.5,0.53775
990,147.75,100,13,26,0.53757
990,299.25,305.25,16.25,32.5,0.53751
990,156.25,417,13.25,26,0.53741
990,51,162.75,59.25,118.25,0.53713
990,516.5,135.75,15,30.25,0.53708
990,587,395.5,13.25,26.5,0.53668
990,38.5,353.5,36.25,72.25,0.53651
990,134.75,329.75,13.25,26.75,0.53648
990,156,402,15.25,30.75,0.53603
990,510.75,294.5,15,30,0.53583
990,52.5,315.25,14.5,28.75,0.53582
990,460,344.5,13,26,0.53535
990,365.25,413,14.25,28.5,0.53527
990,475.5,345.25,14,28.25,0.53498
990,59,303.25,17.75,35.5,0.53461
990,417.5,195.25,12.75,25.75,0.53383
990,60.75,323,14.75,29,0.53358
990,381.75,416,13.5,26.75,0.5334
990,584,9.75,13,26.25,0.53327
990,115.75,305.5,17.75,35.5,0.53298
990,131.25,30.5,36.75,73.75,0.53283
990,202,326.25,12.75,25.25,0.53268
990,494.25,317.5,12.25,24.5,0.5326
990,196.25,385.5,19,38.25,0.53253
990,372.5,389.5,16,31.75,0.53236
990,408.75,324.75,30.5,61,0.53231
990,278,11.5,13.75,27,0.5323
990,268.75,106.25,11.5,23,0.53228
990,571.25,116.25,72.5,145,0.53202
990,381.5,305,14.25,28.25,0.53173
990,300.75,227.5,12.75,25.5,0.53164
990,117.75,337.25,13.25,26.75,0.5316
990,502.75,5.75,11.75,23.75,0.53134
990,373,315.5,16.75,33.5,0.53123
990,458,419.25,19.75,39.25,0.53099
990,317.25,222.75,28.5,56.5,0.53098
990,86.25,183.5,12.5,24.5,0.5307
990,44.25,412,14.5,28.75,0.53054
990,456.25,249.25,36,71.75,0.53028
990,451.5,390.25,16.25,32.75,0.53028
990,403.75,248.25,15.75,31.75,0.53021
990,479.5,309.25,13.75,27.75,0.53002
1020,420.25,351.5,16.5,32.75,0.57287
1020,403.25,415.25,16.5,33,0.56899
1020,268.5,303.5,14.75,29.5,0.56466
1020,492.25,367.25,13.5,26.75,0.55971
1020,370.5,206,15.75,31.75,0.55868
1020,268.75,353.25,15.75,31.25,0.5575
1020,205.5,357.5,13.75,27.25,0.5555
1020,251.75,315.75,16.75,33.75,0.55529
1020,325,373,15.25,30.25,0.55465
1020,508.5,354.5,14.75,29.75,0.55214
1020,251.5,348.25,18,36,0.55125
1020,524.75,392.25,13.75,27.5,0.55101
1020,149.25,377.5,13.75,27.75,0.55022
1020,524,366.25,15,30.25,0.54847
1020,582.75,397.5,13.5,26.75,0.54764
1020,126,92,12.75,25.75,0.5465
1020,382.25,302.75,12.75,25.5,0.5463
1020,317,370,15.5,31.5,0.54457
1020,68.75,326.75,12.75,25.75,0.54456
1020,101.5,83.25,14.25,28.5,0.54446
1020,476.75,335.75,13.5,26.75,0.54401
1020,300,354,15.75,31.5,0.54375
1020,541.75,432.5,15.25,30.75,0.54278
1020,388.75,409.5,15.25,30.5,0.54224
1020,126.25,367.25,12.75,25.75,0.542
1020,167,374,13.75,27.75,0.54141
1020,284,354.25,16,31.75,0.54126
1020,436,412,15.75,31.75,0.54065
1020,461,318.5,13.5,27,0.5406
1020,51.75,353.25,15.5,31.25,0.53985
1020,277.75,302,13.75,27.5,0.53954
1020,83.5,379.75,17.25,34.5,0.53847
1020,260.5,307,15.25,30.75,0.53836
1020,302.5,60.75,41.25,82.5,0.53812
1020,548.25,397.75,13.25,26.5,0.53753
1020,397,403.5,14.5,29,0.53731
1020,444.25,335.5,15.25,30.5,0.53724
1020,76,346.5,15.75,31.75,0.53722
1020,317.25,323.5,15,30.25,0.53713
1020,68.5,386,15.25,30.5,0.53642
1020,47.25,392.25,12.75,25.5,0.53627
1020,502.75,376.25,12.5,25.25,0.5361
1020,271.5,3.25,12,24,0.53601
1020,626.5,193.5,15.25,30.25,0.53595
1020,405.75,320,15.75,31.5,0.53576
1020,575,150.75,49.25,98.5,0.53568
1020,526,304.5,12,24,0.53568
1020,522.5,53.5,12.75,25,0.53565
1020,625.75,179.5,14.5,28.75,0.53548
1020,300.75,313,12,24,0.53543
1020,438.5,387,14.75,29,0.53504
1020,277.5,355.25,14.75,29,0.53493
1020,140.25,370.75,15.25,31,0.53491
1020,285,362.75,14,27.75,0.53488
1020,584.5,364.5,12,23.75,0.53478
1020,428.5,411.5,15.75,31.25,0.53459
1020,412.25,172.25,13.75,27.5,0.53449
1020,373.75,302.75,13,26,0.53438
1020,412,350,17,34,0.53406
1020,132.5,416.75,16,32,0.53405
1020,524.75,384.5,13.5,27.25,0.534
1020,500.5,395.5,15.75,31.25,0.53358
1020,542.25,379.25,13.75,27.25,0.53311
1020,467.5,338.25,16.5,32.75,0.53307
1020,83.25,359,18.5,37,0.53302
1020,236.25,351.25,13.25,26.25,0.53297
1020,214,357.75,13.25,26.25,0.53294
1020,100.25,111.5,15,29.5,0.53294
1020,412.25,195.25,14.25,28.75,0.53292
1020,76.75,411,15,30,0.5327
1020,27.5,195,12.25,24.5,0.53233
1020,188,348.5,14,27.75,0.53205
1020,367.25,272,13.25,26.25,0.53175
1020,156.25,371.75,12.25,24.75,0.53165
1020,395.25,307,17.75,35.5,0.53164
1020,92.25,271.25,12,24,0.53153
1020,164.25,346,15.5,31.5,0.53151
1020,180.75,348,14.5,28.75,0.53149
1020,396.25,340.25,14.5,29,0.53141
1020,148.75,333.25,14.75,29.75,0.53139
1020,492.75,322.5,14.75,29.5,0.53129
1020,562.5,371,14,28,0.53114
1020,597,419.25,13.75,27.75,0.53108
1020,55.75,194.25,12.5,24.75,0.53073
1020,366.25,430.75,13,25.75,0.53058
1020,437.5,334,13.25,26.75,0.5305
1020,500,431.25,13,26,0.53043
1020,67.75,348,15.75,31.5,0.53037
1020,389.25,337.75,14.75,29.5,0.53028
1050,259.75,393.75,16.75,33.25,0.56758
1050,307.5,51,35.5,70.75,0.56085
1050,421.25,371,13.75,27.5,0.55899
1050,51.75,353.5,16,32,0.55866
1050,149,380.75,14,27.75,0.55713
1050,246,342.75,13.5,27.25,0.5563
1050,380.5,177.25,12.5,25.25,0.55348
1050,421.25,421.5,14.5,29.25,0.55022
1050,156.75,381.5,14,28.25,0.54898
1050,477,361.5,14.25,28.25,0.54735
1050,541.75,355.5,14.25,28.75,0.54695
1050,184.75,197.25,20.25,40,0.54632
1050,324.75,377,15.75,31.75,0.546
1050,499.5,402.75,16.25,32.75,0.54592
1050,468.5,311.5,13.25,26.25,0.54568
1050,27.25,389.25,13.75,27.25,0.54433
1050,516.5,381.5,14.5,28.75,0.54281
1050,389.25,293,14.25,28.5,0.54264
1050,422.25,409.75,12.5,25.25,0.54073
1050,84.5,392.75,15.5,30.75,0.54043
1050,37.5,413.75,13.5,27,0.5402
1050,61.25,364,14.25,28.75,0.54019
1050,428.75,429,14,28,0.54005
1050,243.5,385,16.5,32.75,0.53939
1050,100.5,374.75,14,28,0.53938
1050,243.75,414.5,13.5,26.75,0.53861
1050,301,340,14.75,29.25,0.53831
1050,442.75,383.75,15.25,30.5,0.53747
1050,316.5,385,12.25,24.25,0.53704
1050,364.25,296.5,13,26,0.537
1050,69.25,357.5,13.75,27.5,0.53698
1050,189,192.25,13,25.5,0.53683
1050,483.75,317.25,13,26,0.53671
1050,420.25,320.75,12.25,24.5,0.5359
1050,356.25,298.25,14.25,28.5,0.5357
1050,461.25,398.25,13.25,26.75,0.53556
1050,83.25,13,14.5,29.25,0.53502
1050,172,383,15.75,31.25,0.53497
1050,531.5,141.5,13.75,27,0.53496
1050,382,297.25,13,26,0.53481
1050,556.25,413.5,12.25,24.5,0.53473
1050,482.25,337.5,16,32,0.53386
1050,100,378.25,15.25,30.25,0.53347
1050,355.5,311.5,15.75,31.25,0.53345
1050,58.5,136.75,30.25,60.5,0.53321
1050,181,382.5,14,27.75,0.53317
1050,372,291.25,16,32,0.53314
1050,163.75,388,14.25,28.75,0.53291
1050,122.25,92,12.5,25,0.53258
1050,460.25,392.75,13.75,27.25,0.53256
1050,309.75,402,14.75,29.75,0.53237
1050,30.25,106,24,48.5,0.53222
1050,84,352.25,16,32.25,0.53185
1050,63.25,187.5,35.5,70.5,0.53148
1050,268.75,382.25,12.75,25.5,0.53145
1050,458.25,299.25,18,36,0.53107
1050,316.25,341.25,12.75,25.25,0.53102
1050,34.75,387.75,13.5,27.25,0.53101
1050,45,24.25,17.75,35.5,0.53056
1050,399.75,67.75,12.25,24.75,0.53055
1050,276.75,314.75,15.5,30.75,0.53045
1050,135.25,182.75,12.75,25.5,0.53035
1080,487.5,357,13,26,0.56571
1080,381,272,14.75,29.25,0.56171
1080,304.25,43.5,38,76,0.55462
1080,596,378,13.75,27.5,0.55289
1080,90,114.25,14.75,29.75,0.54954
1080,22,345.25,12.75,25.5,0.5487
1080,468.25,366,16,32.25,0.54555
1080,309.25,284.25,15,29.5,0.54271
1080,518.75,377.25,13.25,26.5,0.54207
1080,34.25,345.25,12.25,24.25,0.54179
1080,20.75,426.75,12.75,25.5,0.54175
1080,217.25,299.75,17.25,34.75,0.5416
1080,372.5,281.75,15.25,30.5,0.54104
1080,531.75,419.5,14.25,28.5,0.5407
1080,220.75,293.25,13.25,26.5,0.5407
1080,196.75,386.75,14.5,29.25,0.54037
1080,137.25,73.75,13,26.25,0.5396
1080,332,287.25,18.25,36.25,0.53935
1080,516.75,396.75,12.75,25.75,0.53924
1080,409.75,119.75,56,112.25,0.53859
1080,214.5,409.75,12.25,24.75,0.53859
1080,201.75,185.5,21,42,0.53856
1080,598.25,423.5,12.25,24.25,0.5368
1080,574.5,398,14,28,0.53675
1080,416.75,176,13.5,26.75,0.53644
1080,479.5,368.5,12.25,24.5,0.53627
1080,214.25,187.25,16.5,33,0.53616
1080,56,103.75,18,36,0.5359
1080,310,276.75,13.5,27.5,0.53472
1080,149.75,296.75,12.25,24.25,0.53471
1080,607,383.25,13,25.75,0.53465
1080,95,207.75,12.5,24.75,0.53392
1080,148.75,309.25,13.5,26.75,0.53381
1080,102.5,115.75,14.75,29.25,0.53363
1080,430.5,295.25,12.75,25.25,0.5336
1080,451.75,367.25,14.25,28.5,0.53333
1080,126.25,122.25,13.25,26.5,0.53321
1080,102.75,363.5,12.5,24.75,0.53307
1080,59.75,141.5,17.25,34.5,0.53307
1080,576,10.75,12.5,24.75,0.53239
1080,124.5,180,13,25.75,0.53183
1080,176.5,320,12,24.25,0.53114
1080,378.5,414,16.75,33.5,0.53099
1080,540.75,361,12.25,24.5,0.53098
1080,322.25,366.5,12,24,0.53092
1080,55.5,360,12.75,25.75,0.53059
1080,202.75,384,15.25,30.5,0.5304
1080,71.75,281.25,12.25,24.5,0.53038
1080,172.5,385.75,16.25,32.5,0.53023
1080,14.5,342.75,13.25,26.5,0.53015
1110,125,385,14.75,29.5,0.5568
1110,548.5,412.5,14.75,29.5,0.55514
1110,463.25,334.5,13.5,27,0.55309
1110,380,283,12.5,25.25,0.55217
1110,545.5,121.25,67,133.75,0.55061
1110,309,347.75,15.5,31,0.54985
1110,155.75,345,16,31.75,0.54875
1110,92.25,399.75,16.25,32.5,0.54863
1110,564.5,412.75,14.5,29.25,0.54835
1110,516.25,416.25,14.75,29.75,0.54832
1110,588.5,423.5,13.25,26.25,0.54744
1110,156.25,401,12.25,24.5,0.54662
1110,556.25,393.75,14.25,28.5,0.54642
1110,148.75,348,14.25,28.75,0.54602
1110,259.25,387,17.25,34.5,0.5448
1110,468,399.75,14.5,29,0.54471
1110,365.25,299.5,14.25,28.75,0.54404
1110,444,307,14.25,28.75,0.54392
1110,147.5,326.5,12.5,25.25,0.54308
1110,148.25,377.5,15.5,30.75,0.5421
1110,162,193,18.5,37,0.54204
1110,445.75,432.25,12.75,25.5,0.54119
1110,44.25,104,17.75,35.5,0.54053
1110,300,34,44.75,89.75,0.5403
1110,-4.75,127.25,39.5,78.75,0.54018
1110,524.75,352.5,13.75,27.75,0.53954
1110,604.75,425,12.75,25.5,0.53919
1110,124.75,370.25,15.25,30.25,0.5387
1110,572,417.25,16,32,0.53868
1110,516,413,15.5,31,0.53828
1110,82,114,16,32,0.53751
1110,95.75,120,13.75,27.5,0.53744
1110,160.25,327.25,13,25.75,0.53733
1110,525,430,13.75,27.5,0.53729
1110,117,384.75,14,28,0.53727
1110,45.25,340.5,13.25,26.75,0.53708
1110,590,267,21,41.75,0.53705
1110,220.5,318,13.5,27.25,0.537
1110,383,415.75,13.25,26.5,0.53665
1110,475,307.25,15.25,30.25,0.53623
1110,220,286.75,15.5,30.75,0.53618
1110,483.25,427.25,16.5,33,0.53614
1110,486.5,442.75,12.5,25.25,0.53584
1110,468,347.5,15.5,30.75,0.5357
1110,436.5,433,13.5,27,0.53558
1110,559.5,201.25,29.75,59.5,0.53542
1110,509,425.25,14,27.75,0.53533
1110,399.75,30.5,20.5,41.5,0.53527
1110,163.75,333.75,16.25,32,0.53511
1110,100.5,385.5,14.5,28.5,0.53504
1110,120,123.75,13.75,27.5,0.53458
1110,156.25,416.75,14,28.5,0.53448
1110,412.25,275,14.5,29.25,0.53447
1110,213,428,14.25,28.5,0.53446
1110,220.25,427.25,15.75,31.75,0.53355
1110,45.25,69,17.75,35.25,0.53295
1110,248.75,183.75,12,24.25,0.53282
1110,600.25,148.75,12.5,24.75,0.53269
1110,526.75,359.5,13.5,27.5,0.5325
1110,452,430.5,13.75,27.25,0.53244
1110,213.25,400,15,29.75,0.53237
1110,405.25,345.75,26,52,0.5321
1110,523.75,414.25,15.25,30.25,0.53205
1110,443.75,203,18,35.75,0.5317
1110,493.5,384,15.5,31,0.53148
1110,389.5,171.25,17,34.25,0.531
1110,196,334.75,13.25,26,0.53067
1110,524,32,12.5,25.25,0.53051
1110,170.5,328,12.5,25,0.53046
1110,532.5,412.25,14.25,28.75,0.53038
1110,69.25,355.5,14.75,29.75,0.5302
1140,494.25,338.25,13.75,27.75,0.60324
1140,576,118.25,23.5,47,0.56107
1140,204.5,314.75,12.25,24.5,0.55909
1140,373.75,421.5,14.25,28.5,0.55349
1140,336,417.25,14.25,28.25,0.55255
1140,331.75,379.25,13,25.75,0.5516
1140,492,382,13.25,26.75,0.54916
1140,466.75,208.5,18.25,36.5,0.5473
1140,306.75,378.5,14.75,29.5,0.5467
1140,231.5,28.25,13.25,26.75,0.54647
1140,503.25,427.75,13.25,26.75,0.54597
1140,195.25,253.25,13.75,27.5,0.54595
1140,580.75,446.25,15,30,0.54342
1140,532.5,402.5,16.25,32.25,0.54314
1140,617.75,191.5,15.5,31,0.5422
1140,405.75,419.75,15,30,0.5419
1140,117.5,395,14.25,28.75,0.54176
1140,558.5,408.25,12.5,24.75,0.54167
1140,150.25,417,13.25,26.5,0.54087
1140,500.25,315.75,13.25,26.5,0.54076
1140,516.25,382,15,30.25,0.54018
1140,625.75,118.5,14.25,28,0.54016
1140,268.5,43.75,12.25,24.5,0.53995
1140,397,357.5,13.75,27.25,0.53992
1140,57.5,359.25,12.75,25,0.53986
1140,204,304.75,16.25,32.25,0.5398
1140,422.5,357.75,14.25,28,0.53971
1140,628.5,146,11.75,23.5,0.53928
1140,54,422,13.5,26.75,0.53902
1140,235.75,28,13.25,26.5,0.53901
1140,219,383.25,14.5,29.25,0.53879
1140,68.25,416.25,15.75,31.5,0.53816
1140,411.5,179.75,14.25,28.25,0.538
1140,102,85.25,16,32,0.53733
1140,565,450.5,13.75,27.5,0.53693
1140,396.25,339,13.75,27.25,0.53643
1140,228,16.5,12.25,24.5,0.53583
1140,126,95.25,13.5,27,0.53564
1140,366,6.75,73,146,0.53541
1140,237,190,12.5,25.25,0.53511
1140,133.75,290.75,15.5,30.75,0.53495
1140,33.75,99.25,18.75,37.75,0.53486
1140,475.75,416,12.25,24.5,0.53445
1140,423.75,372.5,12.5,24.75,0.53424
1140,499.75,350.25,17.25,34.5,0.5342
1140,382.75,415.25,13,26,0.53409
1140,62,359,12.75,25.5,0.53344
1140,299.25,181.75,17,34.25,0.53326
1140,540.5,244.75,11.75,23.75,0.5331
1140,402,167.75,19,38,0.53281
1140,151.75,191.25,19.5,39.25,0.53243
1140,115,368.25,16.75,33.5,0.53211
1140,444.75,361,11.5,23,0.53208
1140,114.75,90.75,14,28,0.53185
1140,40.5,427.5,12,24.5,0.53159
1140,322.5,369.5,17,34,0.53151
1140,315.75,431,12.75,25.75,0.53093
1140,623,17,16,32,0.5306
1140,114.75,62.5,14,27.75,0.53052
1140,496.25,427.75,13.75,27.5,0.53051
1140,389.25,353.25,15.5,31,0.5305
1140,141.75,441.5,13,26,0.53036
1140,612.25,449,13.25,26.5,0.53031
1170,173.5,380.5,13,26.25,0.55812
1170,111.25,403.5,13.25,26.5,0.55305
1170,565.5,435,13.25,26.75,0.55275
1170,557.5,449,14.25,28.5,0.55262
1170,231.25,27,14.25,28.25,0.55095
1170,615.25,105.25,27,53.5,0.54894
1170,246.25,18.75,13,26,0.54792
1170,253.25,30.25,12.5,24.75,0.54399
1170,188.5,369,14.5,29,0.54348
1170,238.25,283.75,13.75,27.5,0.54253
1170,220.25,9.75,15.25,30.5,0.54213
1170,428.75,425.75,11.75,23.5,0.54175
1170,310.5,31.25,13,25.75,0.54067
1170,398.5,285.5,47.75,95.25,0.54041
1170,452.25,408.25,15.5,31,0.54025
1170,22.5,341,14.25,28.25,0.53953
1170,332.25,27.5,12.75,25.25,0.53803
1170,365.5,366,16,32.25,0.53789
1170,22.75,102.25,29,58,0.53754
1170,373.75,413.75,13.5,27.25,0.53715
1170,459.75,338.75,12.5,25.25,0.53694
1170,132.75,366.75,13,26,0.53631
1170,29,428.25,13.75,27.5,0.53584
1170,538,322.25,75.75,151.5,0.53559
1170,298.75,94,12,24,0.53543
1170,67.75,302.75,13,25.75,0.53486
1170,268.5,185.75,14.5,29,0.53479
1170,205,404.5,14.25,28.5,0.53462
1170,388.5,391.5,12,24,0.53428
1170,149.25,302.75,13,26,0.53397
1170,186.75,339,18,36.5,0.53395
1170,516,208.5,25.25,50.5,0.53395
1170,626.75,394.5,13,25.75,0.53379
1170,227.25,287,13.25,26.75,0.53346
1170,214.5,189.25,17.75,35.25,0.53322
1170,-2.75,37.75,24.25,48.75,0.53306
1170,140.5,183.5,21.5,43,0.53265
1170,615.5,397.25,13,25.75,0.53259
1170,131.25,90.75,13.75,27.75,0.53221
1170,400.75,405,11.5,23,0.53174
1170,197.25,367.25,13.25,26.25,0.53147
1170,70.75,33.5,38.75,77.5,0.53146
1170,509.75,449,13.25,26,0.53112
1170,117,55.25,15.25,30.75,0.53093
1170,38,365,13,25.75,0.53009
1170,-3.5,102,27.75,55.25,0.53008
1200,-3,77.5,23.5,47,0.55848
1200,403,383.5,16.5,33,0.55838
1200,250.25,176.25,43.5,87,0.55694
1200,542,420.5,12.25,24.5,0.55438
1200,231.25,27,14.25,28.25,0.55095
1200,628.5,232,12.25,24.25,0.54955
1200,28.25,317,12.25,24.5,0.54878
1200,179.75,367.25,16,32,0.54838
1200,246.25,18.75,13,26,0.54792
1200,253.25,30.25,12.5,24.75,0.54399
1200,220.25,9.75,15.25,30.5,0.54213
1200,564.25,437,18.25,37,0.54095
1200,523,186,17.25,34.75,0.53898
1200,242.25,185.75,12.5,25,0.53889
1200,575.75,444,13.25,26,0.53853
1200,11,39.75,19.25,39,0.53824
1200,300.75,93,11.5,23,0.53781
1200,140.5,84.25,15,30,0.53762
1200,334.5,385.75,23.25,46.5,0.5362
1200,237,311.25,14.75,30,0.53612
1200,94.75,346,20.25,40.25,0.53426
1200,236.5,185.75,18.25,36.75,0.53407
1200,-2.75,87.25,23,46.25,0.53394
1200,141,27.75,14.25,28.25,0.53367
1200,443.75,376.5,12.5,25,0.53365
1200,104,332,12.5,24.75,0.53238
1200,295,175.75,35.75,71.5,0.53229
1200,489.25,371,11.5,23,0.53217
1200,26.75,85,22.25,44.25,0.53182
1200,81.25,352,13.5,26.75,0.53182
1200,452.25,443,16.25,33,0.53139
1200,359.5,418.75,13,25.75,0.53122
1200,576,64,12.5,25,0.53086
1200,277.5,412.25,14.25,28.5,0.53077
1200,93.5,101.75,17.5,34.75,0.53073
1200,360,400.5,12.75,25.75,0.53057
1200,115,327.5,12.75,25.5,0.53043
1230,124.5,395.75,12.25,25,0.56732
1230,44,386,15.75,31.5,0.56418
1230,280.25,30.75,13.75,27.75,0.56215
1230,44.75,412.25,12.25,24.5,0.55829
1230,494.25,336.5,12.25,24.75,0.55565
1230,349.75,181.25,16.25,32.5,0.55442
1230,164.75,376.75,15.25,30.75,0.55323
1230,568,432.25,12,24.25,0.55068
1230,564.25,351.25,12.5,25,0.54871
1230,54.75,375.5,13.75,27.5,0.54793
1230,246.25,19,13.25,26,0.54792
1230,572.25,401.25,12,24,0.54749
1230,285.75,93.5,13,26,0.54735
1230,28.5,387,15.5,31.25,0.54704
1230,341.75,21,14.25,28.75,0.54661
1230,572,352.75,12.25,24.5,0.54457
1230,136,416.75,12.5,25,0.54445
1230,253.25,30.25,12.5,24.75,0.54399
1230,524,393.75,12.25,24.5,0.54383
1230,582,450.75,13.25,26.75,0.54128
1230,520,398,13.5,27.25,0.54067
1230,44.5,376.25,13,25.75,0.5401
1230,124.5,385.5,12.25,24.5,0.53966
1230,394.5,369.25,19,38.25,0.53916
1230,536.5,393,12.25,24.25,0.53907
1230,484.5,330.5,14.25,28.75,0.53858
1230,302.5,30.25,13.25,26.5,0.53853
1230,142.5,379.75,14.25,28.75,0.53816
1230,351.75,174.75,44.75,89.5,0.53772
1230,511,396.75,19.75,39.5,0.53762
1230,107.25,379,29,58,0.53759
1230,342,103.25,13.25,26.25,0.53684
1230,37,385,14.5,29,0.53659
1230,194.75,380.5,14.75,29.5,0.53595
1230,14.5,391.25,13.25,26.25,0.53589
1230,459,372.5,17.5,35,0.53586
1230,142.5,331.75,17.75,35.75,0.53539
1230,191.75,362,12,23.75,0.53536
1230,364,67,12.75,25.5,0.53421
1230,467.5,300,14.5,28.75,0.53408
1230,426,417,24,48.25,0.53382
1230,520.25,409.25,13,25.75,0.53365
1230,521,365.75,26.75,53.5,0.53346
1230,383.25,396.75,12.5,25.5,0.5331
1230,222.25,104.25,16.5,33.25,0.5326
1230,289,164.25,36.75,73.25,0.53245
1230,564.5,396,14.75,29.5,0.5317
1230,408,8.5,12.75,25.5,0.5316
1230,356,101.5,13.75,27.25,0.53137
1230,276.25,40.75,12.25,24.5,0.53133
1230,94.25,318.25,22.5,45.25,0.53114
1230,307.5,13,18.25,37,0.53106
1230,196.75,400,13.5,27,0.53104
1230,-1.5,439.5,12.25,24.5,0.53099
1230,494,377.25,12.5,24.5,0.53074
1230,500.5,334.75,12.75,25.5,0.53045
1230,63.25,360.25,13,25.75,0.53008
1230,262.75,373,11.5,23,0.53004
1260,141.75,399.75,13,25.75,0.56177
1260,238.25,275,12.25,24.75,0.55942
1260,457,46.5,16.75,33.75,0.5587
1260,492.25,112,12.5,25.25,0.55738
1260,277.75,307.5,13.75,27.5,0.55523
1260,145.5,335.75,12.25,25,0.54715
1260,516.5,347,13.5,26.75,0.54708
1260,396.5,337.5,15.5,31,0.54585
1260,426.25,212.5,104.5,209,0.54575
1260,196.75,284.5,15.5,30.75,0.54474
1260,204.75,274.25,15.25,30.5,0.54361
1260,164.5,322.5,15,29.75,0.54336
1260,118.5,332.5,12.75,25.75,0.54143
1260,189.25,268.5,15,30,0.54126
1260,492.25,412.25,12.25,24.75,0.54099
1260,477.5,187.5,76.5,153,0.54054
1260,567.25,421.75,14,28,0.53969
1260,480.5,61,13.5,26.75,0.53927
1260,611.75,343.25,13,25.75,0.53805
1260,328.5,10.25,14.5,29,0.53775
1260,488.25,124.75,12,23.75,0.53761
1260,436.5,44.5,13,26.25,0.53639
1260,117.5,13.75,15.75,31,0.536
1260,260.25,272,13,25.75,0.53551
1260,469.75,203.75,18.75,37.25,0.53546
1260,618.25,429.25,17.75,35.75,0.53543
1260,464.25,65,17.75,35.75,0.53468
1260,565,348.25,14,27.5,0.53442
1260,213.75,277,13.5,27,0.53387
1260,120.75,248.75,11.75,23.75,0.53363
1260,448.75,151.5,13,26.5,0.53337
1260,485.5,97.25,16,32,0.53302
1260,226.5,45.25,23.5,46.75,0.53214
1260,232.25,412.75,11.75,23.5,0.53205
1260,549.25,338.25,14.25,28.75,0.53184
1260,562.75,334.5,17.25,34.5,0.53182
1260,187.5,335.5,14.25,28.75,0.53158
1260,523.5,419.5,13.25,26.25,0.53119
1260,103,327.75,12.5,25,0.53086
1260,226,80,26,52.25,0.53082
1260,307.5,300.25,23.5,47,0.53064
1260,475,45,13.75,27.75,0.53063
1260,550.25,399,12.75,25.5,0.53063
1260,-1.5,96.5,12.5,25,0.53018
1260,334.5,84.75,33.75,67.75,0.53008
1290,149.5,398,13.5,26.75,0.56092
1290,180.5,406,13.25,26.5,0.55974
1290,451.25,46.75,17,34,0.55734
1290,315.75,310.75,13.5,27,0.55228
1290,503.75,64,13.25,26.5,0.55068
1290,518.25,324.25,14,27.75,0.5498
1290,524,427.75,14.75,29.75,0.54842
1290,191,14.25,58.5,117.25,0.54628
1290,107.75,400.5,16,32.25,0.5457
1290,580.5,411.5,14.75,29.5,0.54532
1290,379.75,25,13.75,27.5,0.54408
1290,245.75,311.25,13.5,27.25,0.54342
1290,65.75,315.25,18.25,36.5,0.54322
1290,416,141.5,12.5,25,0.5432
1290,284.75,340,15,30.25,0.54306
1290,442,48.25,16.75,33.75,0.543
1290,336.25,323,12.75,25.25,0.54133
1290,460.75,303.75,13.75,27.75,0.5402
1290,556.5,429.25,16.5,33,0.53958
1290,564.25,26.75,55.25,110.75,0.53932
1290,540.25,323.75,19,38,0.53865
1290,462.5,264.25,11.75,23.5,0.53757
1290,460.5,311.5,17.25,34.5,0.53674
1290,467.75,234.75,39.25,78.5,0.53672
1290,300.5,311.75,12.5,25.25,0.5365
1290,329.5,311,12.75,25.5,0.53629
1290,212.25,22.75,56.75,113.5,0.53497
1290,545,184.75,20,40.25,0.53461
1290,373,412.75,13.75,27.25,0.5346
1290,428.5,413.75,13.75,27.25,0.53432
1290,460,375.5,15.5,31,0.53423
1290,302.25,426.5,16,32.5,0.53411
1290,455.75,169.5,12.5,24.75,0.53371
1290,340.5,389.75,14,27.75,0.5336
1290,241.5,88.75,25.25,50.5,0.5334
1290,322.75,311.25,12.75,25.5,0.53275
1290,117,398.75,14.25,28.5,0.53272
1290,493.5,375,14.75,29.5,0.53242
1290,572.75,413.5,13.75,27.75,0.53204
1290,444,386.25,15,29.75,0.5318
1290,628,151.25,13,25.5,0.53176
1290,548.5,76.25,11.75,23.75,0.53148
1290,503.75,78.75,12.5,25.5,0.53129
1290,489.25,102,13,26,0.53103
1290,14.25,77.25,13.75,27.25,0.53099
1290,108.25,410.5,15.25,30.5,0.53084
1290,-1.75,129.25,15,30,0.53057
1320,596.75,367,13.25,26.5,0.56132
1320,44.25,267.25,14.5,28.75,0.55698
1320,453.75,68.75,14,28,0.55624
1320,350.75,17.5,13.5,27.25,0.55561
1320,564.75,301.5,14.25,28.75,0.55227
1320,567.5,415.75,12.5,24.75,0.54758
1320,440.75,179,52.75,105.25,0.54656
1320,518,160.75,18.25,36.75,0.54601
1320,582.25,87.25,13,26,0.545
1320,457.25,68.75,23,45.75,0.54493
1320,299,443.5,17,33.75,0.54474
1320,606.5,364.25,13.25,26.75,0.54443
1320,382.5,159.25,54,107.75,0.5424
1320,380.25,425,13,25.75,0.54191
1320,316,142.25,13.25,26.5,0.54186
1320,524,290.75,15,30.25,0.54156
1320,103.5,407.75,12.75,25.25,0.54134
1320,445.5,423,13.75,27.5,0.54094
1320,595.25,269.75,15.75,31.75,0.54022
1320,161.75,184.5,18.25,36.5,0.54005
1320,108.5,415.25,15,30,0.53987
1320,419.25,95,15.25,30.5,0.5397
1320,349,56.5,12.5,24.75,0.53945
1320,533.25,287.75,15.75,31.5,0.53939
1320,108.5,255.5,15,30.25,0.53922
1320,116,252.5,16.75,33.75,0.5389
1320,20.75,283.25,15,30.25,0.53875
1320,85,302,15.25,30.75,0.5384
1320,612.75,268.5,15.75,31,0.53824
1320,532,275,15.25,30.75,0.53724
1320,36.75,267.25,14.5,29.25,0.53718
1320,380,30.75,17.25,34.5,0.53689
1320,260.25,184.25,13,25.75,0.53635
1320,51.25,269.5,16.75,33.75,0.5358
1320,341.5,317.75,13.5,27.25,0.53452
1320,229.75,409,13.75,27.75,0.53449
1320,268.75,411.25,14.75,29.5,0.53447
1320,573.25,102.75,13.25,27,0.53429
1320,548.25,280.5,14.75,29.75,0.53408
1320,459.5,414.25,16.75,33.5,0.53398
1320,452.75,426.75,14.5,28.75,0.53374
1320,604.75,80.5,12.75,25.5,0.53336
1320,584.5,280,12,24,0.5333
1320,487.75,262.5,12.5,25.25,0.53312
1320,588.75,91.75,13.25,26.5,0.5331
1320,578.5,150.75,12,24,0.53306
1320,628.75,141,11.5,23,0.53271
1320,163.75,416.5,16.5,33.25,0.53265
1320,374.5,421.25,13.5,27,0.53261
1320,233.5,33.5,17.75,35.5,0.53231
1320,373.75,34.25,14,28.25,0.53223
1320,79.75,18.25,16,32.5,0.53222
1320,172.25,286.75,16.5,32.75,0.53155
1320,572,106.25,16,31.75,0.53148
1320,11.75,64.25,19.5,39.25,0.53127
1320,353.5,56,12.75,25.75,0.53121
1320,567.75,87.25,12.75,26,0.53119
1320,604.5,270.5,14.5,28.75,0.53118
1320,325.5,450.75,13,25.75,0.53101
1320,125.25,409.25,15,30,0.53079
1320,376.25,329.25,12.25,24.5,0.53077
1320,389,425,16,31.75,0.53062
1320,548.5,236.75,14.5,29,0.53043
1320,163,288.25,17.5,34.75,0.53024
1320,460.25,185.5,31,62.25,0.53009
1350,141.5,427.5,13.5,27.25,0.56218
1350,141.25,284.5,14,28.5,0.56002
1350,300.75,46.25,13,26.25,0.55651
1350,280.75,43.75,14.5,29,0.55164
1350,580.25,411.5,16,31.75,0.55139
1350,21.25,331.5,13.75,27.5,0.55121
1350,69,193.5,16,31.5,0.55083
1350,349,385.75,15.5,31,0.55056
1350,322.25,408.75,20.75,41.25,0.55051
1350,435.75,386,17,33.75,0.54917
1350,285.5,422.25,13.75,27.75,0.54888
1350,293.25,422.75,13.25,26.75,0.54727
1350,164.75,419.5,14.5,29,0.54714
1350,164.5,386,14.25,28.25,0.547
1350,165.75,410.5,13.25,26.5,0.54642
1350,390.75,408.25,12.75,25.75,0.54595
1350,509,381.5,14,27.75,0.54466
1350,69.5,315.75,13.25,26.75,0.54401
1350,392.75,86,13.25,26.5,0.54386
1350,275,18.5,27,53.75,0.5437
1350,375.25,18.75,16,32,0.54273
1350,156.5,417.25,14.75,29.25,0.5419
1350,268.5,32.75,16,31.75,0.54148
1350,389.25,410,16.5,33,0.54062
1350,181.25,402.75,15,30,0.54051
1350,364,389,13.25,26.25,0.5398
1350,557,363.25,14.25,28.5,0.53972
1350,598,431.25,12.5,25,0.53962
1350,588.25,290.75,14,27.75,0.53922
1350,58.75,317,20,40.25,0.539
1350,482,432,12.25,24.5,0.53875
1350,592,279.25,12.75,25.5,0.53865
1350,308.75,395,12.75,25.5,0.53853
1350,116.5,426.25,14.5,29,0.5382
1350,326.25,326,12.5,25.5,0.53812
1350,506.5,284.75,17.5,34.75,0.53807
1350,285.25,403.75,13,25.75,0.538
1350,92.5,330.5,14.75,29.25,0.53791
1350,524.75,335.5,14.5,29,0.53768
1350,408.75,46.75,15,30.25,0.53764
1350,571.5,415,16.75,33.5,0.5376
1350,308.25,309.75,13.75,27.75,0.53739
1350,172.5,402.5,14,28,0.53734
1350,236.5,387.5,14.5,29,0.53709
1350,307.5,54.75,17.25,34,0.53707
1350,412.25,356.5,12,24,0.53648
1350,556,387.25,14.25,28.25,0.53635
1350,294,47.75,12.75,25.75,0.53593
1350,300.5,421,14.5,29.25,0.53586
1350,60,69.75,27.5,55,0.5357
1350,590,401.25,13.5,27,0.53568
1350,341.25,374.75,13.5,27,0.53551
1350,196.5,432.75,12.25,24.75,0.5353
1350,507.25,92,16.25,32.5,0.53516
1350,421.25,407.5,14.75,29.25,0.53508
1350,468.25,356.75,14,28.25,0.53462
1350,80.25,37.75,23,46.25,0.53437
1350,476.75,306.25,15.25,30,0.53428
1350,79.75,429.75,12.5,25.5,0.53411
1350,565,412,14,28.25,0.53395
1350,-10.5,67,85.75,171.5,0.5339
1350,180.5,426.25,16.5,33,0.5337
1350,590.75,314.75,14.25,28.75,0.53369
1350,29,358,13.75,27.5,0.53347
1350,171.5,1.75,20.5,41.25,0.5334
1350,276.75,415.25,16,31.75,0.53313
1350,572.75,405.5,13.25,26.75,0.53312
1350,469.5,236.5,13.75,27.5,0.53308
1350,424.75,53,11.5,23,0.53307
1350,36.75,367.75,15,29.75,0.53302
1350,348.25,83.5,13,25.75,0.5327
1350,467.5,316.75,16.75,33.5,0.53258
1350,37.75,79,36,72,0.53216
1350,28.25,312.5,12.5,24.75,0.53207
1350,28.25,20.5,55.75,111.5,0.53173
1350,365.5,400.75,15.5,31,0.53159
1350,540.25,327.5,13,26,0.53155
1350,-2.5,174.25,19.75,39.5,0.53152
1350,419.75,376.5,14.5,29.5,0.53151
1350,183.25,277,13.25,26.25,0.53146
1350,86,310.5,13.25,26.75,0.53144
1350,372.25,47.25,13.5,27,0.53107
1350,21.25,306.25,15,30.25,0.53104
1350,256.5,416.5,12,24,0.53038
1350,326.25,315.75,12.5,24.75,0.53036
1350,380.75,415.5,15.75,31.5,0.53027
1350,7,303.5,14.5,29,0.53022
1380,251.75,47,16.5,33.25,0.56525
1380,180,22,14.75,29.25,0.55712
1380,350.5,66,13.25,26.5,0.55424
1380,373.25,94.75,13.5,27,0.55405
1380,79.25,24.75,40.75,81.25,0.55177
1380,268.5,7.75,14.5,29,0.55137
1380,452.25,249.75,13.5,26.75,0.5472
1380,17.5,231.5,20.75,41.25,0.54636
1380,452,355.25,13,25.75,0.54222
1380,324.5,48.5,12.25,25,0.54206
1380,169,414.25,16.25,32.75,0.54171
1380,214.5,31.75,12,24,0.54171
1380,317.5,339,13,25.75,0.54094
1380,468,313,14.75,29.25,0.54064
1380,200,15.25,11.75,23.5,0.5406
1380,357.25,62,13.25,26.25,0.54038
1380,53.5,437.5,12.75,25.5,0.53841
1380,208.75,18.25,12.5,25,0.53829
1380,424.25,452.25,12.75,25.5,0.53829
1380,437.25,380.25,15.25,30.75,0.53812
1380,301,28.25,16.25,32.5,0.53803
1380,525.75,321.5,12.75,25.5,0.53638
1380,373.5,67.25,14,28,0.53631
1380,268.5,50.75,12.25,24.75,0.53489
1380,32.75,92.25,25.5,51.5,0.53483
1380,289.75,433.5,14,28.25,0.53481
1380,574,255.25,12,24,0.53363
1380,31.5,40,25.25,50.25,0.53274
1380,246.75,45.75,14,27.75,0.53205
1380,76.75,371.25,14.75,29.75,0.53046
1380,426.75,359.5,13,26.25,0.53015
1380,292.25,109,14,27.75,0.53013
1410,291.75,86.75,13.25,26.75,0.57486
1410,246.25,61,14.25,28.5,0.55914
1410,47.5,52.75,24.75,50,0.55453
1410,518.5,435.75,15,30,0.54702
1410,330.5,447.25,14.5,28.5,0.54619
1410,253.75,62.25,13.5,27.25,0.54553
1410,260.5,28,12.5,24.5,0.54422
1410,299.75,36,14.75,29.25,0.54277
1410,429.25,450,13.25,26.75,0.54202
1410,229.75,17.25,12,24,0.54143
1410,262.5,378,13.25,26,0.53974
1410,203.5,208,17,34.25,0.53972
1410,282.25,57,20.25,40.5,0.53886
1410,587.25,305.5,14,28,0.53848
1410,549.5,423.25,12.25,24,0.53754
1410,437.75,433.25,14,28,0.53748
1410,284.5,40.75,11.75,23.75,0.53699
1410,283.25,87.5,15.75,31.5,0.5361
1410,15.25,39.25,26.5,53.25,0.53523
1410,438.75,271,12.75,25.5,0.53501
1410,277.75,42.75,14.25,28.25,0.53475
1410,230,23.5,12.25,25,0.53458
1410,284.25,369.5,16,32,0.53409
1410,408.25,368.5,12,23.75,0.53367
1410,528.25,48.5,12,24,0.5332
1410,248.25,23.5,12,24.25,0.53301
1410,-3.25,79.5,25.25,50.25,0.53297
1410,16.5,94.75,25,50,0.53256
1410,32,86.5,26,52.25,0.53243
1410,424,438.25,13,26.25,0.5322
1410,356.5,59.75,14,28.25,0.53198
1410,477.5,309,13.5,26.5,0.53188
1410,557,417.5,16.5,32.75,0.53152
1410,416,172,18.75,37.25,0.53145
1410,462.75,448.25,14.5,28.75,0.53127
1410,341,67.75,14.5,28.75,0.53119
1410,355,443.25,17.25,34.25,0.531
1410,415.75,270.5,19,38,0.53065
1410,408,173,16.25,32.25,0.53026
1410,370.5,206.75,35,70,0.53004
1440,564.5,445,14.75,29.5,0.55107
1440,283.25,37.5,14.25,28.5,0.55021
1440,303.25,34.75,12.75,25.75,0.54368
1440,58.5,14.25,43.5,86.75,0.54145
1440,469.75,452.75,13.5,26.5,0.5399
1440,309.25,79.5,15.5,30.75,0.53953
1440,253.75,22.75,13.5,26.75,0.53929
1440,122.5,263.25,12.75,25.5,0.53785
1440,216,33.75,16.75,33.5,0.53739
1440,361.75,195.25,28.75,57.25,0.53603
1440,82.25,56.5,20,40,0.53534
1440,178.75,415.25,13,26.5,0.53531
1440,625.25,197,15.5,31.25,0.53366
1440,170.75,248.75,13,26.25,0.53352
1440,276.5,33,16.5,33.25,0.53224
1440,26,77,28.25,56.25,0.53091
1440,10,88,26.25,52.5,0.53061
1440,356.75,23.25,14,28.25,0.53048
1470,266.5,13.25,14,28,0.56428
1470,148,16.5,16.25,32.5,0.55009
1470,499.75,351,12.75,25.25,0.54879
1470,188.5,13.25,13.75,27.25,0.54665
1470,192.75,12.5,19,37.75,0.54527
1470,213.75,367.75,17,34,0.54517
1470,510.25,252.5,12.5,25,0.54411
1470,299.75,236,17,33.75,0.54167
1470,533,331.75,13.75,28,0.5416
1470,309,236.5,15.75,31.75,0.54152
1470,168.25,7.5,12.5,25,0.54033
1470,222.75,319,11.5,23,0.5401
1470,268.5,37,14.75,29.75,0.5401
1470,620.5,352.25,12,24,0.53974
1470,298.5,76.5,18.25,36.25,0.53929
1470,292.25,12.5,14.25,28.5,0.53777
1470,242.25,247.25,23.5,47.25,0.53705
1470,160.5,13.25,13.75,27.5,0.53628
1470,325,1.5,15.75,31.75,0.53585
1470,534.75,59.25,14.25,28.5,0.53574
1470,313.75,44.75,18.25,37,0.53474
1470,253.25,386.75,14.5,29,0.53456
1470,460.25,453.25,12.75,25.75,0.53362
1470,269.75,188.5,13.25,26,0.53337
1470,307.75,204.5,17,34.5,0.53271
1470,341.5,236.25,13.25,26.75,0.53204
1470,540.25,43.5,13.5,26.75,0.53197
1470,326.75,160.25,13.25,26.75,0.53187
1470,244.25,390,13.25,26.5,0.53167
1470,-5.75,26,54.5,109.25,0.53134
1470,389.25,231.25,14,28,0.53129
1470,-2,207,16,32.5,0.53128
1470,470.75,68,15,29.75,0.53052
1470,317,11.25,15.25,30.75,0.53016
1470,405.25,232.25,14,28.25,0.53012
1500,315,58.5,19.5,39,0.58261
1500,508.75,74.5,12,24,0.55059
1500,507.5,172.75,16,32,0.54977
1500,361.75,198,15.25,31,0.54934
1500,413,253.5,12.75,25.5,0.54564
1500,183.25,159.25,47.75,95.5,0.54268
1500,56,42.75,19.75,39.25,0.54127
1500,299,42.25,27.75,55.5,0.54085
1500,519.5,57.25,12.75,25.25,0.54069
1500,43,92.5,25.5,51.25,0.54031
1500,561.5,375.25,20.5,41.5,0.53849
1500,114.5,73,19.75,39.25,0.53762
1500,470.5,43.5,14.5,29,0.53751
1500,564.5,49.5,14.5,29,0.53678
1500,218.5,1,12.25,24.25,0.53627
1500,359.75,135.5,12,24,0.53616
1500,604.25,110.5,15.25,30.25,0.53559
1500,343,7.75,12.75,25.75,0.53396
1500,470.5,66.25,18,36,0.53386
1500,99,59.25,12.5,25,0.53264
1500,82.25,53.5,19,38,0.53184
1500,249.25,272,25.25,50.5,0.53181
1500,532.5,130.25,30.5,61,0.53156
1500,501,112.25,11.75,24,0.53155
1500,539.75,49.5,14.75,29.5,0.53149
1500,549,50.5,12,24,0.53128
1500,202.25,8.25,12.25,24.5,0.53078
1500,510,57.75,16,32,0.5305
1530,312.25,13.5,17.25,34.5,0.56802
1530,311.25,12.25,16.25,32.25,0.55562
1530,347.75,26,21.25,42.5,0.55538
1530,220.75,48.25,12.75,25.5,0.5489
1530,323.75,12.5,15.75,31.5,0.54732
1530,175.25,156.25,49.75,99.75,0.54413
1530,275.25,39.75,13.25,26.25,0.54394
1530,160.25,9.25,12,24,0.54166
1530,7.75,27.25,28.25,56.5,0.54158
1530,354.5,27.5,15.25,30.75,0.54063
1530,254.75,414,23,45.5,0.53747
1530,180,11.25,18,36,0.53732
1530,286.75,53.75,14,28.25,0.53669
1530,542.75,409.25,11.75,23.5,0.53634
1530,239.25,48.75,12.75,25.25,0.53377
1530,57,6.25,44,88,0.53338
1530,189.75,435.25,14.5,28.75,0.53325
1530,38.75,92.5,30.75,61,0.53304
1530,619.75,112.25,12.5,25,0.53221
1530,586.25,390.5,34.5,69,0.53215
1530,550,51.75,14.75,29.75,0.53151
1530,220.5,175.75,15.75,31.75,0.53143
1530,563,188,13.25,26.5,0.53076
1530,606.75,254,13.25,26,0.53023
1530,526.25,53.25,13.5,27.25,0.53003
1560,525.75,53,14.25,28.5,0.5666
1560,627.25,193.25,14,27.75,0.56652
1560,328.5,15,17,34,0.56466
1560,548.5,51.5,14.75,29.5,0.55878
1560,584.5,82,12.25,24.5,0.55146
1560,295.25,15.5,16.5,33.25,0.55041
1560,220.75,43.75,13,26,0.55039
1560,331.75,81,14.25,28.5,0.54989
1560,411.5,164.75,19.75,39.25,0.54983
1560,317.75,78.25,13,26.25,0.54879
1560,541.5,62.25,13.25,26.75,0.54869
1560,540,52.25,15,29.75,0.54782
1560,474.25,356,11.75,23.5,0.54617
1560,475.75,81.75,13.5,27.25,0.54448
1560,7.5,27.25,27.5,55,0.5432
1560,556,429,12,23.75,0.54174
1560,224.75,171,18.75,37.5,0.54165
1560,245,16.5,15,30.25,0.54077
1560,580.25,320.5,12.25,24.25,0.54046
1560,55.75,6.75,46.25,92.25,0.53774
1560,403.5,334,15.75,31.75,0.53636
1560,269.5,262.25,12.5,25,0.53553
1560,404,272,12.5,25.25,0.53527
1560,94,232,13,26.25,0.53512
1560,364.25,60.25,14.25,28.75,0.53496
1560,426.5,379.5,35,69.75,0.53435
1560,505.25,65.5,15,30.25,0.53261
1560,284.75,351.25,15.5,31.25,0.53229
1560,566.75,128.5,24,47.75,0.53164
1560,255.25,17.5,16.25,33,0.53145
1560,502.5,172.75,13.5,27,0.53141
1560,285,82.5,16.5,32.75,0.53126
1560,265.5,17,17.25,34.25,0.53126
1560,262.75,257,11.5,23,0.53089
1560,243.25,386,44,88,0.53067
1560,258.75,385,12.25,24.75,0.53009
1590,316.5,79.25,12,24,0.55989
1590,548.25,48.75,15.25,30.25,0.55812
1590,525.75,53.75,13.5,27,0.554
1590,277.5,20,14,27.5,0.55183
1590,212,15.5,16.25,32.75,0.55165
1590,58.5,6.75,42,84,0.55073
1590,584.5,82,12.5,25,0.54862
1590,397,11.25,13,25.75,0.54658
1590,269.5,353,14.25,28.5,0.54375
1590,359.75,52.25,14.25,28.5,0.5437
1590,331.75,14.25,16.5,33,0.54235
1590,374.5,51.25,14.5,28.75,0.54207
1590,223.25,316.5,12,24,0.53955
1590,444,45,12.25,24.5,0.53918
1590,363.75,181.5,13,26,0.53872
1590,7.5,27.75,28,56,0.53664
1590,309.25,43.75,13.25,26.5,0.53541
1590,500.75,383,11.5,23,0.53471
1590,539.75,63,14.25,28.75,0.53403
1590,282,62,17.25,34.75,0.53386
1590,278.25,110.5,12.75,25.5,0.53301
1590,344.5,64.25,12.25,24.75,0.533
1590,331.75,80.25,16.5,33,0.53277
1590,347.5,178.5,15.75,31.5,0.53257
1590,-2.75,72.75,22.5,45.25,0.53256
1590,35,46.75,13.75,27.5,0.53242
1590,348.5,45.25,13.25,26.25,0.53231
1590,260.75,29.25,12.25,24,0.53202
1590,10,203.25,18,35.5,0.53158
1590,501.5,126.5,14,28.5,0.53157
1590,484,432,13,26.25,0.53131
1590,227.75,32.25,12.5,24.75,0.53087
1590,556.75,385,11.5,23,0.53079
1590,72,10,19.75,39.75,0.53068
1590,523.75,446,13.5,27.5,0.53065
1590,207.75,404.5,14.75,29.5,0.53028
1620,299.75,31.25,17.25,34.5,0.55994
1620,309,4.25,14,28.25,0.55501
1620,581,76,14.25,28.25,0.55297
1620,282.5,51.5,15.75,31.75,0.55237
1620,461.25,262.25,13.5,26.75,0.55143
1620,172.5,402.5,15,29.75,0.55063
1620,524.75,52.25,14.75,29.25,0.54906
1620,328,79.75,12.5,25,0.54672
1620,490.25,167,96,192.25,0.54513
1620,268.75,28.5,12.75,25,0.54469
1620,309.25,44.25,15.75,31.75,0.54441
1620,494.5,41,11.75,24,0.54365
1620,380.25,249.5,12.5,25,0.54322
1620,324.5,434.5,12.25,24.5,0.54073
1620,572.25,41.5,15,30,0.54054
1620,214,406.5,13,26.25,0.54037
1620,56.5,8,48.25,96.75,0.53999
1620,347.5,84,14,28,0.53966
1620,357.75,31.75,13.5,27.5,0.53875
1620,556.5,444,12.75,25.75,0.53866
1620,236.25,330.75,18,35.75,0.53841
1620,342.25,25.75,15,30.25,0.53832
1620,309.25,27.5,12.5,25,0.5372
1620,-10.5,127.25,89,178,0.53634
1620,485,238.5,14.25,28.5,0.53619
1620,470.5,59.75,14.25,28.75,0.53597
1620,68.25,251.5,23.25,46.75,0.53578
1620,306,160.5,37.5,75.25,0.53562
1620,502.25,360,12,24.25,0.5352
1620,205.75,16.5,13,25.75,0.53508
1620,341,20,15.25,30.25,0.53458
1620,321.75,24.25,13,25.75,0.5344
1620,588.5,55,13.25,26.75,0.53388
1620,192.75,169.5,12.25,24.25,0.53382
1620,204.75,421.25,15,30,0.53351
1620,250.5,30,17,34,0.53311
1620,316.25,30.75,13.25,27,0.53288
1620,470.25,46.75,12.75,25.75,0.53284
1620,626,183.25,14.25,29,0.53209
1620,593.25,330.25,19.25,38.75,0.53129
1620,461.75,369.75,12.75,25.5,0.53071
1620,452.5,58,14.75,29.5,0.53038
1620,488,442.25,12.25,24.25,0.53032
1620,316.25,55.75,26,52.25,0.53032
1650,249.75,18.75,31,62.25,0.57745
1650,268,20.25,30.5,61.25,0.56151
1650,544,269.5,23,46,0.54842
1650,152.25,23.5,12.25,24.5,0.54812
1650,599.5,72.75,11.75,23.75,0.54669
1650,250,47.75,16.5,33,0.54586
1650,525.5,50.75,13.75,27.5,0.54544
1650,514.5,80.25,12.5,25.5,0.54338
1650,325,180.25,15.75,31.25,0.54323
1650,349,46.5,17.75,35.25,0.54259
1650,129.75,142,61,122.25,0.53598
1650,181.75,149.75,32.25,64.25,0.53515
1650,298.5,45,18,35.5,0.53461
1650,360,132.5,12,23.75,0.53349
1650,239.5,159.5,12.5,25,0.53331
1650,491.25,76.5,15.25,30.75,0.53294
1650,56.25,6,46.75,93.25,0.53152
1650,284.5,25.25,28.25,56.5,0.53139
1650,333.25,29.25,25.75,51.25,0.53096
1650,315.25,60.5,13.5,27,0.53077
1650,625.75,76.5,14,28,0.53007
1680,299.75,98.5,14.5,28.5,0.58097
1680,285.25,99,13.75,27.5,0.57932
1680,565.5,46,13.75,27.5,0.56196
1680,586.75,65.25,13.75,27.75,0.55111
1680,286,247.5,12.75,25.75,0.55074
1680,213.75,24.25,13.5,27,0.54768
1680,328,71.5,12.5,25.25,0.54548
1680,375.25,33,13.5,27,0.5391
1680,309.5,47,15.5,31.25,0.53904
1680,110.5,31.75,25.75,52,0.53744
1680,177.25,24.5,11.75,23.75,0.53735
1680,93,363.75,14,28.5,0.53726
1680,279.5,232.75,12.5,25.25,0.53725
1680,56,4.25,49.75,99.25,0.53567
1680,44.25,356.75,14,28,0.53492
1680,475.25,329.25,15,30,0.53346
1680,181,77.25,17,34.5,0.53285
1680,525.75,50.75,14.5,28.75,0.53285
1680,507.25,317,20.25,40.25,0.5327
1680,68.5,102.25,14.75,29.25,0.53228
1680,325.25,61.5,17.25,34.5,0.53215
1680,114.25,192.75,14,28.25,0.53114
1680,204.5,80.5,12,24.5,0.53086
1680,357,291.5,29.25,58.5,0.53054
1680,20.25,386.25,15,30.25,0.53027
1710,294.25,46.5,13.5,26.75,0.61382
1710,155.25,13.75,17.25,34,0.5644
1710,260.75,108.5,14.25,28.5,0.56161
1710,307.75,41,12.75,26,0.5581
1710,302,71.25,12.75,25.75,0.55739
1710,349,41,12,24.5,0.55259
1710,248.25,11.75,12.5,25,0.55125
1710,364.25,60,12.25,24.5,0.54803
1710,335.75,50.75,15.25,30,0.54703
1710,269,7.25,12.75,25.5,0.54562
1710,428.5,276.5,12.5,24.75,0.54354
1710,373,48.25,14.75,29.5,0.54342
1710,355.75,41.25,12.25,24.25,0.54306
1710,196,79.75,12.5,25,0.54262
1710,352.75,53,11.5,23,0.54234
1710,364.25,70.75,12.75,25.5,0.54226
1710,340,74.25,14.75,29.5,0.54116
1710,562.75,120,34.25,68.5,0.54045
1710,181.75,74.75,12.25,24.75,0.54013
1710,57.75,8,47,94,0.53922
1710,564.25,46,13.5,27,0.53762
1710,268.25,94.25,16.5,33.25,0.53668
1710,282.25,191,14.75,29.5,0.53496
1710,251,297.25,12,24,0.53471
1710,610.75,77,11.5,23,0.53468
1710,327.75,75.75,12.75,25.5,0.53414
1710,261.25,19,14.75,29.5,0.53323
1710,444,42.5,12.75,25.5,0.53245
1710,332.25,30.25,12.75,25.25,0.53227
1710,160.75,414.25,20,40,0.53212
1710,257,10.25,12.5,24.75,0.53137
1710,598.75,321.5,14.75,29,0.53112
1710,180,3,11.5,23,0.53107
1710,341,35.5,16,32,0.53051
1710,37.25,31.5,13.75,27.75,0.53039
1710,519.5,4.5,13.5,27,0.53035
1740,236,12.75,13.75,27.5,0.5631
1740,286.25,80.5,12.75,25.25,0.56271
1740,365,26,15,29.5,0.56088
1740,533.75,54,13.5,27,0.55961
1740,297,23.25,12.5,25.5,0.55683
1740,229,14.25,14,28.25,0.55361
1740,216,6.25,13.25,26.75,0.5528
1740,307.75,11.5,17.25,34.25,0.5524
1740,244.25,27,13,26.25,0.55228
1740,347.75,50.5,12.75,25.5,0.5505
1740,486.5,24.5,14,28,0.54643
1740,229.75,223.5,35,70,0.54453
1740,333.5,72,12.5,24.75,0.54261
1740,56,6.25,47.25,94.75,0.541
1740,190.5,143.5,14,28.25,0.53872
1740,248.25,64.75,12,24,0.53651
1740,512.25,79.25,12.5,25.5,0.53604
1740,174,83.75,13.5,27,0.53602
1740,343.75,5,13.25,27,0.53474
1740,525.5,53,13.25,26.5,0.53453
1740,494.5,24.75,12.25,24.25,0.53207
1740,122.75,139.5,78,155.75,0.5316
1740,24.25,289,11.75,23.75,0.53149
1740,548.5,50.5,14,28.25,0.53144
1740,625.5,191.25,16,32,0.53075
1740,323,133.25,25,50,0.53016
1770,373.75,299,13,25.5,0.55286
1770,270.5,50.75,14.75,29.75,0.54937
1770,316,81.75,16,32,0.54931
1770,572.25,46.75,13,25.75,0.54811
1770,204.25,15.5,14.5,28.75,0.54685
1770,228.75,40,12.5,24.75,0.54341
1770,299.5,82.75,15,30.25,0.54321
1770,624.75,193,16.75,33.5,0.54029
1770,324.5,64.5,12.5,24.75,0.53947
1770,415.75,169.75,18.25,36.5,0.53894
1770,149,192.5,12.5,24.75,0.53812
1770,461.75,416,12.75,25.5,0.53654
1770,244.5,3,12,24,0.53569
1770,575.75,78.5,13,26,0.53512
1770,372.75,271.75,15.5,31,0.53511
1770,325.25,78.5,14.25,28.75,0.53465
1770,531.75,49.75,15.5,31,0.53431
1770,517,92.25,14.25,28.5,0.53376
1770,150.5,413.75,14.75,29.75,0.53338
1770,245.5,289,14.75,29.75,0.53232
1770,379,46.5,16.5,33,0.53229
1770,348,7.5,12,24.25,0.53224
1770,282.5,76.25,18.75,37.75,0.53205
1770,507.5,172.25,16,32,0.53115
1770,46.75,266.5,11.75,23.5,0.53081
1770,-4,227,33,66,0.53016
1800,190.75,79,12.75,25.5,0.56292
1800,302,13.75,16.5,32.75,0.55155
1800,277.75,85,14.25,28.5,0.55052
1800,300.5,302.5,13.75,27.75,0.54423
1800,364.5,63,16.25,32.5,0.54419
1800,283.5,69.75,13.5,27.25,0.54318
1800,323.75,77.5,17.5,34.5,0.54074
1800,300.25,230.75,12.75,25.5,0.54016
1800,284.5,91.5,14.75,29.5,0.5396
1800,300.25,282.75,12.5,25.25,0.53939
1800,564.75,50.5,14.25,28.5,0.53883
1800,197.5,76.25,14,28.25,0.5378
1800,286,241,12.25,24,0.53749
1800,316.25,244.5,12.5,25,0.53702
1800,262.25,102.25,13.5,27,0.53497
1800,341.75,74,18.25,36.5,0.534
1800,364.25,24,12,24.25,0.53269
1800,378.75,241,12.25,24.5,0.53237
1800,356.25,75.25,14.5,29.25,0.53153
1800,293.25,19.5,13.5,26.75,0.5312
1800,277,90.75,15.25,30.25,0.53095
1800,467.75,253,16.5,33.25,0.5309
1800,524.75,51,13.5,27,0.53062
1800,500.75,32.5,12.25,24.5,0.53061
1800,323.5,281.25,18.25,36.5,0.53017
1800,608.75,442,13.75,27.75,0.53012
