30,78,137.25,12.75,26,0.54667
30,403.75,422.25,13,26,0.54457
30,570.5,418,15.75,31.75,0.54302
30,548,190.75,83.25,166.5,0.5411
30,-1,76.75,21.25,42,0.54102
30,388.5,80.75,12.5,24.75,0.5383
30,359.25,358.75,13.25,26.75,0.5372
30,344.25,433.25,12.5,25,0.537
30,158.5,222,16.5,32.5,0.53642
30,347.25,8.75,12.25,24.5,0.53565
30,571.75,405.25,34.5,69,0.53563
30,332.25,13.5,13.25,26.25,0.535
30,313.5,384.25,16.25,32.25,0.53396
30,526.5,154.75,58.25,116.75,0.53388
30,236.75,423,12.75,25.5,0.53368
30,220.5,424,12.75,25.5,0.5333
30,252.75,419,15,29.75,0.5327
30,198.25,189.25,29.5,59,0.53253
30,0,108.25,12.75,25.5,0.53251
30,494.5,435.5,12,24.5,0.53189
30,461.75,349.5,56.5,113.25,0.53149
30,348.25,435.5,14.75,29.5,0.53141
30,399.5,357.25,13.25,26.5,0.53062
30,82,60.5,12.75,25.75,0.53058
30,246,98.25,16.5,32.75,0.53054
30,340.25,3.25,12.5,25,0.53043
30,583,342.5,66.5,133,0.53029
60,532.25,170,46.75,93.5,0.55359
60,348,7.5,12.5,25,0.54804
60,82.5,51.75,12,24,0.54658
60,621,248.5,18.25,36.5,0.54231
60,435,75,15.25,30.25,0.54095
60,626,163,14,28,0.53963
60,506.5,162.5,31.5,63,0.53916
60,506.5,200.5,14,27.5,0.53846
60,236.25,74.25,14.5,28.5,0.53803
60,57,198.25,14.75,29.75,0.53674
60,542.25,372.5,48.75,97.75,0.53377
60,237.5,87.25,16.25,32.75,0.53349
60,249.75,55.25,23.75,47.5,0.53254
60,340.25,3.25,12.25,24.75,0.53228
60,565.5,248,13,26.25,0.5318
60,439.5,185.25,12.25,24.5,0.53146
60,86.5,262.75,13.25,26.5,0.53125
60,103.25,158.25,20.75,41.5,0.5308
60,515,191,32,64.5,0.53011
90,553.25,165.25,53.75,107.25,0.56468
90,214.5,70.25,16,31.75,0.56243
90,63.25,197.25,27,54,0.54805
90,221,122,12.25,24.25,0.54646
90,628,211.5,12.75,25.75,0.54616
90,348.25,420.75,22.25,44.75,0.54542
90,121.5,426.25,20,40,0.54538
90,90.75,425.5,19.5,38.5,0.54505
90,500,428.75,19.75,39.25,0.54429
90,336.5,376.25,45.75,91,0.54381
90,307.75,374.75,45,89.75,0.54212
90,258.5,133.75,12,23.75,0.54071
90,586,172.25,26.75,53.75,0.54002
90,231.5,368.25,48.75,97,0.53925
90,603.75,259.25,13.5,27.25,0.53863
90,589.75,202.25,19,37.75,0.53762
90,539.75,224.75,15.5,30.75,0.53743
90,325,378,15.5,30.75,0.53636
90,46,70.25,120.5,241,0.53549
90,496,408.25,29.5,59.25,0.53479
90,600.5,158,23,45.75,0.53455
90,186.5,109,12,24.5,0.53382
90,525.75,341,12.25,24.75,0.53375
90,-0.5,42.75,14.25,28.75,0.53317
90,246,49.5,15.25,30.75,0.53253
90,-11,283.5,92,183.5,0.53225
90,12.5,191.5,63,125.75,0.53222
90,207.5,132,14.25,28.75,0.53087
90,202.25,62,12,24,0.53082
90,470.25,35.5,13.75,27.5,0.53061
90,321,420.25,20.5,41,0.5306
90,277.75,182.75,29.75,59.75,0.53003
120,562.75,166,57.75,115.5,0.56379
120,28.25,280.75,13.5,27.5,0.55722
120,411.25,127.75,165,330,0.55252
120,622,271,12.75,25.75,0.54352
120,550.75,234.5,14.75,29.75,0.54032
120,523.25,161.25,23,46,0.54019
120,136.75,409.75,12.25,24.25,0.53792
120,45.25,201.25,27.75,56,0.53707
120,255.75,42.5,15,30.25,0.53687
120,201.5,61,15.25,30.75,0.53643
120,327.5,395.25,35.25,70,0.53374
120,298.75,303,80.5,161.5,0.5333
120,602.25,180.75,28,56,0.53273
120,556.75,437,12.25,24.75,0.53207
120,348.5,328.5,12.5,24.75,0.53162
120,274.5,42.25,14.25,28.5,0.53122
120,625.5,267.5,14.75,29.5,0.53095
120,328.5,337,12.25,25,0.53067
120,322.75,197.75,19,38,0.53046
120,626.25,259.25,12.75,25.5,0.53022
120,226.75,412.75,11.5,23.25,0.53012
150,570,179.5,58.5,116.75,0.5658
150,266.75,193.75,35,70,0.55002
150,622.75,59.75,16,32.25,0.54543
150,378.25,5.25,42.25,84.5,0.54287
150,341,10.75,14.25,28.5,0.54233
150,244,58.5,12.25,24.5,0.54073
150,464.75,28.75,11.75,23.5,0.53926
150,54.5,209.25,15.75,31.75,0.53873
150,36.5,212,30.25,60.25,0.53788
150,415,162.25,150,300,0.53599
150,552.75,241.5,17.5,34.75,0.53491
150,625.25,31.25,15.25,30.5,0.53214
150,48.25,417,12,24.5,0.53163
150,261,99.25,12.75,25.5,0.53155
150,369.75,51.5,17.5,34.75,0.53136
150,296.5,415,12,24,0.53062
150,255.25,54.5,14.5,28.75,0.53041
150,477.25,38.25,16,32,0.53022
180,570.25,186.75,61.75,123.75,0.54732
180,416,217.75,37.5,74.75,0.54394
180,252,327.5,12.5,25.5,0.54308
180,69,418.75,15.25,30.5,0.54199
180,536,228.25,12.75,25.75,0.53915
180,23.25,322.5,14.5,29.25,0.5383
180,543.5,214.5,39,77.75,0.5366
180,555.5,257.25,16.75,33.25,0.53645
180,52.25,238,14,28,0.53519
180,479.5,282.75,23.75,47.5,0.53509
180,14.5,311,13.5,27,0.53463
180,417.25,136,14.5,29,0.53308
180,193,325.75,22.5,44.75,0.53267
180,33,225.25,28.25,57,0.53226
180,610.75,185.5,24.5,49.5,0.53173
180,618.5,273.75,22.75,45.75,0.53151
180,443,95.25,16.25,32.5,0.53136
180,30.5,242.5,13.75,27.5,0.5313
180,213.25,93.5,14.75,29.5,0.5307
180,200.75,84.75,12,24.25,0.53056
180,93.75,246.25,23.75,47.75,0.53032
210,44.5,219,19.5,38.75,0.56303
210,617,188.5,24.5,48.75,0.54466
210,89,248.75,26,51.75,0.54169
210,543,213.5,39.75,79.5,0.54058
210,570.75,186.75,61.5,123,0.54047
210,332.75,23.25,15,30.25,0.53881
210,26.5,225.5,30.5,61,0.53822
210,516.25,258.75,14.75,29.25,0.53817
210,366.25,218.5,13,26,0.53609
210,170,399.75,13,26,0.53578
210,450.75,154.25,17.25,34.5,0.53503
210,227.75,338.75,13.25,26.75,0.53449
210,360.25,84,15,30,0.53418
210,369.5,67.25,15.5,30.75,0.53353
210,518,50,26.5,53,0.53316
210,344.75,333,11.5,23,0.53288
210,428.75,242,12.25,24.75,0.53122
210,531.5,322.5,14.25,28.75,0.53045
210,326.75,124.25,13,26,0.53007
240,251.75,325,13.25,26.25,0.54899
240,22.75,50,13.25,26.5,0.54829
240,560.5,436,21,42.25,0.54272
240,10.25,221.5,31,62,0.54119
240,503.5,185.5,18.25,36.5,0.53943
240,298.75,342.75,12,24,0.53809
240,549.75,207,42,84.25,0.538
240,572.25,454.5,12,24,0.53793
240,443.25,450,13.25,26.5,0.53771
240,128,209.75,37.5,74.5,0.53476
240,76.25,367,13.25,26.5,0.53465
240,566.5,260.5,16.25,32.25,0.53426
240,318.25,112.5,11.75,23.75,0.53383
240,381,45,36.25,72.5,0.53275
240,-1.5,315.5,12.5,25,0.53237
240,259.75,325.25,13.75,27.5,0.53151
240,400.25,129.5,26.25,52.75,0.53081
240,78.25,244,27.5,55.25,0.53063
240,31,212.75,21.25,42.75,0.53031
270,283.5,347.5,16.25,32.5,0.55017
270,561.25,205,43.5,87,0.54843
270,268,344,12.5,25.25,0.54775
270,0.25,98.25,12.5,24.75,0.54758
270,280.25,344.25,12.5,24.75,0.54351
270,107.75,254.5,31.75,63.75,0.54315
270,110.75,205,39.25,78.25,0.54112
270,554,172,44.75,89.5,0.54036
270,79.25,222.25,16,31.75,0.53936
270,252.25,339.75,14.5,29,0.5382
270,485.5,40.25,12.5,25,0.53572
270,460.75,19,11.5,23,0.53553
270,74.25,123.25,13.75,27.5,0.53484
270,17,231.75,12.25,24.5,0.53303
270,299.5,351,15.25,30.75,0.53262
270,114.5,133.5,24.25,48.75,0.53238
270,449.25,132.5,13,26,0.53149
270,316.25,341.5,12,24,0.53079
270,259.5,343,12.75,25.5,0.5307
270,554.5,224.5,15,30.25,0.5306
270,570,255,12,24,0.53005
270,68.25,71.25,13,26,0.53005
300,246.25,355.75,13.25,26.5,0.56544
300,562.5,206,44.5,88.5,0.54958
300,117.5,226,15,29.75,0.54385
300,576.5,254.5,21.25,42.5,0.5382
300,110,239.25,14.25,28,0.53585
300,102.5,259.5,29.5,59.25,0.53427
300,387,48.75,22.5,44.75,0.53367
300,524,178,40.5,81.25,0.5324
300,508,180,26.5,53,0.53204
300,-8.75,289.25,75,150.5,0.53015
330,356.25,264,15.25,30.5,0.55057
330,229.5,353.25,13.25,26.5,0.54752
330,171.75,263.5,14,28,0.54659
330,561.75,204.75,45,89.75,0.54603
330,33.25,93.75,19.75,39,0.54161
330,195.75,358.75,12.75,25.25,0.54043
330,366.25,362,12.75,25.75,0.5399
330,159,127.75,13.75,27.5,0.53913
330,197,81.25,16.25,32.25,0.53772
330,509.75,182.75,21.5,43.25,0.5368
330,387.75,352.75,12.25,24.75,0.53509
330,371.5,258,13,26,0.53415
330,26.25,408,14.75,29.75,0.53338
330,168,264.75,13,26.25,0.5326
330,316,105,12.75,25.25,0.53191
330,578.25,262,18.5,37,0.53136
330,237.25,336.75,13.5,26.75,0.53121
330,443.75,446.5,12.5,25,0.53103
330,166.25,408.25,32.5,65,0.5307
330,366.5,216.75,13,26.25,0.53047
360,408,353.75,12.5,24.75,0.58302
360,357.75,351,13.25,26.25,0.55159
360,561.75,207.75,45,89.75,0.55153
360,219,234.5,15,30.25,0.54841
360,30,190,15,29.75,0.54218
360,64.5,249.25,23.25,46.5,0.54137
360,38,99.25,16.5,33.25,0.54076
360,388.25,353,13,25.75,0.54063
360,326,382,14,27.5,0.53955
360,374.75,217.25,13.25,26,0.53734
360,197,82.25,16,32,0.53727
360,250.5,143.75,12,24.25,0.5359
360,437,89.75,15.25,30.5,0.53571
360,102,260.5,33.75,67.75,0.53494
360,-9,106.5,72.75,145.5,0.53439
360,53.75,384.75,13.75,27.5,0.53424
360,578,264.25,18,35.75,0.53378
360,294.25,380.75,12.5,24.75,0.53327
360,561.75,336.75,19,38,0.53283
360,403,363.25,15.5,31,0.53272
360,510.25,40,12.5,24.5,0.53263
360,578,189.5,12.25,24.5,0.53236
360,465,436.75,20.75,41.25,0.53234
360,46.5,264.5,15.25,30.5,0.53222
360,555.75,228.5,14.75,29.5,0.53188
360,264.75,201.25,34,68,0.53159
360,510.75,184.25,21.5,43.25,0.53079
360,269.5,39,192.75,385.5,0.53061
360,309,350.75,14,28,0.53034
360,355.25,217,13,25.5,0.53018
360,284.75,355.75,14.75,29.25,0.53006
390,562.5,205,42.5,84.75,0.55243
390,236.75,336.5,12.25,24.5,0.547
390,19.25,136.5,12.75,25.25,0.54475
390,0,103.75,12.5,25.25,0.54409
390,412.25,364.5,14.25,28.5,0.54245
390,291.5,353,15,30.25,0.54119
390,375,308,14,28,0.53721
390,557.5,230,14,28,0.53705
390,244,336,12.25,24.5,0.53649
390,266.25,199.75,35.25,70.5,0.53648
390,116,229,17.25,34.75,0.53538
390,171.5,264.75,14.5,29,0.53534
390,477.75,186.25,29,58.25,0.53412
390,196,80.5,17.25,34.5,0.53341
390,608.25,114.5,36.5,72.75,0.53252
390,603,124.75,17,34,0.5324
390,308.75,360.75,15.75,31.5,0.53239
390,240.75,67,12,24,0.53156
390,217,227.75,25,50,0.53105
420,236.75,337,12.25,24.5,0.57677
420,103,209.75,44.5,89.25,0.55482
420,563,211,43.75,87.75,0.55219
420,79.25,229,14.25,28.5,0.54902
420,556.75,231.25,14.75,29.5,0.54628
420,577,262.75,19.5,39.25,0.54533
420,0.5,105.25,12.25,24.25,0.54471
420,355,218.75,13.5,26.75,0.54312
420,228,354.25,16.75,33.5,0.54097
420,102.5,264.75,30.25,60,0.53558
420,405,355.75,14.5,28.5,0.534
420,294.5,105.75,11.75,23.75,0.53167
420,561.5,337.75,19.75,40,0.53158
420,327.75,384,12.5,24.75,0.53124
420,452.5,24.75,11.75,23.5,0.53116
420,386,356,14.5,29,0.53061
420,442.75,90.5,17.75,35.75,0.53059
420,199.75,354.25,15.5,31,0.53054
420,532,68.75,12.25,24.5,0.53031
450,126.25,249.75,12.5,25,0.55912
450,364.5,347.5,12.25,24.25,0.55616
450,249.5,345.75,15.5,31,0.54744
450,110.5,214.25,50.25,100.75,0.5454
450,266.75,339.75,12.5,25,0.54178
450,0.25,108.25,12.5,25.25,0.53819
450,464.5,225.75,18,36,0.53804
450,203.75,94.25,17.25,34.5,0.53798
450,563.75,210,41,82.25,0.53589
450,261.5,68.75,18.5,37,0.53532
450,29.5,424.25,13.75,27.5,0.5351
450,387.5,23,149.75,299.25,0.534
450,400.5,174.25,15.25,30.5,0.53321
450,469.25,239,12.75,25.25,0.53319
450,349.75,341.5,14.25,28.25,0.5329
450,120,267.5,27,54,0.53286
450,46.75,270.5,14.75,29.75,0.5324
450,79,233.5,14,27.75,0.53228
450,510.75,46,11.5,23,0.5315
450,479.75,64.75,115.5,231.25,0.53131
450,558.25,358.5,13.5,27,0.53119
450,26.25,416.75,12,23.75,0.53107
450,20.25,142,12.25,24.5,0.53057
480,268.5,330.25,13.75,27.5,0.54845
480,0.25,114.25,12,23.75,0.54326
480,355,77.75,13.25,26.25,0.54297
480,562,217,45,89.5,0.54216
480,617.75,138.5,23.5,47.25,0.53904
480,604.25,227.5,12,24,0.5386
480,146,216.5,39.25,79,0.5386
480,367.5,72.5,15.5,31.25,0.53813
480,386.75,92,12.25,24.25,0.53734
480,579.25,280.75,14.25,28.5,0.53511
480,246.25,397.25,12.25,24.5,0.53393
480,370.25,86,13,25.75,0.53182
480,279.25,66.75,29.5,59,0.53163
480,363,158.5,13,26.25,0.53118
480,212.75,385,15,30.5,0.53018
480,490.75,42,18,36.25,0.53017
480,482.5,102.5,17,34,0.53014
510,559.25,214,48.5,96.5,0.54845
510,231,113.25,21.5,42.75,0.54834
510,388.75,219.25,34,67.75,0.5478
510,549.75,194.75,12.25,25,0.53938
510,-0.75,116.25,12.25,24.25,0.5378
510,577,273.75,19,38,0.53543
510,367.75,75.75,14.25,28.25,0.53345
510,284.25,385.75,15.5,30.5,0.53316
510,289,365.5,13.5,27.25,0.53283
510,292,386.75,13.5,27.25,0.53214
510,486.75,55,12.5,25,0.53198
510,300.75,454.5,12,24,0.53118
510,361.75,167.75,13.25,26.5,0.53116
510,155.5,427.25,22.5,45.25,0.53068
540,343.5,391.75,13.25,26.75,0.5517
540,-0.75,263.75,14,27.75,0.54781
540,627.25,381.75,13.5,26.75,0.5462
540,626.25,230.75,12.25,24.5,0.54301
540,36.5,110.5,15,30.25,0.54241
540,496.25,44.75,13.25,26.5,0.54175
540,317,382.25,15.5,31.25,0.54026
540,230.5,111.25,20.25,40.75,0.53995
540,328,399.5,13,26.25,0.53808
540,325.75,388,15,29.75,0.53754
540,367.75,74.25,15.5,31.25,0.53739
540,624.5,42,18,35.5,0.53588
540,327.25,169.75,17,33.5,0.53584
540,365.75,396.5,13.25,26.25,0.53485
540,502.5,412,19,37.75,0.53345
540,-1.75,228.5,14.75,29.5,0.53302
540,462.5,154.25,12,24,0.53265
540,500,453.75,12.25,24.75,0.53202
540,622.25,141.5,20.25,40.5,0.53162
540,574.75,215.75,51.5,102.75,0.53148
540,611,190,32.75,65.75,0.53107
570,300,419.25,13.75,27.25,0.55827
570,316.75,433,15,30,0.54976
570,389,442,15.25,30.25,0.54673
570,324.5,425.25,15.75,31.5,0.54673
570,228.75,412.25,15,30,0.5459
570,444.5,188,28.5,57,0.54587
570,530,18.75,14.5,29.25,0.54545
570,92.5,409.75,14.75,29.5,0.54503
570,413.75,443.25,15,30.25,0.54455
570,219.5,353.5,17.25,34.5,0.54402
570,292.5,420,13.75,27.5,0.54402
570,139.75,428.5,12,23.75,0.54306
570,511.5,22,14,28,0.54167
570,518.75,270,13,26,0.54025
570,628.75,270,11.5,23,0.53935
570,326,448.5,14.25,28.75,0.53822
570,564.75,281.5,13.5,27.25,0.53711
570,315.75,414.5,17.25,35,0.53684
570,390.5,312.75,12.25,24.75,0.53628
570,399.75,449.5,12.25,24.75,0.53527
570,376,41.5,18.25,36.5,0.53508
570,368.25,68.5,14.25,28.75,0.53498
570,76.5,414.5,12.25,24.75,0.53398
570,525.5,452.75,12.25,24.75,0.53326
570,237.75,95.5,12.75,25.5,0.53322
570,285,413.5,13.75,27.75,0.53192
570,622.5,74.75,16.75,33.25,0.53188
570,491.25,148.5,15.75,31.5,0.53159
570,396.5,383.25,13.5,26.75,0.53148
570,489.75,37.5,138.5,277,0.53146
570,478.5,10,25.5,51,0.53099
570,288.75,71,11.5,23,0.53064
570,308,419.75,13,26,0.53025
570,109,410,14.5,29,0.53016
600,133,353.75,15.5,30.75,0.56312
600,118.5,358.75,13.25,26.25,0.56264
600,428.75,408.75,13.25,26.25,0.55729
600,276.5,416.25,15.75,31.5,0.55539
600,373.5,439.25,13.25,26.75,0.55259
600,278,401.25,13,26,0.55252
600,117.25,405.25,13.75,27.25,0.55227
600,211,415,16.75,33,0.54892
600,209.25,422.25,13.5,27,0.54685
600,420,424.25,16.5,33,0.54453
600,381,386.25,15,30.25,0.54336
600,293.25,415.75,16.5,33,0.54238
600,370.75,55.5,15,30,0.54103
600,460.5,141.25,16,32,0.54083
600,112,151,12.5,25,0.54035
600,228,398,17,33.75,0.53986
600,183,311.75,12.75,25.75,0.53894
600,285.5,394,13.75,27.5,0.53831
600,376.5,6.5,12.75,25.5,0.53806
600,376,409.25,12.25,24.25,0.53762
600,217,91,15.75,31.25,0.53751
600,100.5,376,14.25,29,0.53697
600,117.5,370.75,14.25,29,0.53611
600,317.5,215,13.25,26.25,0.53575
600,330.75,374.25,15.25,30.25,0.53562
600,621.5,233.25,19.25,38.5,0.53489
600,156.5,380.75,14.5,29,0.53485
600,370.75,409.75,17.75,35.5,0.53448
600,332.5,311.75,12,24.25,0.53426
600,402.5,196.25,42,84,0.5338
600,359.75,439.75,12.5,24.5,0.53365
600,404.75,399,13.25,26.25,0.53347
600,334,415.75,12.75,25.25,0.53339
600,365.25,442.5,14.75,29.75,0.533
600,141,344,12.75,25.5,0.53294
600,380.75,411.75,15.5,30.75,0.53293
600,172.5,411.5,16,32,0.5329
600,6.75,245.5,13.5,26.75,0.53258
600,436.5,402.75,12,24.25,0.53241
600,75.5,227.5,13.5,26.75,0.53228
600,283.75,416,13.25,26.5,0.53201
600,389.75,383,14.75,29.25,0.53176
600,590.25,282,13,26.25,0.53176
600,192.75,378.75,19.25,38.25,0.53157
600,129.25,190.25,29,58,0.53154
600,23,402.75,13.75,27.5,0.53134
600,389.25,411.5,14.5,29,0.53124
600,423.25,398.75,14.75,29.75,0.53038
600,189.75,308.25,14.25,28.5,0.53019
630,147.75,416.75,12.5,25,0.55412
630,326.25,411,14.75,29.75,0.54936
630,588.5,60,13.25,26.75,0.54031
630,208.25,288.25,12.25,24.75,0.53993
630,467.75,138.5,14.25,28.5,0.5376
630,134.5,420.75,13.25,26.5,0.53501
630,310.5,415.75,12.5,25.25,0.53462
630,407.5,79.75,13.25,26.25,0.5346
630,181.5,303,15.5,31,0.53432
630,612.5,196.75,30.5,60.75,0.53283
630,612.25,191.25,17.5,35.25,0.53258
630,397.75,401.75,16,32,0.53224
630,316.25,368.25,12.25,24.75,0.53205
630,543.75,314.75,22.75,45.5,0.53153
630,376,49.75,17,34,0.53137
630,621.5,240,20.75,41.5,0.53105
630,358.5,149,15.25,30.5,0.5309
630,625.75,62.75,14.5,29.25,0.53058
630,-13,251.25,111.75,223.5,0.53053
660,396.75,415.5,16,32,0.55454
660,390,422,13.75,27.5,0.54302
660,486.5,327.5,14.5,29.25,0.54036
660,610.75,219.5,33.25,66.5,0.53984
660,412.75,348.75,13,26,0.53896
660,372.25,377.5,17.5,35.5,0.53769
660,124.25,400.75,12.25,24.25,0.53761
660,268.5,229.25,14,28,0.53554
660,272,80.75,12,24,0.53476
660,483.25,119,19,38,0.53288
660,381.5,332.75,14.75,29.25,0.53236
660,379.75,328.75,13.75,27.75,0.53221
660,126.5,203.5,12.25,24.25,0.53206
660,180.75,334.5,13.5,26.5,0.53154
660,479.75,343.75,12,24.25,0.53144
660,435,199,44.25,88.25,0.53118
660,594,37.25,13.25,26.5,0.53018
660,414.25,401,14,27.75,0.53003
690,494,377.5,12.75,25.75,0.56052
690,492.75,333,12,24,0.53933
690,532.5,150.75,18,36.5,0.53854
690,476.5,141.25,15,30,0.53788
690,604.25,443.5,12.75,25.75,0.53696
690,44.5,254.75,12.25,24.5,0.5358
690,597.75,162,35,70.5,0.53524
690,-1.75,128,14,28,0.53441
690,442,203.5,47.25,94.5,0.53439
690,20.75,237.75,14.75,30,0.5338
690,605.25,18,12.5,25.25,0.53365
690,611.5,16.5,13.25,26.25,0.53317
690,426.5,212.25,15.75,31.75,0.53296
690,110.25,300.25,14.5,29,0.53237
690,591.5,294.5,12.5,25.5,0.53035
690,291,34.5,16.75,33.75,0.53035
720,269.75,342.5,66.25,132.75,0.55264
720,86.25,231.5,12.25,24.5,0.54482
720,553,160.75,40.75,81.5,0.54437
720,612,20.25,12.25,24.5,0.54118
720,100.25,231.75,42,83.5,0.54082
720,101.5,247.25,13.25,26.75,0.53826
720,54.5,235.5,12.75,25.25,0.53592
720,494.75,335.5,14.75,29.75,0.53489
720,513.25,182.75,138,276.25,0.53487
720,478,144.75,15.25,30.25,0.53385
720,538.25,169.5,36.25,72,0.53318
720,10.5,133,13.5,26.75,0.5331
720,444.75,205,51.25,102.75,0.53212
720,273.5,197.25,37.75,75.5,0.53172
720,370.25,252.5,12,24.25,0.53149
720,518.75,179,11.5,23,0.53007
750,413.75,431.5,13,26,0.55549
750,446.5,210.75,48.75,97.5,0.55094
750,26,212,30.75,61.25,0.55088
750,598,14.75,26.25,52,0.54851
750,36.25,235,16.25,32.25,0.54408
750,365.25,268.25,14.75,29.5,0.54133
750,428.25,390.75,12.5,25,0.53844
750,105,303.5,12.25,24.5,0.53564
750,216.75,265,12,24.25,0.53539
750,442,87,31.5,63,0.53326
750,538.25,46,12.25,24.25,0.53297
750,463.5,224.75,19,38.25,0.53238
750,614.75,10.5,16.75,33.5,0.53166
780,105,305,12.75,25.25,0.55291
780,71.25,187.25,13,25.75,0.55124
780,68,188.75,12.75,25,0.54697
780,446.25,217.75,47.75,95.25,0.53936
780,582.25,171,12.75,25.25,0.53881
780,519,179.25,34.75,69,0.53776
780,207.75,126.75,14.5,28.75,0.53637
780,102.75,243,38.75,77.75,0.53382
780,420.5,251.25,13.5,27,0.53207
780,576.5,89,11.75,23.5,0.53131
810,614.75,14.5,17,34.25,0.54555
810,598.5,360.25,29.5,59.25,0.54226
810,68,190,12.5,25.25,0.53904
810,95.5,431.5,12.25,24.75,0.5379
810,40,206.5,33,65.75,0.53786
810,598,18.75,25.5,50.75,0.53731
810,387,222.75,14.5,29,0.53604
810,382,224.5,12.5,25.25,0.53385
810,378.5,53.25,15,30,0.53246
810,104.75,307.5,12.5,24.75,0.53223
810,508,343.75,12.75,25.5,0.53184
810,448,44.5,12.75,25.75,0.5317
840,226.75,134.75,13,26,0.55534
840,559.75,201.5,19.25,38.75,0.54834
840,516,188.25,26.25,52.25,0.54692
840,499,352,15.25,30.75,0.54268
840,231,129.75,15,29.75,0.53946
840,416,375.75,12.5,25,0.5384
840,-1.5,129.5,14.25,28.5,0.53709
840,614.75,14.75,17,34,0.53621
840,99.5,242.25,15.5,30.75,0.53615
840,100.5,240,41.5,83,0.53584
840,105,307.5,12,24.5,0.53556
840,537,166.75,15.25,30.25,0.53399
840,406.25,170,13,26.25,0.5331
840,84.25,190.25,41.75,83.5,0.53239
840,596.5,357,30.75,61.75,0.53231
840,41.75,207.25,32,64,0.53211
840,222.75,243.75,22.25,44.5,0.53146
840,366.25,358.5,13.5,27,0.53123
840,434.5,380.25,11.5,23.25,0.53102
840,185.25,436,13.75,27,0.53074
840,348.75,363,13,26.25,0.53046
840,531.25,215.25,13.25,26.25,0.53042
840,387.75,439.75,12.5,25.25,0.53026
870,581.75,184,14.25,29,0.55527
870,439.75,380.25,12.5,24.75,0.55428
870,379,54,14.75,29.75,0.54472
870,86,371.75,14,28,0.53953
870,348.5,358.25,13.5,27,0.53626
870,341.25,244.5,21.75,43.75,0.53575
870,431,373,13.75,27.25,0.53567
870,508.25,403,13.25,26.5,0.53343
870,405.75,170.25,13,26.5,0.53261
870,537.5,187.5,40,79.75,0.53232
870,546.75,81.25,16.25,32.25,0.53167
870,10.75,143,12.75,25.5,0.53083
870,492.25,388,15.75,31.5,0.53047
870,445.25,214,52,104.25,0.53026
870,535.75,38.25,13.5,26.5,0.53018
900,332.25,162.75,12,24.25,0.55677
900,158.5,358.5,13.25,26.5,0.54387
900,315.75,416,12.75,25.5,0.54153
900,517.25,186,34.25,68.25,0.53689
900,473.75,251.25,16,32.25,0.53596
900,68,191.5,12.5,24.75,0.53582
900,40.5,208,32.75,66,0.53561
900,66.5,192.25,12.25,24.5,0.53246
900,223.5,248.5,19.25,38.5,0.53215
900,294.5,292.75,12,24,0.53202
900,230,411,15.5,31.5,0.53113
900,100.5,281.25,26.5,53.25,0.53088
930,326,284,13.25,26.25,0.56282
930,378.75,54.25,14.75,29.5,0.55032
930,168,384.25,12.5,24.5,0.54578
930,380.75,17,11.5,23,0.54481
930,484.25,386.75,14.25,28.75,0.5432
930,405,436.5,14,28,0.54065
930,332.25,164.25,12,24,0.54058
930,373.25,359.25,13,25.75,0.53685
930,236,289.25,15,30,0.5361
930,316.5,429.5,15.25,30.75,0.53504
930,197,348.5,14.25,28.5,0.53364
930,109.5,428.75,13.25,26,0.53267
930,80.75,213,11.5,23.5,0.5326
930,614.75,16,17.25,34.25,0.53104
930,403.5,222.25,13,26.25,0.53081
930,229.5,285.75,13.5,27.5,0.53074
930,365,354.25,15.5,30.75,0.53047
930,514.75,403,13.75,27.25,0.53033
960,438.25,104.25,21,42,0.54643
960,67.5,192,12.75,25.25,0.54515
960,326.25,285,12.75,25.75,0.54456
960,86,372.25,13.75,27.5,0.54182
960,446.25,215.5,48.5,97.25,0.53847
960,538.75,164.75,15.5,31,0.53812
960,423.75,447.5,12.75,25.75,0.53741
960,41.75,208.25,30.75,61.5,0.53476
960,332.5,164,12,24,0.53323
960,468.5,440,12.75,25.5,0.53191
960,431.75,374,12.75,25.75,0.53103
960,446.25,44.75,13.25,26.75,0.53059
960,554,198.75,21,42,0.53041
960,546.75,81,16.5,33,0.53026
960,149.75,218.25,12.5,25.25,0.53004
990,506.5,189,26.25,52.25,0.56095
990,388.75,440,12.25,24.25,0.55301
990,98,216.5,40,79.75,0.55083
990,85.75,369.5,14.5,29.25,0.54095
990,497.25,341,13.75,27.5,0.53924
990,11.5,143.5,12.25,24.5,0.53896
990,326,284,12.75,25.5,0.53857
990,405.75,170.5,13.5,26.5,0.53705
990,538.75,165,15.25,30.5,0.53646
990,559,203.25,18.5,37,0.53631
990,277.25,106,14.5,29.25,0.53441
990,364.25,401,12.5,24.5,0.53243
990,233.25,408.5,12.25,24.25,0.5322
990,523,217,12.25,24.75,0.53123
990,96.75,244.5,45.75,91.75,0.53101
990,423.75,208.5,14,28.25,0.53024
1020,66.75,192,12.5,24.75,0.54878
1020,86.25,372.5,14.75,29.25,0.53812
1020,444.5,352.5,12.25,24.5,0.53774
1020,430.75,225,14.75,29.5,0.53721
1020,56,114.75,11.75,23.5,0.53651
1020,326.25,285,12.75,26,0.53463
1020,500.75,82.75,12.25,24.75,0.53434
1020,484.75,384,15.25,30.25,0.53304
1020,364.5,240.25,12,24.25,0.53272
1020,42,208,32.5,65,0.53202
1020,515.25,398.5,16.25,32.25,0.53176
1020,348,277.75,13.25,26.25,0.53113
1020,405.5,222.25,15.5,31,0.53064
1020,93,368.25,27.5,55.5,0.53056
1020,352,225.25,11.75,23.5,0.53034
1050,507.5,189,25.5,51.25,0.57327
1050,404,436.75,13.25,26.5,0.56432
1050,389.25,267.75,14.75,29.75,0.55672
1050,333,403.5,14.75,29.75,0.55188
1050,491.5,335,17,34,0.55104
1050,334,104.75,12.75,25.25,0.54892
1050,164.75,356,14.25,28.75,0.54459
1050,502,220.25,12.75,25.25,0.54299
1050,228.25,104.75,17,34.25,0.54172
1050,332,162,12.5,24.75,0.54141
1050,559.25,204.5,18,36.25,0.54048
1050,65.75,192.75,12.25,24.5,0.5402
1050,229.75,415.5,13.75,27.5,0.53958
1050,508.25,344.25,13,25.75,0.53872
1050,447,44.5,13,26,0.53853
1050,373,406.25,16.5,33.25,0.538
1050,517.25,344.75,13,26,0.53765
1050,412.75,437.25,14,28.25,0.53696
1050,43.75,203.75,38,76,0.53684
1050,333,431.25,13.5,27,0.53646
1050,614.75,15.75,17,34,0.5363
1050,165,349,14.25,28.75,0.53564
1050,374.5,402.25,11.75,23.75,0.53557
1050,536.75,164.25,17,34,0.53534
1050,412.25,257.75,13.5,26.75,0.53524
1050,371.25,273.5,15.75,31.5,0.53505
1050,181.25,325,14,27.75,0.53494
1050,189.75,347.25,14.75,29.5,0.53481
1050,389,436.75,14.5,28.75,0.53457
1050,228.75,426.25,15,30.5,0.53441
1050,225.25,135.75,12.5,25,0.5343
1050,508.5,360,15,30,0.53382
1050,380,414,13.5,27.25,0.53357
1050,135.25,431,13,25.75,0.53274
1050,532,393.5,12.25,24.5,0.53248
1050,555.25,330.75,18.5,37.5,0.53215
1050,104.75,309.75,12,24,0.53189
1050,406.75,172,13,25.75,0.53177
1050,619.5,34.75,22,44.5,0.53049
1050,189.25,314.5,15.5,31,0.5304
1080,486.25,388,14.25,28.25,0.56502
1080,430,372.75,14.25,28,0.56238
1080,365.75,366.25,13.25,26.25,0.55502
1080,380.25,366.5,13.25,26.25,0.55374
1080,445.5,211,50.5,101.5,0.54994
1080,397,277.25,13.5,27.5,0.54854
1080,396.5,247.25,13.75,27.75,0.54756
1080,359.25,333.75,12.75,25.75,0.54684
1080,515.75,385.75,15.75,31.25,0.54671
1080,334,103.75,12.5,24.75,0.54345
1080,452.25,364,14.25,28.75,0.54227
1080,173,350.75,13,26.25,0.53979
1080,80.5,213,12,24,0.53895
1080,499.25,257.5,16,32.5,0.53882
1080,332.25,163.25,12.25,24,0.53825
1080,223.5,246,21.25,42.5,0.5377
1080,229.5,139,13.75,27.75,0.53756
1080,509,380.5,14.25,28.25,0.53741
1080,523.5,202.5,14.75,29.75,0.53724
1080,235.5,139.25,14.75,29.5,0.53567
1080,508.25,353.75,15.5,31,0.53521
1080,519,403.75,13.25,26.5,0.53469
1080,380.75,267.75,15.25,30.25,0.5344
1080,372.25,416.5,12,24.25,0.53302
1080,405,25.5,19.25,38.25,0.53285
1080,278.5,103.5,12.25,24.75,0.53229
1080,421.75,201,13,25.75,0.53167
1080,548,83.25,14.5,28.5,0.53133
1080,387.75,438.75,14.5,29.25,0.53105
1080,578.25,85.75,14.5,28.75,0.531
1080,357.5,258.25,15.25,30.25,0.53083
1080,384.5,400.25,12,24.5,0.53082
1080,373,268.5,14.25,28.5,0.53061
1080,227.25,134.5,13.75,27.5,0.53046
1110,357,357.25,14,28.25,0.55985
1110,389.25,435,14.25,28.25,0.55719
1110,381,365,14,27.75,0.55236
1110,527.5,194.75,36.5,73.25,0.55164
1110,508.25,361.25,15,30,0.5512
1110,396.5,246.25,14.5,28.75,0.54897
1110,371.75,413,13,26.25,0.54643
1110,405.75,170,13.25,26.75,0.54456
1110,188.75,317.25,14.75,29.5,0.54406
1110,181,339.5,14.25,28.75,0.54102
1110,405.5,436.25,13.75,27.75,0.54063
1110,418.75,383,17,34,0.53879
1110,448.25,45,12.5,25,0.53714
1110,299.75,153.25,13.75,27.25,0.5366
1110,397,141.25,13.25,27,0.53524
1110,392.5,368.25,21.5,43,0.53485
1110,388.75,264,15.75,31.5,0.53445
1110,491,381.25,17.75,35.5,0.53309
1110,431.5,367.75,12.75,25.75,0.53167
1110,79.25,212.75,11.75,24,0.53159
1110,554,440,12.5,25.5,0.53107
1110,337.25,248.5,17.5,35.25,0.53087
1110,626.75,12.75,14,28,0.53059
1110,422,201.25,13.5,27,0.53036
1110,187.5,108.5,14.25,28.5,0.53002
1140,356.75,356.25,14.75,29.5,0.55907
1140,500,378,15.5,31,0.55252
1140,326,285.25,13.25,26.25,0.55214
1140,395.75,223.75,12.75,25.5,0.54663
1140,508.25,403.5,13.75,27.25,0.54662
1140,380.25,367,13,26,0.54652
1140,188.75,325.75,14.5,29,0.54545
1140,134.75,429.5,13.25,26.5,0.54443
1140,364.25,400.5,12,24,0.54374
1140,410,393.75,15.5,30.75,0.5408
1140,423.5,382,13.5,26.75,0.54073
1140,332.25,162.5,12.25,24.25,0.54021
1140,188,104.25,12.25,24.5,0.53807
1140,380,411.25,14.25,28.5,0.53757
1140,389.25,271.75,13.25,26.5,0.53755
1140,380.5,267.5,15.25,30.75,0.53676
1140,425,211,15,30,0.53669
1140,379.75,223.25,12.75,25.5,0.53595
1140,624,111,18.75,37.5,0.53589
1140,502.25,340.25,13.25,26.75,0.53582
1140,222.25,254.75,17,34,0.53429
1140,487.75,390.5,12.75,26,0.53331
1140,221,427.5,13.5,27,0.53327
1140,422,202.5,13.25,26.25,0.5324
1140,405.75,170.5,13.25,26.75,0.53198
1140,468,130,13.75,27.75,0.5318
1140,164.75,329.5,15,30,0.5311
1140,40.5,207.25,33.5,67,0.53095
1140,486,341.75,13.5,27.25,0.53014
1170,507.5,189.5,25,50,0.55558
1170,396.5,248,14.25,28.25,0.55428
1170,559.5,204.75,17.75,35.5,0.55338
1170,33,206.5,40.5,81.25,0.55022
1170,389.25,366.5,13.5,27.5,0.54831
1170,421,384.75,16,32.5,0.54777
1170,502.25,220,12.5,25,0.54648
1170,332,91.75,12.75,25.5,0.5392
1170,381,252.5,14.25,28.25,0.53892
1170,486.25,387.75,14.75,29.5,0.53877
1170,356.25,357.25,15,30.25,0.53814
1170,99,219.5,37.5,75,0.53775
1170,514.5,400.5,14,27.75,0.53565
1170,108,318.75,14,28.25,0.53536
1170,374.25,401.5,12.5,24.75,0.53317
1170,410,46.75,22.5,45,0.53288
1170,508.25,384.75,12,24.25,0.53251
1170,348.75,284.25,12.5,25,0.53227
1170,405.75,170.5,13.25,26,0.53205
1170,364.5,400.5,11.75,23.5,0.53181
1170,431,375.5,12.75,25.5,0.5318
1170,412,243.5,15.5,31,0.53173
1170,522,216.25,12.5,24.75,0.53161
1170,556,332.75,17.75,35.75,0.53143
1170,486,339,15,30,0.53078
1170,55.5,114,12.25,24.75,0.53068
1170,461.75,85.75,16,31.75,0.53041
1170,444.25,214.75,51,102,0.53009
1170,-1.75,141.5,13.5,26.75,0.53005
1170,134.25,430.5,13.25,26.25,0.53003
1200,507,187.75,26,51.75,0.56066
1200,389.25,408.25,15.5,31.25,0.55565
1200,239,141.5,13.5,27,0.55396
1200,405,439.25,13.5,26.75,0.55384
1200,379.75,275.5,15.5,31.25,0.55337
1200,396.5,247.75,14.25,28.5,0.55175
1200,508,390.5,14,27.75,0.54344
1200,499.25,342,13.75,27.25,0.54249
1200,372.5,410.75,14,28.25,0.54228
1200,422.25,202.25,12.75,25.75,0.54206
1200,559.5,204.75,17.75,35.25,0.54172
1200,487.75,384.75,12.75,25.25,0.5391
1200,423.75,384.5,13.25,26.25,0.53792
1200,380.5,410.5,15,30.25,0.53783
1200,506.75,354.25,15.25,30.25,0.53661
1200,502.25,220.5,12.75,25.25,0.53544
1200,597.25,358.25,30.25,60.25,0.53543
1200,518.5,392.5,11.75,23.5,0.53357
1200,456.5,234.75,17.25,34.5,0.53301
1200,374.25,401.5,12.25,24.75,0.53265
1200,537.25,164.5,17.25,34.25,0.53237
1200,96.75,248.25,43.75,87.75,0.53103
1200,462.5,85.75,15.25,30.75,0.53079
1200,164,337,16,32,0.53034
1200,409.75,47,22.25,44.5,0.53022
1230,507.5,189.75,25.25,50.5,0.56948
1230,380.25,410.75,14,27.5,0.54567
1230,389,408.5,15.25,30.25,0.54217
1230,355.5,403.25,16.5,33,0.54151
1230,491,3.5,39.75,79.25,0.54076
1230,11.5,143,12.75,25.75,0.53965
1230,333,434.25,15.25,30.5,0.53871
1230,615.25,16.5,16.25,32.5,0.53819
1230,412,50.5,20.75,41.75,0.53811
1230,502.25,220,13,26,0.53618
1230,338.75,98.75,20.5,41,0.53599
1230,237.75,141.75,13.25,27,0.5359
1230,422,200.75,12.75,25.25,0.53516
1230,381,269,15,30,0.53469
1230,169.75,150.75,14.25,28.5,0.53436
1230,265,60.25,17.75,35.5,0.53307
1230,251.75,150,13.25,26.25,0.53272
1230,604,209.25,14.25,28.75,0.53263
1230,326,285,13,26.25,0.53231
1230,598,360.25,30.25,60.5,0.53211
1230,443.75,239.75,12.25,24.75,0.53144
1230,457.75,240.25,14.75,29.75,0.53124
1230,364.5,354.25,15.75,31.25,0.53091
1230,101.75,279.75,28,56,0.53083
1230,86,371,14.5,28.75,0.53073
1230,380.75,433.75,15.25,30.75,0.53021
1230,179.75,345,12.25,24.5,0.53019
1260,493.75,356.5,13.75,27.5,0.55982
1260,597.25,358.5,30.25,60.5,0.5475
1260,238,139.75,14.5,29,0.54642
1260,326.25,286.75,12,24,0.54387
1260,398.5,222.5,13.25,26.5,0.54303
1260,355.25,403.25,17.5,34.75,0.54054
1260,379.25,54.5,14.75,29,0.53977
1260,373.75,279.5,13.25,26.5,0.53933
1260,85.75,371,14.75,29.25,0.53915
1260,356.5,356,14.75,29.5,0.53664
1260,221,422.75,13.5,27,0.53639
1260,6.75,354.25,12.75,25.5,0.53535
1260,159.5,365.5,14,28,0.53526
1260,41,207.25,33,66.25,0.53516
1260,627,12,14.25,28.5,0.5349
1260,231.25,409,13,25.75,0.53411
1260,364.5,399.25,12.25,24.75,0.53402
1260,150,217.5,12,24.25,0.53384
1260,492.25,332,12.75,25.75,0.53226
1260,365.75,327.75,13.75,27.25,0.53198
1260,-1.75,129.75,15.75,31.5,0.53169
1260,614.5,15.25,17.75,35.25,0.53098
1260,412.5,446.25,13.75,27.5,0.53075
1260,105,250,35,70.25,0.53055
1290,221.75,420.75,13.5,27.5,0.55779
1290,507.75,189,25.75,51.75,0.55492
1290,405.75,170.75,13,26,0.55183
1290,388.75,436.25,14.5,28.5,0.54848
1290,446.75,216,49.25,98.5,0.54726
1290,243.5,140,14.5,28.75,0.5456
1290,236.5,423.25,14.5,29,0.54344
1290,-1.75,131,15.25,30.75,0.54305
1290,389.5,367.25,13.25,26.5,0.54187
1290,332.25,163.5,12.25,24.25,0.54113
1290,156,339,15.25,30.5,0.54016
1290,412.5,331.75,13.25,26.5,0.54006
1290,537.75,164.5,17,33.5,0.53994
1290,364.5,273,15.75,31.25,0.53928
1290,364.75,400.25,12.25,24.75,0.5375
1290,501,368.75,15.5,31.25,0.53688
1290,104.25,249.25,36,72,0.53649
1290,468,130,13.75,27.75,0.53646
1290,491.75,6.5,27.25,54.25,0.53633
1290,534.5,64.75,87.5,175,0.53538
1290,494.5,352.25,12,24,0.5353
1290,223,246.75,20.5,40.75,0.53525
1290,485.75,386,15.25,30.25,0.53522
1290,421,200,12.75,25.75,0.53421
1290,372.75,276.25,14.5,28.75,0.53414
1290,300.25,103.5,12.5,25,0.53411
1290,500.75,395.25,13.5,27.25,0.53385
1290,205.25,419,15,29.75,0.53372
1290,493.25,395.25,14.75,29.25,0.53341
1290,600,196.25,18.5,36.75,0.53307
1290,517.25,343,13.5,27,0.53293
1290,380.5,267.25,14.75,29.5,0.53281
1290,378.25,54,15.25,30.25,0.53246
1290,487,341.5,13.75,27.5,0.53235
1290,358,263.5,12.75,25.75,0.53176
1290,389.25,57.25,13.75,27.5,0.53158
1320,365.25,364.75,14.25,28.25,0.57629
1320,516,384.75,14.25,28.5,0.55761
1320,246.5,141,13.5,27.25,0.55711
1320,378.75,54.75,14.75,29.75,0.55626
1320,356.25,364,14.75,29.25,0.54621
1320,500.25,379.5,14.5,28.75,0.54607
1320,559,203.5,18.5,36.75,0.54535
1320,518.75,404.75,13,26,0.5444
1320,340.5,401.5,15.75,31.25,0.54314
1320,243.75,410.5,15.25,30.5,0.54232
1320,55.25,114.5,12,24,0.54066
1320,516.75,262.5,15,30,0.53996
1320,102.25,425.5,12,23.75,0.53993
1320,390.5,368.25,12.5,25.25,0.53985
1320,85.5,370.25,14.5,28.75,0.53909
1320,221.75,424,13,26.25,0.53889
1320,427.75,376.25,12.5,25,0.53867
1320,389.25,268,14.5,29,0.53816
1320,395.25,223.5,12.75,25.75,0.53633
1320,-1.75,134,14,28,0.53563
1320,496.25,440.5,12.25,24.5,0.53507
1320,421.75,200.75,12.75,25.5,0.53474
1320,406.25,171.5,12.75,25.5,0.53429
1320,529.5,69.75,89,177.75,0.53377
1320,373.25,364.25,14.75,29.5,0.53374
1320,237,105.5,12.25,24.5,0.53351
1320,204.25,328.5,12.5,24.5,0.53216
1320,325.25,99.75,15.25,30.5,0.532
1320,236,136.5,13,26,0.53176
1320,353.25,224.5,11.75,23.5,0.5314
1320,380.25,231,13,25.75,0.53088
1320,198,350.25,13,26,0.53081
1320,284.75,439,13.25,26.75,0.53072
1320,537.25,199.5,21,41.5,0.53069
1320,535.75,38.5,13,25.75,0.53064
1350,389.25,368,12.5,25,0.56183
1350,430.5,374.75,13,26,0.55333
1350,404,432.75,15.75,31.5,0.54342
1350,437.75,374,13.25,27,0.53987
1350,82.5,213,12,23.5,0.53937
1350,229.75,429,13,25.75,0.53922
1350,543.75,179.5,37,73.75,0.53918
1350,444.75,214.25,51,102,0.5385
1350,357,362.5,14.25,28.75,0.53695
1350,426.75,217,16,31.75,0.53687
1350,504.25,182.25,35.75,71.25,0.53674
1350,383.5,279,13,25.75,0.53642
1350,500.75,393.5,15,30.25,0.53627
1350,381.25,410.75,14.5,28.5,0.53502
1350,510.75,117,11.5,23,0.53382
1350,284.5,429.25,14.25,28.25,0.53353
1350,488,353,12,24.25,0.53288
1350,373,364.25,14,28,0.53284
1350,510.75,392.5,11.75,23.5,0.53251
1350,508.25,344,12.5,24.75,0.53227
1350,582.25,172,12.5,24.75,0.53173
1350,108.5,427,14.75,30,0.53131
1350,358.5,279.75,13.75,27.75,0.53101
1350,331,100,14.5,29,0.53087
1350,588.5,171,13,25.75,0.53036
1350,379,55,14.75,29.25,0.53007
1380,366,365.25,13.5,27.25,0.58093
1380,559,203.75,18.25,36.75,0.55569
1380,356.5,404,15.25,30.25,0.54496
1380,301.75,437.25,14.5,29,0.54285
1380,332.25,164.25,12.5,25,0.54237
1380,379.75,404.75,16.25,32.5,0.54042
1380,436.5,374.25,13.25,26.5,0.53681
1380,346.25,402,19,37.75,0.536
1380,484,243.5,14,28,0.53509
1380,373.75,167,22.75,45.75,0.53486
1380,467.25,131,13.5,26.75,0.5346
1380,380.75,432.5,16,32,0.53379
1380,220.25,418.5,15,30.25,0.5336
1380,61.75,127,78.5,157.25,0.5327
1380,445,213,53.75,107.75,0.53148
1380,238,437,12.25,24.5,0.53115
1380,239.75,400.75,12.5,25,0.53113
1380,425.5,214.5,15.5,31,0.53083
1380,296.5,103.75,12,23.75,0.53072
1380,30.5,172.25,11.75,23.75,0.53019
1410,413.75,236.25,14.5,29.25,0.5457
1410,219.25,416,13.75,27.75,0.54131
1410,365.25,365.25,14,28,0.53935
1410,467.75,131.25,13.5,27,0.53861
1410,394.75,222.5,14,27.75,0.53619
1410,326,284.75,13,25.75,0.53455
1410,406.25,436.75,12.5,25,0.53373
1410,80.75,213,11.5,23,0.53274
1410,459.75,444.25,14,28,0.53196
1410,67.5,191,12.25,24.5,0.53189
1410,380.25,407,15.75,31.75,0.53158
1410,406,171.5,13,25.75,0.53153
1410,545.75,78.25,18.5,36.75,0.53097
1410,626.5,12.25,13.75,27.75,0.53094
1410,314.75,147.75,14.5,28.75,0.53069
1410,332.5,164,12,23.5,0.53019
1440,67.75,191,13,25.75,0.54849
1440,507,188.25,25.5,51.25,0.54621
1440,559.25,203.75,18.25,36.25,0.54156
1440,-2,220,16.75,33.75,0.53848
1440,222.75,244.5,21.75,43.75,0.5376
1440,501.75,220.75,13,26,0.53614
1440,406.5,171.5,12.75,25.5,0.53478
1440,404.75,26.5,19.25,38.5,0.53424
1440,148.5,219,15,30,0.53336
1440,334.75,229,11.5,23,0.53307
1440,26.5,98.75,20.25,40.75,0.53027
1440,86,372.25,13.75,27.5,0.53025
1440,445.75,217,49.5,99,0.53022
1440,380.25,225.75,12.5,25,0.53014
1470,372.75,364.5,14.75,29.75,0.54734
1470,626.5,126,13.25,26.5,0.54036
1470,356.25,363.25,15.25,30.75,0.53783
1470,407.25,237.75,13.25,26.75,0.53725
1470,389,454.75,11.75,23.75,0.53682
1470,486,338.25,14.75,29.5,0.53612
1470,357,403,15.5,31.25,0.53504
1470,517.5,3.25,12,24,0.53431
1470,426.25,215.75,14,28.25,0.53355
1470,216.5,103.5,12.75,25.5,0.53326
1470,396.5,141.5,13,26,0.53315
1470,364.75,400.75,12.25,24.25,0.53224
1470,300.25,106.5,12.25,24.25,0.5319
1500,375.5,273.75,13.25,26.25,0.55198
1500,502,188.25,26.75,53.25,0.54662
1500,406,171.25,13.25,26.25,0.54598
1500,336.75,104.5,12,24,0.53829
1500,444.5,214.75,51.5,103,0.53827
1500,422.25,201.5,12.25,25,0.53669
1500,80.75,146.75,14.5,28.75,0.53552
1500,496.75,220.25,12.5,25,0.53393
1500,382,280.5,13.5,27,0.53272
1500,365.5,364.75,13.75,28,0.53211
1500,559.5,204.75,18,36,0.53147
1500,108.25,425.75,13,25.75,0.53138
1500,462.5,85.75,15.5,30.5,0.53105
1500,370.5,280.5,11.75,23.75,0.53101
1530,438.25,376,12.75,25.5,0.58717
1530,500.5,343.25,13.25,26.25,0.56538
1530,486,387.75,14.5,29.25,0.55511
1530,69.75,229.25,32.25,65,0.55485
1530,421.5,387.5,14.75,29.75,0.54968
1530,518,404.75,13.25,26.25,0.54858
1530,99.25,239,43.75,87.75,0.54682
1530,212.75,427.5,14.75,29.25,0.54644
1530,180,134.25,13.25,26.75,0.54618
1530,229.25,414,14,28,0.54433
1530,349.25,352,13.25,26.5,0.54385
1530,488.25,376.75,12,24,0.54368
1530,527.75,75.75,85.5,171,0.54358
1530,295.25,103.25,12.75,25.5,0.54319
1530,359.5,268.5,12.75,25.5,0.54131
1530,365.5,226.5,14.75,29,0.54109
1530,205,427,14.5,29.25,0.54051
1530,558.75,203.25,18.75,37.25,0.54043
1530,446.75,217.75,48.5,97,0.53941
1530,364.75,332.75,14.5,29,0.53917
1530,317.25,428.75,14.25,29,0.53744
1530,356,363.75,14.75,29.25,0.53731
1530,182.5,131.25,15,29.75,0.53638
1530,508.25,359.5,15.25,30.5,0.53629
1530,389.75,444.75,13,26,0.53589
1530,406,223,14.75,29.5,0.53559
1530,389.25,267.75,14.75,29.75,0.53472
1530,373,257,14.75,29.5,0.53402
1530,295.75,52.5,13.25,26.25,0.53238
1530,178.25,114.25,14,28,0.53235
1530,379.25,257.25,17.75,35.25,0.53233
1530,410,48,21.75,43.5,0.53181
1530,355.75,404.75,17,34.25,0.53145
1530,165,355,14.5,29,0.53141
1530,476.5,436.5,14.5,29.25,0.53112
1530,174.25,432,12.75,25.25,0.53084
1530,48.5,156,77.25,154.5,0.53083
1530,180.25,334,16.75,33.25,0.53044
1560,107.75,423.75,16,32,0.54324
1560,61.5,230,21.5,43,0.54158
1560,427,219.75,16.25,32.25,0.54122
1560,105.75,310,12.75,26,0.5407
1560,558.25,201.25,19.25,39,0.54043
1560,333.5,367.75,12.75,25,0.53526
1560,27.5,267,14,27.75,0.53488
1560,552.75,444,12.5,25,0.53463
1560,180.75,337.5,14.75,29.75,0.53357
1560,222,244.25,22.75,45,0.53322
1560,529.25,68,89.25,178,0.53203
1560,387.5,436.75,14.25,28.5,0.53159
1560,598.25,359.5,29.5,59.25,0.53138
1560,478.25,219,11.75,23.75,0.53129
1560,444,240.5,12.25,24.5,0.53117
1560,373,275,15.5,30.5,0.53075
1590,444.5,212.75,52,103.75,0.54968
1590,559,203.25,18.25,36.75,0.54966
1590,340.75,364.75,12.5,25.5,0.54808
1590,365.25,228,14,28,0.54115
1590,332.25,163,12.25,24.5,0.53926
1590,380.25,225.5,13,25.75,0.53578
1590,597.25,357.25,32,64,0.53551
1590,405.75,170,13.25,26.5,0.53487
1590,85.5,370.25,15,30,0.53357
1590,536,38.25,13.25,26.5,0.53349
1590,104.25,308.25,12.25,24.75,0.5333
1590,533.25,73.75,85,170.25,0.5329
1590,358,367,12.75,25.75,0.53271
1590,92.75,207.75,53.5,107,0.53261
1590,117,433.25,15.5,31,0.532
1590,-2,187.75,16.5,33.25,0.53174
1590,186.5,314.25,18.75,37.25,0.53119
1590,430.25,372.5,14,28.25,0.53115
1590,499.25,380.5,14,28,0.53046
1590,448.25,360.5,12,23.75,0.5301
1620,447.75,48,12.75,25.25,0.54915
1620,493.75,344,13.5,26.75,0.54836
1620,439.5,214.75,48.5,96.75,0.54695
1620,559,205.75,18.5,37.25,0.54656
1620,529.25,72.75,88.5,176.5,0.54206
1620,436.75,365,14,28.25,0.5367
1620,373,273.5,14.25,28.25,0.53598
1620,365,356,12.5,25.25,0.53577
1620,212.25,87.25,18.25,36.5,0.53474
1620,360.25,348.25,11.75,23.5,0.53464
1620,387.75,439.25,14,28,0.53439
1620,501,342.5,14.25,28.75,0.53435
1620,410,50,23.5,46.5,0.53429
1620,418,87.25,12.75,25.25,0.53265
1620,424.5,372,12.5,24.75,0.5319
1620,45,240.5,12.25,24.5,0.53181
1620,392,17,15.75,31.5,0.53171
1620,26.5,414.5,14.5,29,0.53161
1620,124,277.75,29.5,58.75,0.53141
1620,312.75,57,11.5,23,0.53099
1620,-1.75,146,13.5,26.75,0.53092
1620,485.25,220.25,13,26,0.5307
1620,322.5,150.75,12,24,0.53032
1650,35.25,232.75,33.75,67.25,0.56095
1650,125.5,451,13.75,27.5,0.55314
1650,503,441.75,13.25,26.5,0.55043
1650,202.25,269,32,64.25,0.54858
1650,333.25,409.75,14,28,0.54826
1650,44.75,167,11.5,23,0.54616
1650,477.75,453,13,26,0.54146
1650,384,91.25,15,29.75,0.53755
1650,428.25,255.5,13.25,27,0.53739
1650,370.5,377.75,19.5,39.5,0.53609
1650,476.25,442.5,18,36,0.53604
1650,479.25,271.75,19.25,38.5,0.53341
1650,509.25,452.5,13.25,26.5,0.53339
1650,613,138.75,26.25,52.75,0.53305
1650,524.75,408.25,15.25,30.75,0.53207
1650,488.75,357,11.5,23,0.53162
1650,606.5,11.75,13.5,26.5,0.53059
1650,269.25,137.5,13,26.5,0.53045
1680,157.5,447,13.5,26.75,0.55682
1680,189.5,379.25,13.25,26.75,0.55531
1680,174.75,436.25,12,24,0.55098
1680,544.25,255.75,34.75,69.25,0.54795
1680,149.75,430.75,17.25,34.5,0.54644
1680,373.25,432.5,13.75,27.5,0.54599
1680,370.5,143.5,14.25,28.25,0.5441
1680,419.75,375,13,26,0.54341
1680,96.25,453.5,12,24,0.54046
1680,573.5,435.75,14.5,28.75,0.53886
1680,477,408.75,11.75,23.5,0.53788
1680,381.5,94.5,14.75,29.75,0.53735
1680,204.25,445.75,16,31.75,0.53709
1680,188,118.5,12.25,24.25,0.53687
1680,150.75,449,13,26,0.53575
1680,628.25,267,12.5,25.25,0.53573
1680,476,393,14.25,28.5,0.53562
1680,412.25,111.25,18.25,36.75,0.53562
1680,444,404.5,12.25,24.5,0.53493
1680,226.75,401,11.5,23,0.53377
1680,472.25,107,21.25,42.5,0.53374
1680,212.5,446.25,15,30.25,0.53355
1680,445.5,247.25,12.75,25.25,0.53334
1680,552,300.5,17.5,34.75,0.53264
1680,102.25,453,12.5,24.75,0.5325
1680,410.25,126.75,12.25,24.5,0.53191
1680,476,66.75,102.25,204.5,0.53185
1680,360.25,437.25,11.75,23.75,0.5311
1680,391.5,95.25,28.5,57.25,0.53096
1680,486,114.75,11.75,23.5,0.53084
1680,560.25,184.75,21.75,44,0.53025
1680,406,453.25,12.5,25.25,0.53018
1710,212.75,318.75,15.25,30.25,0.57989
1710,547,160.5,13.75,27.25,0.55106
1710,617.75,101.5,24,48.25,0.54882
1710,256.75,45,123,246.25,0.54488
1710,252.5,318.5,15.25,30.5,0.54442
1710,587.25,234,23.25,46.25,0.54429
1710,373,341.25,14.75,29.25,0.54109
1710,525.25,302.5,13,26.25,0.54081
1710,229.75,325.5,13.5,27.25,0.53873
1710,254.5,35.25,88.25,176.25,0.538
1710,539.5,282.75,15.5,31,0.5364
1710,76.75,374.75,13.75,27.25,0.53592
1710,279.75,167.5,27,54,0.53587
1710,-5.25,321.25,43.5,87.25,0.53579
1710,614.5,248.5,25,50,0.53541
1710,328,185.75,56.75,114,0.53517
1710,504.75,448.5,12.5,25,0.53404
1710,592.25,40.5,12.25,24.5,0.53386
1710,220.25,321,15.5,30.75,0.53358
1710,442.5,52,15.5,31.5,0.53332
1710,481.75,75.75,109.75,219.5,0.53326
1710,549,109.25,15,29.75,0.53216
1710,331,249.5,13.5,27,0.53216
1710,411.25,98.25,25.75,51.75,0.53205
1710,617.75,265.5,15.75,31.5,0.5315
1710,430.5,384.75,13,25.75,0.53125
1710,176.75,196.5,12.75,25.75,0.53125
1710,156.5,402.75,11.75,23.5,0.53097
1710,202.75,318.25,16.75,33.75,0.53086
1710,391.75,84.5,40.5,81,0.53034
1740,232,433.25,12.5,24.75,0.56219
1740,626.25,3.75,12.5,25.25,0.56112
1740,148,393.25,15.5,31.25,0.55334
1740,505.75,129.25,13.25,26.75,0.5526
1740,182.5,20.25,14.25,28.75,0.54773
1740,176.5,25.75,12.75,25.5,0.54514
1740,492,403.5,12.5,24.5,0.53985
1740,173,425.25,15,30,0.53949
1740,180.25,426,15,30.25,0.53905
1740,204.5,32.75,11.75,23.5,0.53846
1740,437,238.5,27.5,55,0.5382
1740,164.25,423.25,16,32,0.53781
1740,142,181.5,12.75,25.5,0.53717
1740,302.25,76.25,13.75,27.5,0.53679
1740,211,90.5,14,27.5,0.53657
1740,612.75,171,30,60,0.53519
1740,399,204.25,50.75,101.5,0.53452
1740,575.25,259,14.25,28.25,0.53389
1740,220.25,444.75,14.5,29,0.53251
1740,187.5,403.5,14.25,28.25,0.53231
1740,298.5,87,37.5,74.75,0.53141
1740,361,399.5,17.25,34.75,0.53106
1740,132,267.25,23.75,47.5,0.53101
1740,247.5,48.5,22.25,44.75,0.53058
1740,179,394,11.5,23.25,0.53006
1770,204.75,423.25,14,27.75,0.58472
1770,435.75,363,14.25,28.5,0.5655
1770,52.5,415.5,14.75,29.25,0.56487
1770,124,414.25,15,30,0.56474
1770,76.5,427.75,14.25,28.5,0.56436
1770,148.5,427,14.75,29,0.56297
1770,141.25,427.75,14.25,28.25,0.56292
1770,220.25,422.5,16.25,32.5,0.56204
1770,164.25,415.5,15.25,30.5,0.56017
1770,156.5,426,15,30.25,0.55851
1770,235.75,419.5,15,30,0.55565
1770,196.5,420.25,14.25,28.5,0.55482
1770,92.5,387.25,14.75,30,0.55371
1770,83.75,417.25,16.75,33.25,0.55207
1770,156.25,412.75,15,30.25,0.55049
1770,316.25,158.25,24.5,49,0.55026
1770,404.5,437,13.75,27.75,0.54864
1770,301.5,428.75,12,24,0.54792
1770,398.25,361.5,14.25,28.75,0.54707
1770,213,421.25,14.75,29.75,0.54696
1770,68.75,417.25,15.5,31,0.54597
1770,239.75,128.25,17.75,35.75,0.54575
1770,76.25,412,14,28,0.54547
1770,133.75,366,15,30,0.54473
1770,229.5,372.25,14,28,0.5433
1770,452,366.5,13.25,26.75,0.54222
1770,164.75,426.5,14.75,29.5,0.54157
1770,133.75,415.5,13.5,27.25,0.53967
1770,94.25,269.5,14.75,29.5,0.53873
1770,472.25,367,13,26,0.53746
1770,229.25,419.75,14.75,29.75,0.53729
1770,188,400,16,31.75,0.53687
1770,44,362.25,15.25,30.5,0.53639
1770,232.75,141.25,15,30.25,0.53612
1770,345.5,214.25,14.75,29.75,0.53601
1770,125.5,423.25,13.5,27,0.53598
1770,340.5,103.5,119.25,238.25,0.53558
1770,532.75,393.75,14.25,28.25,0.53543
1770,140.75,414,13.5,27,0.53498
1770,99.75,416.75,15.75,31.5,0.53471
1770,137.25,30,42.25,84.5,0.53422
1770,60.25,415.25,16.25,32.5,0.53421
1770,108.25,386,14.5,29,0.5341
1770,28.25,316.75,17.5,34.75,0.53395
1770,243.75,419.5,14.25,28.25,0.53385
1770,379.5,416.5,14.25,28.75,0.53379
1770,457.25,358,13.75,27.25,0.53357
1770,396.75,438,13.75,27.25,0.53345
1770,458.25,46.75,14.25,28.75,0.53311
1770,36,361,15.5,31.25,0.533
1770,76.5,353.5,15,30,0.5318
1770,501.5,405.5,13.5,26.75,0.5318
1770,429,412.5,13.75,27.75,0.53116
1770,437.5,391,14.75,29.5,0.531
1770,500,45,17.75,35.5,0.53042
1770,168.5,23,15,29.5,0.53026
1800,552.25,125.25,15.75,31.5,0.57914
1800,485.25,76.5,12.5,25,0.56619
1800,508.75,424.5,14.5,28.75,0.55716
1800,460.5,76.25,13.75,27.25,0.5562
1800,203.75,386,16.5,32.5,0.55368
1800,365.5,438.75,14,28.25,0.55306
1800,156.25,436.5,13.25,27,0.55305
1800,524,76,14.25,28.25,0.55251
1800,524,390.25,13.75,27.75,0.55211
1800,491.75,77.75,13.5,27,0.54922
1800,491.5,325.75,13.5,27,0.54905
1800,586.5,344,19.25,38.5,0.54671
1800,429.75,380,13,26,0.54528
1800,52.25,396,14.5,29.25,0.54519
1800,556.25,16,12,24,0.54516
1800,443.75,6,13,26.25,0.54438
1800,18.5,1,12,24,0.54418
1800,406,413.25,13,26,0.54343
1800,323.5,364.75,18.25,36.75,0.54276
1800,568.25,127,17.25,34.25,0.54199
1800,268.25,390.5,30,60.25,0.53945
1800,537.25,123.5,13.75,27.25,0.53943
1800,507.75,77.5,13.5,27,0.53923
1800,533.25,398.25,14.5,28.75,0.53889
1800,395.25,389.75,13.25,26.5,0.53867
1800,542.25,386,15.25,30.25,0.53764
1800,468.75,77.5,11.75,23.5,0.53758
1800,408,391.5,12.5,25.5,0.53702
1800,539,36,14.25,28.5,0.53612
1800,372,432.5,12.5,24.75,0.53592
1800,476,116,12.5,25.25,0.53588
1800,519.5,390.25,13,26,0.53578
1800,372.25,417.75,15.25,30.5,0.53532
1800,475.75,77.5,14,28,0.53522
1800,290.75,29.75,17,33.75,0.53503
1800,373,441.75,15.25,30.5,0.53409
1800,516,129.75,15.25,31,0.53366
1800,360,439.75,12.25,25,0.53242
1800,507.5,91.75,27.5,54.75,0.5324
1800,72.25,87.75,18.25,36.5,0.53184
1800,555.25,389.25,14,27.5,0.53172
1800,7.5,64.25,13.75,27,0.5316
1800,572,337.5,15.75,32,0.53149
1800,474.75,98.25,15.75,31.75,0.53126
1800,93,299.75,12,24,0.53113
1800,603.5,445.25,15.5,31,0.53092
1800,539.75,52.75,13.5,27,0.53091
1800,364,402.75,12.5,25,0.53082
1800,536,119,13.25,26.5,0.53065
1800,164.25,410.75,16.25,32.25,0.53061
1800,-3,61.75,24,47.75,0.53021
1800,555.75,323.5,14.75,29.5,0.5302
1800,471,314.75,13,26.25,0.53017
1800,172.25,383.75,17,34,0.53016
1800,591.5,452.25,12.75,25.75,0.53011
1800,130.5,421.25,13.5,27,0.5301
1830,277,399.75,15.25,30.25,0.56706
1830,268.75,392.75,14.5,28.5,0.56385
1830,542.25,436.5,13.5,27,0.56372
1830,550,390.75,13,26,0.55773
1830,246.75,306.5,14,27.75,0.55616
1830,107.5,403.5,13,25.75,0.5557
1830,565.5,356.25,53.5,107,0.55523
1830,315.5,8,12.75,25.5,0.55522
1830,268.5,303.25,15.75,31.25,0.55236
1830,348.75,77.75,13,26,0.55044
1830,241.75,430.25,13,26,0.54949
1830,598.5,434.5,13.25,26.75,0.54879
1830,252.5,387.5,15,29.75,0.54824
1830,292.75,398.25,14.25,28.25,0.54819
1830,156.75,446.25,15,29.75,0.54691
1830,546.25,205.75,12.5,25.25,0.54601
1830,29.25,310.75,12.75,25.5,0.54575
1830,172.75,352.5,12.25,25,0.54481
1830,356.25,272.75,12,24,0.54336
1830,281.75,28.25,20,39.75,0.54322
1830,316,77.25,12.25,24.25,0.54284
1830,550,293,12.25,24.5,0.54209
1830,133.75,369.75,15,30,0.54207
1830,168,227,13.25,26.25,0.54197
1830,149.5,331.75,13.75,27.25,0.54142
1830,461.5,366.25,13.5,26.75,0.5413
1830,134.75,380.75,12,23.75,0.5409
1830,216,70.25,13.5,27.25,0.54025
1830,276.5,386,16.25,32.25,0.53986
1830,260.75,443,15.5,31.25,0.53982
1830,25.75,47,14.25,28.75,0.53965
1830,109.25,23.5,13.5,27.25,0.53956
1830,38.75,248,15,29.5,0.53929
1830,164.5,335.75,15,30,0.5391
1830,212.25,393,15.75,31.25,0.53895
1830,173.5,330.75,13.75,28,0.53875
1830,76.75,50.25,19,37.75,0.53839
1830,300.25,57,12.5,25.25,0.53819
1830,14.25,331,13.5,27.25,0.53807
1830,278.25,360.25,12.5,25,0.53772
1830,538.75,382.25,17,34,0.53769
1830,536.75,343.75,30.25,60.25,0.53764
1830,355.75,88,20.25,40.5,0.53755
1830,524.25,440.75,15.25,30.75,0.53705
1830,582,446.25,13.25,26.75,0.53662
1830,374.5,385,14.25,28.5,0.53633
1830,295.25,365,13,26,0.53521
1830,428.75,306.5,16.5,33,0.53507
1830,533.5,380,13.25,26.75,0.53463
1830,494.5,89,11.75,23.75,0.5345
1830,330.25,62.75,16,31.75,0.5343
1830,269,397.75,14.5,28.75,0.53417
1830,125.75,432.25,13.25,26.5,0.53392
1830,292.25,94.5,13.25,26.5,0.53348
1830,8.5,8.25,14.75,29.75,0.53344
1830,500.75,446,14,28.25,0.53331
1830,522.75,379,17,34,0.53322
1830,273.5,23,23.5,46.75,0.53317
1830,28.25,370.5,16,32,0.53315
1830,334.75,177,21.5,43.25,0.5331
1830,232,110.75,13.25,26.25,0.5329
1830,173.5,448.5,14,28,0.53221
1830,493.25,361.75,14.25,28.5,0.53212
1830,240,44,12.25,24.5,0.53201
1830,364.5,88.25,20.5,41,0.53187
1830,479.25,91,12.25,24.25,0.53157
1830,163.75,320.5,16.5,33,0.53147
1830,248.75,27.25,19.25,38.25,0.53147
1830,180.5,412.25,16.5,33.5,0.53107
1830,293,425.25,13.5,27.25,0.53091
1830,313.75,61.75,18.75,37.5,0.53089
1830,213.5,56.75,17.5,35,0.53068
1830,88.25,364.5,13.5,26.75,0.53059
1830,493.5,332.25,15,30,0.53053
1830,430.75,68.75,12.5,25,0.53039
1830,316.5,380.25,16,32,0.53038
1830,332.5,76.25,12,24,0.53029
1830,36.75,364.25,14.75,29.5,0.53015
1830,500.75,383.5,14.5,29,0.53015
1830,229.25,342.5,15,30.25,0.53013
