30,317.25,273.25,15,30.25,0.57147
30,100,433.75,15.25,30.5,0.56412
30,500.25,429,15.75,31.5,0.56137
30,309.75,391,13.25,26.75,0.55356
30,496.5,313.75,20.25,40.5,0.55316
30,333.75,302.5,13.5,26.75,0.55311
30,308.5,298.75,15.5,30.75,0.54881
30,537.5,9,26.75,53.25,0.54687
30,107.5,320,21.25,42.75,0.54335
30,412.75,413.75,16,32.25,0.54281
30,168.5,385,12,24,0.54153
30,298.5,264.5,12,23.75,0.541
30,563.75,401,15.75,31.5,0.54052
30,150,360.5,13,26,0.53996
30,21.5,341,12,24,0.53991
30,333,411,14.25,28.75,0.53985
30,603.5,382.25,16.75,33.25,0.53879
30,368,296,12.5,24.75,0.53879
30,195.25,419,14.75,29.5,0.53825
30,233.25,15.25,15.25,30.75,0.53789
30,-1.75,116.25,16.5,33,0.5377
30,611.5,384.75,16,32.25,0.53768
30,298,252.5,12.25,24.5,0.53765
30,516.5,412.5,14,27.75,0.53763
30,231.5,61.25,13.25,26.5,0.53678
30,270.5,299.25,13.5,27,0.53604
30,268.75,422.25,14.25,28.5,0.53587
30,405.25,323.5,14.75,29.5,0.53569
30,333,292,15,30.25,0.53566
30,317.25,391,13.5,26.75,0.53519
30,319.75,341.25,12.75,25.5,0.53504
30,301.75,405.75,13.75,27.5,0.53484
30,228,410.5,12,24,0.53463
30,582.5,412.25,13,26,0.53421
30,597.5,381.5,13.75,27.5,0.53407
30,508.5,345.5,15.25,30.5,0.53396
30,190.75,9.75,105.25,210.25,0.53392
30,550.75,336.5,12.75,25.5,0.53386
30,625.75,47.25,15.25,30.25,0.53377
30,169.5,198.25,13,26,0.53371
30,65.25,314.75,20.75,41.75,0.53359
30,572,346.75,15.75,31.5,0.53354
30,318,192.75,13,25.5,0.53314
30,243.75,5.5,13.25,26.75,0.53312
30,625.75,30.75,14.5,28.75,0.5329
30,294.25,286.25,13.25,26.25,0.53263
30,587.5,336.5,17.25,34.75,0.53253
30,457,64.75,15.5,31.25,0.53214
30,455.25,439.75,12.5,25.5,0.53199
30,94.75,319.75,15,30,0.53183
30,479.25,311.5,13,26,0.53167
30,60.25,379,12.25,25,0.5316
30,309,188.25,15.75,31.5,0.53156
30,333.25,395.25,14.25,28.75,0.53152
30,14.25,123,14.25,28.25,0.5314
30,598,428.75,13.5,27.25,0.53128
30,429,409.25,13,25.5,0.5312
30,263,231.75,13,25.5,0.53112
30,333,270,14.75,29.5,0.53102
30,490.75,400,16.25,32.5,0.53099
30,444.25,102.75,66.5,133,0.53061
30,188,303.5,12.25,24.25,0.53047
30,456.25,240,15.75,31.75,0.53038
30,588.25,322.25,13.75,27.5,0.53006
30,460.5,422.25,12,24.25,0.53003
60,565,310,13.5,27,0.57231
60,509.25,343,14,27.75,0.56583
60,516.25,354.75,15.25,30.5,0.56284
60,492.25,334.5,13.25,26.5,0.55854
60,212.25,40.25,13,25.75,0.558
60,68.75,334.75,15,30.25,0.55792
60,300.25,368,20,39.75,0.55663
60,48.25,320,12.5,24.75,0.5553
60,460.25,285.25,15.25,30.5,0.55506
60,548,338.25,15.5,30.75,0.55346
60,547.25,367.5,16.5,33.25,0.55213
60,572.25,321.75,15.75,31.5,0.55071
60,277,283.5,15.5,31.25,0.55041
60,595.75,325.75,16,32,0.55027
60,-5.5,104,41.75,83.5,0.55003
60,109,414.25,13.25,26.5,0.54849
60,475.75,287,13.75,27.5,0.54844
60,516.25,342,15,30,0.54843
60,429.5,350.25,12.75,25.25,0.54794
60,22.25,288,12.75,25.5,0.54778
60,394,356.5,29.5,59,0.54615
60,620.25,365,12.25,24.25,0.54612
60,588.5,409.75,14,28.25,0.54412
60,172,406,13.5,27.25,0.5427
60,452.25,290,13.25,26.5,0.54258
60,523.75,352.75,16,32,0.54109
60,556.25,300.25,16,32.5,0.54109
60,390.75,308,13.25,26.5,0.54099
60,277,292.25,14.75,29.25,0.54062
60,201.5,175.25,15.25,30.75,0.54059
60,104,353.5,12.25,24.25,0.54047
60,259.75,324.25,12.5,25,0.54038
60,37.75,278.75,14.25,28.25,0.53968
60,308.25,285.25,13.75,27.25,0.53931
60,269,375.5,12.5,25.25,0.53931
60,295.5,287,13.25,26.75,0.53927
60,260.25,410,13.5,27.25,0.53893
60,556.75,365,12.75,25.25,0.53864
60,250,330.5,16.5,33.25,0.53863
60,419,195,15.25,30.25,0.53848
60,516.25,335.75,13,26,0.53731
60,405.25,403.25,13.25,26.25,0.5365
60,500.25,330.25,14.75,29.5,0.53627
60,141,107.25,20,40,0.53616
60,556.25,355,15.25,30.5,0.53603
60,366.75,397,22.5,44.75,0.53601
60,388.25,409.25,12,24,0.53588
60,533,426.5,14.25,28.25,0.53578
60,155.75,173.25,15.75,31.5,0.53577
60,465.5,93,14.5,29,0.53566
60,443.5,277.25,14.5,28.75,0.53551
60,52.75,271.75,13.5,27,0.53513
60,37.5,329.25,13.5,27,0.53456
60,61.25,283,13.5,26.75,0.53445
60,29,326.25,13.75,27.5,0.53395
60,580.5,346.25,15,30,0.53394
60,470.25,281,12.25,24.5,0.53353
60,612.5,331.75,12.75,26,0.53346
60,-12.5,227.75,113.5,226.75,0.53332
60,588.75,319.75,13,25.75,0.53308
60,332.5,277,15.75,31.5,0.53285
60,21,332.5,14.25,28.25,0.53255
60,443.5,289,13.25,26,0.53238
60,43,320.25,12.25,24.5,0.5323
60,299.75,285,15.25,30.75,0.53224
60,548,286,15.25,30.5,0.53209
60,247.75,89,12,24,0.53186
60,485.25,297,12.75,25.5,0.53173
60,249.5,32.25,13.25,26.5,0.53167
60,402.75,395,11.5,23,0.5316
60,402.25,350.5,11.75,23.5,0.53127
60,545,311.75,19.25,38.5,0.53111
60,452.75,387,15,30,0.531
60,309,344.5,16,32.25,0.53098
60,445.25,389.25,13.75,27.5,0.53091
60,620.5,369,12.5,25,0.53087
60,160.25,274,12,24,0.53066
60,614.5,267.5,12.75,25.75,0.53056
60,563.75,259,13.5,26.5,0.53046
60,255.75,325.25,13,26,0.5304
60,60.25,329.25,12.5,24.75,0.53006
90,580.5,351,14,28.25,0.56478
90,181,312.25,14,28,0.55578
90,52.5,410.75,14.5,28.75,0.55519
90,202.75,379.75,25.75,51.75,0.54476
90,108,400,15.5,31,0.54429
90,324.75,396,16,31.5,0.54291
90,19.5,411.5,12.25,24.5,0.54286
90,154.5,166.75,19.5,39,0.5422
90,116.5,378.25,15.5,31.25,0.54082
90,277.25,270.5,15,30.25,0.54066
90,125.5,385.5,16.5,33,0.53972
90,159.75,407.5,13.75,27.5,0.53962
90,531.25,320.25,14.75,29.25,0.53728
90,189.5,170.75,13,26,0.53709
90,626,141,15.25,30.5,0.53708
90,273.75,358.25,16.75,33.75,0.53695
90,64.25,308.5,13,26,0.5369
90,189,422,13.25,26.75,0.53623
90,204.75,427.5,14.25,28.5,0.53618
90,588.5,410.75,14.5,29,0.53565
90,622.5,142,12,24.25,0.53555
90,165,342,14.25,28.75,0.53542
90,493,210.25,20.25,41,0.53466
90,76.5,418.5,12,24,0.53381
90,245.5,342,12.75,25.75,0.5336
90,264,311.25,12,24,0.53359
90,277.5,226.75,13.25,26,0.53341
90,116,397.25,16.5,33.5,0.53311
90,357.5,373.5,14.25,28.5,0.5331
90,443.25,192.25,14,28,0.533
90,266.5,348.75,13.5,27,0.5328
90,100.25,361.25,15,30,0.53239
90,124.5,180.5,12.25,24.25,0.53238
90,572,354,15,29.75,0.53223
90,236.5,342.75,13.5,27,0.53214
90,252.75,271.5,16.25,32.25,0.53194
90,317.5,333.75,14.25,28.5,0.53193
90,602,337,12,23.5,0.53177
90,466.5,179,12,24.25,0.53116
90,604.75,404.5,13.5,27,0.53114
90,269.5,313.25,77,154.25,0.53105
90,203.75,406.25,12.5,25.25,0.53095
90,172.25,178,12.75,25,0.53069
90,350.75,424.75,13.25,26.25,0.53067
90,248.25,384,43.5,86.75,0.53028
120,327.25,164.25,17.5,34.75,0.55934
120,69,299.5,13.25,26.25,0.55468
120,91.25,296.25,12.75,25.5,0.55382
120,76.25,296.75,12.5,25.25,0.55189
120,167,369.75,15,30.25,0.55104
120,97,415.5,16,32.5,0.55006
120,56.75,350.5,12.75,25.5,0.54846
120,627.75,59.75,13,26,0.54838
120,84,385.25,17.25,34.25,0.54828
120,156,393.75,15.25,30.75,0.5478
120,55.25,300.5,12.75,25.75,0.54735
120,363.5,368,13.75,27.75,0.54636
120,309.5,242,13.75,27.25,0.5458
120,354.5,380,18.25,36.5,0.54546
120,331.75,231.5,13.25,26,0.5424
120,350.25,375.25,13.25,26.25,0.541
120,76.75,395.25,14.25,28.25,0.53938
120,118,400,12.5,24.75,0.53928
120,249,365.25,12.25,24.5,0.53925
120,52.75,404.25,14.25,28.25,0.53774
120,104.25,294.25,13,25.75,0.53753
120,273.25,66.75,14,28,0.53705
120,179.75,397.25,13.75,27,0.53659
120,268.75,365,11.5,23,0.53645
120,236.25,354.25,17.25,34,0.53642
120,397.25,381.25,13.25,26.75,0.53619
120,125.25,386.25,15.25,30.5,0.53594
120,109.5,122.25,40.5,81,0.53582
120,147,397,13.75,27.5,0.53572
120,36,368,16.5,32.75,0.5349
120,69.25,396.25,13.5,26.75,0.53484
120,443,356.5,13.25,26.5,0.53368
120,37.25,386,15,30.25,0.53341
120,264.25,179,14.5,29.25,0.53305
120,446,362.75,15.5,31,0.53264
120,389.5,386.5,14.5,29,0.53223
120,16.5,408.75,12,24.25,0.53198
120,611.25,161.75,31,61.75,0.53197
120,244.25,368.5,12.5,25,0.53157
120,330.25,273.25,22,44.25,0.53137
120,497.75,420,26.75,53.25,0.53119
120,40.75,249,11.5,23,0.53118
120,591.5,158.25,32.5,65,0.5309
120,188.75,391.75,13.5,27,0.53046
120,441,353.25,13.75,27.5,0.53009
150,87.75,48,16.5,32.75,0.57735
150,172,300,13,26.25,0.56399
150,28.5,276.25,13,25.75,0.55659
150,86.5,55.25,13,25.75,0.55571
150,73,329.75,22.25,44.75,0.54973
150,181.75,328,13.5,27.25,0.54827
150,348.25,321,15,30,0.54722
150,76.25,45.5,18,36.25,0.54638
150,253,311.5,15,30.5,0.54589
150,413.5,403.75,14.75,29,0.545
150,522.5,198.5,15.5,30.75,0.54473
150,572.75,366.5,13.5,27.25,0.54359
150,174.25,335,13.25,27,0.54346
150,403.5,383,17.5,35.25,0.54192
150,69.5,312.25,14.75,29.75,0.54153
150,76.25,418.25,14.75,29.75,0.54122
150,317.25,415.5,13.75,27.5,0.54048
150,197.5,425.5,13.75,27.5,0.54008
150,31.75,40.75,12.25,24.25,0.5395
150,525.5,145,12.25,24.5,0.53721
150,70,35.75,15,30.25,0.53707
150,172.5,431.75,12.75,25.5,0.53678
150,364,324,13.25,26.75,0.53675
150,488.25,9.5,21,41.75,0.53653
150,401,387,22.25,44.25,0.53647
150,26.25,9,20.5,40.5,0.53633
150,577.25,231.75,12.5,25,0.53538
150,238,404.5,12,24,0.53532
150,315.75,384.75,13,26,0.53529
150,275.75,317.75,15.25,30.5,0.53518
150,412.75,167.25,15.75,31.75,0.53477
150,324,288.25,16.5,33,0.53476
150,71.25,400.75,12.75,25.75,0.5344
150,76.25,354.75,15.5,30.75,0.53434
150,186,425,11.75,23.75,0.53431
150,20.75,281.75,14.5,28.75,0.53427
150,318.5,338,12.25,24.5,0.53389
150,306.5,214.75,12.5,25,0.53383
150,423.75,425,12.25,24.25,0.53321
150,335,47,27,54,0.53317
150,64.25,34.5,14.5,28.75,0.53308
150,308.75,257,11.5,23,0.53278
150,36.5,26.75,12,24,0.53256
150,494.75,404.75,16,32,0.53254
150,310,154.25,12.5,24.75,0.53191
150,472.5,142.25,12.25,24.5,0.53188
150,550.75,84.25,14.5,29,0.53186
150,551.25,71.5,13.5,27.25,0.53177
150,100,347.75,15.75,31.5,0.53136
150,501.25,307.25,15.75,31.75,0.53128
150,366.75,318.75,14.75,29.5,0.53082
150,74.5,33.25,14.75,29.25,0.53072
150,72,408.75,12,24.25,0.53035
150,501.5,323.75,14.25,28.5,0.53028
180,87.25,46.75,16.5,33.5,0.56553
180,86.5,55.25,12.75,25.75,0.55571
180,385.5,124.5,28,55.75,0.55243
180,347.25,371.25,23.75,47,0.55094
180,167.75,431.25,13.25,26,0.55059
180,414.5,424,13,26,0.54791
180,468,410.75,15.25,30.5,0.54728
180,398.75,387.25,14.25,28.75,0.547
180,407.5,350.25,12.25,24.5,0.54687
180,76.25,45.25,18.75,37.75,0.54638
180,548.75,332.5,14.25,28.5,0.54524
180,70.5,371.75,12.5,25.25,0.54524
180,439.5,309.75,13,26.25,0.5449
180,148.5,404.25,12.25,24.25,0.54377
180,540.75,388.75,13.25,26.25,0.54235
180,515,408.75,19.75,39.5,0.54018
180,460.5,331.5,14,27.5,0.54
180,134,367.25,14,28.25,0.53977
180,298.5,288.25,12.25,24.25,0.53948
180,273.5,138.75,36.25,73,0.53926
180,219.25,222.75,14.75,29.5,0.5385
180,365.75,410.75,13.75,27.5,0.53808
180,167.5,344.25,12.75,25.5,0.538
180,610.75,151.75,12.25,24.75,0.53772
180,505,338.75,19,37.75,0.53743
180,70,35.75,15,30,0.53707
180,116.25,361.75,17.75,36,0.53678
180,373.25,390.5,16.25,32.5,0.53657
180,176.25,330,13.5,27,0.53597
180,311.25,383.75,12.5,25,0.53538
180,422.25,401,13.5,26.75,0.5351
180,165.5,363.75,13.5,27.25,0.53396
180,476.75,411.5,15.5,31.25,0.53325
180,64.25,34.5,14.5,28.75,0.53308
180,563.25,318.75,17.5,35,0.53283
180,518.25,380.25,13.5,27,0.53263
180,102.75,420.5,13.5,27.5,0.53247
180,276,165,25.75,51,0.53237
180,378,404.5,21.25,42.25,0.53184
180,488.25,359.5,12.25,24.5,0.53166
180,572.25,331,14.25,28.75,0.53158
180,134.75,357.5,13.25,26.5,0.5314
180,434.75,259,14.75,29.5,0.53119
180,238.25,367.25,15,29.5,0.53114
180,611.25,428.5,14.25,28,0.53112
180,502,228.75,27.5,55.5,0.53104
180,391.75,398.75,13.25,26.25,0.53098
180,352.5,287.25,14.25,28,0.53095
180,74.5,33.25,14.75,29.25,0.53072
180,21.75,423.25,12,24,0.53061
180,316.75,361,18.5,37.25,0.53002
210,357,423.5,14.25,28.5,0.57917
210,76.25,368,15.25,30.25,0.5696
210,212.75,391.75,13.75,27.5,0.56685
210,213.75,334.5,13.25,26.5,0.56507
210,567.75,369.25,12.25,24.5,0.55752
210,388.75,361,13.5,27.25,0.55738
210,460.5,373.25,14.25,28.75,0.55688
210,517.5,356,14.5,29,0.55617
210,381,356.25,14.25,28.5,0.55397
210,475.75,314.5,14.5,29,0.55396
210,85.75,321.5,15.25,30.5,0.55217
210,461,382,14,28,0.55191
210,491.75,336.75,13.75,27,0.55112
210,124.5,368.25,12,24.25,0.54995
210,445.5,379.25,14.75,29.25,0.54988
210,20,415.75,12.5,25,0.54978
210,515.75,364,16,32,0.54921
210,333.25,130.5,38.5,77.25,0.54884
210,252.25,295.5,13.5,27.5,0.54858
210,108.5,405.75,15.25,30.25,0.54744
210,396.25,394.25,15.25,30.25,0.54616
210,451.75,378.75,15.25,30.75,0.54479
210,100.25,333.75,13.75,27.75,0.54467
210,445.5,366.75,13.25,26.5,0.54407
210,101,323.75,15.25,30.75,0.54386
210,582.25,324.5,12.5,25,0.54377
210,452.5,395.75,14,28,0.54343
210,570.5,41.5,14.75,29.25,0.54306
210,387,348.5,19,38,0.54263
210,356.75,340.75,14.5,28.75,0.54227
210,44.25,330.75,14.5,29,0.54222
210,308.25,359.25,14.25,28.5,0.54222
210,117.25,317,14.25,28.5,0.54196
210,341.25,358,13.75,27.5,0.54166
210,277,366,15.25,31,0.54096
210,546.75,350.5,17.5,35,0.54085
210,540.5,125,11.75,23.5,0.54081
210,340.5,350.75,12.75,25.5,0.54073
210,347.75,424.75,15.75,31.5,0.54012
210,424.5,335,12.75,25.75,0.54001
210,519,292.25,12.25,24.75,0.54
210,459,134,16.5,32.75,0.53975
210,564,322.25,16.25,32.75,0.53924
210,429.5,338,15.75,31.5,0.5391
210,412,401.25,15.75,31.5,0.53904
210,588,410.5,15,30.25,0.53887
210,416.75,101,11.5,23,0.53844
210,375.25,384.5,30.25,60.75,0.53789
210,467.75,367.75,16,32.25,0.53765
210,338.5,159.25,29.5,58.75,0.53761
210,246,404,14.5,29,0.53707
210,252.75,330.5,15.75,31.5,0.53677
210,51.5,328.25,16.5,33,0.53662
210,357,364,14.5,28.75,0.53657
210,419.25,346.75,15.25,30.5,0.53652
210,564.5,355,14.75,29.75,0.53647
210,190,371.75,13.5,27.25,0.53634
210,515.75,335.25,16.5,33,0.53555
210,412.25,251.5,13.25,26.75,0.53548
210,270,313,13,25.5,0.53537
210,132.75,313.25,15.5,30.5,0.53534
210,87.5,336.75,12.5,24.5,0.53513
210,188,416,15.25,30.5,0.53475
210,325.25,356.75,14,28.25,0.53474
210,299.75,323,14.5,29,0.53464
210,244.75,378.75,14,28.5,0.53463
210,288,319.75,12.25,25,0.53453
210,444.5,353,16.25,32.25,0.53441
210,188.25,388.75,14.25,28.5,0.53432
210,277.5,322.75,14.5,29,0.5342
210,61,361.25,16,32.25,0.53419
210,260.25,317,13.25,26.25,0.53415
210,419.25,276,14.75,29.25,0.53411
210,300.5,312.75,12.5,25,0.53403
210,363.75,295.5,14.25,28.5,0.53396
210,220.5,327.5,15.5,31,0.5336
210,604,332,14.5,29.25,0.53321
210,460.75,269,14.25,28.25,0.53299
210,362.75,354.75,15,30,0.53296
210,363.5,339,17.5,35.25,0.53296
210,284.75,430.25,13,25.75,0.53237
210,117.5,351.75,13.5,27,0.53216
210,166,143.75,27,53.75,0.53179
210,420.25,384.25,16,32.5,0.53168
210,595.5,324,14.5,29.25,0.53165
210,235.25,313,19.5,39,0.53165
210,347.5,348.5,16,31.75,0.53153
210,342,308,14.25,28,0.53132
210,609.25,179.5,36.25,72.5,0.53074
210,404.25,394,15.25,30.25,0.53073
210,261,417.25,15,30.25,0.53072
210,397,350,13.75,27.75,0.53043
210,331,423,18.75,37.25,0.5304
210,464,134.75,13.25,26.25,0.5302
210,24.25,37.75,36,72.25,0.53017
210,405.75,348.75,13.5,27.25,0.53017
210,595.5,403.5,15.25,30.5,0.53015
240,380.75,382,16,32.25,0.58325
240,268.75,298.75,14.5,29.25,0.57247
240,156.5,306.25,15.5,31.25,0.5641
240,276.5,350.75,16,32,0.56249
240,477.75,327.75,13.5,27.25,0.55816
240,253,339,15,30,0.55673
240,69.25,368.25,14,28,0.55462
240,588.25,337.5,15.75,31.5,0.55114
240,357.5,428,14.25,28.5,0.55085
240,268.5,323.75,15,30.25,0.55072
240,461,368.25,12,24.25,0.55028
240,445.25,417.25,15,30,0.54835
240,614,52.25,12.25,25,0.54707
240,115,260.25,104,208,0.54602
240,445,393.75,14.25,28.5,0.54599
240,389,379.75,14.75,29.75,0.54542
240,77.75,355.75,14.75,29.25,0.54502
240,37,307.25,14.5,29,0.54499
240,326.25,425,12.25,24.5,0.54487
240,38.25,379.5,13,26.25,0.5448
240,405.5,397.5,15,30,0.54465
240,36.25,400.5,12.5,25,0.54396
240,588,353.75,15.5,31.25,0.54317
240,420.75,418,15.75,31.75,0.54203
240,428.75,408.75,15.5,30.75,0.54176
240,380.5,373.75,13,26.25,0.54138
240,51.5,382.25,16.5,33,0.54107
240,620,449.5,12.5,25,0.54083
240,220.25,368.25,14.5,29.25,0.54051
240,16,320,12.5,25.25,0.54036
240,425,241.75,19.5,39,0.53926
240,268.5,351,15.5,31,0.53912
240,317.25,398,13.5,27,0.53901
240,445,340,15.25,30.25,0.53846
240,469,335.5,13.5,27,0.53829
240,102.5,303.75,12.75,25,0.53807
240,452.25,352.75,15,30.25,0.53764
240,504.75,440.25,12.25,25,0.53757
240,59.75,369.25,16,32,0.53753
240,380.25,320.75,15.75,31.5,0.53683
240,364.75,352,15.25,30.75,0.53674
240,384.5,139.5,70.5,141,0.53663
240,100,386,15.5,30.75,0.53641
240,140,321,15.75,31.5,0.53633
240,292,353.5,15,29.75,0.53587
240,504,388,13.25,27,0.53574
240,291.75,405.25,14.5,29,0.53568
240,501,305.25,12.25,24.5,0.53565
240,316.5,297,12.25,24.25,0.53519
240,356.25,374,14,28,0.53497
240,260.75,410,14.25,28.75,0.53477
240,203.5,142.5,24.25,48.75,0.53468
240,513,119.5,33,65.75,0.53464
240,539.75,345.75,15,29.75,0.53456
240,419.5,402,15.25,31,0.53425
240,611,170,13.25,26.25,0.53417
240,324,342.75,13.25,26.5,0.534
240,374,375,13,25.75,0.53394
240,399,169.5,19.25,38.25,0.53389
240,268.5,336.25,16,32.25,0.5338
240,569.25,448.25,12.25,24.5,0.53379
240,148.5,307.25,14.5,29.25,0.53366
240,204.5,432.5,15,29.75,0.53356
240,523.75,322.75,15.25,30.75,0.5335
240,299.25,297,16,32.5,0.53333
240,566.75,310,13.5,26.75,0.533
240,597.75,338,13.5,27,0.53254
240,571.75,320.5,16,32.25,0.53253
240,470,409.75,13,26.25,0.53243
240,436.75,408.25,15.5,31.25,0.5323
240,404.75,308,14.5,29.25,0.532
240,397,424,13,25.75,0.53185
240,556.75,385,12,24,0.53177
240,420.25,352.5,12.5,24.75,0.53176
240,228.75,412.25,15,29.5,0.53171
240,246,341,13.75,27.5,0.53149
240,333,67.75,16,32.25,0.53147
240,28.75,311.75,14.75,29.75,0.53146
240,540.5,331.75,12.5,25,0.53129
240,396.5,362.5,14.5,28.5,0.53108
240,275.75,408.5,14.25,28.25,0.53093
240,299.5,336.25,16.5,32.75,0.5307
240,516,345.25,16.25,33,0.53061
240,69,295.5,13.5,27.5,0.53051
240,459.75,354.5,15.25,30.5,0.53014
240,295.25,314,13.5,27.5,0.53004
270,173.25,388,14.75,29.5,0.55397
270,624.75,179.75,15,30.25,0.55085
270,165.25,388.5,13.75,27.25,0.54925
270,527.75,100.75,42,84.25,0.54877
270,618.5,87.5,22.5,44.75,0.54876
270,469.5,443,15,30,0.54842
270,540.25,413.75,12.75,25.5,0.548
270,36.5,297,12,24,0.54528
270,-10.5,23,88,176,0.54348
270,362.25,130,42.25,84.75,0.54331
270,304.5,143.5,32.25,64.25,0.54084
270,586.5,125,13.25,27,0.53921
270,78.25,394.5,14.75,29.5,0.53818
270,487.5,431,12.75,26,0.53802
270,531,156.25,13.75,27.75,0.53752
270,397,406.5,13.25,26.75,0.53723
270,184.75,132.25,18.25,36.25,0.5371
270,550,95,13,25.75,0.53689
270,52.25,358,14.25,28.5,0.53652
270,573.25,416.25,13.5,26.75,0.53649
270,547.5,353,17,34,0.53643
270,21.25,391.25,14.75,29.25,0.5361
270,548.75,93.25,43,85.75,0.53451
270,507.5,420.75,15.75,31.25,0.53449
270,384.75,97.25,18,36,0.53417
270,404.75,401.5,30,60,0.53351
270,588.5,396.75,13.5,27,0.53346
270,8.25,399.5,12.5,25,0.53312
270,188.5,123,26.75,53.75,0.53283
270,79.25,355.75,14.5,28.75,0.53271
270,549.25,231.5,28.25,56.5,0.53258
270,411.75,160.5,17.75,35.25,0.53248
270,476.25,433,12.25,24.75,0.53205
270,410,306.5,13.5,27,0.53173
270,399.5,157.5,20.75,41.5,0.53109
270,442,162,17,34,0.53032
300,70,358.75,13.25,26.5,0.58671
300,458.25,293,12.5,25,0.55232
300,36.75,338.75,15.25,30.5,0.55191
300,59,349.75,13.5,26.75,0.55063
300,172,115,12.75,25.5,0.54696
300,76.75,343,13.5,27,0.54679
300,256,345.75,12.75,25.5,0.54548
300,43.25,341,13.5,27.25,0.54091
300,557.75,72.25,29.25,58.5,0.53973
300,197.5,341.25,13.75,27.5,0.53966
300,-2.75,127.75,21,41.5,0.53924
300,531.25,126.5,12.75,25.5,0.53894
300,370.75,133.25,15.5,31,0.53894
300,103.25,415.5,12.5,25.5,0.53847
300,197.75,397,13,25.75,0.53796
300,184.75,337,11.5,23,0.53731
300,139.75,355.75,12.25,24.5,0.53655
300,187.5,397,15.5,30.75,0.53636
300,592.75,89.25,12,24,0.53623
300,501.75,219.75,12.25,24.5,0.53558
300,412.5,425.25,13.25,26.5,0.53413
300,474.75,285,14.25,28.75,0.53276
300,627,106,13.75,27.75,0.53262
300,92.75,358.75,12.75,25.5,0.53247
300,26.75,353,11.5,23,0.53228
300,117.75,416,12.75,25.75,0.53199
300,295.25,67.25,189,378.25,0.53131
300,221,353.75,12.5,24.75,0.53078
300,76.5,356.75,14,28,0.53077
300,53,261,14.25,28.5,0.53016
300,540.5,391.75,12.25,24.5,0.53008
330,308,439.5,17,33.75,0.56641
330,252.5,415,15.5,31,0.56063
330,309,389,14.25,28.5,0.54746
330,622.5,136.25,12,24.25,0.54723
330,387,107.75,12.75,25.75,0.54705
330,293.5,380,14,28.5,0.54427
330,16.25,417.75,17.75,35.75,0.54395
330,477,428.75,14,27.75,0.54258
330,260.75,414.75,15.75,31.25,0.54199
330,277.75,390.25,13.75,27.75,0.54179
330,35.25,421.75,23.25,46.25,0.54125
330,282,397,33.75,67.25,0.54119
330,260.25,438.5,16,32,0.54061
330,452.5,432.25,15,30,0.54051
330,220.5,410.75,14.5,29.25,0.54025
330,596.5,412,14.5,29,0.53835
330,62,418.5,26.5,52.75,0.53819
330,204.75,378,15,30,0.53758
330,165.5,381.25,13.75,27.5,0.53751
330,564.25,441.75,15.25,30.75,0.53578
330,339.5,159.5,12.5,25,0.53573
330,261,400,35.75,71.5,0.53569
330,192.5,112.75,59,118.25,0.53527
330,538.25,366,52.75,105.25,0.53521
330,193.75,228.5,12.75,25,0.53495
330,15,75.75,12.75,25.75,0.53488
330,431.5,32.25,12.75,25.5,0.53431
330,572.75,444,14.25,28.5,0.53416
330,60.75,424.5,15,30,0.53408
330,245,415,15.25,30.25,0.5339
330,550,210,14.5,29.25,0.53335
330,196.75,403,15.25,30.25,0.53313
330,28.25,444.25,12,24,0.53258
330,471.75,47,13.5,27,0.53243
330,227,365.5,19,38.25,0.53177
330,106,402,18.25,36.5,0.53168
330,228,381.75,17,34.25,0.53163
330,-3,72.75,24,47.75,0.53155
330,564.75,416.75,14.25,28.75,0.53122
330,524.75,424.5,14,27.75,0.53079
330,120,110.75,12.25,24.25,0.53051
330,257.5,2.25,21.75,43.25,0.53038
330,167,398,37.25,74.75,0.53022
360,604.25,168,34,67.75,0.56874
360,532,284.75,16.5,33,0.56568
360,548.25,7.25,13.5,27,0.56559
360,581,283,14.75,29.5,0.56364
360,573,283,13.75,27.5,0.56123
360,523,283.5,17.5,35.25,0.55413
360,127.25,417,25,49.5,0.54906
360,556.5,13.25,14,28.25,0.54529
360,603.5,94.25,16.25,32.25,0.54506
360,593.75,102.25,13.25,26.5,0.54408
360,598.75,101,13.5,27.5,0.54246
360,519.5,7.5,12.75,25.75,0.54233
360,262.5,221.5,13.25,26.25,0.54183
360,215.25,345,15,30,0.54141
360,161,404.5,35,69.75,0.54068
360,342.25,157.25,12.75,25.25,0.5373
360,604.5,27,14.75,29.75,0.53655
360,315.25,26.75,14,28,0.53644
360,52.25,395.75,14.5,29,0.53575
360,597,284,14,27.75,0.53516
360,243.25,151,30.75,61.5,0.53391
360,612.5,90.5,15.5,31,0.5339
360,611.5,17.5,15.5,30.75,0.53368
360,597.75,44,13.75,27,0.53316
360,518.25,265.25,12.5,25.25,0.53258
360,580.5,272.5,15.5,31.25,0.53244
360,328.75,419.75,12,24,0.53235
360,253.25,186.5,13.25,26.25,0.53152
360,589.75,351.75,12.75,25.75,0.53137
360,230,341,14,28,0.53116
360,525.5,7.25,13.25,26.25,0.53086
360,164.25,444.75,12.25,25,0.53082
360,82.75,31.25,15.25,30.5,0.53077
360,88,360.25,12.25,24.25,0.53049
360,60,383.25,15.75,31.75,0.53047
360,132.25,302.25,14.5,28.75,0.53044
390,149.25,211,21.5,42.75,0.57903
390,437,333.25,13.75,27.5,0.57213
390,309,434.75,14.75,29.5,0.55556
390,205.75,72,12.5,25.25,0.55095
390,124,312,15.5,31,0.5508
390,228.75,88,15,29.75,0.55077
390,364.25,407.5,12.5,24.75,0.54939
390,437.5,389,13.75,27.5,0.54926
390,212.5,74.75,15,30,0.54701
390,92,332.5,16,31.75,0.54696
390,324.25,354.75,15.5,31.25,0.54637
390,443.75,375,13,25.75,0.54494
390,378.75,350.25,18.5,37.25,0.54438
390,84.25,337.25,15.75,31.75,0.54429
390,99.5,303.5,16.25,32.75,0.54333
390,572.25,410.25,15.75,31.5,0.54323
390,348.5,403,14.5,29.5,0.5427
390,412,379.25,14.75,29.5,0.54157
390,445.25,332.5,14,27.75,0.54098
390,438.5,374,13,26.25,0.54095
390,44,394.75,15.5,31.25,0.54093
390,196.75,317.75,15.75,31.75,0.53978
390,513.75,399.75,12.5,25.5,0.53941
390,36.75,338.25,14.75,30,0.53926
390,269.5,426.5,13,25.75,0.53776
390,36,399.5,15.5,31.25,0.53704
390,253.5,376,13.75,27.75,0.53647
390,543.75,172,29.5,59,0.53571
390,117.25,363,13.25,26.75,0.53562
390,85.25,314.5,15.25,30.75,0.53532
390,533.25,412,14,28,0.53486
390,22.25,408.5,13,26.5,0.53471
390,292.75,89,13,26,0.53464
390,490.5,240,12.25,24.5,0.53423
390,148.75,424.5,14.5,29,0.53378
390,51,334.25,17.25,34.25,0.53353
390,564.75,400,15,30.25,0.53328
390,95,126.75,13.5,27,0.53325
390,454.25,374,13.75,27,0.53309
390,498.75,53,11.5,23,0.53307
390,523.5,390,13.5,26.75,0.53236
390,568.25,7.75,12.75,25.5,0.53234
390,235.75,80.75,12,24,0.53217
390,350.25,381.5,13.5,27,0.5321
390,467.75,182.75,14.75,29.75,0.53205
390,435,424.5,12.5,25.5,0.53169
390,100,315.5,15,29.75,0.53153
390,363.75,341.25,13.5,27,0.53141
390,603.5,31.75,16.5,33.25,0.53132
390,100.25,344,14.75,29.25,0.53128
390,51.5,108,12.25,24.25,0.53118
390,204.5,155.5,16.25,32.5,0.53098
390,373,363.75,14.25,28.75,0.53097
390,372,426,14.25,28.5,0.53092
390,91,184.25,12,24.25,0.53079
390,254,93.25,13.25,26.5,0.53052
390,589,244,14.25,28.5,0.53039
390,620,386,12.5,25,0.5302
390,333,364,14.5,29,0.53019
420,599.5,70.75,21.75,43.5,0.57814
420,567.25,69.25,23,45.75,0.56759
420,348.25,181.25,20.75,41.5,0.55153
420,599,136.25,33.5,67.25,0.54839
420,370.75,5.5,14.25,28.5,0.54779
420,232.25,417.75,12.5,25,0.54715
420,517.25,43.5,14.25,28.5,0.54552
420,598.5,93.75,25.75,51.5,0.54545
420,540.75,425.75,13.25,26.75,0.54089
420,141.25,331.75,14.25,28.75,0.5399
420,496.5,7.25,29.5,59,0.53819
420,374,153,14.5,29.5,0.5378
420,501.75,59.75,28,56,0.53717
420,372,166.75,29.5,59,0.53521
420,572.75,342.5,13.5,26.75,0.53515
420,466.75,37.75,14,28,0.53404
420,73.5,138.75,12.5,25.25,0.53398
420,454,40.75,12.75,25.25,0.53397
420,517,166,13.25,26.5,0.53327
420,38.25,199.5,12.25,24.75,0.53295
420,597.75,169.5,16.5,33.25,0.53293
420,70.25,303.5,21,41.75,0.5326
420,504.75,3.5,13.5,27.25,0.53255
420,379,5,14.75,29.5,0.53174
420,348.5,3.5,13.25,26.25,0.53166
420,159.5,210,13.5,27.25,0.53165
420,511.5,147,14.25,28.5,0.53146
420,376,7.5,13,26,0.53119
420,566.75,42.5,17.5,35,0.53103
420,270.25,394.5,11.75,23.5,0.5307
420,524.75,167.5,21.75,43.25,0.53063
420,413,194.75,13.5,27,0.53037
420,542.75,218.5,12.25,24.75,0.53032
450,484.75,354,14.75,29.75,0.5824
450,308.5,369,15.75,31.5,0.58109
450,276.75,372,15.5,31,0.57944
450,469,368,14.25,28.5,0.5591
450,391,384.75,13.25,26.25,0.55787
450,317.5,450,13.75,27.25,0.55369
450,452.25,432.5,17.25,34.5,0.55367
450,418.75,367.5,16.25,32.25,0.55334
450,325.25,382.75,13,26.25,0.55007
450,317.5,379,14,28.5,0.54784
450,195,387.25,14.25,29,0.54714
450,606.5,359.75,12.5,25,0.54693
450,540,372,12.25,24.25,0.54669
450,365.75,388.25,14,28,0.54616
450,373.25,387.5,14.5,28.75,0.54605
450,476.25,366.75,17,34,0.54555
450,253,380.5,14.5,28.5,0.54501
450,300,376.25,16.25,32.5,0.54445
450,612.75,410.75,14.75,29.5,0.54419
450,546.75,53,29.75,59.5,0.54394
450,260.5,381.5,14,28.25,0.54352
450,507.5,370.5,13.5,27,0.54297
450,299.5,366.5,17.25,34.75,0.54239
450,508.25,448.75,12.5,25,0.54157
450,403.5,369.25,16,31.75,0.54109
450,389,360.75,20,40,0.53849
450,381,446.75,14.25,28.25,0.53844
450,500.75,347,15.5,30.75,0.53825
450,460.5,144.5,14.5,29.5,0.53818
450,288.5,182.25,21.25,42.75,0.53799
450,476.75,354.25,15.75,31.5,0.53798
450,293.75,374,13.5,27,0.53754
450,317.25,374.25,14.25,28.5,0.53688
450,476.5,446.5,14,28,0.53656
450,604,400.5,15,30,0.5365
450,493.25,347,14.75,29.25,0.53572
450,492.5,441.75,15,29.75,0.53487
450,437.75,341.25,14,28,0.53469
450,610.75,205.75,17.5,34.75,0.53447
450,212.25,356.75,15.25,30.5,0.53431
450,204,384.5,16,31.75,0.5342
450,426.25,367.25,16.75,34,0.53402
450,243.5,367,16.25,32.5,0.534
450,485.5,177.5,16.75,33.5,0.53357
450,220.25,388.25,15.75,31.75,0.5334
450,157,270.5,17.25,34,0.53326
450,85.5,293.25,13.5,27,0.53322
450,510.25,441.5,16,32,0.53306
450,506.5,344,27.25,54.5,0.53303
450,485.25,337.25,15.75,31.75,0.53299
450,308.5,367,14.75,29.75,0.53294
450,545,131,35.25,70.5,0.5326
450,460,367.25,15.75,31.5,0.5326
450,418,131.75,34.5,69.25,0.53231
450,462.5,337.5,14,28.25,0.53214
450,507.75,325.5,13.5,27,0.53187
450,293.5,365.25,14.25,28.75,0.53173
450,396.25,387.25,16.75,33.75,0.53108
450,362.75,191,21.75,43.5,0.53068
450,141.25,182,13.25,26.25,0.53063
450,508.75,381,13.75,27.75,0.53054
450,445,338.25,14.75,29.5,0.53046
450,300.5,430.75,13.75,27.25,0.53035
450,412,36,12.75,25.75,0.53005
480,388.5,432.5,16.25,32.25,0.59552
480,427.75,431.75,16.5,33.25,0.57095
480,282.25,188,21.25,42.5,0.56749
480,598.25,375.75,13,26.25,0.55883
480,446.75,438,13.75,27.5,0.55618
480,187.75,423,13.5,27,0.55462
480,167,424,12.5,25,0.55343
480,136.5,425.75,13,26,0.55061
480,512.25,342.25,13,25.75,0.55058
480,61,296.75,14.25,28.5,0.55057
480,413.75,424.75,15.5,31.25,0.54943
480,324.75,427.75,15.25,30.5,0.54828
480,375.75,451,12.5,25.25,0.54823
480,436.75,433.25,15.75,31.5,0.54789
480,465.5,7,16.5,33.25,0.54554
480,108.5,443.25,13,25.75,0.54547
480,570.5,368.25,31.75,63.5,0.54426
480,443.25,55.75,30.5,61,0.54383
480,547.25,432.25,16.75,33.5,0.54335
480,340.5,423,13.75,27.5,0.54231
480,546.5,61,26.5,53,0.54191
480,268.5,440.25,13.25,26.5,0.54151
480,476.25,337.25,14,27.75,0.54023
480,323.5,410,12.5,24.5,0.53838
480,332.25,424.75,13,26,0.53816
480,418.75,429.75,18.5,37,0.53792
480,119.75,440,12.5,25,0.53752
480,500.5,336,14.5,29,0.53734
480,243.75,418.75,14.5,29.25,0.53654
480,126,189,13.25,26.25,0.53645
480,405.5,439,13.5,27,0.53643
480,578.25,431.75,16.25,32.75,0.53635
480,366.75,330.75,13,26,0.53569
480,80.5,53.25,12,23.5,0.53547
480,516,436,18.5,37,0.5348
480,364.5,424,12.75,25.25,0.53466
480,368.25,429,13.75,27.75,0.53466
480,151.75,423,13,26.25,0.53437
480,404.75,426,15.75,31.25,0.53435
480,148.25,436,15.75,31.75,0.53427
480,156,415.5,13.75,27.5,0.53398
480,333.25,444,15,30.25,0.53306
480,76.5,280.5,11.75,23.75,0.53301
480,492.75,401.5,19.25,38.5,0.53292
480,229.25,421.25,14.5,29.25,0.53224
480,43.75,161,19,38,0.53212
480,560.5,397.75,13.25,26.5,0.53168
480,460,426.5,12.75,25,0.53141
480,251,289.5,14.75,29.75,0.53112
480,484.5,20.25,48.5,97,0.53097
480,441.75,7.25,31,62.25,0.53095
480,178.75,432,15.75,31.5,0.53045
480,556.25,396.5,13.75,27.75,0.53007
480,519.25,342.5,12.75,25.75,0.53004
510,411.25,428,18,35.75,0.55742
510,168.5,110.5,12,24.5,0.55646
510,412.75,336.5,13,25.75,0.555
510,445.25,378,14,27.75,0.55093
510,50.75,300.5,17.75,35.75,0.55056
510,205,444.25,14.5,29,0.5493
510,141,299.75,14.5,29,0.54783
510,141.25,379.25,14.25,28.75,0.54554
510,272.75,177.75,23.25,46.25,0.54476
510,284.25,315.75,14.5,29,0.54412
510,591.25,149.5,21,42.25,0.54283
510,367.5,398.25,13.5,27,0.54215
510,428.5,346,13.75,27.5,0.54175
510,338.75,296,12.5,24.75,0.54173
510,60.25,293.75,13.5,27.25,0.5416
510,147.75,271,16.75,33.5,0.5412
510,324.25,409.75,15.5,31,0.54111
510,447.75,417.5,13.75,27,0.54065
510,551,326.75,13,26,0.53865
510,106.5,179.75,14,28.25,0.53819
510,187.5,431.5,16.75,33.25,0.53805
510,222,165.25,16.75,33.5,0.53802
510,439.75,45.25,28,55.75,0.53752
510,325.25,384.25,14.25,28.75,0.53707
510,67.75,313.25,14,28,0.53459
510,564.75,331.75,14,28,0.5343
510,317.5,448.75,15,29.75,0.53412
510,111.5,47,103.5,206.75,0.53312
510,41.75,298.5,20.75,41.75,0.53306
510,100.5,437.5,13.75,27.5,0.53301
510,259.75,298,16.5,33,0.53279
510,380.75,326.75,12.75,25.5,0.53262
510,37.25,300.75,14,28,0.53244
510,484,136.75,12.25,24.5,0.53193
510,236.25,440.75,18.25,36.25,0.53178
510,269,370.25,15.25,31,0.53169
510,188,421.75,13.5,27,0.53151
510,8.75,332,13,26,0.53149
510,526,312.5,12.25,24.5,0.5314
510,203.5,426,16.75,33.5,0.53116
510,291.25,314.25,15.75,31.75,0.53051
510,577,145,23.75,47.25,0.53041
510,220.25,440.5,16.5,33,0.53039
510,236.5,452.75,12.75,25,0.53022
540,278.25,16.25,14,28,0.55793
540,437,67,31,61.75,0.54943
540,141,448.25,14.5,29.25,0.54852
540,222.5,430.5,13,25.75,0.54599
540,508.25,449.5,13,26.25,0.54565
540,509.75,3.75,12.5,24.75,0.5455
540,381.5,443.5,14,28.25,0.54484
540,598.25,419.25,12.75,25.5,0.54254
540,508.75,368.5,12.75,25.5,0.5418
540,137.25,440.75,12,24,0.54114
540,584,452.5,12,23.75,0.54102
540,619.5,179.75,20.75,41.25,0.53635
540,570.5,145.25,39,78,0.53484
540,567.25,246,12.75,25.25,0.53484
540,90.75,63.75,111.75,223.5,0.53483
540,151.75,312.5,13,25.75,0.53378
540,347.5,213,27,54,0.53377
540,347.25,402.75,16.5,33,0.53374
540,252.75,436.25,12,24.5,0.5337
540,412.25,431,12.5,25.25,0.53356
540,236.5,430,13.75,27.75,0.5334
540,211.75,191.75,31.75,64,0.53258
540,36.25,348,15,30.25,0.53239
540,159,215,14.5,28.75,0.53226
540,489.5,436.25,14,28.25,0.53205
540,72.25,203.75,18,35.5,0.53101
540,169,119.75,75.5,151,0.53041
570,625.75,162,15,29.75,0.56913
570,483.5,391.5,12.5,24.75,0.56567
570,220.25,388.25,14.5,28.75,0.56155
570,236.25,414.25,15.25,30.25,0.55897
570,581.75,368,13,26,0.55724
570,220.75,406,13.5,26.75,0.55683
570,204.75,395.25,14.75,29.5,0.55679
570,596.5,378.5,14,28.25,0.55335
570,532.75,371,14.75,29.5,0.55158
570,363.75,381,13.5,26.75,0.55109
570,448.5,56.5,30,60,0.55035
570,76,336.75,12.5,25,0.54924
570,548.75,357,14.25,28.5,0.54639
570,103,421,14.5,28.75,0.54347
570,588.25,375.5,14,28,0.54344
570,482.75,439.5,19.5,38.75,0.54312
570,277.5,372.75,14.25,28.75,0.54308
570,266.5,196.75,25.25,50.5,0.54196
570,365.5,445.75,14,28,0.54186
570,390.5,300.75,28.75,57.75,0.54141
570,494.5,392,12.5,24.75,0.54126
570,119.5,421.5,13.25,26.25,0.54124
570,422.75,450.5,14.25,28.25,0.54081
570,605.25,380.5,13.5,27,0.53931
570,-3,184.75,25.5,51.25,0.5391
570,165.75,444.75,13.5,27.25,0.53856
570,542.25,359.5,12.75,25.75,0.53757
570,62.75,391.5,12.5,24.75,0.53628
570,556.5,454.25,12,24,0.53535
570,212.5,417.5,15.5,30.75,0.5341
570,245.75,442.75,13.75,27.25,0.53343
570,121.75,409.5,18.25,36.75,0.53341
570,283.25,305.25,13.75,27.75,0.5332
570,332.75,442.75,15.75,31.75,0.53303
570,269.25,315.25,13,26,0.53204
570,156.5,429.25,11.75,23.5,0.5319
570,210,160.25,29.25,58.25,0.53171
570,581.5,378.25,13.75,27.5,0.53168
570,247.25,194.25,23.25,46.5,0.53152
570,480.75,437,11.5,23,0.53118
570,299.25,159.5,17.75,35.75,0.53114
570,470.75,390.75,12.75,25.5,0.53109
570,213,394.25,14.25,28,0.53078
570,390.25,305.5,12.75,25.75,0.53026
600,156.5,431,15.25,30,0.56157
600,598.25,404.5,13.75,27.5,0.55411
600,604.75,384,12,24.25,0.55003
600,119.5,451.25,12.75,25.75,0.54931
600,347,440.25,12.75,25.25,0.54835
600,270.5,182,27.5,54.75,0.54804
600,508.25,429.75,15,30,0.54619
600,412.5,415.25,12,24,0.54588
600,299,371,17.75,35.5,0.54562
600,308.25,143,17.5,35.25,0.54481
600,224.75,409.25,18.75,37.25,0.54287
600,135,451.75,13,26,0.54285
600,172.5,432.5,15.25,30.25,0.54244
600,269,410.75,13.75,27.5,0.54226
600,391.5,408.75,19.25,38.75,0.54164
600,293,410.5,13.25,26.25,0.5414
600,592.75,397.25,16.5,33.25,0.54112
600,478.75,391,12.75,25.75,0.54091
600,314.25,438.5,20,40,0.54067
600,307.5,382.75,12.75,25.5,0.53956
600,619.25,153,21.75,44,0.53909
600,260.25,399.75,16,32,0.53852
600,160.5,46.25,98,196.25,0.53801
600,116,283.25,12.5,25,0.53799
600,164.75,435.75,14.5,29.25,0.5378
600,95.25,379.25,13,26,0.5366
600,344.25,108,27,53.75,0.53618
600,316.75,433.75,15.25,30,0.53567
600,84.5,424,12.75,25.5,0.53557
600,462.5,28.75,35.75,71.75,0.53531
600,516.25,426.25,15.25,30.5,0.53474
600,376,431.25,12.25,24.75,0.53458
600,444.5,361.25,15,29.75,0.53438
600,291.5,434.5,16.75,33,0.53419
600,76.5,424,12.75,25.5,0.53407
600,408.25,405.75,33.75,67.5,0.53378
600,291.5,445.25,16,31.75,0.533
600,321.75,390.25,12.75,25.5,0.53293
600,561.25,384.25,12,24.25,0.53285
600,503,431.25,12.75,25.25,0.53265
600,100,361.75,14.75,29.25,0.53258
600,315.25,389.5,13.25,26.5,0.53248
600,86,443.5,13.5,27,0.53247
600,229.75,364.25,13.25,26.25,0.53231
600,588.75,452.75,12.25,24.5,0.53231
600,395.5,432.5,16.75,33.75,0.53219
600,403,432,17,34,0.53194
600,500,327,11.5,23,0.53193
600,499.25,447.75,12.75,25.75,0.53175
600,608.25,326,37,73.75,0.53116
600,308,389,13.75,27.5,0.53112
600,261,412.75,15,29.75,0.53105
600,587.5,425.25,17.25,34.5,0.53087
600,548,52.75,20,40,0.53072
600,172.25,421.25,16.5,32.75,0.53036
600,153.75,93.5,16.5,33.25,0.53026
600,582,183.5,21.75,43.5,0.53003
630,278,169.25,31,62,0.55195
630,487.25,14,34.5,69.25,0.5507
630,445.25,347.5,12.25,25,0.54299
630,214.75,131,16.5,32.5,0.53956
630,108,288.75,12.25,24.75,0.53794
630,331.75,129,12.5,25,0.53639
630,408.25,442.5,18.25,36.5,0.5321
630,58.25,305.5,13,26,0.53181
630,591.75,453,12.75,25.25,0.53163
630,211.5,125.25,35,70,0.53082
660,294.5,156.5,33.25,66.5,0.56141
660,220.5,447.5,13.5,27.25,0.55993
660,380.5,434.5,12.25,24.25,0.55479
660,286.25,202.5,12.25,24.25,0.55115
660,543.75,270,12.25,24.5,0.54639
660,461.5,446.25,13.25,26.5,0.54466
660,516.5,434.75,15,30,0.54428
660,354,328.75,12,23.75,0.54351
660,590.75,444.75,14,28.25,0.54079
660,246,433.25,12.75,25.5,0.54048
660,342.5,352.5,21.25,42.75,0.54028
660,385,108.25,12,24,0.53919
660,151,399,13.25,26,0.53913
660,51,95.5,17.25,34.75,0.53738
660,457,345,15.75,31.5,0.53703
660,166.25,200.25,12.25,24.25,0.53684
660,308.75,197,13,26,0.53617
660,352.25,111.5,12.75,25.25,0.53517
660,202.5,35.75,18,35.75,0.5336
660,532.25,443,15.5,30.75,0.53344
660,416,400,15.5,31.25,0.5328
660,359.25,342.5,13.5,27,0.53229
660,504.5,382.75,12.25,24.75,0.53158
660,295.5,449.75,13.25,27,0.53122
660,494.75,137,11.75,23.5,0.53099
660,322,345.5,15.25,30.25,0.53086
660,116.5,424,16.25,32.25,0.53055
660,254,439,16.25,32.5,0.53018
660,98.5,179.5,13.5,27.25,0.53008
690,77,398,13.25,26.75,0.5502
690,52,384.25,15,29.5,0.54793
690,533,421,14.25,28.5,0.54527
690,197.25,414.75,13.5,27,0.54267
690,444.25,390.25,25.5,51.25,0.54247
690,618,170.25,12.75,25.25,0.54081
690,60,382.75,12.75,25.25,0.53935
690,108.75,413.25,13.5,27.25,0.53786
690,149.5,428,13.75,27,0.53767
690,323.25,95.5,13.75,27.75,0.53748
690,370.75,108.25,21.25,43,0.53669
690,76.25,387,14.5,28.75,0.53633
690,95,403.75,14.75,29.75,0.53609
690,61,411.75,14,28.25,0.5358
690,75.75,375.5,13.25,26.25,0.53577
690,217.75,138.75,40.75,81.25,0.53567
690,544.75,78,36.25,72.25,0.53561
690,256.75,142.75,38,75.75,0.53512
690,377.75,166,26.75,53.75,0.53501
690,274,191,12.5,25.25,0.53458
690,258.5,405,14.5,28.5,0.53444
690,622.75,159,18.5,37,0.53444
690,596.25,415.25,12.75,25.75,0.53384
690,459.25,350,58.25,116.5,0.53285
690,535.75,123.25,22.5,45,0.53179
690,290,317.75,14,28,0.53168
690,60.25,397.5,13.25,26.5,0.53153
690,390.5,19,71.5,143.25,0.53143
690,366.5,174.75,23.25,46.25,0.53074
690,588,417,13,25.75,0.53063
690,311.75,410.5,12.25,24.5,0.53055
690,164.5,374.75,12,24,0.53017
720,133,369,15.5,30.75,0.55609
720,403.5,374.5,13.25,26.5,0.55375
720,510.5,230,30,60.25,0.54975
720,92.75,82.75,11.75,23.5,0.54298
720,390.25,374.75,13,26.25,0.5423
720,413.75,376,13,25.75,0.54118
720,422,375,13.25,26.25,0.54046
720,396.5,392.75,15,29.75,0.53813
720,428.5,376.5,13,26,0.53785
720,0.25,16.25,13,26.25,0.53732
720,378.75,376.25,12.5,24.75,0.53661
720,203.25,427.75,17.75,35.25,0.53653
720,159.25,102,14.5,29.25,0.53302
720,438.25,394.25,14,28,0.53271
720,460.75,381.5,12.25,24,0.53223
720,86.25,109.25,13,25.75,0.53126
720,68.25,376.25,12.25,24.75,0.53065
720,550,347.5,12.75,25.25,0.53029
720,90.75,162,30.25,60.5,0.53023
720,117.25,318.5,18.75,37.5,0.5302
720,571.5,442.25,16.5,33.5,0.53003
720,116.75,341.5,14.75,29.5,0.53002
750,300,320.5,19.5,39.25,0.54593
750,440.75,90,18,36,0.54207
750,597.75,193.25,15,30,0.5419
750,69.5,415.5,17,34,0.53965
750,240.5,120,15.75,31.5,0.53784
750,239.25,320,14,27.75,0.53427
750,431.5,94.5,31.25,62.5,0.53194
750,478.5,183.75,13,26,0.53072
750,118.5,92,34,68,0.53032
750,189.5,143.25,132.5,264.75,0.53003
780,462.75,202,13.25,26.5,0.5514
780,91.25,43.5,16,32,0.53908
780,53.75,90.5,12.25,24.25,0.53893
780,358.25,106,22.5,44.75,0.53799
780,328.5,270.5,12.75,25.25,0.53748
780,214.25,84.5,31.5,62.75,0.53645
780,232.25,127,12,24,0.53638
780,592.5,93.75,12.25,24.25,0.5348
780,280,152,12.5,24.75,0.53436
780,175.75,435.75,14.5,29,0.53404
780,32,124.25,18.75,38,0.53231
780,446,163.5,12.5,24.75,0.53125
810,387.5,7.5,13,25.75,0.56899
810,413,28.5,12.75,25.75,0.5517
810,316.25,4,13,26.25,0.55101
810,363.5,8,21,42,0.54589
810,420.5,30.75,12.25,24.25,0.5435
810,387.25,226,12.75,25.5,0.5429
810,378,14,18.25,36.5,0.54274
810,236,390.25,13,26,0.53868
810,612.5,157.75,29.75,59.75,0.53819
810,196.5,378.75,15.5,31,0.53765
810,443.25,101,13.5,27.25,0.53753
810,300.5,2.5,12.25,24.75,0.53686
810,214.5,397.5,13.75,27.5,0.53526
810,432.75,31.25,12,23.75,0.53481
810,492.25,69.5,12.75,25,0.53446
810,428.75,45,11.5,23,0.53302
810,394.75,25.75,13.75,27.5,0.53275
810,480.25,6.75,20,39.75,0.53251
810,424,31,12,23.75,0.53248
810,187.5,383.75,15.75,31.75,0.53238
810,154.5,87.25,13.75,27.75,0.53233
810,349.25,9.5,19.75,39.75,0.53227
810,376.25,26,12.75,25.5,0.53143
810,8,276.75,12.5,25,0.5312
810,98,122.75,44,88,0.53103
810,306.25,4,13,26,0.53099
810,204.75,351,16,31.5,0.53066
810,459.75,5,12.25,24.75,0.5305
840,12.25,28.25,13.75,27.5,0.57637
840,62.5,71,12.25,24.75,0.55246
840,108,363.75,14.5,28.75,0.55173
840,30,32.5,12,24.25,0.55077
840,214,372.75,13.5,26.75,0.5481
840,75.5,59.5,13,25.75,0.54773
840,496,98.25,38.25,76.75,0.54691
840,536.5,442.25,12,24.25,0.54456
840,212.5,348,14.75,29.25,0.54271
840,512,149,13.5,27.25,0.54241
840,108.25,76.75,11.75,23.75,0.54208
840,203.25,315.25,18.25,36.5,0.5419
840,76.75,365.5,14.5,28.75,0.54143
840,24.5,72.75,11.75,23.5,0.53964
840,422.25,2.5,12.5,24.75,0.53956
840,69.75,355.25,14.25,28.25,0.53939
840,444,134,12.25,24,0.53712
840,112,88.5,12.25,24.75,0.53637
840,28.25,64.75,14.5,29,0.5361
840,375.5,54.25,118,235.75,0.53571
840,412.5,144.5,11.75,23.5,0.53429
840,498.75,255.25,15.75,31.75,0.53374
840,364.5,260.5,18,36,0.53321
840,50,60.75,13.75,27.25,0.53276
840,319.75,80.5,13.25,26,0.53257
840,163.25,42.75,53.75,107.5,0.53241
840,91.25,54.75,13.25,26.75,0.53234
840,152.75,26.75,11.5,23.5,0.53192
840,72,58.75,13,26.25,0.53189
840,238.25,368.75,14.5,29,0.53186
840,280.5,337.25,12.5,25,0.53179
840,142.25,28.25,23,46.25,0.53144
840,564.5,323.5,14.5,29,0.53141
840,396.75,364.5,14.75,29.75,0.5312
840,44,59.25,16.25,32.5,0.53088
840,117.25,362.25,15,30,0.53074
840,428.5,347.75,14.25,28.5,0.53058
840,435,112.75,40.5,81,0.53056
840,284,383.5,12.5,25.5,0.53055
840,495.25,103,15,29.75,0.53018
840,221.75,372.25,14.5,28.75,0.53018
870,85,384.5,15.25,30.5,0.55755
870,222,424.75,12.5,25.5,0.55147
870,151.75,322,13.5,27,0.55091
870,110,321.25,14,28,0.55023
870,412.25,374,12.25,24.5,0.55005
870,332.5,379.5,15,30.5,0.54989
870,405.25,293.25,14,28,0.54819
870,92.5,396.5,15.25,30.75,0.54781
870,93.25,334.25,14.5,28.75,0.5474
870,452.75,280.25,12.25,24.5,0.54554
870,244.25,386.5,14,28,0.54533
870,299.75,284.75,12,23.75,0.54363
870,-10.75,298.75,88,176.25,0.54294
870,460,293,13.25,26.5,0.54209
870,331.75,359.75,12.25,24.5,0.5419
870,379.75,291.25,14.25,28.5,0.54099
870,159.5,354.75,12.75,25.75,0.54019
870,503.75,9,13.5,27,0.5401
870,413.5,9.5,19.5,39,0.53914
870,439.25,376,13.25,26.5,0.53793
870,31.75,337,12.75,25.75,0.53749
870,182.75,370.75,12.75,25.25,0.53693
870,386.75,368,11.5,23,0.53665
870,100,410.25,15,29.75,0.53612
870,401.75,294.25,13.25,26.75,0.53596
870,197,371.25,15,30,0.53587
870,85.5,6.25,16,31.75,0.53583
870,339.75,318.75,13,26,0.53569
870,259,352,14.75,29.75,0.53569
870,451.75,443.75,16,32,0.53542
870,402.25,23.75,13,26,0.53519
870,212.5,426.75,15,30,0.53501
870,471.5,135,15.5,31.25,0.53499
870,300.25,354.25,15,30.25,0.53486
870,617.25,350.5,24.75,49.5,0.53461
870,269.25,303.75,12.5,25.25,0.53404
870,283.5,120.75,30.75,61.75,0.53382
870,154,365.25,18,36.25,0.53374
870,380.25,25.75,13.75,27,0.53372
870,20.75,379,14.5,29.25,0.53357
870,420.25,452.75,12.25,24.5,0.53317
870,380,351.75,60.75,121.25,0.53305
870,394,19.5,14.75,29.25,0.53305
870,427,18,15.25,30.5,0.53303
870,412.5,138.75,14.5,29,0.53272
870,232.75,88,38.5,76.75,0.53263
870,390.75,364.75,12.75,25,0.53234
870,36.5,400,11.75,24,0.53226
870,269.25,295.25,13,25.75,0.53215
870,316.25,347.75,63.25,126.75,0.5321
870,110.5,332,14.5,28.75,0.53202
870,117.75,338.5,13.25,26.25,0.53188
870,157,422.75,14,28,0.53171
870,112.25,358.5,13.25,26.25,0.53154
870,526,268.5,14,28,0.53142
870,148.75,377.75,14,28.25,0.53125
870,229.25,318.75,14.25,29,0.53087
870,261,384.25,14.75,29.5,0.53038
870,80,82.25,12.5,25,0.53036
870,412.25,299.75,14.25,28.5,0.53026
870,250,143.5,13,26,0.53008
870,565.25,354.5,18.5,36.75,0.53006
900,223.5,298,12.75,25.5,0.55242
900,613.75,49,13,26,0.54767
900,512.25,337.5,12.5,25,0.54563
900,182.75,126.5,13.75,27,0.54524
900,605.25,304.25,12.75,25.5,0.54483
900,309.75,288.5,12.75,25.25,0.54479
900,250.25,88,26.5,53,0.54359
900,588.75,143.5,13.5,27.25,0.54164
900,108.5,26.75,18.25,37,0.54031
900,596,359.25,12.75,25.5,0.53946
900,155.5,220.75,29,58,0.53921
900,604.5,379.75,14,28,0.53829
900,604.5,121.5,12.5,25.5,0.53755
900,332.25,298.25,13,25.75,0.53706
900,279.25,196.25,25.5,50.75,0.53596
900,280.25,170.5,22,43.75,0.53542
900,575.75,297.25,12.75,25.5,0.5353
900,88,36.75,14.25,28.5,0.53529
900,480,25.75,36.5,73.25,0.53317
900,412,64.5,12.5,25.25,0.53295
900,151.5,56.25,26.75,53.5,0.5329
900,137.25,395.5,18.75,37.25,0.53277
900,611.75,152,12.25,24.75,0.53246
900,451.75,95.25,14.5,28.75,0.53218
900,594.5,409,17.25,34.5,0.53209
900,469.5,33,15.75,31.5,0.53166
900,156.75,103.75,27.25,54.25,0.53164
900,160.25,406.25,11.75,23.75,0.53134
900,520.75,106,11.5,23,0.53099
900,215.25,106.5,31.5,63,0.53078
900,568,53.25,13.75,27.5,0.53068
900,154.5,444.75,17,34,0.53045
900,187.75,445.25,13,25.5,0.53032
930,628.5,90,12,24,0.55282
930,494.25,383.25,12.75,25.5,0.55182
930,200.5,322.5,12.25,24.75,0.54922
930,581.5,162.75,14,28.25,0.5482
930,585.75,40.25,13.25,26.5,0.54684
930,139.25,128.75,14.5,29.25,0.54644
930,329.75,309.5,21.75,43.5,0.54569
930,587.5,161.75,16.5,33,0.54378
930,260.5,146.5,35.75,71.25,0.54233
930,376.5,312.25,12,23.75,0.54211
930,363.25,288,16,32,0.54193
930,613.25,35.5,14.25,28.5,0.54147
930,326.5,307.75,14,28.25,0.53915
930,51.75,395.75,16.25,32.25,0.53885
930,164.5,399.25,12.5,24.75,0.53879
930,453.5,269,14.5,28.75,0.53877
930,239.75,198,27.5,55,0.53865
930,68,377.75,13.75,27.75,0.53849
930,68.75,321.5,13.5,27,0.53833
930,84.5,399.75,12,24.25,0.53812
930,460.5,366.25,12,24,0.53765
930,502.5,328.75,12,24,0.53748
930,555,44,14.5,29,0.53681
930,108.5,53.25,13.5,26.75,0.53677
930,132.5,317,14.5,29,0.53654
930,271.75,196.25,12.5,25,0.53654
930,69.75,65,40,79.75,0.53587
930,159.5,380.5,13.5,26.5,0.53542
930,294.25,314.5,14.75,29.75,0.53536
930,102,309.25,13.25,26.5,0.535
930,572.75,302.25,15,30.5,0.53493
930,380.25,412.25,12.75,25.25,0.53476
930,512.25,227.25,22.25,44.5,0.53468
930,516.25,331,15,30,0.53449
930,550.25,279.25,12.75,25.5,0.5343
930,545.75,392,12.25,24.25,0.53406
930,86.75,224.25,22.5,45.25,0.53368
930,358.75,93.75,11.75,23.75,0.53353
930,429.75,287.75,13,25.75,0.53344
930,91.5,226.75,21,42.5,0.5324
930,431.75,348.5,12.75,25.25,0.53209
930,161.75,346.5,14.75,29.25,0.53202
930,348.5,294.25,13.25,26.5,0.53152
930,370.25,396.25,11.75,24,0.53133
930,531.5,50.75,13.5,26.75,0.53105
930,168,73,25.25,50.25,0.53027
930,591,150.5,13.25,26.5,0.53017
930,183.25,146.25,13,25.75,0.53003
960,44.5,293.75,13.5,27,0.57162
960,156.75,318.25,13.5,26.75,0.55376
960,389.25,283,14.5,29.25,0.5534
960,571.25,28.75,14.75,29.75,0.55329
960,139.25,347.75,17.5,34.75,0.5499
960,16.75,124.25,12,24,0.54954
960,154.25,110.25,12.5,24.75,0.54866
960,166.25,322,15,30.5,0.54861
960,43.75,303.75,15.25,30.5,0.54833
960,578.75,29,16.25,32.25,0.54787
960,86,365.75,13.25,26.5,0.54653
960,30.25,66.25,16,31.75,0.54632
960,136,97,26.5,53,0.54558
960,311,453,12.75,25.5,0.54538
960,195.25,452,13.25,26.75,0.54526
960,93,379.75,13.75,28,0.54466
960,251.75,155.25,47,93.75,0.54384
960,604.25,399.25,14,28.25,0.54382
960,356.5,406,14,28,0.54346
960,115.75,320,12.25,24.75,0.54292
960,412.5,246,12.75,25.25,0.54292
960,60,20.25,16,32.5,0.54274
960,508.25,334.25,14.75,29.5,0.54265
960,540.5,62,16.5,32.75,0.54066
960,148.25,319.75,16.75,33.25,0.54053
960,397,335.75,13.75,27.75,0.54009
960,333.5,331,13.5,27.25,0.53991
960,71.25,51,38,76,0.53934
960,172.5,319.25,17.5,34.75,0.53918
960,125.5,356.25,14.25,28.5,0.53917
960,116.5,362.5,15.25,30.5,0.53732
960,189,439.25,12.75,25.75,0.53707
960,76.75,319.5,14.5,29,0.53621
960,237,340.75,12.75,25.5,0.53618
960,117.5,440,12.5,24.75,0.53604
960,99.75,347.5,16,32,0.53573
960,174.75,67,11.5,23,0.53556
960,53.75,298,14.25,28.25,0.53531
960,292.25,332.25,13.25,26.75,0.53435
960,211,254,18,36,0.53417
960,92.25,354,15.25,30.5,0.53361
960,91.75,346.5,15.75,31.25,0.53317
960,475,403.25,13.75,27.25,0.53256
960,404.5,267.75,14.75,29.5,0.53208
960,100.25,369.25,12.25,24.5,0.53198
960,273.75,324.75,13,26,0.53164
960,125,443.5,15.75,31.25,0.53145
960,280,131.25,38.75,77.5,0.53144
960,531.75,183.25,12.5,25,0.53143
960,150.25,444,12,23.75,0.53122
960,67.5,279,13,26,0.531
960,242.5,332.5,18,36,0.5308
960,52,71.75,44.5,89,0.53065
960,231.75,76.5,28.75,57.25,0.5304
960,69.5,262.25,14,28,0.53036
960,85.75,287,16,32,0.53035
990,205,378.5,14.75,29.5,0.5859
990,594.75,320.25,17.25,34.5,0.57779
990,61,363.75,14.5,28.75,0.56786
990,340,359.75,13,26,0.56234
990,460.75,414.25,13.75,27.5,0.56179
990,572,387.5,15,29.75,0.56002
990,324.75,359,13,26,0.55897
990,357.5,383.5,14.75,29.25,0.55664
990,492.5,278.5,13,26.5,0.55622
990,572.25,427,15,29.75,0.55522
990,588,394.25,15.5,30.75,0.55477
990,229,374.75,14.5,29,0.55359
990,321.25,121.75,14.5,28.75,0.55329
990,605.25,433,15.5,30.75,0.55282
990,459.25,257.5,16.5,33,0.55273
990,197.25,378.5,14.25,29,0.55265
990,485,386,13.75,27.5,0.5519
990,229,381.25,14.75,29.5,0.55139
990,35.75,378.25,16.25,32.5,0.54986
990,370.75,337.25,12,23.75,0.54973
990,501.5,369.5,15.75,31.25,0.54937
990,118.5,372,14.75,29.5,0.54917
990,452.5,399.75,13,26,0.54764
990,571.75,395,16.5,33,0.54756
990,173.25,377.25,14.75,29.5,0.54729
990,317.25,364.25,14.5,29.25,0.54636
990,45,247.25,30,60.25,0.5449
990,390.25,434.5,13.75,27.5,0.54469
990,45.25,354.5,15.5,31,0.54461
990,44.25,379.75,14.25,28.25,0.54451
990,37,351.75,14.25,28.75,0.54405
990,149.25,236,19.75,39.75,0.54323
990,468,302.5,13.25,26.25,0.54312
990,586.25,148.25,14,28.25,0.54178
990,100.25,382,15.25,30.5,0.54173
990,563.5,366.75,16.5,32.75,0.54166
990,108.5,431.25,12.75,25.75,0.54139
990,149,377,14.25,28.75,0.54119
990,15.75,423.75,16.75,33.5,0.54097
990,261,378.5,14,28,0.54089
990,220.5,355.75,15.75,31.5,0.54078
990,188.75,379.5,14,27.75,0.54048
990,52.5,370.25,14.5,29.25,0.54048
990,254.5,347.25,12,24,0.54037
990,373,344,14.5,29,0.54029
990,271.25,304.5,13.25,26.5,0.54027
990,198,422.75,12.5,25.25,0.54019
990,156.25,371.25,14.75,29.5,0.53907
990,597,444.5,14,27.5,0.53897
990,68.5,424.25,14,28,0.53791
990,28.25,358,13.5,27,0.53772
990,276.75,391.5,12.5,25.25,0.53752
990,611.5,94.75,17.25,34.75,0.53727
990,484,396.75,14,28,0.53712
990,117.25,444,13.75,27.75,0.53701
990,604,379.5,14.75,29.25,0.53663
990,80.25,424,12.25,24.75,0.53628
990,213,379.5,14.5,28.75,0.53594
990,516.5,117,24.5,49.25,0.53592
990,49.25,40.25,12,24.25,0.53536
990,435.5,412.5,12.5,25,0.53524
990,108.75,372.5,15,30.25,0.53487
990,284.25,408,16.75,34,0.53462
990,597,397.25,14.25,28.25,0.53455
990,14,75.5,27,54,0.53417
990,453.75,315,13.25,26.25,0.53407
990,580,150.5,13.25,26.5,0.53402
990,232,58,31.75,64,0.53396
990,325.75,404,14.75,29.75,0.53391
990,572.5,362.5,15,30,0.53375
990,92.75,381.75,14,28.25,0.53359
990,603.75,327.25,16.5,32.75,0.53351
990,292.5,432.75,12.75,25.25,0.53348
990,180.75,379.25,14.5,29,0.53336
990,564.5,383.25,13.75,27.75,0.5332
990,539.5,298.5,14.25,28.5,0.53317
990,494.5,291.25,22.5,45,0.53293
990,236.75,378.75,15.5,30.75,0.53264
990,180.5,322,17.5,34.75,0.5324
990,84.75,389.75,15.5,30.75,0.53169
990,125.5,375,13.5,26.75,0.53166
990,312.5,401,11.75,23.5,0.53164
990,578.5,45.75,12.25,24.25,0.53155
990,82.75,75.75,49.25,98.5,0.53141
990,67.75,376.25,15.75,31.5,0.53139
990,262.75,354,12.5,24.75,0.53116
990,394.5,81,30,59.75,0.53091
990,612.25,321.25,14.75,29.25,0.53085
990,500,287.5,12.5,25.25,0.53062
990,510.25,168.75,12,24,0.53058
990,55,349.5,13.25,26.5,0.53013
990,182,358.5,13.25,26.5,0.53008
1020,389,331.25,14.25,28.5,0.56482
1020,92.5,439,12.75,25.75,0.56115
1020,458,93,13.5,27,0.55532
1020,594.75,367.5,16.75,33.75,0.55434
1020,540.25,261.25,12.75,25.5,0.54668
1020,236.25,442.5,15.5,30.75,0.54573
1020,411.75,316.75,16.25,32.25,0.54521
1020,172.25,439.75,16.5,33.25,0.54425
1020,372.25,449.75,13,25.75,0.54247
1020,316.25,347.25,15.5,30.5,0.54217
1020,628.5,197.75,12.25,24.75,0.54136
1020,229.25,372.5,14.5,29.25,0.54103
1020,248.25,64.75,14.75,29.25,0.54007
1020,142.75,90,13,26.25,0.53964
1020,407.75,451.75,12.75,25.5,0.53891
1020,244.75,426.75,15.25,30.5,0.5384
1020,365,299.5,15.25,30.5,0.53838
1020,141.25,17.75,12,24,0.53808
1020,340,321.5,16.75,33.5,0.53739
1020,76.25,438.5,13.5,26.75,0.53721
1020,589,453.25,12.75,25.75,0.53704
1020,-17.5,15.5,164.5,329,0.53689
1020,-2.75,257.5,23.25,46.5,0.53686
1020,19.75,123.5,12.75,25.75,0.53674
1020,489.5,129,39,78.25,0.53667
1020,379.75,73.75,13,26.25,0.53649
1020,563.75,445.5,15.75,31.25,0.53646
1020,140,325.75,12.5,25.5,0.53643
1020,588.5,300.5,12.5,25.25,0.53633
1020,369,213.75,20,40,0.53598
1020,380.25,333.5,15.5,31.25,0.53576
1020,178.5,336.75,12,23.5,0.5356
1020,454.5,287.25,13.5,27,0.53538
1020,321.75,318.75,16.75,33.25,0.5351
1020,297,93,14.25,28.75,0.53497
1020,167.75,424.75,12,24.25,0.53458
1020,116,435,16.75,33.75,0.53441
1020,451.75,295.5,14.5,28.75,0.53432
1020,517,135,30.5,61,0.53419
1020,372.75,393.25,15.75,31.25,0.53414
1020,534.25,12.25,12.25,24.25,0.5341
1020,551.25,319.5,12.5,25,0.53384
1020,508.25,265.25,15.25,30.25,0.53318
1020,239.25,55.25,18.5,37,0.5331
1020,212.75,393,15.25,30.5,0.5331
1020,69.75,213,55.25,110.25,0.53296
1020,189.25,16,18.5,37,0.53238
1020,59.5,102.5,18,35.75,0.53166
1020,597.75,138.75,16.25,33,0.53147
1020,60.5,429.5,12,23.75,0.53126
1020,268.75,74.5,13.5,27.5,0.531
1020,358.25,58.5,11.75,23.5,0.53099
1020,315.5,309,13.5,26.75,0.53079
1020,45.75,389.75,16.25,32.5,0.53079
1020,445.5,402,12.5,25,0.53073
1020,615,138.5,15.75,31.75,0.53068
1020,384.5,280.75,12.5,24.75,0.53055
1020,617.5,117.75,12.75,25.5,0.53043
1020,254.25,413.5,18.25,36.25,0.53024
1020,164.75,297.5,11.75,23.75,0.53007
1050,371.5,60,12.75,25.75,0.56121
1050,2,40.5,21,42,0.54172
1050,372.5,83.5,25.5,51,0.54025
1050,21.25,75,13.5,27.25,0.53822
1050,222.25,203,13.25,26.75,0.53738
1050,450.5,79.5,14,28,0.53627
1050,294,109.5,14,28.25,0.536
1050,298.25,204,12.5,24.75,0.53522
1050,611.5,255,13,25.75,0.53491
1050,427.25,117.5,13.25,26,0.53329
1050,491.5,164,38.5,76.5,0.53263
1050,35.25,27.75,16.75,33.5,0.53226
1050,326.75,32.25,12,24,0.53079
1050,594.75,125,16.5,33,0.53055
1050,100.25,98.75,15,30,0.53049
1050,312.75,211.5,49.75,99.25,0.53041
1050,616,104.5,11.75,23.5,0.53031
1080,37.75,390.75,13.25,26.5,0.54774
1080,69.5,231.25,15.75,31.75,0.54593
1080,546,120.75,18.25,36.25,0.54475
1080,411.5,75,14,27.75,0.54328
1080,331,76.75,27.25,54.25,0.53999
1080,169.5,38,16.75,33.75,0.53782
1080,542.5,114.75,12,23.5,0.53741
1080,190.75,45.25,15.25,30.25,0.53725
1080,232.5,60.5,15.5,31,0.53369
1080,151.25,42.25,31.25,62.5,0.53259
1080,238.75,27.5,38.5,77,0.53232
1080,300.75,61,11.5,23,0.53211
1080,343.25,62.5,18,35.75,0.53198
1080,304.25,1.25,13.5,27.25,0.53177
1080,538.75,88,36.25,72.25,0.53156
1080,328.5,53.5,14,28,0.53134
1080,243.25,204.25,13.75,27.5,0.53119
1080,335,95.75,17,34,0.53117
1080,149.75,440.5,13,25.75,0.53079
1080,173,426.75,15.5,31,0.53077
1080,82.25,56.5,12.25,24.75,0.53075
1110,69.75,392.75,13.5,27.25,0.56079
1110,236.25,387.75,14,28.25,0.56068
1110,285,332.5,14,28.5,0.56004
1110,212.5,413.5,14.5,29,0.55688
1110,118,406.75,13.25,26.25,0.55628
1110,220.5,427,14.5,29,0.55483
1110,228,422.5,13,26,0.55333
1110,-1.5,202.5,13,25.75,0.55063
1110,412.25,331.25,16,32,0.54934
1110,108,15.25,43.5,87,0.5493
1110,69,199.75,16.75,33.75,0.54873
1110,197.25,427,14.5,29.5,0.54866
1110,59.75,31.5,17.5,35.5,0.54635
1110,277,329.25,15.25,30.5,0.54546
1110,53.75,413,13.75,27.75,0.54543
1110,260.25,331.5,14,28,0.54356
1110,285.25,326.25,14,27.75,0.54303
1110,315.75,314.5,12.5,24.75,0.54266
1110,230,385.5,12,24.25,0.54249
1110,212.25,400.25,16.25,32.75,0.54202
1110,405,340.75,14.25,28.5,0.54187
1110,284.5,416.75,12.5,24.75,0.54109
1110,477.25,336.25,12.5,25.5,0.54058
1110,207.25,75.75,23,46.5,0.53977
1110,531.75,406.5,13,26,0.53927
1110,333,331.75,13.5,26.75,0.53734
1110,584.75,49.25,17.5,35,0.53704
1110,22.25,16.75,16.25,32,0.53703
1110,494.75,205.5,14,28,0.53684
1110,276,375,13,25.75,0.53621
1110,48.75,33.25,15.25,30.5,0.53585
1110,-3.25,314.5,26.25,52.75,0.53568
1110,259,104.5,12,23.75,0.53557
1110,291.75,332.75,15.25,30.75,0.53505
1110,316,343.75,12.25,24.75,0.53495
1110,92.25,420,16,32.25,0.5348
1110,77.75,202,83.25,166.25,0.53471
1110,197.75,357.25,13.75,27.5,0.53379
1110,-10.5,163.75,89.5,178.5,0.53365
1110,199.25,372.5,14.5,29,0.53347
1110,252.5,322.25,16,31.75,0.53339
1110,437.75,127.25,12,24.25,0.53326
1110,83.25,393,17.75,36,0.53277
1110,401.75,327.75,12.25,24.75,0.53262
1110,269.25,426.75,13,26,0.53251
1110,76.75,400.75,15.75,31.5,0.53241
1110,76.25,422.25,16,31.75,0.53217
1110,201.75,82.75,12.75,25,0.53215
1110,90.75,40.25,41.5,82.75,0.53213
1110,181,429,13.5,27,0.53199
1110,623.25,29.5,18.25,36.25,0.53193
1110,39.25,31.25,14.25,28.5,0.53184
1110,268.75,237.75,12.25,24.5,0.53154
1110,157.25,138.25,13.75,28,0.53152
1110,422.5,113.75,19.5,38.5,0.53149
1110,410.5,76.75,11.75,23.75,0.53127
1110,618,95.5,14.75,29.75,0.53116
1110,285.25,67.75,13.25,26.5,0.53115
1110,220.5,343,13,25.5,0.53107
1110,424,388,13.25,26.25,0.53097
1110,279.5,311.25,13.5,26.75,0.53075
1110,351,326.75,13.5,27,0.53074
1110,336.25,160.5,34,67.75,0.53054
1110,205,396.75,14.25,28.5,0.53035
1110,315.75,412.25,12.75,25.5,0.53004
1140,181.25,420.25,14,28,0.56753
1140,286.75,328.25,12.5,25,0.56457
1140,118.25,78.5,12.25,24.5,0.55047
1140,255.75,9.5,12.5,24.75,0.55012
1140,21.5,15,46.5,93,0.54767
1140,162.25,247.25,13.25,26.5,0.54578
1140,345,111.5,20,39.75,0.54563
1140,156.25,416.5,15.25,30.5,0.54497
1140,140.75,402.75,14.5,28.75,0.54456
1140,173.5,350.25,20.5,41.5,0.54447
1140,118.5,64,27.75,55.5,0.5436
1140,204,429.5,14,28,0.5435
1140,204.75,64,13.5,27.25,0.54183
1140,109.25,385,15.25,30.5,0.54118
1140,327,310,13.25,26.75,0.54108
1140,61.5,137,13,26,0.541
1140,124.75,370.25,13.75,28,0.54032
1140,216.25,339.25,12.25,24.25,0.53998
1140,141.25,129,12,24,0.53961
1140,76.5,36.75,11.75,23.75,0.53922
1140,172.75,416.5,15.5,30.75,0.53893
1140,578.5,281.75,12.75,25.5,0.53786
1140,46.5,196.5,14.25,28.5,0.53759
1140,331.5,317.25,13.75,27.75,0.53758
1140,416.25,79.25,18.5,37.5,0.53742
1140,132.5,394.25,16,31.75,0.53708
1140,197,274,14.5,29.5,0.53676
1140,595.5,172,13.25,26.75,0.53661
1140,591,151.5,24,48,0.53632
1140,342.5,291.75,15,30.25,0.53562
1140,339.25,76.25,36.5,73,0.53516
1140,502.5,312.5,12.25,24.75,0.53465
1140,63,197,13.75,27.5,0.53451
1140,51,359.5,17.25,34.5,0.53431
1140,372.75,344,14,27.75,0.5341
1140,309.75,321,14,28.5,0.53329
1140,519.5,115,52,103.75,0.533
1140,228.5,77.75,83.75,167.25,0.53225
1140,563.25,300.5,12.75,25.25,0.53171
1140,36,94,12.5,25.25,0.53149
1140,214.25,70.75,17,33.75,0.53119
1140,359.25,407.25,13.25,26.5,0.53079
1140,338.5,312.75,12.5,25,0.53073
1140,359.75,125.75,12.5,25.25,0.53065
1140,248,378.25,13.75,27.75,0.53057
1140,267.5,107.5,32.25,64.5,0.53018
1140,158.5,68.75,25.5,51,0.53004
1140,333.5,394.25,13.5,27.25,0.53003
1170,173.25,376.25,14.25,28.5,0.56569
1170,181,374.25,13.5,27.25,0.56315
1170,300.5,406.25,13.25,26.5,0.55281
1170,204.25,379,15.5,30.75,0.55002
1170,196.75,371,15.25,30.5,0.54824
1170,86.75,50.25,31,62,0.5472
1170,108.5,193.75,14,28,0.54718
1170,549.75,122,38.5,76.75,0.54473
1170,60,317.25,14,28,0.54394
1170,63.75,191,12.75,25.5,0.54366
1170,284.5,395.25,14.75,29.5,0.54331
1170,212.75,378.75,14.75,30,0.54138
1170,252,357.75,28.5,57,0.54038
1170,254,192.25,12.75,25.5,0.54033
1170,13.25,53.5,29.5,59,0.53948
1170,268,364,17.25,34.5,0.53943
1170,195.25,355,14.75,29.25,0.53896
1170,122.25,58.25,14.75,29.25,0.53896
1170,285,371.75,14.75,29.5,0.53886
1170,325.5,267.75,14.5,29,0.53861
1170,413.5,137.25,22,43.75,0.53843
1170,250.75,353,15,30,0.53802
1170,62.75,34,12,24,0.53715
1170,220.5,364,14,27.75,0.53667
1170,444,105,59,118,0.53649
1170,181.75,359,14.25,28.75,0.53616
1170,317,364.5,15.75,31.5,0.53584
1170,243.5,338,15.5,31,0.53485
1170,287.75,67.5,38,75.75,0.53428
1170,301.75,347.75,14.75,29.75,0.53371
1170,82.25,87.75,12.5,25,0.53367
1170,132.75,271,11.5,23,0.5333
1170,73.75,46.5,33.5,67.25,0.53321
1170,157,142.5,51.25,102.5,0.53314
1170,626.25,170.25,13.5,27.25,0.53265
1170,570.25,170.75,12.5,24.75,0.53229
1170,465,156.75,30.75,61.5,0.53211
1170,52.75,30.75,43.25,86.5,0.53176
1170,35.25,60.25,28.75,57.25,0.53126
1170,229.75,292.5,13.25,26.5,0.53102
1170,152.25,87.75,18.75,37.25,0.53092
1170,459.75,388.75,15.75,31.5,0.53068
1170,506.5,83,28.25,56.5,0.53046
1170,480.5,123.5,31,62,0.53013
1200,350,42.25,66.75,133.5,0.54836
1200,224.75,166.25,14.25,28.25,0.54722
1200,137,33.75,27,54.25,0.54591
1200,60.75,415.25,17,33.75,0.54497
1200,325.25,40.75,41,82.5,0.54315
1200,116.75,425.5,14.25,28.5,0.54203
1200,237.25,97.75,54.5,109.25,0.53921
1200,382.5,343.75,14,28.25,0.53883
1200,99.25,359.5,12.25,24.75,0.53765
1200,157.25,29,29,57.75,0.53459
1200,409,156.75,13.75,27.5,0.53307
1200,321.5,19.25,13.75,27.5,0.53211
1200,107.75,446.75,15,30.25,0.53179
1200,394.75,22.5,27.25,54.75,0.5317
1200,93,436.5,13.25,26.75,0.53145
1200,18,280.25,12.25,25,0.53132
1200,294.25,92.75,18.5,37.5,0.53129
1200,237.75,452.5,12.75,25.5,0.53117
1230,254,434.75,14.25,28.75,0.54922
1230,572.5,179.75,14.75,29.75,0.54566
1230,157.25,183,13.25,26.5,0.53938
1230,359,26.75,44.75,90,0.53834
1230,572.5,188,14.25,28.25,0.5381
1230,92.5,412.5,14.75,29.5,0.53546
1230,492.25,296,16.5,32.75,0.53526
1230,538.5,365.75,12.5,24.75,0.5349
1230,60,319.5,15.5,31,0.53432
1230,501,297.75,15.5,31.5,0.53417
1230,63,34.5,17,34,0.53299
1230,148,135,21,41.75,0.53225
1230,596.25,424.25,12,24,0.53167
1230,604.75,453.25,12.75,25.5,0.53128
1230,-2.75,80.25,21.75,43.5,0.53118
1230,359.25,298,13.25,27,0.53114
1230,253.75,397,12.75,25.5,0.53109
1230,226.5,149.75,31,61.75,0.53087
1230,628.75,281.25,11.5,23.5,0.53078
1230,397.25,83.5,24.25,48.75,0.5307
1230,76.5,332.75,14.75,29.5,0.53029
1260,115.5,419.5,12.75,25.75,0.54408
1260,350.5,420.5,14.5,29.25,0.54143
1260,555.5,88.5,14,28.25,0.53782
1260,268.5,443.25,15.75,31.75,0.53698
1260,559.25,196.75,15.75,31.5,0.53407
1260,61.5,284.5,13.5,27.25,0.53279
1260,402.75,349.25,13.75,27.5,0.53227
1260,158.25,412.75,11.75,23.75,0.53096
1260,193.75,406.25,12.5,25,0.53004
1290,85.5,269.25,14.5,28.75,0.53952
1290,443.25,349,13.25,26.5,0.53668
1290,118.25,289,12,24,0.53466
1290,144.5,22.25,12,24.25,0.5343
1290,514.75,185.5,12.25,24.5,0.53301
1290,28.25,329.25,13.5,26.75,0.53258
1290,581.25,316.5,14.25,28.75,0.53159
1290,326,139.5,14.25,28.5,0.53143
1290,593,293.5,14.5,29,0.53076
1320,342,417.5,25,50,0.5499
1320,85.25,2.5,21.5,43.25,0.54561
1320,533,109.5,13.75,28,0.54505
1320,609.25,400.5,34,68.25,0.54012
1320,305.5,422.5,23,46.25,0.53829
1320,158,98.5,29,58,0.53618
1320,367.25,426,21.5,43,0.53568
1320,153.5,258.75,16.25,32.75,0.53486
1320,561,14.75,13.75,27.5,0.53464
1320,145.5,15,13.25,26.25,0.53457
1320,384.5,291.75,12,24,0.53453
1320,607.75,331.5,13,25.75,0.5335
1320,101.25,5.25,19,38.25,0.5329
1320,206.5,59,13.5,26.5,0.53086
1320,619.5,302.5,19,38.25,0.5304
1320,159,367.5,18,36,0.53005
1350,577.75,385,40.25,80.75,0.54336
1350,442.75,376.25,21.5,43,0.53875
1350,307,379.25,43.75,87.5,0.53799
1350,614.5,432,17.75,35.5,0.53767
1350,148.25,337,16.25,32.5,0.53631
1350,251.25,417.5,21.25,42.75,0.53599
1350,407,373.5,27,54,0.53596
1350,442.25,438.5,13.25,26.25,0.53485
1350,79.25,410.5,26.25,52.75,0.53445
1350,518.5,410.25,27.75,55.25,0.5341
1350,314.75,375.75,45.75,92,0.53392
1350,296.5,41.75,12,24,0.53387
1350,144.5,409.25,23.75,47.75,0.53348
1350,230,439.75,12.25,24.25,0.53301
1350,296.75,317.5,12.5,25,0.53161
1350,341.5,368.75,43.5,86.5,0.53157
1350,76.25,308.25,12,24,0.53134
1350,565.5,416,25,50,0.5309
1350,191,423.25,15.75,31.75,0.53023
1380,610.75,404,31.25,62.25,0.54404
1380,257.5,282.5,14,28,0.54353
1380,606.75,441.5,15.5,31,0.53979
1380,270.25,445.5,13,26,0.53909
1380,206.25,3.25,40.25,80.5,0.53816
1380,266.25,400.25,35.5,70.75,0.53688
1380,627,401.75,13.75,27.75,0.53547
1380,6.75,275.25,13.75,27.5,0.53481
1380,75.75,369.5,47.25,94.25,0.53452
1380,465.75,422.25,24.75,49.75,0.53185
1410,143.5,409.5,15,30,0.54732
1410,159.25,417.5,14.5,29.25,0.54401
1410,399.75,440.5,17,33.75,0.54326
1410,165.75,404,14.75,29.5,0.54124
1410,208.25,371.75,13.25,26.5,0.53961
1410,337,439.75,17,34.25,0.53926
1410,481.75,231,18,35.75,0.53921
1410,6.75,362.5,12,23.75,0.53842
1410,493.25,85.5,13.25,26.75,0.53839
1410,348.5,451.5,12.5,25,0.53824
1410,614,416,28.5,57.25,0.53802
1410,260,3.25,35.5,70.5,0.53685
1410,412.5,392.25,41.75,83.75,0.5364
1410,338.5,379,46.75,93.25,0.53526
1410,371.75,416.5,29,57.75,0.53466
1410,552,326,19.5,39.25,0.53422
1410,191.75,391.75,40.5,81,0.53281
1410,427.25,448.25,12.75,25.5,0.53271
1410,68,383,44,87.75,0.53229
1410,626.25,448.25,12.75,25.25,0.53214
1410,24,407.25,20.5,41,0.53203
1410,223.5,383.25,12.75,25.25,0.53183
1410,307,27.75,20,39.75,0.53158
1410,265.25,355.5,58.5,117,0.53113
1410,278.5,348.75,12.25,24.75,0.53104
1410,80.25,425.5,24.5,48.75,0.53089
1410,570,417.75,28.5,57,0.53059
1410,342.25,433.25,21.25,42.5,0.5302
1440,492,86.5,15.25,31,0.54363
1440,69.25,346.75,12.25,24.75,0.53646
1440,89,430.75,21.75,43.5,0.53641
1440,611.25,356,12.75,25.5,0.53329
1440,597.25,298.25,12.25,25,0.53306
1440,253,292.5,14.5,29,0.5323
1440,402.25,447,14.25,28.5,0.53116
1440,415.25,445.5,15,30.25,0.53104
1440,170.5,387.75,34.5,68.75,0.53028
1470,375,422.25,27.25,54.5,0.54936
1470,338,447.25,14.5,28.75,0.54732
1470,492.25,89,16,32.25,0.54671
1470,549.75,450,12.75,25.75,0.54361
1470,380,452.75,12.25,24.5,0.54137
1470,253,292.25,14.75,29.5,0.54133
1470,175.25,398,22,43.75,0.53642
1470,244,372,12.5,25.25,0.53592
1470,618,416.5,13,25.75,0.53554
1470,50,395.75,18.25,36.5,0.53253
1470,-4.5,78.75,39,78.25,0.53246
1470,402.5,447.5,14,27.5,0.53194
1470,375.75,443.25,16.25,32.75,0.53116
1470,328.5,401,35.75,71.75,0.53102
1470,347.75,391,12.25,24.75,0.53003
1500,569.5,413.75,15.5,31.25,0.53976
1500,395.25,420,28.25,56.75,0.53976
1500,527.25,367.25,54.75,109.75,0.53926
1500,551.75,328.75,20.25,40.75,0.5382
1500,156.5,404.75,20.25,40.75,0.53757
1500,616.25,421.75,25.75,51.5,0.53611
1500,346.5,390.5,12.25,24.25,0.53356
1500,361.75,426.5,22.5,45,0.5334
1500,157.75,45.25,12.25,24.25,0.53263
1500,569.25,420.25,28.75,57,0.5321
1530,71.75,397,40.5,81.25,0.54532
1530,627.75,341,12.75,25.5,0.5381
1530,626.25,353,15.25,30.5,0.5367
1530,337.75,446.25,14.75,29.5,0.53666
1530,427.75,454,12.25,24.75,0.53499
1530,595,350.5,12,24.25,0.53292
1530,158.25,364,20,40,0.53291
1530,491.5,85.75,16.25,32.5,0.53272
1530,50.5,80.25,12.75,25.5,0.53073
1530,401,446.25,15,30,0.53004
1530,484.25,331,12,24.25,0.53001
1560,155.25,403.25,24.25,48.75,0.53904
1560,253,292.25,14.75,29.75,0.53692
1560,358.75,41,11.5,23,0.53514
1560,158.5,363,22,43.75,0.53499
1560,90.75,427,12.5,24.5,0.53267
1560,476.5,211,30.75,61.5,0.53265
1560,443.5,418,13.5,26.75,0.53211
1560,603.25,421.5,27.5,55.25,0.53186
1560,483.25,30.5,19.5,39.25,0.53105
1560,347.25,391,12.25,24.5,0.53026
1590,283.5,30.25,16.25,32.5,0.54412
1590,569.5,390.75,14.5,28.75,0.53701
1590,362.25,426.25,22,44,0.53563
1590,278,350.75,13.75,27.25,0.53448
1590,166,409.25,13.25,26.5,0.53423
1590,473.75,445,16.25,32.25,0.5338
1590,24,411.75,20.25,40.5,0.53303
1590,264,14.75,24.25,48.5,0.53206
1620,443.25,419.75,13.25,26.75,0.54034
1620,86.25,45,13,26,0.53414
1620,316,431.75,12.5,24.75,0.53403
1620,281.75,347.5,15.75,31.5,0.53397
1620,108.25,101.75,13,25.75,0.53341
1620,451.75,420.25,24.75,49.5,0.53222
1620,550,450.25,13,26,0.53213
1620,561.25,437.5,19.25,38.5,0.5321
1620,174.25,393.5,28.5,57.5,0.53078
1620,159.25,425.25,13.5,27.25,0.53046
1620,70,348.5,13.5,26.5,0.53045
1620,536,368.5,39,78,0.53018
1650,261,3.25,39.5,78.75,0.54572
1650,251.25,360.25,14,28.25,0.5403
1650,610.75,444,17,34.25,0.53755
1650,322.25,432,12.25,24.75,0.53719
1650,456,132.75,12.75,25.25,0.53639
1650,315.75,403.5,25.75,51.5,0.53611
1650,394.5,422,26,52.25,0.53325
1650,372.75,297,11.75,23.5,0.53148
1650,42.75,329.5,11.75,23.5,0.53098
1650,37,386,23,45.75,0.53087
1680,278.25,353.5,13,26.25,0.54309
1680,22.5,413,22.25,44.5,0.54143
1680,188.25,13.25,12,24.25,0.54051
1680,42.75,331.75,11.75,23.75,0.53311
1680,227.75,26.5,27.75,55.5,0.53171
1680,552,334,19.75,39.5,0.53148
1680,244.5,372.75,11.75,23.75,0.53097
