30,480,-2,16,32,0.0030383
30,467,-2.5,16.75,33.5,0.0044109
30,226.5,122,19.25,38.75,0.0009149
30,623,66,21.25,42.75,0.0079773
30,382,85.25,22.5,45,0.0045179
30,264,161.5,23.5,47.25,0.005173
30,531.75,-6,26.25,52.5,0.00031298
30,246.75,135,31.5,63.25,0.00070527
30,542,-10.25,36.5,73.25,0.0058087
30,394.25,125.5,42.25,84.75,0.0069447
30,300,136,56.25,112.75,0.0084047
60,277.5,166.25,18.25,36.5,0.034018
60,18,138.25,18.5,37,0.011084
60,444,65.5,22.5,45,0.0094975
60,358.75,170.25,24.75,49.5,0.001073
60,439.5,154.75,24.75,49.5,0.0035036
60,240.75,153.75,28.5,57.25,0.0026181
60,140.5,148.75,40.25,80.75,0.0043974
60,258.5,116.75,49,98.25,0.0017969
60,441.75,138.5,54,108.25,0.0033897
60,489.75,-18,124,248.25,0.0009377
90,148,113.5,17.5,35.25,0.038905
90,372.75,186.5,17,34,0.0089975
90,387.25,180.75,19,38.25,0.043515
90,301.5,197.5,21,42.25,0.009987
90,492,-3.5,20.25,40.5,0.026731
90,352.75,170.75,19.25,38.75,0.00039562
90,617.75,61.25,19.25,38.75,0.01687
90,423.75,159,40.5,81,0.01289
90,538.75,0.25,114,228,0.0011324
120,145.75,155,16.75,33.5,0.0072696
120,472,80.75,19.25,38.75,0.0046052
120,107.25,182.25,23.5,47.25,0.003543
120,113.75,117.5,24.75,49.5,8.4987e-05
120,173,161.5,27.25,54.5,0.00020267
120,-6.75,73,31.5,63.25,0.0095536
120,299.25,166.25,30,60.25,0.0099897
120,-9.25,42,42,84,0.0037606
120,391.5,130.25,45.25,90.75,0.015754
120,-26.25,53.25,114.25,228.75,0.0019539
150,57.75,122.75,17,34.25,0.0084103
150,512.25,110.25,18,36,0.038439
150,447.75,151.25,19.25,38.75,0.0026496
150,3,190.25,28,56.25,0.028155
150,494.25,159,34.75,69.75,0.00010248
180,25.5,113.25,17.25,34.75,0.017131
180,360.25,163.25,19.25,38.75,0.0046794
180,540.5,-4,20.25,40.75,0.0045152
180,583.25,73.25,27,54.25,0.033928
180,492.25,92.75,28.5,57.25,0.0028535
180,226,122.75,46.75,93.5,0.0030264
180,453.25,-6.75,49,98,0.015588
180,36.25,131.25,59.5,119.25,0.0011249
180,524.75,64.75,99.25,198.75,0.0089464
210,238,163.75,18.25,36.75,0.0066491
210,292.75,150,28.5,57,0.0011854
210,92,-7.25,30,60.25,0.0068279
210,384,149.25,38.5,77.25,0.0035332
210,75.75,157.25,42.25,84.75,0.00090331
210,368.75,164.5,45.25,90.5,0.0090331
210,284.75,123.75,46.25,92.5,0.0015373
210,221.75,116.75,49,98.25,0.00090089
210,119.25,107,75,150,0.0011078
240,144,112,16.25,32.5,0.0084141
240,541.25,88,26.5,53,0.010466
240,323.5,161.5,18,36.25,0.022394
240,99.5,131,17.5,35.25,0.0061072
240,53,185,20.25,40.75,0.015274
240,222.25,176.25,24.75,49.5,0.0017735
240,-6.5,28.25,31.5,63.25,0.00035228
240,228.25,138,33.25,66.5,0.00050322
240,138.75,168.75,36.5,73.25,0.0026026
240,155,130,51.5,103,0.0016422
240,502.75,152,54,108.25,0.00073767
240,537.75,104.75,64.75,129.75,0.003447
240,-21.75,149.75,75.25,150.5,0.014156
270,370.75,20.5,22.5,45,0.015145
270,221.25,138.75,40.25,80.75,0.0033826
270,450,169.5,60.75,121.5,0.010875
270,582.25,144.5,69.75,139.75,0.026463
270,335,-16,80,160,0.00053475
300,404,175.5,19.25,38.75,0.017012
300,565,-8,44.5,89,0.010516
300,583,257,56,112,0.029418
300,-18.25,150.75,56.75,113.75,8.816e-05
300,507.75,216.25,62.5,125.25,0.0050124
300,557,166.5,106.5,213.25,0.0080398
330,300.25,197,17.5,35.25,0.0043411
330,384.5,-4.5,19.25,38.75,0.0063717
330,357.5,-3.75,21.25,42.75,0.0016594
330,358.75,-8,44.5,89,0.0047514
330,116.75,143.75,56.75,113.75,0.00024086
330,526.25,54,118.25,236.5,0.0019896
360,445.75,212.5,17.5,35.25,0.0085121
360,18,193.75,18.5,37,0.007213
360,207,131.75,19.25,38.75,0.0007071
360,289.75,175.5,19.25,38.75,0.00064787
360,394,173.25,32.25,64.75,0.0077194
360,526.25,172,35.75,71.5,0.012132
360,42.5,173.25,36.5,73.25,0.001991
360,226,128.5,46.75,93.5,0.00086357
360,583,-13,48.5,97.25,0.016431
360,-12.75,175,68.5,137,0.01293
360,552.75,118.5,69,138.25,0.0046684
390,129,79.25,16.75,33.5,0.00023591
390,496.5,223.5,17.5,35.25,0.0021898
390,39,234.75,18.75,37.75,0.011181
390,200,125.5,21,42.25,0.051398
390,-5.75,251.25,20.25,40.75,0.018895
390,306,173.25,24.75,49.5,0.00060903
390,392.75,170.25,24.75,49.5,0.00088859
390,458,179.5,24.75,49.5,0.0083924
390,377.75,96.75,35.25,70.75,0.003128
390,365.75,-7.5,31.5,63.25,0.0036588
390,595.5,149.5,56.5,113,0.019844
390,443,96.75,76,152.25,0.00112
420,238,178,16.75,33.5,0.033331
420,556.75,128.75,28.5,57.25,0.0040451
420,226.25,151,36,72.25,0.0049689
420,496.25,161.25,37.5,75.25,0.014456
450,445.5,171.75,24.75,49.5,0.027104
450,402.75,105.25,23.5,47.25,0.0059465
450,564,188.5,32.5,65,8.745e-05
450,436.5,149,39,78.25,0.037029
450,571,152,46.75,93.5,0.0018313
450,571.25,58.5,68.75,137.5,0.011186
480,610,92,16,32,0.00011054
480,244.5,161.75,17.75,35.5,0.00027603
480,10,154.75,36,72,0.017683
480,525.5,197.5,19.25,38.75,0.0090591
480,448.75,144.25,47.75,95.5,0.0080236
510,401.75,131,17.5,35.25,0.0056313
510,291.5,148.75,19.25,38.75,0.049932
510,230.75,140.25,27.75,55.5,0.013819
510,541.75,208.75,48.25,96.75,0.017405
510,414.5,103.5,80.25,160.75,0.0084425
510,585,155.25,79,158.25,0.0020359
540,418.75,209.5,16.75,33.5,0.012461
540,485.25,144.75,18.75,37.5,0.011227
540,305.25,155.5,23.5,47.25,0.0033292
540,380.5,164,24.75,49.5,0.0086635
540,560.5,44.75,36.5,73.25,0.00010325
540,-14,157.75,46.75,93.5,0.0010412
540,524,111.25,112.5,225.25,0.01095
570,274,178,16,32,0.02304
570,387,197.5,19.25,38.75,0.0099747
570,486.25,230,38.25,76.5,0.059107
600,166.75,157,16.75,33.5,0.0012122
600,360.5,200.25,19,38.25,0.017173
600,333.5,204.25,29.25,58.75,0.01626
600,457.75,196.5,30.25,60.75,0.011809
630,376,210,16,32,0.013418
630,426,182,16,32,0.01598
630,329,212.5,17.5,35.25,0.0094692
630,344,205.5,20.5,41.25,0.025063
630,474,200.75,23.5,47.25,0.014871
630,393.25,197.75,22.5,45,0.00036642
630,289.25,168.25,27.25,54.5,0.00082327
630,299.25,205.5,27.5,55.25,0.014673
660,399,200.75,22.5,45,0.0078569
660,186.5,192.5,27,54,0.022331
660,523.75,121.5,33.25,66.75,0.0029222
660,553,196.75,38.5,77,0.0051279
660,309.75,156,51.5,103,0.0036495
690,341,144.5,16.75,33.5,0.0064999
690,191.25,192,24.75,49.5,0.0073578
690,603.5,146.75,28.5,57.25,0.0038172
720,290,212,16,32,0.017163
720,512,134,16,32,0.0048814
720,374.5,168.25,18.5,37,0.00045724
720,352.25,185.25,30,60.25,0.0059804
750,182.75,164.75,20.75,41.5,0.037863
750,536,170.75,31.5,63.25,0.002344
750,360.75,168.25,37.5,75,0.047559
750,271.5,173.25,36.5,73.25,0.0049648
780,395.5,148.25,52.5,105.25,0.016783
780,159.25,164.75,27.25,54.5,0.0024221
780,364.75,123.75,59.5,119.25,0.0035868
810,406,208,17.5,35.25,0.0088091
810,256.75,200.25,20.75,41.5,0.028272
810,242.25,173,21.25,42.75,0.0026995
810,354.75,27.75,21.5,43.25,0.0097739
810,334.25,-4.75,22.5,45,0.0067837
810,143.75,161,28.5,57.25,0.0031483
810,510.25,107.25,28.5,57.25,0.0026834
810,416.25,177.75,30,60.25,0.0010567
840,293.75,190.5,17.5,35.25,5.6069e-05
840,248,201.75,20,40,0.021914
840,147.75,122.75,36.5,73.25,0.0031478
840,192.25,147.25,42,84,0.010907
870,140,156,16,32,0.0015664
870,342,184,16,32,0.01479
870,455.5,212.25,18.5,37,0.0022663
870,21.25,193.25,29.25,58.5,0.013803
870,137.25,150.75,37.75,75.75,0.0038254
870,562.25,105.5,97.75,195.5,0.008732
900,306,188,16,32,0.00049781
900,347.25,182.25,17.75,35.5,0.027214
900,360,182,17,34,0.025721
900,184.5,175.25,18.5,37,0.011557
900,338.75,170.75,21.25,42.75,0.0094889
900,-6.25,186.5,22.5,45,0.0026688
900,111.25,124.25,26,52.25,0.0044718
900,148.5,173.75,37.5,75,0.037052
900,117,118.75,44,88.25,0.013476
930,-4.5,175.5,19.25,38.75,0.0027006
960,75.25,190,17,34.25,0.0041335
960,421.25,179,20.25,40.75,0.01137
960,288,170.5,21.25,42.75,0.0063718
960,69.25,173.5,25.75,51.75,0.0052769
990,285.25,175.25,17,34.25,0.015209
990,137,170.5,17.5,35.25,0.0057715
990,9,185,22.75,45.5,0.0035375
990,-8.25,122,36.25,72.75,0.006421
990,500.75,-11.5,66.5,133.25,0.0007644
1020,462,162,16,32,0.022016
1020,512,-4,16,32,0.0082424
1020,553.5,-14.75,107.25,214.5,0.0012319
1050,372,126,16,32,0.0023482
1050,420,167.25,21,42,0.033366
1050,584.75,152.75,22.5,45,0.01132
1050,-7.5,159.5,29.75,59.5,0.0042713
1050,105,164,40.25,80.75,0.00033094
1050,442.25,162.75,42.25,84.5,0.0072324
1050,77.75,117.25,51.5,103,0.00063513
1050,484.5,139.5,59.25,118.5,0.00063212
1050,486,-16.75,102,204.25,0.002713
1080,29,172.75,17.5,35.25,0.0031787
1080,295.75,170.5,18.5,37,0.0012144
1080,546,164.75,28.5,57.25,0.00085045
1080,333.5,118,54,108.25,0.0022481
1080,539.75,134.25,88.75,177.75,0.0046291
1110,227.25,172.25,18,36.25,0.043241
1110,175.5,170.75,18.75,37.75,0.0062938
1140,376,180,16,32,0.0011156
1140,114.75,183.5,19.5,39,0.0049564
1140,221.75,186.5,22.5,45,0.0019457
1140,308.25,182.25,23.5,47.25,0.00090086
1140,508.5,159.5,54.75,109.75,0.0069846
1170,242.5,186.5,16.5,33,0.043354
1170,391.5,163,16.75,33.75,0.018785
1170,511,185.25,19.25,38.75,0.0022083
1170,322,127.5,36.5,73.25,0.0076559
1170,377,127.75,36.5,73.25,0.0003983
1170,80.75,153.75,39.25,78.5,0.0038575
1200,513,178,16.75,33.5,0.044998
1200,192.25,166.25,17.5,35.25,0.0096588
1200,551.5,-3.5,17.5,35.25,0.002301
1200,270,184.25,18.75,37.5,0.038234
1200,349,137.25,26,52,0.00935
1200,395.25,192.25,27.25,54.5,0.0028504
1200,418.75,141.5,36,72.25,0.0037629
1200,486.5,-20,56.75,113.75,0.0042551
1200,377.25,116.75,89.75,179.75,0.0032821
1230,370.25,167,16.25,32.75,0.075571
1230,66,186.5,16.75,33.5,0.010287
1230,461.25,137.5,17.5,35.25,0.00023668
1230,359.5,150.5,48.25,96.5,0.01503
1230,291.25,176.5,23.25,46.5,0.0020669
1230,208.75,139.75,29.5,59,0.012149
1230,284.5,159.5,29.75,59.75,0.0018072
1230,338.25,171.5,49.25,98.75,0.0039507
1230,530.25,105.5,64,128,0.0093401
1230,322,60.25,114.75,229.75,0.0045569
1260,564,110,16,32,0.04156
1260,299.25,179.5,20.25,40.5,0.047723
1260,497.25,317.75,20.25,40.75,0.013308
1260,527,232.5,23.5,47.25,0.0074608
1260,5,182.5,24.75,49.5,0.0099146
1260,336.5,172.75,35.5,71.25,0.0071661
1260,515,127.5,36.25,72.75,0.0029241
1260,505.5,108.25,84,168,0.021927
1260,557,174.5,104,208.25,0.010551
1260,439,110,148,296,0.01607
1290,355.5,173,17.25,34.75,0.01911
1290,203.75,190,20.25,40.75,0.0021261
1290,420.5,170.25,23.5,47.25,0.0011164
1290,476.5,75.75,30,60.25,0.0017203
1290,308.25,177.75,36.5,73.25,0.00071689
1320,451.25,-3.75,21.25,42.75,0.0052455
1320,515.75,234.75,21.25,42.75,0.029019
1320,580,135,23.5,47.25,0.0019026
1320,547.75,174.75,31.5,63.25,0.0082874
1320,413.75,164,40.5,81,0.0021875
1320,431.5,161.25,43.25,86.5,0.031324
1320,356.75,141.25,49,98,0.028303
1320,600.25,175.5,46.75,93.5,0.00077892
1320,502.75,179,54.25,108.5,0.0060388
1350,496,72,16,32,0.0010577
1350,265.5,10,16.75,33.5,0.0053444
1350,394.25,194.25,23.5,47,0.015599
1350,190,182.25,23.5,47.25,0.0011703
1350,452.5,136,42.25,84.75,0.00028644
1350,582.75,135.5,72.5,145,0.0006563
1380,314,188,16,32,0.00014516
1380,-2,134.25,19.25,38.75,0.0074436
1380,279.75,-1,21.25,42.75,0.0090647
1380,280.75,186.5,22.5,45,0.001288
1380,477.5,178.25,34.25,68.75,0.032142
1380,528.75,144.5,76,152.25,0.001102
1410,94,188,16,32,0.0044979
1410,226.5,187.75,19.25,38.75,0.0082862
1410,193.5,178.25,22.5,45,0.01412
1410,184.5,185,23.5,47.25,0.0055064
1410,306,188.75,24.75,49.5,0.0032511
1410,361.75,188.75,26.5,53.25,0.002705
1410,456.5,61,28,56.25,0.026501
1440,454,220,16,32,0.0049553
1440,68,125.5,16.75,33.5,0.0081268
1440,111,189.25,21.5,43.25,0.024082
1440,401.75,172.5,22.5,45,0.0036318
1440,365,76.75,25,50,0.0038935
1440,486,42.75,26,52,0.0060075
1440,370,57,28.5,57.25,0.0025531
1440,133.5,136.25,30,60.25,0.0095546
1440,401.75,-11.5,55.5,111,0.026841
1470,508,-6,16,32,0.00013316
1470,-9,125.75,44.5,89,0.0041268
1470,605,132.75,47.5,95.25,0.0016894
1470,526.75,52.25,107.25,214.5,0.00024589
1500,257.75,163.5,26,52,0.00045186
1500,497.75,-7.75,35.5,71,0.056898
1500,518,-17,78,156,0.0087697
1500,573.25,97.5,85,170,0.010445
1500,501.25,82,97.25,194.5,0.00056513
1530,594,40,16,32,0.0089143
1530,362,161.25,16.75,33.5,0.018371
1530,550.5,229.5,21.5,43,0.016371
1530,453,137.75,23.5,47.25,0.00056171
1530,313.75,156.25,35.5,71.25,0.017562
1530,520.75,136.5,43.25,86.5,0.014551
1530,346.5,157.25,42.25,84.75,0.0052614
1530,-11.25,143.75,56.75,113.75,0.0037515
1530,257.5,-16.75,153.25,306.75,0.0037631
1560,527.75,-2.25,19.5,39.25,0.02337
1560,507.75,181.75,32,64,0.014297
1560,569.5,159.5,36.5,73.25,0.014582
1560,367,128.75,54,108,0.032507
1560,245.25,-10.5,59.5,119.25,0.004268
1560,424,125.5,76,152.25,0.0002817
1560,429.25,-18.5,84,168,0.00034185
1560,283.5,-13.25,143.75,287.5,0.0020589
1590,520.5,45.5,18.5,37.25,0.020644
1590,50,103,21.5,43,0.045815
1590,413,-4.75,22.5,45,0.00087763
1590,471,110.25,39.25,78.5,0.0021047
1590,460.75,122.25,62.25,124.75,0.0057027
1620,526,120,16,32,0.0035306
1620,554,168,16,32,0.031159
1620,204.75,112,20.25,40.75,0.01205
1620,53.5,105,25,50,0.0052583
1620,-3.5,103.5,28.5,57.25,0.011214
1620,-8.75,154.75,33.25,66.5,0.0011515
1620,586,74,76.5,153,0.0028075
1650,396,83.75,16.25,32.75,0.018798
1650,610.25,134.75,19.25,38.5,0.095859
1650,384.25,178.5,21.25,42.75,0.0040039
1680,98,184,16,32,0.013758
1680,451.5,64.5,17.75,35.5,0.017501
1680,474.5,128.75,17.5,35.25,0.013674
1680,-3,186.75,18.5,37,0.0028449
1680,459.75,172.25,25,50.25,0.10724
1680,92.5,176.5,34.75,69.75,0.0078595
1710,531.75,102.25,17.5,35.25,0.0011089
1710,194.75,129.25,19.25,38.75,0.0026361
1710,447.25,173.25,23.5,47.25,0.0064233
1710,551,176.5,25.5,51,0.021805
1710,538.75,168.25,28.5,57.25,0.017486
1710,353.5,91.5,37.25,74.75,0.061375
1710,586,89.25,34.75,69.75,0.00011564
1710,223.75,122.75,56.25,112.75,0.0027962
1740,274,184,16,32,0.0058093
1740,614,136.25,16,32,0.0056558
1740,609,155.25,17.5,35.25,0.0097083
1740,215.5,175.75,21.25,42.75,0.012024
1740,-7,104,41.25,82.5,0.0064875
1740,612,76.25,34.75,69.75,0.0011149
1770,361.25,194.75,18,36,0.081267
1770,30.25,104.5,16.75,33.5,0.0067687
1770,99,112.75,18.5,37,0.00050755
1770,98.75,213.75,20.5,41.25,0.018546
1770,211.75,85.5,19.25,38.75,0.0050349
1770,369.75,143,19.75,39.5,0.0032519
1770,603.75,143.25,24,48,0.013407
1770,13.25,168.75,51.5,103,0.0025031
1770,303.25,76,84,168,0.00041781
1800,626,64,16,32,0.0053886
1800,109.25,103.25,20.25,40.75,0.015229
1800,249.5,189,23,46,0.02162
1830,261,242.25,18.5,37,0.00034707
1830,240.75,207.5,24.75,49.5,0.0015579
1830,167.5,62,39.75,79.5,0.0010855
