30,90.25,226,16,32.25,0.022079
30,475.25,231.5,17,34.25,0.075004
30,510,243.75,20.5,41,0.012464
30,545,255,22,44,0.021861
30,124.25,109,33.25,66.5,0.0086038
30,486.5,186.25,56.75,113.75,8.4865e-05
30,410.5,117.5,72.5,145,4.2513e-05
30,55.75,43.75,113.75,227.75,0.0034459
60,19.75,232.75,20.5,41,0.13565
60,51.5,221.75,19.25,38.75,0.0050453
60,489.5,159.5,20.25,40.75,0.0055101
60,368,116.25,22.5,45,0.0044106
60,439.5,194.75,28,56,0.0036487
60,139,156.5,30.5,61,0.0052368
60,511.5,225.25,35,70.25,0.013562
60,88.5,131,31.5,63.25,0.0069587
60,548.25,232.5,40.25,80.75,0.0036722
60,350.25,102.25,58.75,117.75,0.001645
60,56.75,90.25,72.5,145,0.00046773
90,60,-6,16,32,0.0013847
90,515.5,180.25,16.75,33.5,0.0026549
90,90.25,197.5,19.25,38.75,0.0039755
90,497,178.5,21.25,42.75,0.010861
90,615.25,57.5,22,44,0.03693
90,535.75,137.75,23.5,47.25,0.0035959
90,414.5,157,25.75,51.5,0.0042072
90,0.75,198,32,64.25,0.017754
90,605.25,245,47.25,94.5,0.011364
90,457.75,183.75,42.25,84.75,0.0012164
90,-8,-6,46.75,93.5,0.0010732
90,373,117.25,56.25,112.5,0.0044806
90,347.75,100.5,60.75,121.75,0.0068179
90,47.75,62.5,65.75,131.5,0.00033132
120,569.25,144,19.25,38.75,0.00383
120,571.25,179.75,20.25,40.75,0.0013687
120,172,86.25,25.25,50.5,0.0014689
120,499.25,222.75,27.5,55.25,0.027133
120,-6.5,-3.5,31,62,0.022189
120,-7,71.25,28.5,57.25,0.0039311
120,14,157.75,34.75,69.75,0.014365
120,549.5,215.25,48,96,0.0041963
120,155.5,83,40.25,80.75,0.0030125
120,441,164.5,50,100.25,0.012318
120,350.5,100,61.25,122.75,0.010884
120,523.25,65.5,89.25,178.5,0.00020372
120,69.75,-11.75,151.5,303.25,0.0024345
150,180,194,16,32,0.0023006
150,364.25,178,16,32,0.0036532
150,525.75,253.25,16.75,33.75,0.056018
150,-8.75,59.75,43,86.25,0.016874
150,84,222.25,18,36,0.027446
150,119.75,3.5,19,38,0.0086069
150,137.25,205.5,20.25,40.75,0.0037704
150,475,223.25,22.5,45,0.0044091
150,141.25,173.25,25.25,50.5,0.018315
150,362.5,104.25,30.75,61.75,0.022636
150,566.75,238.75,37.25,74.75,0.18033
150,487,187,36.5,73.25,0.00058559
150,422.5,115.25,56.75,113.75,0.0012254
150,347.5,97,64.25,128.5,0.020027
150,336.5,152.75,67.75,135.75,0.0040368
150,526,12.25,108.25,216.5,0.0077256
180,267.5,180.25,16.75,33.5,0.0028695
180,481.25,189.5,19.5,39,0.052588
180,12.75,233.5,20,40,0.0010136
180,48.25,152.5,23.5,47.25,0.0015969
180,520.25,238,24.5,49.25,0.039289
180,557.75,232.5,28.5,57.25,0.036077
180,424.5,109.75,59,118,0.0050509
180,346.75,95.5,66,132,0.00072472
180,476,54,92.75,185.5,0.00046029
180,481.5,-11.75,174.5,349.25,0.00012937
210,25,223,19.25,38.75,0.060362
210,259.25,201.25,16.75,33.5,0.002594
210,225.25,168.5,17.5,35.25,0.014746
210,129,43.25,18.5,37,0.0011735
210,-3,54.75,20.25,40.75,0.0095251
210,604.5,266.5,20.5,41.25,0.0098218
210,15.75,-1,23.5,47.25,0.0018308
210,349.5,101.25,25.75,51.5,0.021328
210,604.5,253.25,40.75,81.5,0.047185
210,516.25,51,42.25,84.75,0.0054959
210,-24.5,-16.75,79,158.25,0.0032484
210,486.5,25.5,107.25,214.5,0.0006142
240,85.5,197.5,18.5,37.25,0.020338
240,345.5,171.75,20.5,41.25,0.021235
240,233,-4.75,22.5,45,0.0018433
240,334.25,92.75,28.5,57.25,8.4768e-06
240,352.25,95.5,65.75,131.5,0.0009085
240,-22,100.25,92.5,185.25,0.0009058
270,51,203.75,17.5,35,0.10662
270,538.75,-5.25,19.25,38.75,0.043135
270,-4.25,130.75,19.75,39.5,0.028238
270,340.25,167.25,22,44.25,0.054168
270,3.75,137.25,26,52,0.0032995
270,322,81.5,36.5,73.25,0.00052745
270,534.5,169,40.25,80.75,0.0023694
270,310.5,81,72.5,145,0.00010607
270,429,78,75.75,151.75,0.0093014
300,531.75,122.25,21.25,42.75,0.013611
300,487.75,86.5,26.25,52.5,0.020666
300,474,175,27.5,55.25,0.0057948
300,111.75,-11.5,33.25,66.5,0.0023884
300,319.5,80.5,34.75,69.75,0.0033605
300,429.25,65.5,84,168,0.00034918
330,624.5,45.25,17.5,35.25,0.0077544
330,499.5,172.75,18.5,37,0.0080894
330,348,212,19.25,38.75,0.00038025
330,-4.25,122.25,21.5,43.25,0.038611
330,330,79.5,31.5,63.25,0.0027014
330,356.25,66.25,78,156,0.0031094
330,443,68.25,76,152.25,0.00054703
330,-22.5,28.75,124,248.25,0.0010091
360,24.75,105.5,19,38,0.013582
360,332.75,83.25,29.75,59.5,0.027969
360,518.5,174.5,34.25,68.5,0.009845
360,355,63.5,85,170,0.0014456
360,496.25,57.25,88.25,176.5,0.00018464
390,321,157.5,33,66.25,0.015891
390,342.5,163.5,26,52,0.0063035
390,333.25,79.5,30,60.25,0.00067101
420,329,113.25,17.5,35.25,0.0016314
420,333.75,75.75,31,62,0.01952
420,556.5,157.25,50.75,101.5,0.0118
420,355.75,55,84,168,0.0020172
450,366.25,184.25,16.5,33,0.018304
450,-14,128.5,46.75,93.5,0.006724
450,211,-6,32.5,65.25,0.011337
450,325,77.5,32.5,65,0.0081449
450,-11.25,210.5,44,88.25,0.01662
450,452.75,57.5,87.75,175.75,0.0013555
450,352.75,57.25,88.25,176.5,0.00091489
480,351.5,190.75,16.75,33.75,0.001323
480,188.75,-6.5,34.75,69.5,0.0045825
480,73.25,182.5,24.75,49.5,0.0012005
480,85.75,182.5,24.75,49.5,0.00048965
480,340.75,163.25,33,66.25,0.00080727
480,522.75,-11.75,51.5,103,0.0021228
480,441.25,54,92.5,185.25,0.0017787
510,545.75,-7.75,18.5,37,0.0024501
510,280.75,72.5,36.5,73.25,0.0028318
510,606,38,38.5,77,0.0037501
510,415.5,103.75,80,160.25,0.0016478
510,75.5,69.75,97.25,194.5,6.3069e-05
510,438.75,42.5,98.5,197.25,0.0023577
540,34.75,189.5,21.25,42.75,0.022522
540,307,186.75,21.25,42.5,0.024133
540,432.5,49.75,21.25,42.75,0.0005924
540,613,55.75,26,52,4.9038e-05
540,316.5,164.75,27.25,54.5,0.0085429
540,-7,132.25,28.5,57.25,0.0017634
540,-11.25,164,40.25,80.75,0.01306
540,415,-7.75,43.75,87.5,0.0084089
540,379.75,26,109,218.25,0.0077654
540,422.75,11.75,115.5,231.25,0.0024938
540,-3.5,31.75,183.25,366.75,0.0016949
570,30.25,186.5,16.75,33.5,0.0029971
570,313.75,188.5,17,34,0.014343
570,284.75,153.75,19.25,38.75,0.012031
570,36,-7.75,28.5,57.25,0.00016148
570,605.25,37.5,40.25,80.75,0.0028676
570,-15.75,127.75,60.75,121.75,0.033654
570,156.5,83.5,118.25,236.5,0.0042091
570,397.25,-2.5,124,248.25,0.00013541
570,450.5,-13.75,130.25,260.75,0.00054882
600,51.25,175.5,23.75,47.5,0.015193
600,382.5,-4,23.75,47.75,0.0017315
600,357.75,48.75,27,54,0.017277
600,363.5,177.75,30,60.25,1.5253e-05
600,45.5,149,39.25,78.75,0.021928
600,388.75,-11,39.75,79.5,0.031449
600,-11.25,129.5,56.75,113.75,0.0011474
600,352.25,-17.75,136.75,273.75,0.0041562
630,218,215.75,16,32.25,0.0063865
630,256.75,202.5,17,34.25,0.024632
630,260,-4,16,32,0.029796
630,45,232.75,16.75,33.5,0.023798
630,237.75,133.5,18.5,37,0.00198
630,211,186.25,34.25,68.5,0.016485
630,-18.25,129.5,56.75,113.75,0.0090269
630,585.25,-19.5,70.5,141.25,0.0019306
630,249.5,-17.75,136.75,273.75,0.0013741
690,148,232.25,17.25,34.75,0.24438
720,368.5,179.5,17.5,35.25,0.019249
720,4,232.5,21,42.25,0.026648
720,-14.5,221,42.25,84.75,0.0083062
750,618.25,41.5,16.75,33.5,0.00051033
750,610.75,148.5,38.5,77,0.0060017
780,448.25,199,16.75,33.5,0.012642
780,459.75,197.25,19.25,38.5,0.012025
780,423.25,192.75,20.25,40.75,0.0043901
780,487.5,117,27.25,54.5,0.0038515
780,401.25,129.5,56.75,113.75,0.00070253
810,514.25,123.25,16.5,33.25,0.011518
810,536.5,44,16.25,32.75,0.0089802
810,473.75,196.25,22.25,44.75,0.31931
810,548.5,100.75,33.25,66.5,0.0042017
810,409,153.5,44.5,89,0.0017109
810,599.25,8,47.5,95,0.0057748
810,517,111.75,65.75,131.5,0.0023442
840,190,162,16,32,0.0037083
840,234,171.75,16.75,33.5,0.012414
840,579,154.75,18.25,36.5,0.015982
840,614,154.75,24.5,49,0.0064114
840,101.25,102,24.75,49.5,0.0028897
840,532.25,189.75,32,64,0.1179
870,268,154,16,32,0.03137
870,607.75,155,16.75,33.5,0.0042993
870,194,173,18.25,36.75,0.011499
870,406.75,186.75,18.5,37,0.0017856
870,450,180.5,19.25,38.75,0.0018319
870,574,202.25,19.25,38.75,0.006245
870,568,156,22,44.25,0.027732
870,522,176.5,26.5,53,0.1239
870,196,182.25,23.5,47.25,0.0047789
870,345.75,181,34.75,69.75,0.0082346
900,130,208,16,32,0.01348
900,33,172.5,22.5,45,0.0033775
900,430.75,164.5,29.75,59.5,0.0051323
900,453.5,148,44.5,89,0.0012999
900,502.25,179.75,55.25,110.5,0.0141
930,625.75,79.75,16.25,32.5,0.034902
930,261.25,150.75,16.75,33.5,0.0038038
930,101.75,194.75,17.5,35.25,0.0043625
930,384.75,182,21,42,0.061274
930,67.25,116,38,76,0.0046862
930,482,154.75,33.25,66.5,0.0021582
930,556.75,84,33.25,66.5,9.3462e-05
930,454.5,158.75,35.75,71.5,0.0040086
930,430.25,79.75,88,176.25,0.00082276
930,513,40.25,106.25,212.75,0.0028191
960,116.5,192.75,16.75,33.5,0.00075436
960,185.75,178,16.75,33.5,0.011594
960,551.5,186,17.5,35.25,0.0072777
960,66.25,151.75,19,38,0.027176
960,9.75,197.75,20.5,41,0.0047776
960,111.75,159.5,20.25,40.75,0.018971
960,522.75,178.25,22.5,45,0.0006864
960,33.5,164.5,23.5,47.25,0.00080509
960,498.25,188.75,24.75,49.5,0.0077183
960,186.25,162.5,30,60.25,0.0037738
960,166.25,159.5,36.5,73.25,0.0014269
960,-14,93.5,46.75,93.5,0.0063849
960,593.25,39,52,104.25,0.0046075
960,266,350,56.75,113.75,0.0031313
990,598,194,16,32,0.0075361
990,401,170.25,21.75,43.75,0.01742
990,35.75,189.75,34.75,69.75,0.0063815
990,581.75,114.5,44.5,89,0.0005529
1020,563.75,67.75,31.5,63.25,0.0064731
1020,590.25,146,34.75,69.75,0.0045415
1050,561.75,256,16.5,33,0.048817
1050,626,28,16,32,0.011659
1050,346.25,133,20.5,41,0.016158
1050,563.75,264,21.5,43.25,0.013324
1050,534.75,162.5,77.75,155.75,0.042902
1050,516.25,170.75,31.5,63.25,0.010154
1050,-8.75,75.75,33.25,66.5,0.0038932
1050,415.5,141.25,42.25,84.75,0.00033762
1050,553.5,12,107.25,214.5,6.6166e-05
1080,138.5,170.75,20,40.25,0.011706
1080,320,158.5,22.5,45,0.0073631
1080,175.75,176.25,24.75,49.5,0.0057692
1080,383.5,151.5,24.75,49.5,0.015935
1080,565,199.25,40.25,80.75,0.0061199
1110,455.25,172.5,22.5,45,0.0027923
1110,114.75,164.75,27.25,54.5,0.0017771
1140,28,162,16,32,0.0013746
1140,152.5,126.5,17.5,35.25,0.0030365
1140,448.75,76.5,21.25,42.75,0.0060999
1140,596,173,21.25,42.75,0.005017
1140,433.25,179.25,26.5,53.25,0.0040805
1140,503,186.25,28.5,57.25,0.0013622
1140,555,156.5,47.5,95,0.0039948
1170,514.25,203.5,22.5,45,0.0021357
1170,559.25,105,22.5,45,0.0021562
1170,541.5,209.75,25.25,50.75,0.030854
1170,506.75,124.75,30,60.25,0.00063551
1170,307.25,142.25,33.25,66.5,0.00061868
1170,424.5,104.75,79,158.25,0.010653
1200,466.5,167.75,26.5,53.25,0.010869
1200,378,155,30.75,61.5,0.054187
1200,519,164,36.5,73.25,0.0037538
1200,447.25,125.5,42.25,84.75,0.0050409
1200,499.25,58.75,143.75,287.5,0.00024772
1230,217,172.5,19.75,39.5,0.0022338
1230,315.25,164,24.75,49.5,0.010632
1230,194,153.75,28.5,57.25,0.010307
1230,413,132.5,29.25,58.5,0.0066577
1230,374.25,123.75,51.5,103,0.00010749
1230,473.5,80.25,73.5,147,0.00198
1260,414,158,16,32,0.026005
1260,400.25,123.75,20.25,40.75,0.0034229
1260,311.5,164.5,23.75,47.5,0.024279
1260,386.25,163,33.25,66.5,0.0062
1260,401.5,146.25,46.75,93.5,0.007707
1290,578,210.25,17.5,35.25,0.0048024
1290,7.75,190,19.25,38.75,0.0045458
1290,21.75,158.5,23.5,47.25,0.00077668
1290,314.25,164,25,50.25,0.047375
1290,87.25,137.5,27.25,54.5,0.0047211
1320,16,140,16,32,0.002386
1320,150,168,16,32,0.0025866
1320,133,129.25,17,34.25,0.010439
1320,523.25,226.5,22,44.25,0.02418
1320,315,166.75,25.5,51,0.10009
1350,478,126,16,32,0.0033107
1350,194.5,164,17.5,35.25,0.00023704
1350,421.5,181.5,17.5,35.25,0.00090536
1350,1.75,113,23.5,47,0.014455
1350,66.25,194,24.25,48.5,0.04569
1350,79.5,142.25,24.75,49.5,0.0015483
1350,316.5,168.25,27.25,54.5,0.0045829
1350,395,149.75,37.25,74.5,0.010586
1350,165,84,80,160,0.0017873
1380,606,148,16,32,0.00088497
1380,-4,201.25,27,54,0.016277
1380,175.5,164.25,24,48.25,0.029032
1380,310.75,166.25,30,60.25,0.0010511
1380,157,155,36.5,73.25,0.0044302
1380,140.5,65.75,92.25,184.75,0.0018775
1380,551,27.75,112.5,225.25,0.00095546
1410,-4.25,210.25,17.75,35.5,0.022298
1410,379,132.25,18.25,36.75,0.052892
1410,481.75,199.75,19.25,38.75,0.0034433
1410,460.75,164,22.5,45,0.0082903
1410,201.25,162.5,30,60.25,0.0036013
1410,310.75,166.25,30,60.25,0.0034671
1410,140,95.5,31.5,63.25,0.016141
1410,28.75,154.5,37.5,75,0.050195
1410,570,77.75,91.5,183.25,0.0030436
1410,115.75,47.25,102,204.25,0.0030229
1440,378,172,16,32,0.0036259
1440,101.75,71.75,33,66.25,0.043568
1440,470,157.25,17.5,35.25,0.0019099
1440,622.25,80.25,20.25,40.75,0.0068073
1440,613,108,26,52,0.0060071
1440,462,129,23.5,47.25,0.002119
1440,575.5,198.75,31.75,63.5,0.01836
1440,194.5,156.25,34.25,68.75,0.043253
1440,322,162.75,31.5,63.25,0.012171
1440,592.5,77,36.5,73.25,0.0047122
1470,433.75,203.25,20,40,0.026076
1470,413.75,188.75,18.75,37.5,0.018236
1470,80,170.5,20,40.25,0.02896
1470,469.5,214.5,19.25,38.75,0.0018279
1470,520.5,231.5,19.25,38.75,0.0049913
1470,447,205,24,48.25,0.077272
1470,553.25,199.75,26.5,53.25,0.021434
1470,183.25,178.5,27.25,54.5,0.0075375
1470,41.25,36.5,44.5,89,0.0021789
1470,435.75,131.5,75.5,151.25,0.0068927
1470,32,-13.25,143.75,287.5,0.0013703
1500,27.5,213.25,20.25,40.5,0.023086
1500,137,150.5,17.5,35.25,0.027893
1500,55.5,217,17.5,35.25,0.0087044
1500,-4.5,175.5,19.25,38.75,0.0055916
1500,435.25,196.5,27,54,0.012884
1500,-7.25,-3.5,27.75,55.75,0.010622
1500,133.5,139.5,38.75,77.75,0.012538
1500,-13.75,-7.25,57.75,115.75,0.011292
1500,-25.25,-14.5,110.75,221.5,0.0022958
1530,96,186,16,32,0.0069192
1530,403,201.75,16.75,33.5,0.0042396
1530,496.25,219.25,19.25,38.75,0.006281
1530,539.75,63.25,21.25,42.75,0.014624
1530,571,164.5,22,44.25,0.032914
1530,-5,43.25,23.5,47.25,0.010242
1530,368,164,24.75,49.75,0.0054836
1530,524,210.25,31.5,63.25,7.9036e-06
1530,559.75,216,34.75,69.75,0.0042984
1530,468.75,58.75,36.5,73.25,0.0042939
1530,373.5,153,40.75,81.75,0.010352
1530,24.5,136.75,44.5,89,0.0013273
1530,501,134.5,46.75,93.5,0.0059159
1530,431.5,69.75,53.5,107,0.0083501
1530,484,181.75,51.5,103,0.0038776
1560,55.75,136.25,16.5,33.25,0.011613
1560,486.5,232.5,21.25,42.5,0.016037
1560,224,177.25,20.25,40.75,0.00029401
1560,400.25,149.25,20.5,41,0.013236
1560,-8.5,24.5,27.25,54.5,0.0017059
1560,84.5,139.75,30.75,61.5,0.0040327
1560,510,229.25,30.5,61,0.014294
1560,440.5,196.5,33.25,66.5,0.013145
1560,581.75,243.75,38.5,77,0.028383
1560,426,91.5,51.5,103,0.0046212
1560,-18.25,115.25,56.75,113.75,0.0018295
1560,14.75,111.75,65.75,131.5,0.001403
1560,501,161.75,69,138.25,0.00048528
1590,-2,34,16,32,0.0081114
1590,178,176.75,26,52.25,0.045226
1590,517,-3.5,24.75,49.75,0.0087203
1590,429.5,89.5,27.25,54.5,0.00021832
1590,450.25,132,36.5,73.25,0.0011217
1590,576,248.25,44.5,89,0.0039617
1590,517,-12,48.5,97,0.010919
1590,364.75,-10.5,59.5,119.25,0.0017584
1620,442,180,16,32,0.0058261
1620,446,144,16,32,0.011843
1620,351.5,182.25,16.75,33.5,0.00062055
1620,434,-6.25,18.75,37.5,0.067404
1620,419.25,-3.5,17.5,35.25,0.0074657
1620,88,185.5,26,52.25,0.12804
1620,607.25,223,27.25,54.75,0.0030264
1620,555.75,-11,30,60.25,0.0058098
1620,585.25,135,37.75,75.75,0.028266
1620,578.75,79,70,140,0.049334
1620,568,139,38.5,77,0.0035352
1620,593.25,217,56.75,113.75,0.0030782
1620,563.75,108,100.5,201,0.0017037
1620,396,13.5,112.5,225.25,0.0020365
1650,477.25,177.5,17.25,34.5,0.028024
1650,216.5,192.75,17.5,35.25,0.011383
1650,486.25,-2.75,20.25,40.75,0.01303
1650,477.25,-6.25,24.25,48.5,0.0089163
1650,464.25,-3.5,24.75,49.5,0.0031001
1650,587.25,-7.25,33.75,67.5,0.0039539
1650,203,149,44,88,0.0073199
1650,559,-7.5,43.25,86.75,0.0058447
1650,540.75,134.75,50.5,101,0.0075785
1680,106.25,153.5,16.5,33.25,0.037681
1680,179.5,171.75,16.75,33.5,0.00068181
1680,416.75,157,16.75,33.5,0.0025919
1680,142.5,123.75,20.25,40.75,0.0093321
1680,199,130.25,22.5,45,0.0034344
1680,98.75,123.25,34.25,68.75,0.01444
1680,141,154.75,48.5,97.25,0.0019486
